190 135
20 103
69 159
312 90
72 12
240 63
304 311
28 156
223 273
205 74
288 96
137 132
277 286
114 49
307 168
292 231
245 90
64 212
157 33
71 149
283 18
87 205
18 159
63 207
247 52
82 224
194 308
257 243
69 306
264 237
126 286
64 25
288 292
40 141
15 234
231 166
191 1
78 52
58 93
203 258
51 34
50 85
290 193
136 168
49 53
153 212
38 172
96 4
124 245
118 150
138 24
235 293
253 28
297 2
241 35
271 108
26 53
291 160
185 40
193 226
168 14
192 298
157 60
41 12
9 100
103 38
243 304
265 33
83 139
215 84
163 1
249 48
114 130
138 247
74 286
220 309
33 20
156 285
250 141
39 12
121 12
196 149
17 241
84 171
24 23
209 152
31 233
52 4
20 114
107 130
103 240
159 264
5 263
148 295
87 254
111 125
56 68
96 80
89 260
66 119
171 151
281 308
135 225
247 20
171 277
42 37
182 215
292 107
201 300
120 89
291 49
145 219
188 75
139 262
134 217
308 105
216 87
268 258
51 109
202 193
75 121
47 97
173 304
23 297
307 111
68 152
150 30
14 295
264 235
310 94
122 292
41 268
222 55
269 179
278 133
64 29
243 268
123 123
270 244
182 198
197 290
172 89
154 234
280 227
25 36
227 69
123 9
278 72
274 227
277 68
80 292
250 34
124 198
235 2
81 72
102 239
295 122
55 220
118 126
0 100
219 98
88 142
258 306
242 37
285 281
75 212
123 142
57 241
18 68
125 10
258 295
192 284
47 117
263 83
253 250
251 261
275 168
145 74
140 66
200 199
283 214
280 230
275 24
14 244
260 286
243 224
7 219
69 86
307 17
67 60
282 90
73 162
93 74
131 163
167 47
18 144
291 285
133 278
235 154
113 153
224 203
61 262
125 307
153 247
166 95
278 277
100 62
128 42
27 17
211 20
129 109
63 238
94 265
208 55
265 70
187 239
309 117
4 95
290 23
99 288
82 112
187 260
289 46
242 292
278 232
131 305
143 271
1 48
75 291
251 38
73 248
216 98
45 241
11 48
278 105
101 45
103 263
266 45
49 190
61 214
196 30
192 88
208 64
18 241
68 242
4 78
117 54
34 48
17 194
18 139
170 206
183 101
60 159
135 271
221 147
207 45
38 42
159 94
152 189
217 176
238 45
149 297
241 164
287 289
79 153
304 148
34 221
290 123
138 280
199 13
266 229
226 137
60 67
26 33
16 124
110 46
269 309
147 137
165 303
92 36
267 0
85 257
93 134
158 55
178 218
138 221
256 13
68 220
245 70
277 72
217 285
156 274
186 206
4 45
2 200
133 219
226 51
187 77
55 159
242 165
212 33
89 77
189 112
120 244
37 103
310 168
250 56
192 1
234 159
231 259
170 189
294 105
170 282
287 308
290 242
249 273
170 152
310 52
140 286
110 22
9 291
102 239
52 197
17 100
256 211
123 243
97 285
24 183
188 175
35 263
184 183
129 248
307 23
296 11
41 251
225 242
155 61
177 74
291 105
308 245
203 260
247 42
248 138
254 177
135 161
302 150
58 153
237 311
20 147
269 105
159 270
131 52
221 194
223 130
112 8
135 140
157 264
311 249
222 310
46 248
225 28
302 274
92 38
17 11
249 198
36 281
296 284
182 143
298 165
256 111
256 76
200 237
223 49
201 94
223 141
149 163
52 112
277 148
248 307
215 217
27 179
241 39
110 76
147 236
132 209
281 258
202 234
178 132
108 161
259 192
2 31
86 177
262 12
35 182
154 5
166 302
164 57
162 80
47 8
128 9
15 10
59 16
35 290
1 156
8 189
223 239
190 184
260 298
283 242
164 309
150 10
100 67
290 9
144 229
77 253
5 290
20 171
293 188
40 28
308 258
260 88
74 16
144 185
96 59
110 90
22 225
175 214
213 117
142 1
295 295
178 271
11 127
181 92
28 311
155 11
67 146
263 132
211 61
195 22
8 246
158 39
285 117
304 232
195 73
256 47
20 96
301 40
134 278
28 258
106 86
293 294
24 310
280 55
1 269
69 0
281 251
99 256
21 223
276 196
68 244
207 38
48 281
85 52
276 177
222 288
159 102
114 244
242 279
219 172
50 122
81 186
103 166
197 110
198 157
189 293
71 301
205 228
86 72
124 37
167 250
252 153
7 219
95 116
122 48
3 57
248 142
85 1
11 133
116 62
179 245
209 130
56 85
16 191
178 143
209 127
240 206
80 66
94 155
99 289
133 245
81 9
44 249
294 59
268 51
180 57
104 50
3 26
107 212
277 33
125 308
140 280
30 7
33 44
80 162
300 115
73 80
163 70
246 79
54 9
120 206
161 193
69 148
224 87
198 223
297 131
130 267
82 304
142 220
180 206
249 180
143 163
295 4
217 13
64 94
209 295
108 25
262 269
133 50
205 203
153 174
48 215
169 204
230 138
74 296
225 246
255 132
258 170
26 37
198 93
23 90
109 266
104 159
275 186
200 241
3 136
296 124
63 27
250 305
140 305
298 104
294 137
152 21
234 154
162 187
297 132
255 234
150 251
107 267
132 84
147 140
303 234
115 174
197 0
123 218
268 22
256 111
22 165
295 53
101 21
16 239
211 119
13 81
1 55
217 99
216 29
153 269
31 301
159 266
91 154
248 288
92 176
64 206
10 241
218 215
10 151
5 113
78 204
176 87
301 207
235 168
217 257
28 60
226 116
14 23
26 19
220 104
179 120
108 140
23 307
104 59
259 26
290 200
223 290
115 97
48 209
258 111
163 281
98 197
153 52
287 14
237 297
12 286
117 117
130 225
149 186
97 242
241 141
219 202
229 123
99 128
210 47
260 106
165 32
197 99
123 91
249 181
36 138
97 64
290 45
4 32
86 165
242 210
44 8
124 104
121 42
140 92
86 164
198 97
12 40
8 75
120 95
25 87
192 207
269 69
151 283
188 207
126 0
37 293
306 74
29 58
245 219
69 13
242 23
85 270
217 164
148 119
236 173
97 162
61 44
221 14
3 145
199 144
94 57
39 241
98 255
175 189
75 1
40 6
304 274
34 249
191 131
9 183
19 106
144 194
161 214
281 163
128 227
148 70
83 303
247 141
296 200
4 47
56 103
159 293
257 103
206 268
219 168
303 17
111 108
164 201
213 87
11 208
190 45
278 128
111 215
217 120
99 151
213 295
221 256
251 6
207 22
229 64
91 104
192 23
294 298
156 96
105 62
244 190
49 42
69 102
251 81
145 135
0 41
126 33
90 268
25 166
297 295
70 216
274 22
153 153
148 60
50 73
124 78
91 188
9 38
301 38
154 149
89 194
44 136
126 309
292 71
227 308
113 197
263 77
57 29
26 247
258 286
97 135
30 282
236 280
272 298
209 101
306 275
193 62
306 239
221 205
225 285
96 241
175 56
176 223
29 309
271 226
278 235
301 45
232 181
43 252
141 37
269 137
29 0
235 85
296 9
78 9
36 107
302 162
269 0
240 128
173 95
137 299
290 177
86 311
258 203
83 147
83 276
43 184
4 174
227 222
206 220
67 193
96 196
47 150
84 205
26 0
305 29
136 124
33 0
267 275
85 9
185 26
112 185
3 10
33 145
149 305
154 295
45 218
92 46
44 298
277 273
64 248
117 60
239 59
255 312
37 212
270 44
34 176
146 22
101 104
178 249
5 218
60 58
172 165
297 87
238 241
165 130
88 148
154 65
301 156
286 260
5 244
154 132
231 64
99 110
95 74
201 206
308 127
312 104
53 263
36 282
219 49
43 84
9 127
287 92
49 246
158 140
97 258
274 104
196 127
297 22
278 9
118 73
232 269
308 137
57 90
150 25
113 152
155 185
128 223
101 298
54 242
153 237
218 76
34 28
140 301
268 154
225 135
226 120
243 100
135 40
87 285
131 181
69 131
256 197
133 160
63 134
257 18
24 204
169 272
271 298
308 284
51 116
193 51
120 84
46 265
46 59
188 66
128 181
221 91
261 83
46 61
208 276
161 252
165 256
187 115
225 228
76 57
156 195
241 90
301 161
108 167
308 216
153 227
215 300
310 268
260 264
285 43
26 70
44 93
165 303
211 214
48 275
182 185
205 164
85 305
149 247
268 122
57 161
203 97
165 151
71 164
207 40
72 310
18 1
193 88
267 214
195 105
198 213
109 209
19 270
43 3
90 5
298 169
53 79
44 68
300 54
90 172
229 275
46 80
18 226
53 312
292 144
292 304
223 228
232 276
174 257
199 103
136 207
278 43
278 82
215 259
28 70
189 195
10 216
292 152
123 28
163 87
277 312
290 270
93 255
223 122
222 93
12 39
266 184
160 292
5 312
63 280
225 284
125 202
176 281
91 210
195 62
283 81
99 143
124 241
159 137
187 180
304 255
55 5
198 205
142 34
168 258
57 137
14 96
224 128
208 3
76 237
148 292
122 134
291 200
301 38
128 37
114 55
147 223
168 287
80 22
74 310
226 36
99 135
109 261
97 133
239 172
201 302
