21 444 1000944.4000000854
-32 50 1000944.4000000854
-32 50 1000944.4000000854
-34 130 1000944.4000000854
-34 130 1000944.4000000854
-44 87 1000944.4000000854
-44 87 1000944.4000000854
-58 263 1000944.4000000854
-58 263 1000944.4000000854
-98 230 1000944.4000000854
-98 230 1000944.4000000854
-130 205 1000944.4000000854
-130 205 1000944.4000000854
-55 181 1000944.4000000854
-55 181 1000944.4000000854
43 389 1000944.4000000854
-49 127 1000944.4000000854
-49 127 1000944.4000000854
-112 245 1000944.4000000854
-112 245 1000944.4000000854
60 395 1000944.4000000854
-114 2 1000944.4000000854
-114 2 1000944.4000000854
-61 176 1000944.4000000854
-61 176 1000944.4000000854
-114 289 1000944.4000000854
-114 289 1000944.4000000854
71 338 1000944.4000000854
106 466 1000944.4000000854
55 466 1000944.4000000854
42 365 1000944.4000000854
-15 264 1000944.4000000854
-15 264 1000944.4000000854
-78 292 1000944.4000000854
-78 292 1000944.4000000854
-112 133 1000944.4000000854
-112 133 1000944.4000000854
-40 26 1000944.4000000854
-40 26 1000944.4000000854
5 363 1000944.4000000854
-81 227 1000944.4000000854
-81 227 1000944.4000000854
39 353 1000944.4000000854
50 459 1000944.4000000854
-103 40 1000944.4000000854
-103 40 1000944.4000000854
-114 110 1000944.4000000854
-114 110 1000944.4000000854
130 426 1000944.4000000854
-149 78 1000944.4000000854
-149 78 1000944.4000000854
-37 76 1000944.4000000854
-37 76 1000944.4000000854
-81 271 1000944.4000000854
-81 271 1000944.4000000854
66 447 1000944.4000000854
133 367 1000944.4000000854
-65 164 1000944.4000000854
-65 164 1000944.4000000854
-89 81 1000944.4000000854
-89 81 1000944.4000000854
-79 24 1000944.4000000854
-79 24 1000944.4000000854
15 355 1000944.4000000854
147 456 1000944.4000000854
-95 287 1000944.4000000854
-95 287 1000944.4000000854
-46 102 1000944.4000000854
-46 102 1000944.4000000854
72 422 1000944.4000000854
-137 282 1000944.4000000854
-137 282 1000944.4000000854
-146 144 1000944.4000000854
167 457 1000944.4000000854
-146 144 1000944.4000000854
167 457 1000944.4000000854
96 458 1000944.4000000854
-14 94 1000944.4000000854
-14 94 1000944.4000000854
-72 274 1000944.4000000854
-72 274 1000944.4000000854
-143 278 1000944.4000000854
-143 278 1000944.4000000854
-151 180 1000944.4000000854
-151 180 1000944.4000000854
23 457 1000944.4000000854
144 444 1000944.4000000854
131 368 1000944.4000000854
-84 275 1000944.4000000854
-84 275 1000944.4000000854
98 455 1000944.4000000854
-100 306 1000944.4000000854
-100 -7 1000944.4000000854
-100 306 1000944.4000000854
-100 -7 1000944.4000000854
-155 147 1000944.4000000854
158 460 1000944.4000000854
-155 147 1000944.4000000854
158 460 1000944.4000000854
15 382 1000944.4000000854
52 379 1000944.4000000854
-106 156 1000944.4000000854
-106 156 1000944.4000000854
-31 198 1000944.4000000854
-31 198 1000944.4000000854
-110 115 1000944.4000000854
-110 115 1000944.4000000854
-65 264 1000944.4000000854
-65 264 1000944.4000000854
69 401 1000944.4000000854
-144 2 1000944.4000000854
-144 2 1000944.4000000854
48 353 1000944.4000000854
66 349 1000944.4000000854
16 443 1000944.4000000854
-150 27 1000944.4000000854
-150 27 1000944.4000000854
150 397 1000944.4000000854
-115 139 1000944.4000000854
-115 139 1000944.4000000854
-155 120 1000944.4000000854
158 433 1000944.4000000854
-155 120 1000944.4000000854
158 433 1000944.4000000854
100 337 1000944.4000000854
-104 33 1000944.4000000854
-104 33 1000944.4000000854
-25 293 1000944.4000000854
-25 293 1000944.4000000854
-128 44 1000944.4000000854
-128 44 1000944.4000000854
129 346 1000944.4000000854
-151 14 1000944.4000000854
-151 14 1000944.4000000854
-142 204 1000944.4000000854
-142 204 1000944.4000000854
-77 164 1000944.4000000854
-77 164 1000944.4000000854
-121 148 1000944.4000000854
-121 148 1000944.4000000854
-155 62 1000944.4000000854
-155 62 1000944.4000000854
53 437 1000944.4000000854
-25 193 1000944.4000000854
-25 193 1000944.4000000854
-124 77 1000944.4000000854
-124 77 1000944.4000000854
-87 54 1000944.4000000854
-87 54 1000944.4000000854
42 445 1000944.4000000854
92 411 1000944.4000000854
-33 31 1000944.4000000854
-33 31 1000944.4000000854
-116 104 1000944.4000000854
-116 104 1000944.4000000854
-76 150 1000944.4000000854
-76 150 1000944.4000000854
-126 29 1000944.4000000854
-126 29 1000944.4000000854
-130 34 1000944.4000000854
-130 34 1000944.4000000854
-56 158 1000944.4000000854
-56 158 1000944.4000000854
-148 280 1000944.4000000854
-148 280 1000944.4000000854
133 363 1000944.4000000854
-154 284 1000944.4000000854
-154 -29 1000944.4000000854
-154 284 1000944.4000000854
-154 -29 1000944.4000000854
-76 126 1000944.4000000854
-76 126 1000944.4000000854
-60 40 1000944.4000000854
-60 40 1000944.4000000854
118 451 1000944.4000000854
-61 236 1000944.4000000854
-61 236 1000944.4000000854
119 389 1000944.4000000854
-128 96 1000944.4000000854
-128 96 1000944.4000000854
-45 174 1000944.4000000854
-45 174 1000944.4000000854
-92 55 1000944.4000000854
-92 55 1000944.4000000854
90 371 1000944.4000000854
-68 242 1000944.4000000854
-68 242 1000944.4000000854
-31 169 1000944.4000000854
-31 169 1000944.4000000854
-48 228 1000944.4000000854
-48 228 1000944.4000000854
-29 109 1000944.4000000854
-29 109 1000944.4000000854
-71 289 1000944.4000000854
-71 289 1000944.4000000854
-47 133 1000944.4000000854
-47 133 1000944.4000000854
124 348 1000944.4000000854
-123 120 1000944.4000000854
-123 120 1000944.4000000854
-73 44 1000944.4000000854
-73 44 1000944.4000000854
99 451 1000944.4000000854
-132 134 1000944.4000000854
-132 134 1000944.4000000854
-28 73 1000944.4000000854
-28 73 1000944.4000000854
59 387 1000944.4000000854
-75 295 1000944.4000000854
-75 295 1000944.4000000854
-143 113 1000944.4000000854
-143 113 1000944.4000000854
-66 22 1000944.4000000854
-66 22 1000944.4000000854
-20 254 1000944.4000000854
-20 254 1000944.4000000854
-92 111 1000944.4000000854
-92 111 1000944.4000000854
-137 106 1000944.4000000854
-137 106 1000944.4000000854
-150 228 1000944.4000000854
-150 228 1000944.4000000854
-51 152 1000944.4000000854
-51 152 1000944.4000000854
-138 206 1000944.4000000854
-138 206 1000944.4000000854
-143 267 1000944.4000000854
-143 267 1000944.4000000854
-136 164 1000944.4000000854
-136 164 1000944.4000000854
31 334 1000944.4000000854
-56 86 1000944.4000000854
-56 86 1000944.4000000854
-34 58 1000944.4000000854
-34 58 1000944.4000000854
-93 93 1000944.4000000854
-93 93 1000944.4000000854
-73 26 1000944.4000000854
-73 26 1000944.4000000854
131 381 1000944.4000000854
-85 270 1000944.4000000854
-85 270 1000944.4000000854
-108 75 1000944.4000000854
-108 75 1000944.4000000854
-60 255 1000944.4000000854
-60 255 1000944.4000000854
-103 130 1000944.4000000854
-103 130 1000944.4000000854
62 350 1000944.4000000854
-72 208 1000944.4000000854
-72 208 1000944.4000000854
-135 145 1000944.4000000854
-135 145 1000944.4000000854
146 455 1000944.4000000854
36 349 1000944.4000000854
-60 82 1000944.4000000854
-60 82 1000944.4000000854
-115 31 1000944.4000000854
-115 31 1000944.4000000854
24 419 1000944.4000000854
-138 88 1000944.4000000854
-138 88 1000944.4000000854
-138 263 1000944.4000000854
-138 263 1000944.4000000854
22 376 1000944.4000000854
-132 11 1000944.4000000854
-132 11 1000944.4000000854
-70 276 1000944.4000000854
-70 276 1000944.4000000854
42 466 1000944.4000000854
109 462 1000944.4000000854
-107 120 1000944.4000000854
-107 120 1000944.4000000854
-71 181 1000944.4000000854
-71 181 1000944.4000000854
15 340 1000944.4000000854
-17 44 1000944.4000000854
-17 44 1000944.4000000854
-116 103 1000944.4000000854
-116 103 1000944.4000000854
-107 192 1000944.4000000854
-107 192 1000944.4000000854
46 331 1000944.4000000854
-14 51 1000944.4000000854
-14 51 1000944.4000000854
-155 53 1000944.4000000854
-155 53 1000944.4000000854
-25 19 1000944.4000000854
-25 19 1000944.4000000854
-132 189 1000944.4000000854
-132 189 1000944.4000000854
-126 75 1000944.4000000854
-126 75 1000944.4000000854
-96 123 1000944.4000000854
-96 123 1000944.4000000854
105 378 1000944.4000000854
-79 61 1000944.4000000854
-79 61 1000944.4000000854
34 424 1000944.4000000854
-148 303 1000944.4000000854
-148 -10 1000944.4000000854
-148 303 1000944.4000000854
-148 -10 1000944.4000000854
-28 181 1000944.4000000854
-28 181 1000944.4000000854
-145 0 1000944.4000000854
-145 0 1000944.4000000854
49 429 1000944.4000000854
-104 279 1000944.4000000854
-104 279 1000944.4000000854
-151 178 1000944.4000000854
-151 178 1000944.4000000854
0 364 1000944.4000000854
-117 258 1000944.4000000854
-117 258 1000944.4000000854
91 413 1000944.4000000854
72 360 1000944.4000000854
-88 252 1000944.4000000854
-88 252 1000944.4000000854
95 451 1000944.4000000854
98 395 1000944.4000000854
70 447 1000944.4000000854
-114 137 1000944.4000000854
-114 137 1000944.4000000854
-92 233 1000944.4000000854
-92 233 1000944.4000000854
126 460 1000944.4000000854
-39 221 1000944.4000000854
-39 221 1000944.4000000854
114 401 1000944.4000000854
-64 115 1000944.4000000854
-64 115 1000944.4000000854
-55 111 1000944.4000000854
-55 111 1000944.4000000854
7 344 1000944.4000000854
79 412 1000944.4000000854
122 365 1000944.4000000854
-8.970000000000027 10.930000000000037 1000944.4000000854
-8.970000000000027 10.930000000000037 1000944.4000000854
-8.930000000000064 10.890000000000082 1000944.4000000854
-8.930000000000064 10.890000000000082 1000944.4000000854
-8.8900000000001 10.85000000000011 1000944.4000000854
-8.8900000000001 10.85000000000011 1000944.4000000854
-8.870000000000118 10.830000000000146 1000944.4000000854
-8.870000000000118 10.830000000000146 1000944.4000000854
-8.830000000000155 10.790000000000164 1000944.4000000854
-8.830000000000155 10.790000000000164 1000944.4000000854
-8.77000000000021 10.730000000000201 1000944.4000000854
-8.77000000000021 10.730000000000201 1000944.4000000854
-8.760000000000218 10.700000000000198 1000944.4000000854
-8.760000000000218 10.700000000000198 1000944.4000000854
-8.720000000000255 10.660000000000226 1000944.4000000854
-8.720000000000255 10.660000000000226 1000944.4000000854
-8.700000000000273 10.640000000000262 1000944.4000000854
-8.700000000000273 10.640000000000262 1000944.4000000854
-8.640000000000327 10.58000000000029 1000944.4000000854
-8.640000000000327 10.58000000000029 1000944.4000000854
21.99000000000001 468.99 1000944.4000000854
-8.570000000000391 10.510000000000279 1000944.4000000854
-8.570000000000391 10.510000000000279 1000944.4000000854
-8.55000000000041 10.490000000000284 1000944.4000000854
-8.55000000000041 10.490000000000284 1000944.4000000854
-8.470000000000482 10.410000000000313 1000944.4000000854
-8.470000000000482 10.410000000000313 1000944.4000000854
-8.430000000000518 10.370000000000328 1000944.4000000854
-8.430000000000518 10.370000000000328 1000944.4000000854
-8.410000000000537 10.350000000000355 1000944.4000000854
-8.410000000000537 10.350000000000355 1000944.4000000854
-8.290000000000646 10.230000000000375 1000944.4000000854
-8.290000000000646 10.230000000000375 1000944.4000000854
-8.260000000000673 10.200000000000369 1000944.4000000854
-8.260000000000673 10.200000000000369 1000944.4000000854
-8.22000000000071 10.160000000000396 1000944.4000000854
-8.22000000000071 10.160000000000396 1000944.4000000854
-8.170000000000755 10.11000000000046 1000944.4000000854
-8.170000000000755 10.11000000000046 1000944.4000000854
-8.1200000000008 10.060000000000505 1000944.4000000854
-8.1200000000008 10.060000000000505 1000944.4000000854
-8.090000000000828 10.030000000000523 1000944.4000000854
-8.090000000000828 10.030000000000523 1000944.4000000854
-8.050000000000864 9.99000000000055 1000944.4000000854
-8.050000000000864 9.99000000000055 1000944.4000000854
-8.030000000000882 9.970000000000587 1000944.4000000854
-8.030000000000882 9.970000000000587 1000944.4000000854
-7.940000000000964 9.920000000000597 1000944.4000000854
-7.940000000000964 9.920000000000597 1000944.4000000854
-7.840000000001055 9.820000000000595 1000944.4000000854
-7.840000000001055 9.820000000000595 1000944.4000000854
-7.800000000001091 9.780000000000628 1000944.4000000854
-7.800000000001091 9.780000000000628 1000944.4000000854
-20.950000000000045 217.97000000000003 1000944.4000000854
-20.950000000000045 217.97000000000003 1000944.4000000854
-7.760000000001128 9.720000000000692 1000944.4000000854
-7.760000000001128 9.720000000000692 1000944.4000000854
-7.720000000001164 9.680000000000728 1000944.4000000854
-7.720000000001164 9.680000000000728 1000944.4000000854
-7.690000000001191 9.650000000000755 1000944.4000000854
-7.690000000001191 9.650000000000755 1000944.4000000854
-7.950000000000955 9.990000000000604 1000944.4000000854
-7.950000000000955 9.990000000000604 1000944.4000000854
-7.6800000000012005 9.600000000000819 1000944.4000000854
-7.6800000000012005 9.600000000000819 1000944.4000000854
-7.660000000001219 9.6000000000008 1000944.4000000854
-7.660000000001219 9.6000000000008 1000944.4000000854
-9.920000000000073 106.95999999999998 1000944.4000000854
-9.920000000000073 106.95999999999998 1000944.4000000854
-99.97000000000003 1.7700000000002092 1000944.4000000854
-99.97000000000003 1.7700000000002092 1000944.4000000854
-7.640000000001237 9.580000000000828 1000944.4000000854
-7.640000000001237 9.580000000000828 1000944.4000000854
45.119999999999976 323.7000000000003 1000944.4000000854
-7.600000000001273 9.540000000000855 1000944.4000000854
-7.600000000001273 9.540000000000855 1000944.4000000854
-7.5800000000012915 9.520000000000882 1000944.4000000854
-7.5800000000012915 9.520000000000882 1000944.4000000854
-7.8400000000001455 138.13999999999987 1000944.4000000854
-7.8400000000001455 138.13999999999987 1000944.4000000854
-4.860000000000127 283.1199999999999 1000944.4000000854
-4.860000000000127 283.1199999999999 1000944.4000000854
-112.96000000000004 311.1399999999999 1000944.4000000854
-112.96000000000004 -1.8600000000001273 1000944.4000000854
-112.96000000000004 311.1399999999999 1000944.4000000854
-112.96000000000004 -1.8600000000001273 1000944.4000000854
-7.540000000001328 9.480000000000901 1000944.4000000854
-7.540000000001328 9.480000000000901 1000944.4000000854
-150.16999999999985 0.49000000000046384 1000944.4000000854
-150.16999999999985 0.49000000000046384 1000944.4000000854
15.210000000000017 129.59000000000037 1000944.4000000854
-7.520000000001346 9.460000000000937 1000944.4000000854
-7.520000000001346 9.460000000000937 1000944.4000000854
43.880000000000024 323.8000000000002 1000944.4000000854
93.18000000000009 248.8800000000001 1000944.4000000854
-91.95000000000005 6.910000000000082 1000944.4000000854
-91.95000000000005 6.910000000000082 1000944.4000000854
6.039999999999999 62.74000000000005 1000944.4000000854
-11.820000000001073 168.92000000000007 1000944.4000000854
-11.820000000001073 168.92000000000007 1000944.4000000854
-56.08999999999992 12.4500000000005 1000944.4000000854
-56.08999999999992 12.4500000000005 1000944.4000000854
-7.510000000001355 9.450000000000955 1000944.4000000854
-7.510000000001355 9.450000000000955 1000944.4000000854
5.510000000001355 384.43000000000023 1000944.4000000854
-122.85000000000014 0.29000000000064574 1000944.4000000854
-122.85000000000014 0.29000000000064574 1000944.4000000854
18.009999999999845 279.3500000000006 1000944.4000000854
-127.72000000000025 312.9599999999991 1000944.4000000854
-127.72000000000025 -0.040000000000873115 1000944.4000000854
-127.72000000000025 312.9599999999991 1000944.4000000854
-127.72000000000025 -0.040000000000873115 1000944.4000000854
-8.390000000000555 11.35000000000001 1000944.4000000854
-8.390000000000555 11.35000000000001 1000944.4000000854
23.859999999999822 210.9999999999991 1000944.4000000854
5.7900000000000045 243.1100000000008 1000944.4000000854
-2.160000000000764 302.6599999999994 1000944.4000000854
-2.160000000000764 302.6599999999994 1000944.4000000854
50.09999999999998 170.01999999999998 1000944.4000000854
43.429999999999914 191.38999999999874 1000944.4000000854
50.30999999999994 145.21000000000072 1000944.4000000854
56.04999999999979 153.46999999999957 1000944.4000000854
64.03000000000002 220.01 1000944.4000000854
88.0199999999995 244.74000000000115 1000944.4000000854
-9.089999999999918 10.270000000000607 1000944.4000000854
-9.089999999999918 10.270000000000607 1000944.4000000854
41.23000000000015 152.2300000000007 1000944.4000000854
42.029999999999596 221.01 1000944.4000000854
34.56999999999989 110.0299999999995 1000944.4000000854
4.099999999999998 246.69999999999936 1000944.4000000854
28.07000000000001 289.8900000000001 1000944.4000000854
5.430000000000518 376.16999999999996 1000944.4000000854
6.610000000000008 72.09000000000056 1000944.4000000854
23.279999999999887 104.51999999999924 1000944.4000000854
53.89000000000002 185.75000000000023 1000944.4000000854
4.509999999999989 280.5500000000004 1000944.4000000854
4.339999999999971 97.93999999999946 1000944.4000000854
88.35999999999967 258.03999999999724 1000944.4000000854
71.17999999999958 231.81999999999925 1000944.4000000854
55.93999999999981 191.11999999999898 1000944.4000000854
40.43000000000011 158.78999999999928 1000944.4000000854
54.18999999999976 168.53000000000043 1000944.4000000854
77.19000000000061 227.85000000000014 1000944.4000000854
6.369999999999992 296.95000000000005 1000944.4000000854
28.850000000000133 202.87000000000012 1000944.4000000854
5.559999999999988 50.05999999999999 1000944.4000000854
0.21000000000000915 51.01 1000944.4000000854
38.319999999999936 275.52000000000044 1000944.4000000854
2.2000000000007276 411.71999999999986 1000944.4000000854
48.05999999999959 290.96000000000004 1000944.4000000854
3.4899999999999896 132.78999999999928 1000944.4000000854
55.10000000000018 240.84000000000015 1000944.4000000854
20.01 198.51000000000045 1000944.4000000854
67.68999999999984 311.9100000000019 1000944.4000000854
11.780000000000047 205.27999999999884 1000944.4000000854
58.279999999999944 209.40000000000146 1000944.4000000854
-28.499999999999545 309.0799999999981 1000944.4000000854
-28.499999999999545 -3.9200000000018917 1000944.4000000854
-28.499999999999545 309.0799999999981 1000944.4000000854
-28.499999999999545 -3.9200000000018917 1000944.4000000854
-3.4700000000013915 189.02999999999997 1000944.4000000854
-3.4700000000013915 189.02999999999997 1000944.4000000854
103.25000000000013 295.53000000000134 1000944.4000000854
61.14000000000037 261.25999999999885 1000944.4000000854
1.2199999999990914 258.2199999999989 1000944.4000000854
63.5199999999997 179.8800000000001 1000944.4000000854
85.2099999999996 251.01 1000944.4000000854
2.2900000000006457 444.5500000000004 1000944.4000000854
30.100000000000172 301.25999999999885 1000944.4000000854
12.890000000000002 186.1300000000017 1000944.4000000854
16.089999999999993 42.30999999999994 1000944.4000000854
36.470000000000304 177.7900000000011 1000944.4000000854
25.26000000000004 276.1400000000017 1000944.4000000854
28.789999999999967 188.81000000000017 1000944.4000000854
23.470000000000073 144.08999999999992 1000944.4000000854
47.04000000000019 171.05999999999995 1000944.4000000854
15.699999999999985 71.00000000000102 1000944.4000000854
33.31000000000014 227.9899999999982 1000944.4000000854
22.240000000000194 130.42000000000053 1000944.4000000854
3.9999999999999787 115.71999999999986 1000944.4000000854
41.170000000000165 131.99 1000944.4000000854
11.179999999999996 227.70000000000118 1000944.4000000854
23.46000000000023 62.520000000000095 1000944.4000000854
71.66000000000085 262.9599999999982 1000944.4000000854
20.26999999999973 157.8699999999983 1000944.4000000854
96.6199999999998 322.2200000000007 1000944.4000000854
96.33000000000068 254.10999999999808 1000944.4000000854
32.35999999999993 214.15999999999985 1000944.4000000854
1.7600000000011278 429.22000000000014 1000944.4000000854
46.220000000000354 259.72000000000116 1000944.4000000854
64.75000000000038 259.99 1000944.4000000854
15.28999999999993 244.48999999999864 1000944.4000000854
71.60000000000082 299.4600000000023 1000944.4000000854
-79.93000000000097 310.6699999999985 1000944.4000000854
-79.93000000000097 -2.330000000001519 1000944.4000000854
-79.93000000000097 310.6699999999985 1000944.4000000854
-79.93000000000097 -2.330000000001519 1000944.4000000854
16.86999999999998 300.04999999999905 1000944.4000000854
6.570000000000009 30.86999999999998 1000944.4000000854
334 131 1000944.4000000854
334 444 1000944.4000000854
347 226 1000944.4000000854
347 226 1000944.4000000854
281 363 1000944.4000000854
281 363 1000944.4000000854
454 240 1000944.4000000854
454 240 1000944.4000000854
279 443 1000944.4000000854
279 443 1000944.4000000854
269 400 1000944.4000000854
269 400 1000944.4000000854
420 159 1000944.4000000854
420 159 1000944.4000000854
356 389 1000944.4000000854
264 440 1000944.4000000854
264 440 1000944.4000000854
402 218 1000944.4000000854
402 218 1000944.4000000854
447 276 1000944.4000000854
447 276 1000944.4000000854
448 279 1000944.4000000854
448 279 1000944.4000000854
373 395 1000944.4000000854
199 315 1000944.4000000854
199 315 1000944.4000000854
464 254 1000944.4000000854
464 254 1000944.4000000854
377 220 1000944.4000000854
377 220 1000944.4000000854
384 338 1000944.4000000854
419 153 1000944.4000000854
419 466 1000944.4000000854
368 153 1000944.4000000854
368 466 1000944.4000000854
355 365 1000944.4000000854
442 183 1000944.4000000854
442 183 1000944.4000000854
402 255 1000944.4000000854
402 255 1000944.4000000854
423 212 1000944.4000000854
423 212 1000944.4000000854
325 243 1000944.4000000854
325 243 1000944.4000000854
201 446 1000944.4000000854
201 446 1000944.4000000854
273 339 1000944.4000000854
273 339 1000944.4000000854
318 363 1000944.4000000854
352 353 1000944.4000000854
363 146 1000944.4000000854
363 459 1000944.4000000854
210 353 1000944.4000000854
210 353 1000944.4000000854
351 276 1000944.4000000854
351 276 1000944.4000000854
199 423 1000944.4000000854
199 423 1000944.4000000854
377 260 1000944.4000000854
377 260 1000944.4000000854
443 426 1000944.4000000854
164 391 1000944.4000000854
164 391 1000944.4000000854
276 389 1000944.4000000854
276 389 1000944.4000000854
449 283 1000944.4000000854
449 283 1000944.4000000854
326 188 1000944.4000000854
326 188 1000944.4000000854
356 190 1000944.4000000854
356 190 1000944.4000000854
379 134 1000944.4000000854
379 447 1000944.4000000854
446 367 1000944.4000000854
224 394 1000944.4000000854
224 394 1000944.4000000854
436 175 1000944.4000000854
436 175 1000944.4000000854
146 322 1000944.4000000854
459 322 1000944.4000000854
234 337 1000944.4000000854
234 337 1000944.4000000854
328 355 1000944.4000000854
460 143 1000944.4000000854
460 456 1000944.4000000854
267 415 1000944.4000000854
267 415 1000944.4000000854
385 422 1000944.4000000854
345 214 1000944.4000000854
345 214 1000944.4000000854
409 145 1000944.4000000854
409 458 1000944.4000000854
438 228 1000944.4000000854
438 228 1000944.4000000854
299 407 1000944.4000000854
299 407 1000944.4000000854
361 261 1000944.4000000854
361 261 1000944.4000000854
336 144 1000944.4000000854
336 457 1000944.4000000854
457 444 1000944.4000000854
455 254 1000944.4000000854
455 254 1000944.4000000854
444 368 1000944.4000000854
156 337 1000944.4000000854
469 337 1000944.4000000854
430 182 1000944.4000000854
430 182 1000944.4000000854
366 169 1000944.4000000854
366 169 1000944.4000000854
408 243 1000944.4000000854
408 243 1000944.4000000854
411 142 1000944.4000000854
411 455 1000944.4000000854
328 382 1000944.4000000854
365 379 1000944.4000000854
207 469 1000944.4000000854
207 469 1000944.4000000854
138 340 1000944.4000000854
451 340 1000944.4000000854
354 158 1000944.4000000854
354 158 1000944.4000000854
203 428 1000944.4000000854
203 428 1000944.4000000854
338 210 1000944.4000000854
338 210 1000944.4000000854
382 401 1000944.4000000854
169 315 1000944.4000000854
169 315 1000944.4000000854
361 353 1000944.4000000854
379 349 1000944.4000000854
329 130 1000944.4000000854
329 443 1000944.4000000854
163 340 1000944.4000000854
163 340 1000944.4000000854
463 397 1000944.4000000854
198 452 1000944.4000000854
198 452 1000944.4000000854
413 337 1000944.4000000854
209 346 1000944.4000000854
209 346 1000944.4000000854
185 357 1000944.4000000854
185 357 1000944.4000000854
442 346 1000944.4000000854
399 251 1000944.4000000854
399 251 1000944.4000000854
162 327 1000944.4000000854
162 327 1000944.4000000854
192 461 1000944.4000000854
192 461 1000944.4000000854
158 375 1000944.4000000854
158 375 1000944.4000000854
366 124 1000944.4000000854
366 437 1000944.4000000854
338 278 1000944.4000000854
338 278 1000944.4000000854
189 390 1000944.4000000854
189 390 1000944.4000000854
226 367 1000944.4000000854
226 367 1000944.4000000854
355 132 1000944.4000000854
355 445 1000944.4000000854
405 411 1000944.4000000854
418 181 1000944.4000000854
418 181 1000944.4000000854
280 344 1000944.4000000854
280 344 1000944.4000000854
197 417 1000944.4000000854
197 417 1000944.4000000854
333 199 1000944.4000000854
333 199 1000944.4000000854
237 463 1000944.4000000854
237 463 1000944.4000000854
400 197 1000944.4000000854
400 197 1000944.4000000854
187 342 1000944.4000000854
187 342 1000944.4000000854
183 347 1000944.4000000854
183 347 1000944.4000000854
351 179 1000944.4000000854
351 179 1000944.4000000854
446 363 1000944.4000000854
237 439 1000944.4000000854
237 439 1000944.4000000854
253 353 1000944.4000000854
253 353 1000944.4000000854
431 138 1000944.4000000854
431 451 1000944.4000000854
361 171 1000944.4000000854
361 171 1000944.4000000854
432 258 1000944.4000000854
432 258 1000944.4000000854
402 246 1000944.4000000854
402 246 1000944.4000000854
319 244 1000944.4000000854
319 244 1000944.4000000854
432 389 1000944.4000000854
332 280 1000944.4000000854
332 280 1000944.4000000854
185 409 1000944.4000000854
185 409 1000944.4000000854
426 175 1000944.4000000854
426 175 1000944.4000000854
221 368 1000944.4000000854
221 368 1000944.4000000854
403 371 1000944.4000000854
284 422 1000944.4000000854
284 422 1000944.4000000854
266 446 1000944.4000000854
266 446 1000944.4000000854
437 348 1000944.4000000854
190 433 1000944.4000000854
190 433 1000944.4000000854
240 357 1000944.4000000854
240 357 1000944.4000000854
341 290 1000944.4000000854
341 290 1000944.4000000854
412 138 1000944.4000000854
412 451 1000944.4000000854
181 447 1000944.4000000854
181 447 1000944.4000000854
285 386 1000944.4000000854
285 386 1000944.4000000854
372 387 1000944.4000000854
170 426 1000944.4000000854
170 426 1000944.4000000854
247 335 1000944.4000000854
247 335 1000944.4000000854
467 163 1000944.4000000854
467 163 1000944.4000000854
221 424 1000944.4000000854
221 424 1000944.4000000854
176 419 1000944.4000000854
176 419 1000944.4000000854
262 465 1000944.4000000854
262 465 1000944.4000000854
344 334 1000944.4000000854
453 218 1000944.4000000854
453 218 1000944.4000000854
257 399 1000944.4000000854
257 399 1000944.4000000854
399 178 1000944.4000000854
399 178 1000944.4000000854
279 371 1000944.4000000854
279 371 1000944.4000000854
341 203 1000944.4000000854
341 203 1000944.4000000854
369 241 1000944.4000000854
369 241 1000944.4000000854
220 406 1000944.4000000854
220 406 1000944.4000000854
240 339 1000944.4000000854
240 339 1000944.4000000854
444 381 1000944.4000000854
205 388 1000944.4000000854
205 388 1000944.4000000854
375 180 1000944.4000000854
375 180 1000944.4000000854
418 174 1000944.4000000854
418 174 1000944.4000000854
210 443 1000944.4000000854
210 443 1000944.4000000854
375 350 1000944.4000000854
178 458 1000944.4000000854
178 458 1000944.4000000854
453 160 1000944.4000000854
453 160 1000944.4000000854
459 142 1000944.4000000854
459 455 1000944.4000000854
449 172 1000944.4000000854
449 172 1000944.4000000854
152 363 1000944.4000000854
465 363 1000944.4000000854
349 349 1000944.4000000854
253 395 1000944.4000000854
253 395 1000944.4000000854
371 211 1000944.4000000854
371 211 1000944.4000000854
198 344 1000944.4000000854
198 344 1000944.4000000854
342 189 1000944.4000000854
342 189 1000944.4000000854
385 231 1000944.4000000854
385 231 1000944.4000000854
337 106 1000944.4000000854
337 419 1000944.4000000854
175 401 1000944.4000000854
175 401 1000944.4000000854
383 261 1000944.4000000854
383 261 1000944.4000000854
390 165 1000944.4000000854
390 165 1000944.4000000854
335 376 1000944.4000000854
181 324 1000944.4000000854
181 324 1000944.4000000854
355 153 1000944.4000000854
355 466 1000944.4000000854
467 313 1000944.4000000854
422 149 1000944.4000000854
422 462 1000944.4000000854
457 290 1000944.4000000854
457 290 1000944.4000000854
206 433 1000944.4000000854
206 433 1000944.4000000854
328 340 1000944.4000000854
363 170 1000944.4000000854
363 170 1000944.4000000854
296 357 1000944.4000000854
296 357 1000944.4000000854
197 416 1000944.4000000854
197 416 1000944.4000000854
416 297 1000944.4000000854
416 297 1000944.4000000854
359 331 1000944.4000000854
299 364 1000944.4000000854
299 364 1000944.4000000854
158 366 1000944.4000000854
158 366 1000944.4000000854
288 332 1000944.4000000854
288 332 1000944.4000000854
187 388 1000944.4000000854
187 388 1000944.4000000854
424 180 1000944.4000000854
424 180 1000944.4000000854
427 215 1000944.4000000854
427 215 1000944.4000000854
217 436 1000944.4000000854
217 436 1000944.4000000854
389 228 1000944.4000000854
389 228 1000944.4000000854
418 378 1000944.4000000854
234 374 1000944.4000000854
234 374 1000944.4000000854
347 111 1000944.4000000854
347 424 1000944.4000000854
353 221 1000944.4000000854
353 221 1000944.4000000854
362 116 1000944.4000000854
362 429 1000944.4000000854
410 176 1000944.4000000854
410 176 1000944.4000000854
463 280 1000944.4000000854
463 280 1000944.4000000854
313 364 1000944.4000000854
421 206 1000944.4000000854
421 206 1000944.4000000854
404 413 1000944.4000000854
376 260 1000944.4000000854
376 260 1000944.4000000854
385 360 1000944.4000000854
422 252 1000944.4000000854
422 252 1000944.4000000854
408 252 1000944.4000000854
408 252 1000944.4000000854
408 138 1000944.4000000854
408 451 1000944.4000000854
466 292 1000944.4000000854
466 292 1000944.4000000854
411 395 1000944.4000000854
406 249 1000944.4000000854
406 249 1000944.4000000854
443 168 1000944.4000000854
443 168 1000944.4000000854
383 134 1000944.4000000854
383 447 1000944.4000000854
199 450 1000944.4000000854
199 450 1000944.4000000854
439 147 1000944.4000000854
439 460 1000944.4000000854
359 291 1000944.4000000854
359 291 1000944.4000000854
368 190 1000944.4000000854
368 190 1000944.4000000854
464 157 1000944.4000000854
464 157 1000944.4000000854
427 401 1000944.4000000854
249 428 1000944.4000000854
249 428 1000944.4000000854
258 424 1000944.4000000854
258 424 1000944.4000000854
320 344 1000944.4000000854
392 412 1000944.4000000854
435 365 1000944.4000000854
367 186 1000944.4000000854
367 186 1000944.4000000854
334.99 155.99 1000944.4000000854
334.99 468.99 1000944.4000000854
305.04999999999905 322.9900000000006 1000944.4000000854
305.04999999999905 322.9900000000006 1000944.4000000854
305.3199999999988 322.6000000000008 1000944.4000000854
305.3199999999988 322.6000000000008 1000944.4000000854
303.0799999999999 419.96 1000944.4000000854
303.0799999999999 419.96 1000944.4000000854
213.02999999999997 314.7700000000002 1000944.4000000854
213.02999999999997 314.7700000000002 1000944.4000000854
318.94000000000017 297.1399999999999 1000944.4000000854
318.94000000000017 297.1399999999999 1000944.4000000854
358.12 323.7000000000003 1000944.4000000854
305.15999999999985 451.1399999999999 1000944.4000000854
305.15999999999985 451.1399999999999 1000944.4000000854
162.83000000000015 313.49000000000046 1000944.4000000854
162.83000000000015 313.49000000000046 1000944.4000000854
134.05999999999904 54.85999999999983 1000944.4000000854
197.1099999999999 104.37000000000019 1000944.4000000854
356.88 323.8000000000002 1000944.4000000854
113.10000000000005 174.28000000000065 1000944.4000000854
98.01 141.95000000000005 1000944.4000000854
104.87999999999994 173.38000000000056 1000944.4000000854
105.7999999999999 153.13999999999987 1000944.4000000854
326.62000000000035 204.1199999999999 1000944.4000000854
326.62000000000035 204.1199999999999 1000944.4000000854
157.98000000000002 147.07999999999993 1000944.4000000854
221.04999999999995 319.9100000000001 1000944.4000000854
221.04999999999995 319.9100000000001 1000944.4000000854
262.81999999999925 150.4600000000014 1000944.4000000854
168.6800000000012 266.1200000000008 1000944.4000000854
256.9100000000001 325.4500000000005 1000944.4000000854
256.9100000000001 325.4500000000005 1000944.4000000854
159.7599999999984 52.34000000000013 1000944.4000000854
305.48999999999864 322.45000000000095 1000944.4000000854
305.48999999999864 322.45000000000095 1000944.4000000854
318.51000000000136 384.43000000000023 1000944.4000000854
190.14999999999986 313.29000000000065 1000944.4000000854
190.14999999999986 313.29000000000065 1000944.4000000854
133.37999999999965 48.96000000000021 1000944.4000000854
341.95 300.58999999999946 1000944.4000000854
341.95 300.58999999999946 1000944.4000000854
304.60999999999945 324.35 1000944.4000000854
304.60999999999945 324.35 1000944.4000000854
314.9900000000018 281.0899999999999 1000944.4000000854
314.9900000000018 281.0899999999999 1000944.4000000854
267.6799999999994 101.91999999999996 1000944.4000000854
232.51999999999953 270.28000000000065 1000944.4000000854
162.25999999999976 176.88000000000102 1000944.4000000854
168.48999999999955 312.3500000000006 1000944.4000000854
228.73000000000025 275.8499999999992 1000944.4000000854
65.58999999999979 134.08999999999992 1000944.4000000854
170.06999999999994 277.99 1000944.4000000854
35.54000000000009 34.84000000000023 1000944.4000000854
217.4299999999996 123.01 1000944.4000000854
92.2000000000001 96.79999999999939 1000944.4000000854
130.3500000000006 55.369999999999926 1000944.4000000854
303.9100000000001 323.2700000000006 1000944.4000000854
303.9100000000001 323.2700000000006 1000944.4000000854
159.01 283.99 1000944.4000000854
244.33999999999787 289.0 1000944.4000000854
164.8900000000001 280.01 1000944.4000000854
38.45000000000011 40.68999999999986 1000944.4000000854
239.74000000000206 182.29999999999882 1000944.4000000854
70.10000000000056 87.4199999999997 1000944.4000000854
254.62999999999852 253.95000000000095 1000944.4000000854
289.2299999999989 193.50999999999954 1000944.4000000854
147.6599999999994 142.72000000000025 1000944.4000000854
167.67000000000303 204.06999999999994 1000944.4000000854
232.68999999999937 308.6900000000003 1000944.4000000854
199.8800000000001 309.900000000001 1000944.4000000854
104.57999999999979 182.05999999999904 1000944.4000000854
318.4300000000005 376.16999999999996 1000944.4000000854
72.18000000000112 134.15999999999985 1000944.4000000854
141.25000000000068 254.04999999999995 1000944.4000000854
150.01999999999998 278.94000000000096 1000944.4000000854
100.58000000000081 135.84000000000196 1000944.4000000854
151.06999999999994 156.65000000000032 1000944.4000000854
167.0 143.58000000000038 1000944.4000000854
164.06999999999994 77.82999999999991 1000944.4000000854
240.71000000000026 273.99 1000944.4000000854
134.43000000000052 279.01 1000944.4000000854
245.06999999999812 277.2899999999988 1000944.4000000854
177.95000000000005 145.04999999999995 1000944.4000000854
93.38999999999918 136.15000000000168 1000944.4000000854
152.44999999999868 253.6700000000003 1000944.4000000854
96.3600000000007 240.86000000000195 1000944.4000000854
322.86000000000104 229.03999999999996 1000944.4000000854
322.86000000000104 229.03999999999996 1000944.4000000854
264.05999999999995 125.69999999999933 1000944.4000000854
282.36999999999966 165.97000000000276 1000944.4000000854
52.63999999999987 64.67999999999932 1000944.4000000854
117.42000000000021 183.27999999999884 1000944.4000000854
258.99999999999636 265.0999999999981 1000944.4000000854
234.38000000000056 291.6800000000003 1000944.4000000854
298.9200000000001 92.6199999999993 1000944.4000000854
78.69999999999985 98.97999999999999 1000944.4000000854
132.40000000000327 286.4199999999969 1000944.4000000854
188.99 78.35000000000069 1000944.4000000854
300.2299999999998 167.6700000000012 1000944.4000000854
178.13999999999805 282.3599999999997 1000944.4000000854
198.8800000000001 109.97999999999999 1000944.4000000854
310.61000000000126 257.0899999999999 1000944.4000000854
199.06999999999994 136.93000000000006 1000944.4000000854
200.43000000000052 131.97000000000094 1000944.4000000854
182.37999999999874 187.38000000000147 1000944.4000000854
269.71999999999935 87.48000000000025 1000944.4000000854
118.97999999999999 76.04000000000002 1000944.4000000854
151.97000000000185 310.6100000000022 1000944.4000000854
247.31000000000063 263.63000000000034 1000944.4000000854
232.50999999999954 226.21000000000072 1000944.4000000854
251.92000000000007 175.86000000000013 1000944.4000000854
97.30999999999965 81.14999999999957 1000944.4000000854
189.60000000000036 120.02000000000001 1000944.4000000854
126.25000000000013 147.34999999999968 1000944.4000000854
302.39000000000055 108.03000000000053 1000944.4000000854
274.93999999999915 221.2199999999998 1000944.4000000854
218.27999999999975 287.15999999999985 1000944.4000000854
243.77000000000112 242.2099999999998 1000944.4000000854
15.089999999999998 25.7099999999998 1000944.4000000854
157.2200000000007 119.57999999999979 1000944.4000000854
315.08000000000175 244.92000000000098 1000944.4000000854
315.08000000000175 244.92000000000098 1000944.4000000854
115.33000000000068 214.99 1000944.4000000854
203.06999999999994 115.03000000000002 1000944.4000000854
48.63999999999987 40.019999999999996 1000944.4000000854
130.73999999999842 186.1799999999971 1000944.4000000854
119.30000000000015 259.0199999999991 1000944.4000000854
247.4600000000005 163.94000000000005 1000944.4000000854
120.36999999999917 51.470000000000105 1000944.4000000854
109.28000000000014 148.54000000000042 1000944.4000000854
184.41000000000054 310.41000000000145 1000944.4000000854
317.31000000000154 297.2299999999998 1000944.4000000854
317.31000000000154 297.2299999999998 1000944.4000000854
139.86000000000013 159.60000000000036 1000944.4000000854
315.2000000000007 98.71999999999986 1000944.4000000854
315.2000000000007 411.71999999999986 1000944.4000000854
285.1399999999999 180.94000000000005 1000944.4000000854
165.63999999999942 301.900000000001 1000944.4000000854
53.4899999999999 123.90999999999995 1000944.4000000854
221.12999999999988 233.06999999999994 1000944.4000000854
29.769999999999808 19.509999999999767 1000944.4000000854
143.53000000000043 130.1100000000008 1000944.4000000854
383.12000000000006 303.4399999999987 1000944.4000000854
383.12000000000006 303.4399999999987 1000944.4000000854
264.7600000000002 227.98000000000002 1000944.4000000854
71.93000000000048 23.14999999999971 1000944.4000000854
191.98000000000002 149.27999999999884 1000944.4000000854
41.370000000000125 52.38999999999992 1000944.4000000854
286.24999999999886 306.1500000000008 1000944.4000000854
174.74000000000024 88.0 1000944.4000000854
175.0100000000009 105.28999999999964 1000944.4000000854
175.0999999999999 206.67999999999938 1000944.4000000854
199.43000000000143 243.2500000000016 1000944.4000000854
129.36000000000058 166.96000000000095 1000944.4000000854
109.0 252.39999999999964 1000944.4000000854
213.3199999999997 305.0400000000009 1000944.4000000854
207.62999999999852 192.01 1000944.4000000854
239.8799999999983 297.2799999999979 1000944.4000000854
72.17000000000009 48.5099999999997 1000944.4000000854
197.8699999999992 101.28999999999913 1000944.4000000854
77.04000000000002 163.900000000001 1000944.4000000854
220.85999999999922 93.76000000000039 1000944.4000000854
221.80999999999926 110.34999999999967 1000944.4000000854
268.6899999999994 174.06999999999994 1000944.4000000854
96.23999999999961 175.76000000000022 1000944.4000000854
150.77000000000112 49.05000000000019 1000944.4000000854
114.70000000000036 89.5600000000008 1000944.4000000854
257.94000000000005 110.73999999999987 1000944.4000000854
206.08999999999992 120.29000000000015 1000944.4000000854
198.53000000000043 289.6299999999994 1000944.4000000854
315.29000000000065 131.5500000000004 1000944.4000000854
315.29000000000065 444.5500000000004 1000944.4000000854
107.23000000000012 159.34999999999968 1000944.4000000854
195.99 259.089999999999 1000944.4000000854
307.4200000000005 189.59999999999945 1000944.4000000854
143.06000000000085 291.03999999999905 1000944.4000000854
208.16999999999894 158.209999999998 1000944.4000000854
154.4499999999996 163.58999999999946 1000944.4000000854
297.0300000000009 266.34999999999786 1000944.4000000854
284.37999999999965 109.5800000000003 1000944.4000000854
152.99 292.60999999999945 1000944.4000000854
273.18000000000166 310.74000000000296 1000944.4000000854
122.86999999999993 174.93000000000006 1000944.4000000854
226.43000000000143 268.85000000000105 1000944.4000000854
265.2600000000007 134.35999999999876 1000944.4000000854
303.3700000000015 139.4299999999987 1000944.4000000854
60.79000000000024 37.30999999999994 1000944.4000000854
253.03999999999996 79.2599999999986 1000944.4000000854
176.3099999999988 261.4700000000014 1000944.4000000854
279.84000000000196 198.6599999999994 1000944.4000000854
129.8800000000001 110.93999999999895 1000944.4000000854
140.90999999999917 215.31000000000245 1000944.4000000854
110.94999999999997 180.4299999999996 1000944.4000000854
148.4600000000014 85.84000000000094 1000944.4000000854
178.06999999999903 165.06999999999903 1000944.4000000854
131.8899999999992 68.81000000000041 1000944.4000000854
211.99000000000274 226.89000000000283 1000944.4000000854
330.0 299.9799999999991 1000944.4000000854
330.0 299.9799999999991 1000944.4000000854
186.6199999999967 207.2999999999979 1000944.4000000854
290.54000000000224 251.62000000000216 1000944.4000000854
186.53000000000043 72.2499999999986 1000944.4000000854
67.27000000000065 35.930000000000014 1000944.4000000854
93.07000000000106 103.69000000000189 1000944.4000000854
198.26999999999975 139.92999999999915 1000944.4000000854
208.28000000000065 277.64000000000124 1000944.4000000854
133.25000000000068 274.2100000000016 1000944.4000000854
108.68999999999933 213.18999999999892 1000944.4000000854
144.66000000000122 141.94000000000005 1000944.4000000854
89.46000000000024 217.96000000000004 1000944.4000000854
160.3400000000015 183.27999999999702 1000944.4000000854
252.34999999999968 235.37000000000057 1000944.4000000854
225.01999999999907 80.71999999999986 1000944.4000000854
409.6199999999998 322.2200000000007 1000944.4000000854
158.74999999999932 62.74999999999985 1000944.4000000854
236.82000000000016 126.92000000000047 1000944.4000000854
247.20000000000164 113.79999999999939 1000944.4000000854
255.66000000000122 87.82000000000093 1000944.4000000854
236.2200000000007 148.92000000000098 1000944.4000000854
294.3999999999978 219.01999999999907 1000944.4000000854
141.04999999999995 239.91000000000008 1000944.4000000854
85.30999999999965 178.26999999999975 1000944.4000000854
233.84000000000196 164.85999999999922 1000944.4000000854
314.7600000000011 116.22000000000011 1000944.4000000854
314.7600000000011 429.22000000000014 1000944.4000000854
280.4199999999987 130.7599999999993 1000944.4000000854
118.08000000000004 135.4800000000023 1000944.4000000854
169.91000000000008 113.65000000000033 1000944.4000000854
285.800000000002 289.8200000000029 1000944.4000000854
204.92000000000007 74.51999999999975 1000944.4000000854
86.23999999999961 197.05999999999995 1000944.4000000854
41.60000000000028 77.70000000000087 1000944.4000000854
46.84999999999983 18.930000000000145 1000944.4000000854
241.34999999999968 206.77000000000112 1000944.4000000854
137.37999999999874 173.03999999999905 1000944.4000000854
105.31000000000016 64.44999999999972 1000944.4000000854
224.8800000000001 252.0 1000944.4000000854
107.86999999999993 204.31000000000154 1000944.4000000854
258.39999999999964 183.01999999999816 1000944.4000000854
257.1299999999999 158.16999999999985 1000944.4000000854
94.31999999999914 146.39999999999873 1000944.4000000854
185.03999999999996 95.97999999999999 1000944.4000000854
164.71999999999844 229.01999999999907 1000944.4000000854
89.57999999999979 57.94000000000001 1000944.4000000854
72.04000000000002 110.10000000000056 1000944.4000000854
124.31999999999965 229.2199999999989 1000944.4000000854
49.279999999999944 113.75999999999885 1000944.4000000854
58.86000000000023 83.72000000000088 1000944.4000000854
211.82999999999834 132.209999999998 1000944.4000000854
180.72000000000025 133.20000000000073 1000944.4000000854
60.529999999999696 73.26999999999963 1000944.4000000854
34 -87 1000944.4000000854
347 -87 1000944.4000000854
34 -87 1000944.4000000854
347 -87 1000944.4000000854
-32 -263 1000944.4000000854
-32 -263 1000944.4000000854
141 -73 1000944.4000000854
454 -73 1000944.4000000854
141 -73 1000944.4000000854
454 -73 1000944.4000000854
-34 -183 1000944.4000000854
-34 -183 1000944.4000000854
-44 -226 1000944.4000000854
-44 -226 1000944.4000000854
107 -154 1000944.4000000854
420 -154 1000944.4000000854
107 -154 1000944.4000000854
420 -154 1000944.4000000854
255 -50 1000944.4000000854
255 -50 1000944.4000000854
215 -83 1000944.4000000854
215 -83 1000944.4000000854
183 -108 1000944.4000000854
183 -108 1000944.4000000854
258 -132 1000944.4000000854
258 -132 1000944.4000000854
-49 -186 1000944.4000000854
-49 -186 1000944.4000000854
89 -95 1000944.4000000854
402 -95 1000944.4000000854
89 -95 1000944.4000000854
402 -95 1000944.4000000854
134 -37 1000944.4000000854
447 -37 1000944.4000000854
134 -37 1000944.4000000854
447 -37 1000944.4000000854
135 -34 1000944.4000000854
448 -34 1000944.4000000854
135 -34 1000944.4000000854
448 -34 1000944.4000000854
201 -68 1000944.4000000854
201 -68 1000944.4000000854
-114 -311 1000944.4000000854
-114 -311 1000944.4000000854
252 -137 1000944.4000000854
252 -137 1000944.4000000854
199 -24 1000944.4000000854
199 -24 1000944.4000000854
151 -59 1000944.4000000854
464 -59 1000944.4000000854
151 -59 1000944.4000000854
464 -59 1000944.4000000854
64 -93 1000944.4000000854
377 -93 1000944.4000000854
64 -93 1000944.4000000854
377 -93 1000944.4000000854
384 25 1000944.4000000854
355 52 1000944.4000000854
129 -130 1000944.4000000854
442 -130 1000944.4000000854
129 -130 1000944.4000000854
442 -130 1000944.4000000854
298 -49 1000944.4000000854
-15 -49 1000944.4000000854
298 -49 1000944.4000000854
-15 -49 1000944.4000000854
89 -58 1000944.4000000854
402 -58 1000944.4000000854
89 -58 1000944.4000000854
402 -58 1000944.4000000854
110 -101 1000944.4000000854
423 -101 1000944.4000000854
110 -101 1000944.4000000854
423 -101 1000944.4000000854
12 -70 1000944.4000000854
325 -70 1000944.4000000854
12 -70 1000944.4000000854
325 -70 1000944.4000000854
235 -21 1000944.4000000854
235 -21 1000944.4000000854
-40 -287 1000944.4000000854
-40 -287 1000944.4000000854
318 50 1000944.4000000854
232 -86 1000944.4000000854
232 -86 1000944.4000000854
352 40 1000944.4000000854
-103 -273 1000944.4000000854
-103 -273 1000944.4000000854
38 -37 1000944.4000000854
351 -37 1000944.4000000854
38 -37 1000944.4000000854
351 -37 1000944.4000000854
64 -53 1000944.4000000854
377 -53 1000944.4000000854
64 -53 1000944.4000000854
377 -53 1000944.4000000854
-37 -237 1000944.4000000854
-37 -237 1000944.4000000854
136 -30 1000944.4000000854
449 -30 1000944.4000000854
136 -30 1000944.4000000854
449 -30 1000944.4000000854
13 -125 1000944.4000000854
326 -125 1000944.4000000854
13 -125 1000944.4000000854
326 -125 1000944.4000000854
43 -123 1000944.4000000854
356 -123 1000944.4000000854
43 -123 1000944.4000000854
356 -123 1000944.4000000854
232 -42 1000944.4000000854
232 -42 1000944.4000000854
446 54 1000944.4000000854
248 -149 1000944.4000000854
248 -149 1000944.4000000854
-89 -232 1000944.4000000854
-89 -232 1000944.4000000854
123 -138 1000944.4000000854
436 -138 1000944.4000000854
123 -138 1000944.4000000854
436 -138 1000944.4000000854
459 9 1000944.4000000854
-79 -289 1000944.4000000854
-79 -289 1000944.4000000854
328 42 1000944.4000000854
218 -26 1000944.4000000854
218 -26 1000944.4000000854
-46 -211 1000944.4000000854
-46 -211 1000944.4000000854
176 -31 1000944.4000000854
176 -31 1000944.4000000854
32 -99 1000944.4000000854
345 -99 1000944.4000000854
32 -99 1000944.4000000854
345 -99 1000944.4000000854
125 -85 1000944.4000000854
438 -85 1000944.4000000854
125 -85 1000944.4000000854
438 -85 1000944.4000000854
-14 -219 1000944.4000000854
-14 -219 1000944.4000000854
48 -52 1000944.4000000854
361 -52 1000944.4000000854
48 -52 1000944.4000000854
361 -52 1000944.4000000854
241 -39 1000944.4000000854
241 -39 1000944.4000000854
170 -35 1000944.4000000854
170 -35 1000944.4000000854
162 -133 1000944.4000000854
162 -133 1000944.4000000854
142 -59 1000944.4000000854
455 -59 1000944.4000000854
142 -59 1000944.4000000854
455 -59 1000944.4000000854
444 55 1000944.4000000854
229 -38 1000944.4000000854
229 -38 1000944.4000000854
469 24 1000944.4000000854
117 -131 1000944.4000000854
430 -131 1000944.4000000854
117 -131 1000944.4000000854
430 -131 1000944.4000000854
53 -144 1000944.4000000854
366 -144 1000944.4000000854
53 -144 1000944.4000000854
366 -144 1000944.4000000854
95 -70 1000944.4000000854
408 -70 1000944.4000000854
95 -70 1000944.4000000854
408 -70 1000944.4000000854
213 -7 1000944.4000000854
213 -7 1000944.4000000854
365 66 1000944.4000000854
282 -115 1000944.4000000854
-31 -115 1000944.4000000854
282 -115 1000944.4000000854
-31 -115 1000944.4000000854
451 27 1000944.4000000854
41 -155 1000944.4000000854
354 -155 1000944.4000000854
41 -155 1000944.4000000854
354 -155 1000944.4000000854
248 -49 1000944.4000000854
248 -49 1000944.4000000854
25 -103 1000944.4000000854
338 -103 1000944.4000000854
25 -103 1000944.4000000854
338 -103 1000944.4000000854
361 40 1000944.4000000854
379 36 1000944.4000000854
463 84 1000944.4000000854
413 24 1000944.4000000854
-104 -280 1000944.4000000854
-104 -280 1000944.4000000854
288 -20 1000944.4000000854
288 -20 1000944.4000000854
442 33 1000944.4000000854
86 -62 1000944.4000000854
399 -62 1000944.4000000854
86 -62 1000944.4000000854
399 -62 1000944.4000000854
171 -109 1000944.4000000854
171 -109 1000944.4000000854
236 -149 1000944.4000000854
236 -149 1000944.4000000854
288 -120 1000944.4000000854
-25 -120 1000944.4000000854
288 -120 1000944.4000000854
-25 -120 1000944.4000000854
25 -35 1000944.4000000854
338 -35 1000944.4000000854
25 -35 1000944.4000000854
338 -35 1000944.4000000854
-87 -259 1000944.4000000854
-87 -259 1000944.4000000854
105 -132 1000944.4000000854
418 -132 1000944.4000000854
105 -132 1000944.4000000854
418 -132 1000944.4000000854
-33 -282 1000944.4000000854
-33 -282 1000944.4000000854
20 -114 1000944.4000000854
333 -114 1000944.4000000854
20 -114 1000944.4000000854
333 -114 1000944.4000000854
87 -116 1000944.4000000854
400 -116 1000944.4000000854
87 -116 1000944.4000000854
400 -116 1000944.4000000854
257 -155 1000944.4000000854
-56 -155 1000944.4000000854
257 -155 1000944.4000000854
-56 -155 1000944.4000000854
38 -134 1000944.4000000854
351 -134 1000944.4000000854
38 -134 1000944.4000000854
351 -134 1000944.4000000854
165 -33 1000944.4000000854
165 -33 1000944.4000000854
446 50 1000944.4000000854
159 -29 1000944.4000000854
159 -29 1000944.4000000854
-60 -273 1000944.4000000854
-60 -273 1000944.4000000854
252 -77 1000944.4000000854
252 -77 1000944.4000000854
48 -142 1000944.4000000854
361 -142 1000944.4000000854
48 -142 1000944.4000000854
361 -142 1000944.4000000854
119 -55 1000944.4000000854
432 -55 1000944.4000000854
119 -55 1000944.4000000854
432 -55 1000944.4000000854
89 -67 1000944.4000000854
402 -67 1000944.4000000854
89 -67 1000944.4000000854
402 -67 1000944.4000000854
6 -69 1000944.4000000854
319 -69 1000944.4000000854
6 -69 1000944.4000000854
319 -69 1000944.4000000854
432 76 1000944.4000000854
19 -33 1000944.4000000854
332 -33 1000944.4000000854
19 -33 1000944.4000000854
332 -33 1000944.4000000854
113 -138 1000944.4000000854
426 -138 1000944.4000000854
113 -138 1000944.4000000854
426 -138 1000944.4000000854
268 -139 1000944.4000000854
-45 -139 1000944.4000000854
268 -139 1000944.4000000854
-45 -139 1000944.4000000854
-92 -258 1000944.4000000854
-92 -258 1000944.4000000854
403 58 1000944.4000000854
245 -71 1000944.4000000854
245 -71 1000944.4000000854
282 -144 1000944.4000000854
-31 -144 1000944.4000000854
282 -144 1000944.4000000854
-31 -144 1000944.4000000854
265 -85 1000944.4000000854
265 -85 1000944.4000000854
-29 -204 1000944.4000000854
-29 -204 1000944.4000000854
242 -24 1000944.4000000854
242 -24 1000944.4000000854
-47 -180 1000944.4000000854
-47 -180 1000944.4000000854
437 35 1000944.4000000854
-73 -269 1000944.4000000854
-73 -269 1000944.4000000854
28 -23 1000944.4000000854
341 -23 1000944.4000000854
28 -23 1000944.4000000854
341 -23 1000944.4000000854
-28 -240 1000944.4000000854
-28 -240 1000944.4000000854
372 74 1000944.4000000854
238 -18 1000944.4000000854
238 -18 1000944.4000000854
-66 -291 1000944.4000000854
-66 -291 1000944.4000000854
154 -150 1000944.4000000854
467 -150 1000944.4000000854
154 -150 1000944.4000000854
467 -150 1000944.4000000854
293 -59 1000944.4000000854
-20 -59 1000944.4000000854
293 -59 1000944.4000000854
-20 -59 1000944.4000000854
163 -85 1000944.4000000854
163 -85 1000944.4000000854
-51 -161 1000944.4000000854
-51 -161 1000944.4000000854
175 -107 1000944.4000000854
175 -107 1000944.4000000854
170 -46 1000944.4000000854
170 -46 1000944.4000000854
177 -149 1000944.4000000854
177 -149 1000944.4000000854
344 21 1000944.4000000854
140 -95 1000944.4000000854
453 -95 1000944.4000000854
140 -95 1000944.4000000854
453 -95 1000944.4000000854
-56 -227 1000944.4000000854
-56 -227 1000944.4000000854
86 -135 1000944.4000000854
399 -135 1000944.4000000854
86 -135 1000944.4000000854
399 -135 1000944.4000000854
-34 -255 1000944.4000000854
-34 -255 1000944.4000000854
28 -110 1000944.4000000854
341 -110 1000944.4000000854
28 -110 1000944.4000000854
341 -110 1000944.4000000854
56 -72 1000944.4000000854
369 -72 1000944.4000000854
56 -72 1000944.4000000854
369 -72 1000944.4000000854
-73 -287 1000944.4000000854
-73 -287 1000944.4000000854
444 68 1000944.4000000854
228 -43 1000944.4000000854
228 -43 1000944.4000000854
62 -133 1000944.4000000854
375 -133 1000944.4000000854
62 -133 1000944.4000000854
375 -133 1000944.4000000854
253 -58 1000944.4000000854
253 -58 1000944.4000000854
105 -139 1000944.4000000854
418 -139 1000944.4000000854
105 -139 1000944.4000000854
418 -139 1000944.4000000854
375 37 1000944.4000000854
241 -105 1000944.4000000854
241 -105 1000944.4000000854
140 -153 1000944.4000000854
453 -153 1000944.4000000854
140 -153 1000944.4000000854
453 -153 1000944.4000000854
136 -141 1000944.4000000854
449 -141 1000944.4000000854
136 -141 1000944.4000000854
449 -141 1000944.4000000854
465 50 1000944.4000000854
349 36 1000944.4000000854
-60 -231 1000944.4000000854
-60 -231 1000944.4000000854
58 -102 1000944.4000000854
371 -102 1000944.4000000854
58 -102 1000944.4000000854
371 -102 1000944.4000000854
29 -124 1000944.4000000854
342 -124 1000944.4000000854
29 -124 1000944.4000000854
342 -124 1000944.4000000854
72 -82 1000944.4000000854
385 -82 1000944.4000000854
72 -82 1000944.4000000854
385 -82 1000944.4000000854
70 -52 1000944.4000000854
383 -52 1000944.4000000854
70 -52 1000944.4000000854
383 -52 1000944.4000000854
77 -148 1000944.4000000854
390 -148 1000944.4000000854
77 -148 1000944.4000000854
390 -148 1000944.4000000854
175 -50 1000944.4000000854
175 -50 1000944.4000000854
335 63 1000944.4000000854
243 -37 1000944.4000000854
243 -37 1000944.4000000854
467 0 1000944.4000000854
144 -23 1000944.4000000854
457 -23 1000944.4000000854
144 -23 1000944.4000000854
457 -23 1000944.4000000854
242 -132 1000944.4000000854
242 -132 1000944.4000000854
328 27 1000944.4000000854
50 -143 1000944.4000000854
363 -143 1000944.4000000854
50 -143 1000944.4000000854
363 -143 1000944.4000000854
-17 -269 1000944.4000000854
-17 -269 1000944.4000000854
103 -16 1000944.4000000854
416 -16 1000944.4000000854
103 -16 1000944.4000000854
416 -16 1000944.4000000854
206 -121 1000944.4000000854
206 -121 1000944.4000000854
359 18 1000944.4000000854
-14 -262 1000944.4000000854
-14 -262 1000944.4000000854
-25 -294 1000944.4000000854
-25 -294 1000944.4000000854
181 -124 1000944.4000000854
181 -124 1000944.4000000854
111 -133 1000944.4000000854
424 -133 1000944.4000000854
111 -133 1000944.4000000854
424 -133 1000944.4000000854
114 -98 1000944.4000000854
427 -98 1000944.4000000854
114 -98 1000944.4000000854
427 -98 1000944.4000000854
76 -85 1000944.4000000854
389 -85 1000944.4000000854
76 -85 1000944.4000000854
389 -85 1000944.4000000854
418 65 1000944.4000000854
-79 -252 1000944.4000000854
-79 -252 1000944.4000000854
165 -10 1000944.4000000854
165 -10 1000944.4000000854
285 -132 1000944.4000000854
-28 -132 1000944.4000000854
285 -132 1000944.4000000854
-28 -132 1000944.4000000854
40 -92 1000944.4000000854
353 -92 1000944.4000000854
40 -92 1000944.4000000854
353 -92 1000944.4000000854
97 -137 1000944.4000000854
410 -137 1000944.4000000854
97 -137 1000944.4000000854
410 -137 1000944.4000000854
209 -34 1000944.4000000854
209 -34 1000944.4000000854
162 -135 1000944.4000000854
162 -135 1000944.4000000854
150 -33 1000944.4000000854
463 -33 1000944.4000000854
150 -33 1000944.4000000854
463 -33 1000944.4000000854
108 -107 1000944.4000000854
421 -107 1000944.4000000854
108 -107 1000944.4000000854
421 -107 1000944.4000000854
196 -55 1000944.4000000854
196 -55 1000944.4000000854
63 -53 1000944.4000000854
376 -53 1000944.4000000854
63 -53 1000944.4000000854
376 -53 1000944.4000000854
385 47 1000944.4000000854
109 -61 1000944.4000000854
422 -61 1000944.4000000854
109 -61 1000944.4000000854
422 -61 1000944.4000000854
225 -61 1000944.4000000854
225 -61 1000944.4000000854
95 -61 1000944.4000000854
408 -61 1000944.4000000854
95 -61 1000944.4000000854
408 -61 1000944.4000000854
153 -21 1000944.4000000854
466 -21 1000944.4000000854
153 -21 1000944.4000000854
466 -21 1000944.4000000854
411 82 1000944.4000000854
93 -64 1000944.4000000854
406 -64 1000944.4000000854
93 -64 1000944.4000000854
406 -64 1000944.4000000854
130 -145 1000944.4000000854
443 -145 1000944.4000000854
130 -145 1000944.4000000854
443 -145 1000944.4000000854
221 -80 1000944.4000000854
221 -80 1000944.4000000854
274 -92 1000944.4000000854
274 -92 1000944.4000000854
46 -22 1000944.4000000854
359 -22 1000944.4000000854
46 -22 1000944.4000000854
359 -22 1000944.4000000854
55 -123 1000944.4000000854
368 -123 1000944.4000000854
55 -123 1000944.4000000854
368 -123 1000944.4000000854
151 -156 1000944.4000000854
464 -156 1000944.4000000854
151 -156 1000944.4000000854
464 -156 1000944.4000000854
-64 -198 1000944.4000000854
-64 -198 1000944.4000000854
-55 -202 1000944.4000000854
-55 -202 1000944.4000000854
320 31 1000944.4000000854
435 52 1000944.4000000854
54 -127 1000944.4000000854
367 -127 1000944.4000000854
54 -127 1000944.4000000854
367 -127 1000944.4000000854
5.620000000000337 -15.920000000000073 1000944.4000000854
5.620000000000337 -15.920000000000073 1000944.4000000854
5.240000000000682 -15.800000000000182 1000944.4000000854
5.240000000000682 -15.800000000000182 1000944.4000000854
292.04999999999995 -95.02999999999997 1000944.4000000854
-20.950000000000045 -95.02999999999997 1000944.4000000854
292.04999999999995 -95.02999999999997 1000944.4000000854
-20.950000000000045 -95.02999999999997 1000944.4000000854
-7.950000000000955 -303.0099999999994 1000944.4000000854
-7.950000000000955 -303.0099999999994 1000944.4000000854
-7.6800000000012005 -303.3999999999992 1000944.4000000854
-7.6800000000012005 -303.3999999999992 1000944.4000000854
-9.920000000000073 -206.04000000000002 1000944.4000000854
-9.920000000000073 -206.04000000000002 1000944.4000000854
-99.97000000000003 -311.2299999999998 1000944.4000000854
-99.97000000000003 -311.2299999999998 1000944.4000000854
5.94000000000017 -15.860000000000127 1000944.4000000854
318.94000000000017 -15.860000000000127 1000944.4000000854
5.94000000000017 -15.860000000000127 1000944.4000000854
318.94000000000017 -15.860000000000127 1000944.4000000854
358.12 10.700000000000273 1000944.4000000854
-7.8400000000001455 -174.86000000000013 1000944.4000000854
-7.8400000000001455 -174.86000000000013 1000944.4000000854
308.1399999999999 -29.88000000000011 1000944.4000000854
-4.860000000000127 -29.88000000000011 1000944.4000000854
308.1399999999999 -29.88000000000011 1000944.4000000854
-4.860000000000127 -29.88000000000011 1000944.4000000854
200.03999999999996 -1.8600000000001273 1000944.4000000854
200.03999999999996 -1.8600000000001273 1000944.4000000854
169.24999999999977 2.709999999999985 1000944.4000000854
356.88 10.800000000000182 1000944.4000000854
13.620000000000346 -108.88000000000011 1000944.4000000854
326.62000000000035 -108.88000000000011 1000944.4000000854
13.620000000000346 -108.88000000000011 1000944.4000000854
326.62000000000035 -108.88000000000011 1000944.4000000854
-91.95000000000005 -306.0899999999999 1000944.4000000854
-91.95000000000005 -306.0899999999999 1000944.4000000854
212.29000000000065 3.269999999999973 1000944.4000000854
167.97000000000003 0.010000000000009094 1000944.4000000854
301.1799999999989 -144.07999999999993 1000944.4000000854
-11.820000000001073 -144.07999999999993 1000944.4000000854
301.1799999999989 -144.07999999999993 1000944.4000000854
-11.820000000001073 -144.07999999999993 1000944.4000000854
-56.08999999999992 -300.5499999999995 1000944.4000000854
-56.08999999999992 -300.5499999999995 1000944.4000000854
-7.510000000001355 -303.54999999999905 1000944.4000000854
-7.510000000001355 -303.54999999999905 1000944.4000000854
28.949999999999992 -12.410000000000537 1000944.4000000854
341.95 -12.410000000000537 1000944.4000000854
28.949999999999992 -12.410000000000537 1000944.4000000854
341.95 -12.410000000000537 1000944.4000000854
185.27999999999975 -0.040000000000873115 1000944.4000000854
185.27999999999975 -0.040000000000873115 1000944.4000000854
-8.390000000000555 -301.65 1000944.4000000854
-8.390000000000555 -301.65 1000944.4000000854
310.83999999999924 -10.3400000000006 1000944.4000000854
-2.160000000000764 -10.3400000000006 1000944.4000000854
310.83999999999924 -10.3400000000006 1000944.4000000854
-2.160000000000764 -10.3400000000006 1000944.4000000854
1.990000000001828 -31.910000000000082 1000944.4000000854
314.9900000000018 -31.910000000000082 1000944.4000000854
1.990000000001828 -31.910000000000082 1000944.4000000854
314.9900000000018 -31.910000000000082 1000944.4000000854
153.95000000000005 0.7300000000000095 1000944.4000000854
198.02999999999997 30.529999999999927 1000944.4000000854
271.8100000000011 25.849999999999977 1000944.4000000854
239.95000000000005 25.949999999999992 1000944.4000000854
311.7000000000012 51.019999999999996 1000944.4000000854
-9.089999999999918 -302.7299999999994 1000944.4000000854
-9.089999999999918 -302.7299999999994 1000944.4000000854
280.5800000000004 49.38000000000012 1000944.4000000854
318.4300000000005 63.169999999999966 1000944.4000000854
144.50000000000136 9.02 1000944.4000000854
232.40000000000146 23.959999999999994 1000944.4000000854
115.7800000000004 2.059999999999091 1000944.4000000854
9.860000000001037 -83.96000000000004 1000944.4000000854
322.86000000000104 -83.96000000000004 1000944.4000000854
9.860000000001037 -83.96000000000004 1000944.4000000854
322.86000000000104 -83.96000000000004 1000944.4000000854
181.01 11.96999999999998 1000944.4000000854
186.99 27.609999999999783 1000944.4000000854
199.01 3.86999999999996 1000944.4000000854
239.96000000000004 43.96000000000001 1000944.4000000854
2.0800000000017462 -68.07999999999902 1000944.4000000854
315.08000000000175 -68.07999999999902 1000944.4000000854
2.0800000000017462 -68.07999999999902 1000944.4000000854
315.08000000000175 -68.07999999999902 1000944.4000000854
164.49999999999864 27.480000000000075 1000944.4000000854
4.310000000001537 -15.77000000000021 1000944.4000000854
317.31000000000154 -15.77000000000021 1000944.4000000854
4.310000000001537 -15.77000000000021 1000944.4000000854
317.31000000000154 -15.77000000000021 1000944.4000000854
209.51000000000045 41.20999999999976 1000944.4000000854
70.12000000000006 -9.56000000000131 1000944.4000000854
383.12000000000006 -9.56000000000131 1000944.4000000854
70.12000000000006 -9.56000000000131 1000944.4000000854
383.12000000000006 -9.56000000000131 1000944.4000000854
298.93000000000006 52.44999999999971 1000944.4000000854
296.2299999999998 42.070000000000384 1000944.4000000854
154.910000000001 24.01 1000944.4000000854
284.50000000000045 -3.9200000000018917 1000944.4000000854
284.50000000000045 -3.9200000000018917 1000944.4000000854
309.5299999999986 -123.97000000000003 1000944.4000000854
-3.4700000000013915 -123.97000000000003 1000944.4000000854
309.5299999999986 -123.97000000000003 1000944.4000000854
-3.4700000000013915 -123.97000000000003 1000944.4000000854
44.229999999999954 8.950000000000044 1000944.4000000854
287.96000000000004 17.999999999999844 1000944.4000000854
303.9100000000001 10.450000000000012 1000944.4000000854
17.0 -13.020000000000891 1000944.4000000854
330.0 -13.020000000000891 1000944.4000000854
17.0 -13.020000000000891 1000944.4000000854
330.0 -13.020000000000891 1000944.4000000854
182.07000000000085 34.70999999999986 1000944.4000000854
254.49999999999864 41.0199999999998 1000944.4000000854
409.6199999999998 9.22000000000071 1000944.4000000854
312.780000000002 27.38000000000006 1000944.4000000854
246.97000000000003 21.649999999999945 1000944.4000000854
162.07999999999993 13.860000000000003 1000944.4000000854
257.83999999999924 11.260000000000037 1000944.4000000854
221.18999999999983 8.229999999999974 1000944.4000000854
210.24999999999886 31.410000000000107 1000944.4000000854
280.8499999999992 31.6300000000001 1000944.4000000854
138.57999999999947 26.819999999999972 1000944.4000000854
233.06999999999903 -2.330000000001519 1000944.4000000854
233.06999999999903 -2.330000000001519 1000944.4000000854
95.46999999999922 9.55000000000001 1000944.4000000854
356 76 1000944.4000000854
373 82 1000944.4000000854
443 113 1000944.4000000854
385 109 1000944.4000000854
457 131 1000944.4000000854
328 69 1000944.4000000854
382 88 1000944.4000000854
405 98 1000944.4000000854
404 100 1000944.4000000854
427 88 1000944.4000000854
392 99 1000944.4000000854
318.51000000000136 71.43000000000022 1000944.4000000854
235.88999999999828 62.36999999999973 1000944.4000000854
128.99 32.59000000000008 1000944.4000000854
226.15999999999985 53.44000000000011 1000944.4000000854
286.9699999999982 72.88999999999994 1000944.4000000854
99.70999999999985 26.090000000000327 1000944.4000000854
219.15000000000168 55.86999999999983 1000944.4000000854
277.5600000000013 58.79999999999984 1000944.4000000854
121.60999999999878 34.71000000000006 1000944.4000000854
185.03999999999996 46.37999999999953 1000944.4000000854
274.84000000000106 75.57999999999979 1000944.4000000854
-58 -50 1000944.4000000854
-58 -50 1000944.4000000854
-98 -83 1000944.4000000854
-98 -83 1000944.4000000854
-130 -108 1000944.4000000854
-130 -108 1000944.4000000854
-55 -132 1000944.4000000854
-55 -132 1000944.4000000854
-112 -68 1000944.4000000854
-112 -68 1000944.4000000854
-61 -137 1000944.4000000854
-61 -137 1000944.4000000854
-112 -180 1000944.4000000854
-112 -180 1000944.4000000854
-81 -86 1000944.4000000854
-81 -86 1000944.4000000854
-114 -203 1000944.4000000854
-114 -203 1000944.4000000854
-149 -235 1000944.4000000854
-149 -235 1000944.4000000854
-81 -42 1000944.4000000854
-81 -42 1000944.4000000854
-65 -149 1000944.4000000854
-65 -149 1000944.4000000854
-146 -169 1000944.4000000854
-146 -169 1000944.4000000854
-72 -39 1000944.4000000854
-72 -39 1000944.4000000854
-151 -133 1000944.4000000854
-151 -133 1000944.4000000854
-84 -38 1000944.4000000854
-84 -38 1000944.4000000854
-155 -166 1000944.4000000854
-155 -166 1000944.4000000854
-106 -157 1000944.4000000854
-106 -157 1000944.4000000854
-110 -198 1000944.4000000854
-110 -198 1000944.4000000854
-65 -49 1000944.4000000854
-65 -49 1000944.4000000854
-144 -311 1000944.4000000854
-144 -311 1000944.4000000854
-150 -286 1000944.4000000854
-150 -286 1000944.4000000854
-115 -174 1000944.4000000854
-115 -174 1000944.4000000854
-155 -193 1000944.4000000854
-155 -193 1000944.4000000854
-25 -20 1000944.4000000854
-25 -20 1000944.4000000854
-128 -269 1000944.4000000854
-128 -269 1000944.4000000854
-151 -299 1000944.4000000854
-151 -299 1000944.4000000854
-142 -109 1000944.4000000854
-142 -109 1000944.4000000854
-77 -149 1000944.4000000854
-77 -149 1000944.4000000854
-121 -165 1000944.4000000854
-121 -165 1000944.4000000854
-155 -251 1000944.4000000854
-155 -251 1000944.4000000854
-124 -236 1000944.4000000854
-124 -236 1000944.4000000854
-116 -209 1000944.4000000854
-116 -209 1000944.4000000854
-76 -163 1000944.4000000854
-76 -163 1000944.4000000854
-126 -284 1000944.4000000854
-126 -284 1000944.4000000854
-130 -279 1000944.4000000854
-130 -279 1000944.4000000854
-76 -187 1000944.4000000854
-76 -187 1000944.4000000854
-61 -77 1000944.4000000854
-61 -77 1000944.4000000854
-128 -217 1000944.4000000854
-128 -217 1000944.4000000854
-68 -71 1000944.4000000854
-68 -71 1000944.4000000854
-48 -85 1000944.4000000854
-48 -85 1000944.4000000854
-71 -24 1000944.4000000854
-71 -24 1000944.4000000854
-123 -193 1000944.4000000854
-123 -193 1000944.4000000854
-132 -179 1000944.4000000854
-132 -179 1000944.4000000854
-143 -200 1000944.4000000854
-143 -200 1000944.4000000854
-92 -202 1000944.4000000854
-92 -202 1000944.4000000854
-137 -207 1000944.4000000854
-137 -207 1000944.4000000854
-150 -85 1000944.4000000854
-150 -85 1000944.4000000854
-138 -107 1000944.4000000854
-138 -107 1000944.4000000854
-143 -46 1000944.4000000854
-143 -46 1000944.4000000854
-136 -149 1000944.4000000854
-136 -149 1000944.4000000854
-93 -220 1000944.4000000854
-93 -220 1000944.4000000854
-85 -43 1000944.4000000854
-85 -43 1000944.4000000854
-108 -238 1000944.4000000854
-108 -238 1000944.4000000854
-60 -58 1000944.4000000854
-60 -58 1000944.4000000854
-103 -183 1000944.4000000854
-103 -183 1000944.4000000854
-72 -105 1000944.4000000854
-72 -105 1000944.4000000854
-135 -168 1000944.4000000854
-135 -168 1000944.4000000854
-115 -282 1000944.4000000854
-115 -282 1000944.4000000854
-138 -225 1000944.4000000854
-138 -225 1000944.4000000854
-138 -50 1000944.4000000854
-138 -50 1000944.4000000854
-132 -302 1000944.4000000854
-132 -302 1000944.4000000854
-70 -37 1000944.4000000854
-70 -37 1000944.4000000854
-107 -193 1000944.4000000854
-107 -193 1000944.4000000854
-71 -132 1000944.4000000854
-71 -132 1000944.4000000854
-116 -210 1000944.4000000854
-116 -210 1000944.4000000854
-107 -121 1000944.4000000854
-107 -121 1000944.4000000854
-155 -260 1000944.4000000854
-155 -260 1000944.4000000854
-132 -124 1000944.4000000854
-132 -124 1000944.4000000854
-126 -238 1000944.4000000854
-126 -238 1000944.4000000854
-96 -190 1000944.4000000854
-96 -190 1000944.4000000854
-145 -313 1000944.4000000854
-145 -313 1000944.4000000854
-104 -34 1000944.4000000854
-104 -34 1000944.4000000854
-151 -135 1000944.4000000854
-151 -135 1000944.4000000854
-117 -55 1000944.4000000854
-117 -55 1000944.4000000854
-88 -61 1000944.4000000854
-88 -61 1000944.4000000854
-114 -176 1000944.4000000854
-114 -176 1000944.4000000854
-92 -80 1000944.4000000854
-92 -80 1000944.4000000854
-39 -92 1000944.4000000854
-39 -92 1000944.4000000854
-150.16999999999985 -312.50999999999954 1000944.4000000854
-150.16999999999985 -312.50999999999954 1000944.4000000854
-122.85000000000014 -312.70999999999935 1000944.4000000854
-122.85000000000014 -312.70999999999935 1000944.4000000854
-114 -24 1000944.4000000854
-114 -24 1000944.4000000854
-78 -21 1000944.4000000854
-78 -21 1000944.4000000854
-95 -26 1000944.4000000854
-95 -26 1000944.4000000854
-137 -31 1000944.4000000854
-137 -31 1000944.4000000854
-143 -35 1000944.4000000854
-143 -35 1000944.4000000854
-148 -33 1000944.4000000854
-148 -33 1000944.4000000854
-75 -18 1000944.4000000854
-75 -18 1000944.4000000854
