239 -36
239 -36
160 343
160 343
359 16
46 329
359 329
175 -114
175 -114
396 55
83 368
396 368
403 298
90 -15
403 -15
403 298
90 -15
403 -15
397 282
84 -31
397 -31
397 282
84 -31
397 -31
461 122
148 435
461 435
253 -33
253 -33
398 10
85 323
398 323
296 461
296 461
469 189
156 -124
469 -124
469 189
156 -124
469 -124
264 425
264 425
224 -57
224 -57
203 406
203 406
178 422
178 422
402 110
89 423
402 423
254 373
254 373
291 412
291 412
421 25
108 338
421 338
186 389
186 389
180 438
180 438
263 -65
263 -65
376 131
63 444
376 444
225 336
225 336
204 -30
204 -30
387 60
74 373
387 373
421 221
108 -92
421 -92
421 221
108 -92
421 -92
438 289
125 -24
438 -24
438 289
125 -24
438 -24
320 94
320 407
423 241
110 -72
423 -72
423 241
110 -72
423 -72
360 47
47 360
360 360
464 148
151 461
464 461
455 270
142 -43
455 -43
455 270
142 -43
455 -43
164 -142
164 -142
447 178
134 -135
447 -135
447 178
134 -135
447 -135
242 -64
242 -64
440 240
127 -73
440 -73
440 240
127 -73
440 -73
364 247
51 -66
364 -66
364 247
51 -66
364 -66
204 450
204 450
247 -43
247 -43
248 -101
248 -101
266 -58
266 -58
442 76
129 389
442 389
427 12
114 325
427 325
400 238
87 -75
400 -75
400 238
87 -75
400 -75
205 -150
205 -150
267 430
267 430
353 235
40 -78
353 -78
353 235
40 -78
353 -78
411 253
98 -60
411 -60
411 253
98 -60
411 -60
346 246
33 -67
346 -67
346 246
33 -67
346 -67
253 -138
253 -138
274 444
274 444
225 378
225 378
407 165
94 -148
407 -148
407 165
94 -148
407 -148
259 -64
259 -64
271 424
271 424
345 36
345 349
221 390
221 390
204 -147
204 -147
189 -51
189 -51
239 -21
239 -21
419 86
106 399
419 399
204 455
204 455
335 278
22 -35
335 -35
335 278
22 -35
335 -35
288 -37
288 -37
287 -154
287 -154
166 346
166 346
244 -109
244 -109
447 36
134 349
447 349
353 72
40 385
353 385
433 137
120 450
433 450
365 43
52 356
365 356
204 458
204 458
206 381
206 381
258 428
258 428
282 -115
282 -115
356 0
356 313
426 43
113 356
426 356
366 146
53 459
366 459
232 377
232 377
231 325
231 325
264 419
264 419
167 452
167 452
408 79
95 392
408 392
188 406
188 406
372 172
59 -141
372 -141
372 172
59 -141
372 -141
189 -125
189 -125
308 410
308 410
180 442
180 442
288 -111
288 -111
415 186
102 -127
415 -127
415 186
102 -127
415 -127
370 49
57 362
370 362
347 179
347 -134
347 179
347 -134
346 172
346 -141
346 172
346 -141
466 194
153 -119
466 -119
466 194
153 -119
466 -119
350 20
37 333
350 333
172 455
172 455
456 241
143 -72
456 -72
456 241
143 -72
456 -72
460 29
147 342
460 342
300 -21
300 -21
458 211
145 -102
458 -102
458 211
145 -102
458 -102
456 260
143 -53
456 -53
456 260
143 -53
456 -53
261 -41
261 -41
239 349
239 349
224 -22
224 -22
395 140
82 453
395 453
422 125
109 438
422 438
343 289
30 -24
343 -24
343 289
30 -24
343 -24
342 156
342 469
424 111
111 424
424 424
296 -148
296 -148
184 331
184 331
425 293
112 -20
425 -20
425 293
112 -20
425 -20
157 -94
157 -94
353 108
353 421
211 -14
211 -14
188 -149
188 -149
429 175
116 -138
429 -138
429 175
116 -138
429 -138
263 -123
263 -123
250 379
250 379
157 -126
157 -126
370 189
57 -124
370 -124
370 189
57 -124
370 -124
280 374
280 374
259 440
259 440
245 332
245 332
383 289
70 -24
383 -24
383 289
70 -24
383 -24
385 168
72 -145
385 -145
385 168
72 -145
385 -145
251 -76
251 -76
244 -88
244 -88
415 301
102 -12
415 -12
415 301
102 -12
415 -12
172 -125
172 -125
353 230
40 -83
353 -83
353 230
40 -83
353 -83
379 166
66 -147
379 -147
379 166
66 -147
379 -147
158 371
158 371
342 182
342 -131
342 182
342 -131
292 330
292 330
390 196
77 -117
390 -117
390 196
77 -117
390 -117
186 345
186 345
415 222
102 -91
415 -91
415 222
102 -91
415 -91
266 -68
266 -68
181 468
181 468
442 290
129 -23
442 -23
442 290
129 -23
442 -23
303 325
303 325
288 -156
288 -156
441 111
128 424
441 424
293 438
293 438
196 -143
196 -143
201 383
201 383
174 315
174 315
407 18
94 331
407 331
236 -96
236 -96
337 194
337 -119
337 194
337 -119
178 428
178 428
437 293
124 -20
437 -20
437 293
124 -20
437 -20
246 -97
246 -97
412 274
99 -39
412 -39
412 274
99 -39
412 -39
203 -96
203 -96
279 344
279 344
416 112
103 425
416 425
294 350
294 350
188 416
188 416
425 299
112 -14
425 -14
425 299
112 -14
425 -14
433 226
120 -87
433 -87
433 226
120 -87
433 -87
172 -134
172 -134
353 53
40 366
353 366
383 279
70 -34
383 -34
383 279
70 -34
383 -34
411 133
98 446
411 446
212 -98
212 -98
202 -108
202 -108
410 217
97 -96
410 -96
410 217
97 -96
410 -96
292 351
292 351
220 -100
220 -100
240 -104
240 -104
386 240
73 -73
386 -73
386 240
73 -73
386 -73
163 402
163 402
203 318
203 318
215 343
215 343
172 355
172 355
158 -77
158 -77
428 68
115 381
428 381
415 222
102 -91
415 -91
415 222
102 -91
415 -91
412 155
99 468
412 468
352 261
39 -52
352 -52
352 261
39 -52
352 -52
377 90
64 403
377 403
419 75
106 388
419 388
268 -44
268 -44
164 460
164 460
219 427
219 427
274 -45
274 -45
407 300
94 -13
407 -13
407 300
94 -13
407 -13
335 279
22 -34
335 -34
335 279
22 -34
335 -34
354 39
41 352
354 352
265 409
265 409
278 329
278 329
206 -58
206 -58
276 334
276 334
197 -18
197 -18
384 50
71 363
384 363
427 159
114 -154
427 -154
427 159
114 -154
427 -154
203 -31
203 -31
292 370
292 370
167 362
167 362
223 -62
223 -62
343 139
343 452
262 -106
262 -106
357 311
44 -2
357 -2
357 311
44 -2
357 -2
412 208
99 -105
412 -105
412 208
99 -105
412 -105
443 124
130 437
443 437
356 240
43 -73
356 -73
356 240
43 -73
356 -73
293 -37
293 -37
213 -41
213 -41
230 -82
230 -82
388 238
75 -75
388 -75
388 238
75 -75
388 -75
232 -155
232 -155
413 289
100 -24
413 -24
413 289
100 -24
413 -24
419 293
106 -20
419 -20
419 293
106 -20
419 -20
426 221
113 -92
426 -92
426 221
113 -92
426 -92
284 -77
284 -77
235 391
235 391
289 407
289 407
389 93
76 406
389 406
208 -109
208 -109
372 48
59 361
372 361
178 336
178 336
360 211
47 -102
360 -102
360 211
47 -102
360 -102
307 340
307 340
328 300
15 -13
328 -13
328 300
15 -13
328 -13
217 372
217 372
250 343
250 343
396 246
83 -67
396 -67
396 246
83 -67
396 -67
268 -21
268 -21
221 -84
221 -84
284 452
284 452
375 79
62 392
375 392
397 284
84 -29
397 -29
397 284
84 -29
397 -29
369 222
56 -91
369 -91
369 222
56 -91
369 -91
461 117
148 430
461 430
450 65
137 378
450 378
167 432
167 432
409 222
96 -91
409 -91
409 222
96 -91
409 -91
254 403
254 403
271 329
271 329
296 -125
296 -125
393 279
80 -34
393 -34
393 279
80 -34
393 -34
170 -49
170 -49
194 331
194 331
404 226
91 -87
404 -87
404 226
91 -87
404 -87
407 163
94 -150
407 -150
407 163
94 -150
407 -150
389 190
76 -123
389 -123
389 190
76 -123
389 -123
339 176
339 -137
339 176
339 -137
182 -106
182 -106
432 179
119 -134
432 -134
432 179
119 -134
432 -134
409 223
96 -90
409 -90
409 223
96 -90
409 -90
434 62
121 375
434 375
313 -148
313 -148
193 369
193 369
250 -65
250 -65
174 336
174 336
436 111
123 424
436 424
365 268
52 -45
365 -45
365 268
52 -45
365 -45
411 84
98 397
411 397
268 -155
268 -155
380 233
67 -80
380 -80
380 233
67 -80
380 -80
214 -59
214 -59
426 84
113 397
426 397
424 297
111 -16
424 -16
424 297
111 -16
424 -16
307 336
307 336
6.993000000000085 -5.997000000000071
6.993000000000085 -5.997000000000071
6.983000000000177 -5.991000000000213
6.983000000000177 -5.991000000000213
322.99300000000017 68.00700000000003
322.99300000000017 381.00700000000006
320.002 307.00999999999976
7.002000000000001 -5.9900000000002365
320.002 -5.9900000000002365
320.002 307.00999999999976
7.002000000000001 -5.9900000000002365
320.002 -5.9900000000002365
322.9950000000001 142.00300000000001
322.9950000000001 455.00300000000004
6.976000000000196 -5.984000000000378
6.976000000000196 -5.984000000000378
250.99299999999997 329.9710000000007
250.99299999999997 329.9710000000007
319.9750000000002 307.0169999999996
6.975000000000193 -5.983000000000402
319.9750000000002 -5.983000000000402
319.9750000000002 307.0169999999996
6.975000000000193 -5.983000000000402
319.9750000000002 -5.983000000000402
271.99000000000024 -13.980000000000473
271.99000000000024 -13.980000000000473
302.00999999999976 377.996
302.00999999999976 377.996
317.99000000000024 136.00600000000003
317.99000000000024 449.00600000000003
189.98399999999992 -6.954000000001088
189.98399999999992 -6.954000000001088
318.95200000000114 60.98800000000003
318.95200000000114 373.98800000000006
455.995 21.96700000000078
142.99499999999998 334.9670000000008
455.995 334.9670000000008
263.9920000000002 111.99799999999999
111.00900000000004 296.99300000000017
316.9610000000009 294.0089999999998
316.9610000000009 -18.991000000000213
316.9610000000009 294.0089999999998
316.9610000000009 -18.991000000000213
316.96800000000076 11.998000000000001
316.96800000000076 324.998
309.0199999999995 -24.005999999999858
309.0199999999995 -24.005999999999858
403.96999999999986 1.9540000000010878
90.96999999999986 314.9540000000011
403.96999999999986 314.9540000000011
312.2039999999952 340.1480000000002
312.2039999999952 340.1480000000002
93.9379999999997 162.90999999999957
166.00500000000002 33.006999999999984
28.935999999999922 182.05800000000028
431.001 12.985000000000355
118.001 325.98500000000035
431.001 325.98500000000035
42.97900000000005 312.9750000000006
250.01500000000007 248.02500000000012
184.0210000000001 17.93499999999992
311.08699999999794 443.95699999999977
311.08699999999794 443.95699999999977
271.167999999996 110.9779999999999
458.002 21.982000000000426
145.002 334.9820000000004
458.002 334.9820000000004
90.88199999999944 225.9799999999999
234.01000000000005 319.86200000000326
234.01000000000005 319.86200000000326
307.1099999999974 -156.06800000000032
307.1099999999974 -156.06800000000032
39.878000000000284 234.99599999999998
306.9660000000008 22.981999999999978
319.9630000000009 300.001
6.963000000000875 -12.999000000000024
319.9630000000009 -12.999000000000024
319.9630000000009 300.001
6.963000000000875 -12.999000000000024
319.9630000000009 -12.999000000000024
173.84499999999926 22.9169999999999
253.01300000000006 280.1089999999974
304.0369999999991 350.999
304.0369999999991 350.999
306.9820000000004 27.070000000000086
239.96299999999982 208.99499999999998
407.0 308.00199999999995
94.0 -4.998000000000047
407.0 -4.998000000000047
407.0 308.00199999999995
94.0 -4.998000000000047
407.0 -4.998000000000047
319.9770000000005 306.9950000000001
6.977000000000487 -6.004999999999882
319.9770000000005 -6.004999999999882
319.9770000000005 306.9950000000001
6.977000000000487 -6.004999999999882
319.9770000000005 -6.004999999999882
289.0969999999977 -93.05700000000027
289.0969999999977 -93.05700000000027
287.98600000000033 156.89199999999948
144.71399999999863 210.89999999999952
172.1030000000005 41.993000000000016
244.95099999999977 18.988999999999987
165.67499999999845 318.5650000000103
165.67499999999845 318.5650000000103
204.00800000000004 141.998
172.0 188.01000000000005
307.90100000000234 97.03500000000017
84.09800000000047 281.8860000000027
75.05400000000026 237.8719999999994
296.0129999999997 165.0850000000004
56.92400000000018 49.0859999999998
313.9250000000018 95.9789999999999
313.9250000000018 408.9789999999999
257.7340000000063 114.99799999999999
58.86300000000032 172.001
263.0129999999997 248.00500000000002
155.98999999999995 189.02400000000011
108.0 221.0
102.03700000000018 301.05299999999875
31.723999999999663 36.00399999999999
230.05400000000026 231.05600000000027
304.00999999999976 37.998000000000005
251.05800000000028 236.92999999999967
121.05100000000024 61.80300000000046
159.9369999999997 29.932999999999918
246.0620000000003 216.04800000000023
90.99199999999996 2.019999999999998
148.0180000000001 122.208000000001
251.17500000000084 16.86099999999983
253.88099999999943 90.01500000000007
128.25800000000123 110.75599999999883
96.01300000000006 223.0610000000003
198.98299999999992 313.84900000000357
198.98299999999992 313.84900000000357
201.8729999999994 204.96699999999984
195.98699999999994 170.03100000000015
174.95099999999977 199.00300000000001
105.99499999999998 86.0850000000004
111.03700000000018 110.92699999999965
39.85100000000035 53.096999999999774
47.0 47.035999999999916
124.88499999999945 288.8270000000041
185.81599999999912 76.00200000000001
290.9790000000005 99.20500000000098
200.9349999999997 70.01100000000005
208.15700000000075 203.78299999999896
260.99000000000024 271.97200000000066
94.01600000000008 299.9960000000001
189.03400000000016 187.98799999999994
302.96900000000073 11.993000000000004
130.0190000000001 124.07900000000038
206.05000000000024 68.00600000000003
137.13800000000066 64.95199999999977
306.20999999999503 427.0420000000002
306.20999999999503 427.0420000000002
114.99699999999999 68.00700000000003
76.03700000000018 189.82099999999915
294.0589999999986 36.97500000000006
41.00299999999999 38.97300000000006
4.106000000000035 12.07199999999996
93.97199999999987 165.28400000000136
186.0860000000004 32.1279999999997
127.12800000000061 13.890000000000061
293.17099999999596 -86.98299999999992
293.17099999999596 -86.98299999999992
203.05600000000027 5.098000000000033
123.99699999999999 293.12899999999695
99.98399999999992 288.95200000000114
187.97299999999987 92.94099999999972
305.9270000000017 1.0529999999999942
163.85899999999933 170.8749999999994
384.96599999999984 302.0879999999979
71.96599999999984 -10.912000000002081
384.96599999999984 -10.912000000002081
384.96599999999984 302.0879999999979
71.96599999999984 -10.912000000002081
384.96599999999984 -10.912000000002081
97.92499999999964 84.12900000000062
120.09400000000045 137.17200000000082
177.99499999999998 22.999
87.05600000000027 237.998
94.7699999999989 78.82199999999915
306.0629999999985 356.995
306.0629999999985 356.995
107.99499999999998 25.11500000000014
268.08699999999794 292.1729999999959
238.9359999999997 36.18999999999956
247.0230000000001 269.9250000000018
79.93199999999968 278.8600000000033
220.96599999999984 77.16400000000078
291.9670000000008 16.99099999999999
89.8939999999995 297.9960000000001
202.65699999999836 281.89300000000253
267.0549999999987 117.08100000000039
180.99199999999996 154.95399999999978
205.7689999999989 254.83899999999923
180.0830000000004 129.11700000000056
211.02500000000012 298.9950000000001
122.9169999999996 110.94299999999973
325.03799999999995 3.960000000000946
325.03799999999995 316.96000000000095
173.85799999999932 2.2019999999999778
288.9700000000007 93.6219999999982
210.04800000000023 311.872000000003
142.06800000000032 270.2379999999944
313.9780000000005 22.985999999999983
313.9780000000005 335.986
320.9830000000004 54.999
320.9830000000004 367.999
278.06099999999856 15.815000000000103
306.99400000000014 156.94199999999972
59.229999999999464 47.85000000000035
66.999 232.88499999999945
61.98400000000004 78.89999999999952
286.8350000000039 159.28500000000136
312.8180000000043 165.11000000000053
43.99200000000002 310.6360000000086
28.952999999999943 156.00300000000001
93.98799999999994 307.99400000000014
266.1009999999976 254.999
172.1070000000005 142.00300000000001
142.97199999999987 259.95600000000104
224.1260000000006 256.1939999999954
30.23000000000028 289.0499999999988
252.8129999999991 174.999
118.07600000000036 12.992000000000004
163.9799999999999 147.09600000000046
38.95000000000012 261.00199999999995
112.03300000000016 299.1729999999959
52.0 268.0559999999987
235.92199999999963 217.002
63.83600000000038 90.19200000000092
304.25499999999397 -123.93099999999967
304.25499999999397 -123.93099999999967
126.99599999999998 240.07000000000033
95.98899999999995 221.99099999999996
83.34500000000165 54.84500000000036
129.17900000000085 76.25900000000124
98.98799999999994 154.86199999999934
205.09100000000043 162.8509999999993
166.8549999999993 118.97299999999987
73.99799999999999 60.14999999999965
243.791999999999 203.60599999999812
119.02800000000013 179.32200000000154
43.09399999999978 0.17200000000000013
293.0219999999995 124.85599999999931
178.09600000000046 115.04800000000023
198.9379999999997 1.045999999999995
25.822999999999784 175.94099999999972
93.98799999999994 18.15600000000019
213.05100000000024 271.97700000000054
156.93399999999968 186.82799999999918
291.86300000000324 38.02899999999993
263.0759999999982 189.9599999999998
412.05700000000024 307.08699999999794
99.05700000000027 -5.913000000002057
412.05700000000024 -5.913000000002057
412.05700000000024 307.08699999999794
99.05700000000027 -5.913000000002057
412.05700000000024 -5.913000000002057
157.13000000000062 219.002
52.05999999999986 42.86400000000032
305.42999999998983 -57.12200000000061
305.42999999998983 -57.12200000000061
172.1260000000006 178.96799999999985
304.8940000000025 255.86599999999933
270.80700000000456 15.817000000000101
345.92900000000014 311.1769999999958
32.929000000000165 -1.8230000000041855
345.92900000000014 -1.8230000000041855
345.92900000000014 311.1769999999958
32.929000000000165 -1.8230000000041855
345.92900000000014 -1.8230000000041855
69.84099999999924 289.06099999999856
56.94700000000012 189.04700000000022
148.01600000000008 116.66999999999842
440.03700000000015 13.93700000000149
127.03700000000018 326.9370000000015
440.03700000000015 326.9370000000015
223.00900000000004 250.86099999999934
310.8860000000027 278.99400000000014
33.143999999999664 171.83599999999922
175.0 313.5940000000096
175.0 313.5940000000096
105.99599999999998 292.99400000000014
296.12899999999695 187.98699999999994
194.1040000000005 18.03200000000004
278.8610000000033 31.151000000000185
98.9779999999999 207.83799999999923
166.8519999999993 138.85799999999932
29.95099999999994 138.75699999999884
105.94899999999976 74.89099999999948
43.00499999999999 240.02700000000013
96.88799999999947 216.94799999999975
188.1280000000006 103.1040000000005
212.0 215.03800000000018
181.998 207.30200000000144
102.01300000000006 222.0650000000003
157.8519999999993 58.035999999999916
204.11700000000056 283.0129999999997
203.15000000000072 93.05200000000025
112.01900000000009 292.85900000000333
82.98099999999991 246.211000000001
275.9270000000017 21.09900000000012
39.88700000000026 72.16300000000078
36.85100000000035 19.98299999999998
167.10800000000052 49.177999999999585
56.0 221.99199999999996
129.70000000000334 290.253999999994
210.13200000000063 -0.7880000000050131
210.13200000000063 -0.7880000000050131
204.02500000000012 136.71499999999864
288.2619999999938 202.15600000000074
311.2409999999943 -34.08499999999799
311.2409999999943 -34.08499999999799
51.18099999999958 247.0850000000004
267.001 315.6690000000078
267.001 315.6690000000078
177.92199999999963 108.88399999999945
262.1349999999968 207.1490000000007
99.20600000000098 273.77800000000525
267.84500000000367 157.94099999999972
150.6839999999985 148.16400000000078
234.0230000000001 6.816999999999939
232.05600000000027 63.86800000000031
297.87900000000286 316.8230000000042
297.87900000000286 316.8230000000042
274.1299999999969 267.9460000000013
254.09800000000047 59.68200000000074
238.84299999999925 276.9710000000007
76.07400000000035 93.02600000000012
293.2329999999945 226.05900000000028
310.789000000005 130.98299999999992
291.9620000000009 56.99000000000002
113.17800000000085 84.0840000000004
113.08900000000042 220.88099999999943
302.02699999999936 65.1890000000009
46.91900000000019 210.8529999999993
12.100999999999944 4.063000000000021
225.0 65.01000000000005
8.192999999999893 54.85100000000035
34.18799999999956 179.07200000000034
263.8520000000035 105.94399999999973
220.8739999999994 229.0640000000003
248.06700000000032 211.99699999999999
216.98599999999993 58.76800000000054
202.70299999999858 217.32300000000154
220.19200000000092 212.7059999999986
101.99299999999997 186.0390000000002
214.789999999999 30.108000000000132
65.99699999999999 165.90099999999953
214.001 253.94499999999974
250.23900000000114 30.143000000000175
142.98799999999994 240.9579999999998
305.999 44.11699999999973
232.0 157.86999999999938
219.17900000000085 114.02300000000011
250.0860000000004 66.22200000000106
76.98599999999993 196.35000000000167
230.9599999999998 12.001999999999999
81.97499999999988 140.01100000000005
265.1479999999965 95.79799999999904
72.88399999999945 240.19400000000093
162.77399999999892 88.99199999999996
110.06500000000031 241.16300000000078
71.93099999999967 302.0209999999995
281.82400000000416 197.94599999999974
224.03100000000015 291.001
115.9779999999999 174.89199999999948
196.71699999999865 294.999
169.95499999999979 264.21299999999496
97.98099999999991 133.00500000000002
241.8959999999995 249.02800000000013
62.955000000000105 130.7049999999986
72.18300000000087 167.99499999999998
187.90099999999953 164.04500000000021
258.9370000000015 249.0430000000002
23.6729999999996 194.59900000000286
224.99599999999998 23.03200000000004
273.96400000000085 131.0180000000001
147.001 29.18900000000023
258.5570000000105 127.34900000000167
114.1480000000007 158.93399999999968
293.10699999999747 275.9530000000011
39.607000000000916 229.67299999999844
84.60999999999814 10.183999999999898
39.955000000000105 108.04900000000023
109.00600000000003 124.9799999999999
69.88599999999946 278.832000000004
88.82999999999919 110.05200000000025
120.28800000000138 225.8339999999992
83.99199999999996 284.06999999999834
266.084999999998 244.8089999999991
112.90599999999955 43.05199999999988
52.97900000000005 146.0650000000003
283.99800000000005 139.02600000000012
288.99400000000014 219.77599999999893
267.999 269.00299999999993
192.99699999999999 55.8710000000003
180.1050000000005 124.95099999999977
113.86699999999936 11.939000000000034
46.391999999999086 16.054000000000066
71.02300000000011 49.76100000000056
32.5290000000011 245.999
235.00700000000003 78.26900000000128
10.1819999999999 68.12400000000059
279.7720000000054 61.15999999999963
134.08800000000042 177.90199999999953
299.830000000004 292.1299999999969
287.84500000000367 276.02699999999936
102.93999999999971 111.96799999999985
152.96599999999984 194.13600000000065
296.01499999999965 147.92699999999965
188.88999999999947 261.86600000000317
204.26900000000128 166.36700000000175
284.0 236.11800000000056
98.01200000000006 253.14200000000068
158.3580000000017 236.09800000000047
133.93299999999968 36.078999999999816
305.99700000000007 313.85500000000343
305.99700000000007 313.85500000000343
244.03000000000014 225.03000000000014
239.14300000000068 292.25499999999397
143.05500000000026 21.64699999999957
204.04500000000021 145.19300000000092
-74 277
-74 -36
-74 277
-74 -36
-153 30
-153 -283
-153 30
-153 -283
-138 199
-138 -114
-138 199
-138 -114
-60 -33
-60 -33
-17 -165
-17 -165
-49 112
-49 -201
-49 112
-49 -201
-89 256
-89 -57
-89 256
-89 -57
-110 93
-110 -220
-110 93
-110 -220
-135 109
-135 -204
-135 109
-135 -204
-59 60
-59 -253
-59 60
-59 -253
-22 -214
-22 -214
-127 76
-127 -237
-127 76
-127 -237
-133 125
-133 -188
-133 125
-133 -188
-50 -65
-50 -65
-88 23
-88 -290
-88 23
-88 -290
-109 283
-109 -30
-109 283
-109 -30
-149 171
-149 -142
-149 171
-149 -142
-71 249
-71 -64
-71 249
-71 -64
-109 137
-109 -176
-109 137
-109 -176
-66 -43
-66 -43
-65 212
-65 -101
-65 212
-65 -101
-47 -58
-47 -58
-108 163
-108 -150
-108 163
-108 -150
-46 117
-46 -196
-46 117
-46 -196
-60 175
-60 -138
-60 175
-60 -138
-39 131
-39 -182
-39 131
-39 -182
-88 65
-88 -248
-88 65
-88 -248
-54 -64
-54 -64
-42 111
-42 -202
-42 111
-42 -202
-92 77
-92 -236
-92 77
-92 -236
-109 166
-109 -147
-109 166
-109 -147
-124 262
-124 -51
-124 262
-124 -51
-74 -21
-74 -21
-109 142
-109 -171
-109 142
-109 -171
-25 -37
-25 -37
-26 -154
-26 -154
-147 33
-147 -280
-147 33
-147 -280
-69 204
-69 -109
-69 204
-69 -109
-109 145
-109 -168
-109 145
-109 -168
-107 68
-107 -245
-107 68
-107 -245
-55 115
-55 -198
-55 115
-55 -198
-31 -115
-31 -115
-81 64
-81 -249
-81 64
-81 -249
-82 12
-82 -301
-82 12
-82 -301
-49 106
-49 -207
-49 106
-49 -207
-146 139
-146 -174
-146 139
-146 -174
-125 93
-125 -220
-125 93
-125 -220
-124 188
-124 -125
-124 188
-124 -125
-133 129
-133 -184
-133 129
-133 -184
-25 -111
-25 -111
-141 142
-141 -171
-141 142
-141 -171
-13 -21
-13 -21
-52 -41
-52 -41
-74 36
-74 -277
-74 36
-74 -277
-89 291
-89 -22
-89 291
-89 -22
-17 -148
-17 -148
-129 18
-129 -295
-129 18
-129 -295
-156 219
-156 -94
-156 219
-156 -94
-102 299
-102 -14
-102 299
-102 -14
-125 164
-125 -149
-125 164
-125 -149
-50 -123
-50 -123
-63 66
-63 -247
-63 66
-63 -247
-156 187
-156 -126
-156 187
-156 -126
-33 61
-33 -252
-33 61
-33 -252
-54 127
-54 -186
-54 127
-54 -186
-68 19
-68 -294
-68 19
-68 -294
-62 -76
-62 -76
-69 225
-69 -88
-69 225
-69 -88
-141 188
-141 -125
-141 188
-141 -125
-155 58
-155 -255
-155 58
-155 -255
-21 17
-21 17
-127 32
-127 -281
-127 32
-127 -281
-47 -68
-47 -68
-132 155
-132 -158
-132 155
-132 -158
-10 12
-10 12
-25 -156
-25 -156
-20 -188
-20 -188
-117 170
-117 -143
-117 170
-117 -143
-112 70
-112 -243
-112 70
-112 -243
-139 2
-139 -311
-139 2
-139 -311
-77 217
-77 -96
-77 217
-77 -96
-135 115
-135 -198
-135 115
-135 -198
-67 216
-67 -97
-67 216
-67 -97
-110 217
-110 -96
-110 217
-110 -96
-34 31
-34 -282
-34 31
-34 -282
-19 37
-19 37
-125 103
-125 -210
-125 103
-125 -210
-141 179
-141 -134
-141 179
-141 -134
-101 215
-101 -98
-101 215
-101 -98
-111 205
-111 -108
-111 205
-111 -108
-21 38
-21 38
-93 213
-93 -100
-93 213
-93 -100
-73 209
-73 -104
-73 209
-73 -104
-150 89
-150 -224
-150 89
-150 -224
-110 5
-110 -308
-110 5
-110 -308
-98 30
-98 -283
-98 30
-98 -283
-141 42
-141 -271
-141 42
-141 -271
-155 236
-155 -77
-155 236
-155 -77
-45 -44
-45 -44
-149 147
-149 -166
-149 147
-149 -166
-94 114
-94 -199
-94 114
-94 -199
-39 -45
-39 -45
-48 96
-48 -217
-48 96
-48 -217
-35 16
-35 -297
-35 16
-35 -297
-107 255
-107 -58
-107 255
-107 -58
-37 21
-37 -292
-37 21
-37 -292
-116 295
-116 -18
-116 295
-116 -18
-110 282
-110 -31
-110 282
-110 -31
-21 57
-21 57
-146 49
-146 -264
-146 49
-146 -264
-90 251
-90 -62
-90 251
-90 -62
-51 -106
-51 -106
-20 -37
-20 -37
-100 272
-100 -41
-100 272
-100 -41
-83 231
-83 -82
-83 231
-83 -82
-81 158
-81 -155
-81 158
-81 -155
-29 -77
-29 -77
-78 78
-78 -235
-78 78
-78 -235
-24 -219
-24 -219
-105 204
-105 -109
-105 204
-105 -109
-135 23
-135 -290
-135 23
-135 -290
-96 59
-96 -254
-96 59
-96 -254
-63 30
-63 -283
-63 30
-63 -283
-45 -21
-45 -21
-92 229
-92 -84
-92 229
-92 -84
-29 -174
-29 -174
-146 119
-146 -194
-146 119
-146 -194
-59 90
-59 -223
-59 90
-59 -223
-42 16
-42 -297
-42 16
-42 -297
-17 -125
-17 -125
-143 264
-143 -49
-143 264
-143 -49
-119 18
-119 -295
-119 18
-119 -295
-131 207
-131 -106
-131 207
-131 -106
-120 56
-120 -257
-120 56
-120 -257
-63 -65
-63 -65
-139 23
-139 -290
-139 23
-139 -290
-45 158
-45 -155
-45 158
-45 -155
-99 254
-99 -59
-99 254
-99 -59
-62.00700000000003 16.971000000000686
-62.00700000000003 -296.0289999999993
-62.00700000000003 16.971000000000686
-62.00700000000003 -296.0289999999993
-41.00999999999976 -13.980000000000473
-41.00999999999976 -13.980000000000473
-123.01600000000008 306.0459999999989
-123.01600000000008 -6.954000000001088
-123.01600000000008 306.0459999999989
-123.01600000000008 -6.954000000001088
-3.980000000000473 -24.005999999999858
-3.980000000000473 -24.005999999999858
-78.98999999999995 6.862000000003263
-78.98999999999995 -306.13799999999674
-78.98999999999995 6.862000000003263
-78.98999999999995 -306.13799999999674
-23.903000000002294 -93.05700000000027
-23.903000000002294 -93.05700000000027
-147.32500000000155 5.565000000010286
-147.32500000000155 -307.4349999999897
-147.32500000000155 5.565000000010286
-147.32500000000155 -307.4349999999897
-114.01700000000008 0.8490000000035707
-114.01700000000008 -312.15099999999643
-114.01700000000008 0.8490000000035707
-114.01700000000008 -312.15099999999643
-19.829000000004044 -86.98299999999992
-19.829000000004044 -86.98299999999992
-7.570000000010168 -57.12200000000061
-7.570000000010168 -57.12200000000061
-138.0 0.5940000000096006
-138.0 -312.4059999999904
-138.0 0.5940000000096006
-138.0 -312.4059999999904
-102.86799999999937 312.211999999995
-102.86799999999937 -0.7880000000050131
-102.86799999999937 312.211999999995
-102.86799999999937 -0.7880000000050131
-45.999000000000024 2.669000000007827
-45.999000000000024 -310.3309999999922
-45.999000000000024 2.669000000007827
-45.999000000000024 -310.3309999999922
-15.120999999997139 3.8230000000041855
-15.120999999997139 3.8230000000041855
-7.002999999999929 0.8550000000034288
-7.002999999999929 0.8550000000034288
-17 148
-17 148
7 407
32 349
-25 276
-25 276
-26 159
-26 159
-31 198
-31 198
-5 97
-5 97
-25 202
-25 202
-13 292
-13 292
29 469
-17 165
-17 165
40 421
-25 157
-25 157
-20 125
-20 125
-45 269
-45 269
-39 268
-39 268
30 452
-20 276
-20 276
-29 236
-29 236
-45 292
-45 292
-17 188
-17 188
9.993000000000166 381.00700000000006
9.995000000000118 455.00300000000004
-41.00999999999976 299.0199999999995
-41.00999999999976 299.0199999999995
-10.990000000000236 64.99599999999998
-10.990000000000236 64.99599999999998
4.9900000000002365 449.00600000000003
5.952000000001135 373.98800000000006
3.9680000000007567 324.998
-3.980000000000473 288.99400000000014
-3.980000000000473 288.99400000000014
-0.796000000004824 27.14800000000018
-0.796000000004824 27.14800000000018
-1.9130000000020573 130.9569999999998
-1.9130000000020573 130.9569999999998
-5.890000000002601 156.93199999999968
-5.890000000002601 156.93199999999968
-23.903000000002294 219.94299999999973
-23.903000000002294 219.94299999999973
6.985999999999995 307.0039999999999
0.9250000000017735 408.9789999999999
1.1559999999999828 23.002000000000002
-6.790000000004966 114.0420000000002
-6.790000000004966 114.0420000000002
-19.829000000004044 226.01700000000008
-19.829000000004044 226.01700000000008
-6.93700000000149 43.99500000000001
-6.93700000000149 43.99500000000001
12.037999999999979 316.96000000000095
21.968999999999962 279.1049999999975
0.9780000000005202 335.986
7.983000000000402 367.999
21.960999999999952 277.5690000000102
-8.74500000000603 189.06900000000033
-8.74500000000603 189.06900000000033
4.056000000000019 293.93000000000166
-7.570000000010168 255.8779999999994
-7.570000000010168 255.8779999999994
0.34600000000000025 165.0820000000004
1.0199999999999978 96.01400000000007
-1.759000000005699 278.915000000002
-1.759000000005699 278.915000000002
15.1809999999999 300.01499999999965
7.490000000000164 93.98799999999994
5.35900000000012 135.97099999999986
-60 280
-60 280
-22 99
-22 99
-50 248
-50 248
-66 270
-66 270
-47 255
-47 255
-54 249
-54 249
-74 292
-74 292
-52 272
-52 272
-50 190
-50 190
-62 237
-62 237
-47 245
-47 245
-51 207
-51 207
-24 94
-24 94
-6 27
-6 27
-29 139
-29 139
-63 248
-63 248
-6 23
-6 23
-8.963000000000875 37.999
-8.963000000000875 37.999
-5 -216
-5 -216
-21 -296
-21 -296
-10 -301
-10 -301
-19 -276
-19 -276
-21 -275
-21 -275
-21 -256
-21 -256
-6 -286
-6 -286
0 -148
0 -148
-6 -290
-6 -290
-10.990000000000236 -248.00400000000002
-10.990000000000236 -248.00400000000002
-0.796000000004824 -285.8519999999998
-0.796000000004824 -285.8519999999998
-1.9130000000020573 -182.0430000000002
-1.9130000000020573 -182.0430000000002
-5.890000000002601 -156.06800000000032
-5.890000000002601 -156.06800000000032
-8.963000000000875 -275.001
-8.963000000000875 -275.001
-6.790000000004966 -198.9579999999998
-6.790000000004966 -198.9579999999998
-6.93700000000149 -269.005
-6.93700000000149 -269.005
-8.74500000000603 -123.93099999999967
-8.74500000000603 -123.93099999999967
-1.759000000005699 -34.08499999999799
-1.759000000005699 -34.08499999999799
-15.120999999997139 -309.1769999999958
-15.120999999997139 -309.1769999999958
-7.002999999999929 -312.14499999999657
-7.002999999999929 -312.14499999999657
34 -134
34 -134
33 -141
33 -141
29 -131
29 -131
24 -119
24 -119
26 -137
26 -137
3.9610000000009222 -18.991000000000213
3.9610000000009222 -18.991000000000213
1108482.4280000862