21 444 995551.2000000167
-32 50 995551.2000000167
-32 50 995551.2000000167
-34 130 995551.2000000167
-34 130 995551.2000000167
-44 87 995551.2000000167
-44 87 995551.2000000167
-58 263 995551.2000000167
-58 263 995551.2000000167
-98 230 995551.2000000167
-98 230 995551.2000000167
-130 205 995551.2000000167
-130 205 995551.2000000167
-55 181 995551.2000000167
-55 181 995551.2000000167
43 389 995551.2000000167
-49 127 995551.2000000167
-49 127 995551.2000000167
-112 245 995551.2000000167
-112 245 995551.2000000167
60 395 995551.2000000167
-114 2 995551.2000000167
-114 2 995551.2000000167
-61 176 995551.2000000167
-61 176 995551.2000000167
-114 289 995551.2000000167
-114 289 995551.2000000167
71 338 995551.2000000167
106 466 995551.2000000167
55 466 995551.2000000167
42 365 995551.2000000167
-15 264 995551.2000000167
-15 264 995551.2000000167
-78 292 995551.2000000167
-78 292 995551.2000000167
-112 133 995551.2000000167
-112 133 995551.2000000167
-40 26 995551.2000000167
-40 26 995551.2000000167
5 363 995551.2000000167
-81 227 995551.2000000167
-81 227 995551.2000000167
39 353 995551.2000000167
50 459 995551.2000000167
-103 40 995551.2000000167
-103 40 995551.2000000167
-114 110 995551.2000000167
-114 110 995551.2000000167
130 426 995551.2000000167
-149 78 995551.2000000167
-149 78 995551.2000000167
-37 76 995551.2000000167
-37 76 995551.2000000167
-81 271 995551.2000000167
-81 271 995551.2000000167
66 447 995551.2000000167
133 367 995551.2000000167
-65 164 995551.2000000167
-65 164 995551.2000000167
-89 81 995551.2000000167
-89 81 995551.2000000167
-79 24 995551.2000000167
-79 24 995551.2000000167
15 355 995551.2000000167
147 456 995551.2000000167
-95 287 995551.2000000167
-95 287 995551.2000000167
-46 102 995551.2000000167
-46 102 995551.2000000167
72 422 995551.2000000167
-137 282 995551.2000000167
-137 282 995551.2000000167
-146 144 995551.2000000167
167 457 995551.2000000167
-146 144 995551.2000000167
167 457 995551.2000000167
96 458 995551.2000000167
-14 94 995551.2000000167
-14 94 995551.2000000167
-72 274 995551.2000000167
-72 274 995551.2000000167
-143 278 995551.2000000167
-143 278 995551.2000000167
-151 180 995551.2000000167
-151 180 995551.2000000167
23 457 995551.2000000167
144 444 995551.2000000167
131 368 995551.2000000167
-84 275 995551.2000000167
-84 275 995551.2000000167
98 455 995551.2000000167
-100 306 995551.2000000167
-100 -7 995551.2000000167
-100 306 995551.2000000167
-100 -7 995551.2000000167
-155 147 995551.2000000167
158 460 995551.2000000167
-155 147 995551.2000000167
158 460 995551.2000000167
15 382 995551.2000000167
52 379 995551.2000000167
-106 156 995551.2000000167
-106 156 995551.2000000167
-31 198 995551.2000000167
-31 198 995551.2000000167
-110 115 995551.2000000167
-110 115 995551.2000000167
-65 264 995551.2000000167
-65 264 995551.2000000167
69 401 995551.2000000167
-144 2 995551.2000000167
-144 2 995551.2000000167
48 353 995551.2000000167
66 349 995551.2000000167
16 443 995551.2000000167
-150 27 995551.2000000167
-150 27 995551.2000000167
150 397 995551.2000000167
-115 139 995551.2000000167
-115 139 995551.2000000167
-155 120 995551.2000000167
158 433 995551.2000000167
-155 120 995551.2000000167
158 433 995551.2000000167
100 337 995551.2000000167
-104 33 995551.2000000167
-104 33 995551.2000000167
-25 293 995551.2000000167
-25 293 995551.2000000167
-128 44 995551.2000000167
-128 44 995551.2000000167
129 346 995551.2000000167
-151 14 995551.2000000167
-151 14 995551.2000000167
-142 204 995551.2000000167
-142 204 995551.2000000167
-77 164 995551.2000000167
-77 164 995551.2000000167
-121 148 995551.2000000167
-121 148 995551.2000000167
-155 62 995551.2000000167
-155 62 995551.2000000167
53 437 995551.2000000167
-25 193 995551.2000000167
-25 193 995551.2000000167
-124 77 995551.2000000167
-124 77 995551.2000000167
-87 54 995551.2000000167
-87 54 995551.2000000167
42 445 995551.2000000167
92 411 995551.2000000167
-33 31 995551.2000000167
-33 31 995551.2000000167
-116 104 995551.2000000167
-116 104 995551.2000000167
-76 150 995551.2000000167
-76 150 995551.2000000167
-126 29 995551.2000000167
-126 29 995551.2000000167
-130 34 995551.2000000167
-130 34 995551.2000000167
-56 158 995551.2000000167
-56 158 995551.2000000167
-148 280 995551.2000000167
-148 280 995551.2000000167
133 363 995551.2000000167
-154 284 995551.2000000167
-154 -29 995551.2000000167
-154 284 995551.2000000167
-154 -29 995551.2000000167
-76 126 995551.2000000167
-76 126 995551.2000000167
-60 40 995551.2000000167
-60 40 995551.2000000167
118 451 995551.2000000167
-61 236 995551.2000000167
-61 236 995551.2000000167
119 389 995551.2000000167
-128 96 995551.2000000167
-128 96 995551.2000000167
-45 174 995551.2000000167
-45 174 995551.2000000167
-92 55 995551.2000000167
-92 55 995551.2000000167
90 371 995551.2000000167
-68 242 995551.2000000167
-68 242 995551.2000000167
-31 169 995551.2000000167
-31 169 995551.2000000167
-48 228 995551.2000000167
-48 228 995551.2000000167
-29 109 995551.2000000167
-29 109 995551.2000000167
-71 289 995551.2000000167
-71 289 995551.2000000167
-47 133 995551.2000000167
-47 133 995551.2000000167
124 348 995551.2000000167
-123 120 995551.2000000167
-123 120 995551.2000000167
-73 44 995551.2000000167
-73 44 995551.2000000167
99 451 995551.2000000167
-132 134 995551.2000000167
-132 134 995551.2000000167
-28 73 995551.2000000167
-28 73 995551.2000000167
59 387 995551.2000000167
-75 295 995551.2000000167
-75 295 995551.2000000167
-143 113 995551.2000000167
-143 113 995551.2000000167
-66 22 995551.2000000167
-66 22 995551.2000000167
-20 254 995551.2000000167
-20 254 995551.2000000167
-92 111 995551.2000000167
-92 111 995551.2000000167
-137 106 995551.2000000167
-137 106 995551.2000000167
-150 228 995551.2000000167
-150 228 995551.2000000167
-51 152 995551.2000000167
-51 152 995551.2000000167
-138 206 995551.2000000167
-138 206 995551.2000000167
-143 267 995551.2000000167
-143 267 995551.2000000167
-136 164 995551.2000000167
-136 164 995551.2000000167
31 334 995551.2000000167
-56 86 995551.2000000167
-56 86 995551.2000000167
-34 58 995551.2000000167
-34 58 995551.2000000167
-93 93 995551.2000000167
-93 93 995551.2000000167
-73 26 995551.2000000167
-73 26 995551.2000000167
131 381 995551.2000000167
-85 270 995551.2000000167
-85 270 995551.2000000167
-108 75 995551.2000000167
-108 75 995551.2000000167
-60 255 995551.2000000167
-60 255 995551.2000000167
-103 130 995551.2000000167
-103 130 995551.2000000167
62 350 995551.2000000167
-72 208 995551.2000000167
-72 208 995551.2000000167
-135 145 995551.2000000167
-135 145 995551.2000000167
146 455 995551.2000000167
36 349 995551.2000000167
-60 82 995551.2000000167
-60 82 995551.2000000167
-115 31 995551.2000000167
-115 31 995551.2000000167
24 419 995551.2000000167
-138 88 995551.2000000167
-138 88 995551.2000000167
-138 263 995551.2000000167
-138 263 995551.2000000167
22 376 995551.2000000167
-132 11 995551.2000000167
-132 11 995551.2000000167
-70 276 995551.2000000167
-70 276 995551.2000000167
42 466 995551.2000000167
109 462 995551.2000000167
-107 120 995551.2000000167
-107 120 995551.2000000167
-71 181 995551.2000000167
-71 181 995551.2000000167
15 340 995551.2000000167
-17 44 995551.2000000167
-17 44 995551.2000000167
-116 103 995551.2000000167
-116 103 995551.2000000167
-107 192 995551.2000000167
-107 192 995551.2000000167
46 331 995551.2000000167
-14 51 995551.2000000167
-14 51 995551.2000000167
-155 53 995551.2000000167
-155 53 995551.2000000167
-25 19 995551.2000000167
-25 19 995551.2000000167
-132 189 995551.2000000167
-132 189 995551.2000000167
-126 75 995551.2000000167
-126 75 995551.2000000167
-96 123 995551.2000000167
-96 123 995551.2000000167
105 378 995551.2000000167
-79 61 995551.2000000167
-79 61 995551.2000000167
34 424 995551.2000000167
-148 303 995551.2000000167
-148 -10 995551.2000000167
-148 303 995551.2000000167
-148 -10 995551.2000000167
-28 181 995551.2000000167
-28 181 995551.2000000167
-145 0 995551.2000000167
-145 0 995551.2000000167
49 429 995551.2000000167
-104 279 995551.2000000167
-104 279 995551.2000000167
-151 178 995551.2000000167
-151 178 995551.2000000167
0 364 995551.2000000167
-117 258 995551.2000000167
-117 258 995551.2000000167
91 413 995551.2000000167
72 360 995551.2000000167
-88 252 995551.2000000167
-88 252 995551.2000000167
95 451 995551.2000000167
98 395 995551.2000000167
70 447 995551.2000000167
-114 137 995551.2000000167
-114 137 995551.2000000167
-92 233 995551.2000000167
-92 233 995551.2000000167
126 460 995551.2000000167
-39 221 995551.2000000167
-39 221 995551.2000000167
114 401 995551.2000000167
-64 115 995551.2000000167
-64 115 995551.2000000167
-55 111 995551.2000000167
-55 111 995551.2000000167
7 344 995551.2000000167
79 412 995551.2000000167
122 365 995551.2000000167
-8.970000000000027 10.930000000000037 995551.2000000167
-8.970000000000027 10.930000000000037 995551.2000000167
-8.930000000000064 10.890000000000082 995551.2000000167
-8.930000000000064 10.890000000000082 995551.2000000167
-8.8900000000001 10.85000000000011 995551.2000000167
-8.8900000000001 10.85000000000011 995551.2000000167
-8.870000000000118 10.830000000000146 995551.2000000167
-8.870000000000118 10.830000000000146 995551.2000000167
-8.830000000000155 10.790000000000164 995551.2000000167
-8.830000000000155 10.790000000000164 995551.2000000167
-8.77000000000021 10.730000000000201 995551.2000000167
-8.77000000000021 10.730000000000201 995551.2000000167
-8.760000000000218 10.700000000000198 995551.2000000167
-8.760000000000218 10.700000000000198 995551.2000000167
-8.720000000000255 10.660000000000226 995551.2000000167
-8.720000000000255 10.660000000000226 995551.2000000167
-8.700000000000273 10.640000000000262 995551.2000000167
-8.700000000000273 10.640000000000262 995551.2000000167
-8.640000000000327 10.58000000000029 995551.2000000167
-8.640000000000327 10.58000000000029 995551.2000000167
21.99000000000001 468.99 995551.2000000167
-8.570000000000391 10.510000000000279 995551.2000000167
-8.570000000000391 10.510000000000279 995551.2000000167
-8.55000000000041 10.490000000000284 995551.2000000167
-8.55000000000041 10.490000000000284 995551.2000000167
-8.470000000000482 10.410000000000313 995551.2000000167
-8.470000000000482 10.410000000000313 995551.2000000167
-8.430000000000518 10.370000000000328 995551.2000000167
-8.430000000000518 10.370000000000328 995551.2000000167
-8.410000000000537 10.350000000000355 995551.2000000167
-8.410000000000537 10.350000000000355 995551.2000000167
-8.290000000000646 10.230000000000375 995551.2000000167
-8.290000000000646 10.230000000000375 995551.2000000167
-8.260000000000673 10.200000000000369 995551.2000000167
-8.260000000000673 10.200000000000369 995551.2000000167
-8.22000000000071 10.160000000000396 995551.2000000167
-8.22000000000071 10.160000000000396 995551.2000000167
-8.170000000000755 10.11000000000046 995551.2000000167
-8.170000000000755 10.11000000000046 995551.2000000167
-8.1200000000008 10.060000000000505 995551.2000000167
-8.1200000000008 10.060000000000505 995551.2000000167
-8.090000000000828 10.030000000000523 995551.2000000167
-8.090000000000828 10.030000000000523 995551.2000000167
-8.050000000000864 9.99000000000055 995551.2000000167
-8.050000000000864 9.99000000000055 995551.2000000167
-8.030000000000882 9.970000000000587 995551.2000000167
-8.030000000000882 9.970000000000587 995551.2000000167
-7.940000000000964 9.920000000000597 995551.2000000167
-7.940000000000964 9.920000000000597 995551.2000000167
-7.840000000001055 9.820000000000595 995551.2000000167
-7.840000000001055 9.820000000000595 995551.2000000167
-7.800000000001091 9.780000000000628 995551.2000000167
-7.800000000001091 9.780000000000628 995551.2000000167
-20.950000000000045 217.97000000000003 995551.2000000167
-20.950000000000045 217.97000000000003 995551.2000000167
-7.760000000001128 9.720000000000692 995551.2000000167
-7.760000000001128 9.720000000000692 995551.2000000167
-7.720000000001164 9.680000000000728 995551.2000000167
-7.720000000001164 9.680000000000728 995551.2000000167
-7.690000000001191 9.650000000000755 995551.2000000167
-7.690000000001191 9.650000000000755 995551.2000000167
-7.6800000000012005 9.600000000000819 995551.2000000167
-7.6800000000012005 9.600000000000819 995551.2000000167
-7.660000000001219 9.6000000000008 995551.2000000167
-7.660000000001219 9.6000000000008 995551.2000000167
-99.97000000000003 1.7700000000002092 995551.2000000167
-99.97000000000003 1.7700000000002092 995551.2000000167
-7.640000000001237 9.580000000000828 995551.2000000167
-7.640000000001237 9.580000000000828 995551.2000000167
-7.600000000001273 9.540000000000855 995551.2000000167
-7.600000000001273 9.540000000000855 995551.2000000167
-7.5800000000012915 9.520000000000882 995551.2000000167
-7.5800000000012915 9.520000000000882 995551.2000000167
-4.860000000000127 283.1199999999999 995551.2000000167
-4.860000000000127 283.1199999999999 995551.2000000167
-7.540000000001328 9.480000000000901 995551.2000000167
-7.540000000001328 9.480000000000901 995551.2000000167
-7.520000000001346 9.460000000000937 995551.2000000167
-7.520000000001346 9.460000000000937 995551.2000000167
-7.500000000001364 9.440000000000955 995551.2000000167
-7.500000000001364 9.440000000000955 995551.2000000167
-7.830000000000155 138.14999999999986 995551.2000000167
-7.830000000000155 138.14999999999986 995551.2000000167
-112.97000000000003 311.14999999999986 995551.2000000167
-112.97000000000003 -1.8500000000001364 995551.2000000167
-112.97000000000003 311.14999999999986 995551.2000000167
-112.97000000000003 -1.8500000000001364 995551.2000000167
-7.930000000000973 9.990000000000604 995551.2000000167
-7.930000000000973 9.990000000000604 995551.2000000167
-145.01 312.99 995551.2000000167
-145.01 -0.009999999999990905 995551.2000000167
-145.01 312.99 995551.2000000167
-145.01 -0.009999999999990905 995551.2000000167
-8.370000000000573 11.37000000000001 995551.2000000167
-8.370000000000573 11.37000000000001 995551.2000000167
-7.430000000001428 9.370000000001001 995551.2000000167
-7.430000000001428 9.370000000001001 995551.2000000167
50.069999999999986 170.04999999999995 995551.2000000167
-7.390000000001464 9.330000000001037 995551.2000000167
-7.390000000001464 9.330000000001037 995551.2000000167
-56.09999999999991 12.420000000000528 995551.2000000167
-56.09999999999991 12.420000000000528 995551.2000000167
-91.95000000000005 6.8900000000001 995551.2000000167
-91.95000000000005 6.8900000000001 995551.2000000167
45.129999999999974 323.6900000000003 995551.2000000167
71.19999999999959 231.89999999999918 995551.2000000167
-2.1000000000008185 302.71999999999935 995551.2000000167
-2.1000000000008185 302.71999999999935 995551.2000000167
-11.720000000001164 168.92000000000007 995551.2000000167
-11.720000000001164 168.92000000000007 995551.2000000167
2.0900000000008276 411.72999999999985 995551.2000000167
-9.089999999999918 10.250000000000625 995551.2000000167
-9.089999999999918 10.250000000000625 995551.2000000167
-9.910000000000082 106.94999999999997 995551.2000000167
-9.910000000000082 106.94999999999997 995551.2000000167
46.9800000000002 171.01999999999998 995551.2000000167
96.53999999999976 322.1000000000008 995551.2000000167
93.23000000000012 248.8900000000001 995551.2000000167
23.089999999999858 104.46999999999922 995551.2000000167
19.949999999999992 198.47000000000048 995551.2000000167
1.3099999999990914 258.2299999999989 995551.2000000167
56.0099999999998 191.18999999999892 995551.2000000167
40.40000000000012 158.83999999999924 995551.2000000167
6.429999999999991 296.99 995551.2000000167
-122.85000000000014 0.2100000000007185 995551.2000000167
-122.85000000000014 0.2100000000007185 995551.2000000167
1.640000000001237 429.22000000000014 995551.2000000167
22.2700000000002 130.41000000000054 995551.2000000167
28.930000000000145 202.8900000000001 995551.2000000167
0.24000000000000915 50.980000000000004 995551.2000000167
28.180000000000028 289.8800000000001 995551.2000000167
-7.34000000000151 9.280000000001074 995551.2000000167
-7.34000000000151 9.280000000001074 995551.2000000167
63.66999999999967 179.97000000000003 995551.2000000167
5.619999999999987 50.03999999999999 995551.2000000167
4.119999999999976 115.85999999999993 995551.2000000167
43.85000000000003 323.7700000000002 995551.2000000167
53.830000000000034 185.69000000000028 995551.2000000167
5.7900000000000045 242.99000000000092 995551.2000000167
2.240000000000691 444.5600000000004 995551.2000000167
36.370000000000324 177.77000000000112 995551.2000000167
60.960000000000406 261.3399999999988 995551.2000000167
41.05000000000019 132.02999999999997 995551.2000000167
55.11000000000018 240.91000000000008 995551.2000000167
50.29999999999994 145.16000000000076 995551.2000000167
5.3400000000006 376.19999999999993 995551.2000000167
6.560000000000009 72.14000000000058 995551.2000000167
4.569999999999988 280.39000000000055 995551.2000000167
-28.5499999999995 309.189999999998 995551.2000000167
-28.5499999999995 -3.810000000001992 995551.2000000167
-28.5499999999995 309.189999999998 995551.2000000167
-28.5499999999995 -3.810000000001992 995551.2000000167
16.119999999999997 42.279999999999944 995551.2000000167
3.5299999999999887 132.90999999999917 995551.2000000167
54.329999999999735 168.5500000000004 995551.2000000167
4.489999999999968 97.84999999999941 995551.2000000167
4.119999999999997 246.7599999999993 995551.2000000167
-79.87000000000103 310.92999999999824 995551.2000000167
-79.87000000000103 -2.0700000000017553 995551.2000000167
-79.87000000000103 310.92999999999824 995551.2000000167
-79.87000000000103 -2.0700000000017553 995551.2000000167
15.09000000000002 129.47000000000048 995551.2000000167
33.29000000000014 228.16999999999803 995551.2000000167
41.10000000000018 152.08000000000084 995551.2000000167
5.350000000001501 384.5500000000003 995551.2000000167
23.520000000000238 62.4800000000001 995551.2000000167
23.799999999999812 211.15999999999894 995551.2000000167
30.110000000000174 301.36999999999875 995551.2000000167
64.83000000000042 259.99 995551.2000000167
6.099999999999998 62.620000000000076 995551.2000000167
45.95000000000041 259.5500000000013 995551.2000000167
43.4999999999999 191.5399999999986 995551.2000000167
25.33000000000005 275.97000000000185 995551.2000000167
32.38999999999992 214.2099999999998 995551.2000000167
11.219999999999995 227.5800000000013 995551.2000000167
58.29999999999994 209.26000000000158 995551.2000000167
88.28999999999964 258.3899999999969 995551.2000000167
-3.23000000000161 189.08999999999992 995551.2000000167
-3.23000000000161 189.08999999999992 995551.2000000167
67.71999999999986 311.64000000000215 995551.2000000167
96.44000000000074 254.27999999999793 995551.2000000167
103.36000000000018 295.4800000000014 995551.2000000167
18.009999999999845 279.3700000000006 995551.2000000167
15.609999999999923 244.7699999999984 995551.2000000167
15.829999999999982 71.17000000000111 995551.2000000167
87.92999999999945 244.63000000000125 995551.2000000167
85.13999999999956 251.03999999999996 995551.2000000167
38.33999999999993 275.40000000000055 995551.2000000167
20.26999999999973 158.06999999999812 995551.2000000167
12.850000000000003 185.95000000000186 995551.2000000167
11.67000000000005 205.3299999999988 995551.2000000167
56.16999999999977 153.50999999999954 995551.2000000167
64.01 220.02999999999997 995551.2000000167
71.78000000000091 299.2200000000025 995551.2000000167
48.19999999999956 291.0 995551.2000000167
16.92999999999999 300.069999999999 995551.2000000167
77.27000000000065 227.7900000000002 995551.2000000167
-150.17999999999984 0.4200000000005275 995551.2000000167
-150.17999999999984 0.4200000000005275 995551.2000000167
23.350000000000055 144.08999999999992 995551.2000000167
28.859999999999978 188.80000000000018 995551.2000000167
42.189999999999564 221.02999999999997 995551.2000000167
34.579999999999885 110.05999999999952 995551.2000000167
71.94000000000099 263.179999999998 995551.2000000167
6.52000000000001 30.859999999999978 995551.2000000167
334 131 995551.2000000167
334 444 995551.2000000167
347 226 995551.2000000167
347 226 995551.2000000167
281 363 995551.2000000167
281 363 995551.2000000167
454 240 995551.2000000167
454 240 995551.2000000167
279 443 995551.2000000167
279 443 995551.2000000167
269 400 995551.2000000167
269 400 995551.2000000167
420 159 995551.2000000167
420 159 995551.2000000167
356 389 995551.2000000167
264 440 995551.2000000167
264 440 995551.2000000167
402 218 995551.2000000167
402 218 995551.2000000167
447 276 995551.2000000167
447 276 995551.2000000167
448 279 995551.2000000167
448 279 995551.2000000167
373 395 995551.2000000167
199 315 995551.2000000167
199 315 995551.2000000167
464 254 995551.2000000167
464 254 995551.2000000167
377 220 995551.2000000167
377 220 995551.2000000167
384 338 995551.2000000167
419 153 995551.2000000167
419 466 995551.2000000167
368 153 995551.2000000167
368 466 995551.2000000167
355 365 995551.2000000167
442 183 995551.2000000167
442 183 995551.2000000167
402 255 995551.2000000167
402 255 995551.2000000167
423 212 995551.2000000167
423 212 995551.2000000167
325 243 995551.2000000167
325 243 995551.2000000167
201 446 995551.2000000167
201 446 995551.2000000167
273 339 995551.2000000167
273 339 995551.2000000167
318 363 995551.2000000167
352 353 995551.2000000167
363 146 995551.2000000167
363 459 995551.2000000167
210 353 995551.2000000167
210 353 995551.2000000167
351 276 995551.2000000167
351 276 995551.2000000167
199 423 995551.2000000167
199 423 995551.2000000167
377 260 995551.2000000167
377 260 995551.2000000167
443 426 995551.2000000167
164 391 995551.2000000167
164 391 995551.2000000167
276 389 995551.2000000167
276 389 995551.2000000167
449 283 995551.2000000167
449 283 995551.2000000167
326 188 995551.2000000167
326 188 995551.2000000167
356 190 995551.2000000167
356 190 995551.2000000167
379 134 995551.2000000167
379 447 995551.2000000167
446 367 995551.2000000167
224 394 995551.2000000167
224 394 995551.2000000167
436 175 995551.2000000167
436 175 995551.2000000167
146 322 995551.2000000167
459 322 995551.2000000167
234 337 995551.2000000167
234 337 995551.2000000167
328 355 995551.2000000167
460 143 995551.2000000167
460 456 995551.2000000167
267 415 995551.2000000167
267 415 995551.2000000167
385 422 995551.2000000167
345 214 995551.2000000167
345 214 995551.2000000167
409 145 995551.2000000167
409 458 995551.2000000167
438 228 995551.2000000167
438 228 995551.2000000167
299 407 995551.2000000167
299 407 995551.2000000167
361 261 995551.2000000167
361 261 995551.2000000167
336 144 995551.2000000167
336 457 995551.2000000167
457 444 995551.2000000167
455 254 995551.2000000167
455 254 995551.2000000167
444 368 995551.2000000167
156 337 995551.2000000167
469 337 995551.2000000167
430 182 995551.2000000167
430 182 995551.2000000167
366 169 995551.2000000167
366 169 995551.2000000167
408 243 995551.2000000167
408 243 995551.2000000167
411 142 995551.2000000167
411 455 995551.2000000167
328 382 995551.2000000167
365 379 995551.2000000167
207 469 995551.2000000167
207 469 995551.2000000167
138 340 995551.2000000167
451 340 995551.2000000167
354 158 995551.2000000167
354 158 995551.2000000167
203 428 995551.2000000167
203 428 995551.2000000167
338 210 995551.2000000167
338 210 995551.2000000167
382 401 995551.2000000167
169 315 995551.2000000167
169 315 995551.2000000167
361 353 995551.2000000167
379 349 995551.2000000167
329 130 995551.2000000167
329 443 995551.2000000167
163 340 995551.2000000167
163 340 995551.2000000167
463 397 995551.2000000167
198 452 995551.2000000167
198 452 995551.2000000167
413 337 995551.2000000167
209 346 995551.2000000167
209 346 995551.2000000167
185 357 995551.2000000167
185 357 995551.2000000167
442 346 995551.2000000167
399 251 995551.2000000167
399 251 995551.2000000167
162 327 995551.2000000167
162 327 995551.2000000167
192 461 995551.2000000167
192 461 995551.2000000167
158 375 995551.2000000167
158 375 995551.2000000167
366 124 995551.2000000167
366 437 995551.2000000167
338 278 995551.2000000167
338 278 995551.2000000167
189 390 995551.2000000167
189 390 995551.2000000167
226 367 995551.2000000167
226 367 995551.2000000167
355 132 995551.2000000167
355 445 995551.2000000167
405 411 995551.2000000167
418 181 995551.2000000167
418 181 995551.2000000167
280 344 995551.2000000167
280 344 995551.2000000167
197 417 995551.2000000167
197 417 995551.2000000167
333 199 995551.2000000167
333 199 995551.2000000167
237 463 995551.2000000167
237 463 995551.2000000167
400 197 995551.2000000167
400 197 995551.2000000167
187 342 995551.2000000167
187 342 995551.2000000167
183 347 995551.2000000167
183 347 995551.2000000167
351 179 995551.2000000167
351 179 995551.2000000167
446 363 995551.2000000167
237 439 995551.2000000167
237 439 995551.2000000167
253 353 995551.2000000167
253 353 995551.2000000167
431 138 995551.2000000167
431 451 995551.2000000167
361 171 995551.2000000167
361 171 995551.2000000167
432 258 995551.2000000167
432 258 995551.2000000167
402 246 995551.2000000167
402 246 995551.2000000167
319 244 995551.2000000167
319 244 995551.2000000167
432 389 995551.2000000167
332 280 995551.2000000167
332 280 995551.2000000167
185 409 995551.2000000167
185 409 995551.2000000167
426 175 995551.2000000167
426 175 995551.2000000167
221 368 995551.2000000167
221 368 995551.2000000167
403 371 995551.2000000167
284 422 995551.2000000167
284 422 995551.2000000167
266 446 995551.2000000167
266 446 995551.2000000167
437 348 995551.2000000167
190 433 995551.2000000167
190 433 995551.2000000167
240 357 995551.2000000167
240 357 995551.2000000167
341 290 995551.2000000167
341 290 995551.2000000167
412 138 995551.2000000167
412 451 995551.2000000167
181 447 995551.2000000167
181 447 995551.2000000167
285 386 995551.2000000167
285 386 995551.2000000167
372 387 995551.2000000167
170 426 995551.2000000167
170 426 995551.2000000167
247 335 995551.2000000167
247 335 995551.2000000167
467 163 995551.2000000167
467 163 995551.2000000167
221 424 995551.2000000167
221 424 995551.2000000167
176 419 995551.2000000167
176 419 995551.2000000167
262 465 995551.2000000167
262 465 995551.2000000167
344 334 995551.2000000167
453 218 995551.2000000167
453 218 995551.2000000167
257 399 995551.2000000167
257 399 995551.2000000167
399 178 995551.2000000167
399 178 995551.2000000167
279 371 995551.2000000167
279 371 995551.2000000167
341 203 995551.2000000167
341 203 995551.2000000167
369 241 995551.2000000167
369 241 995551.2000000167
220 406 995551.2000000167
220 406 995551.2000000167
240 339 995551.2000000167
240 339 995551.2000000167
444 381 995551.2000000167
205 388 995551.2000000167
205 388 995551.2000000167
375 180 995551.2000000167
375 180 995551.2000000167
418 174 995551.2000000167
418 174 995551.2000000167
210 443 995551.2000000167
210 443 995551.2000000167
375 350 995551.2000000167
178 458 995551.2000000167
178 458 995551.2000000167
453 160 995551.2000000167
453 160 995551.2000000167
459 142 995551.2000000167
459 455 995551.2000000167
449 172 995551.2000000167
449 172 995551.2000000167
152 363 995551.2000000167
465 363 995551.2000000167
349 349 995551.2000000167
253 395 995551.2000000167
253 395 995551.2000000167
371 211 995551.2000000167
371 211 995551.2000000167
198 344 995551.2000000167
198 344 995551.2000000167
342 189 995551.2000000167
342 189 995551.2000000167
385 231 995551.2000000167
385 231 995551.2000000167
337 106 995551.2000000167
337 419 995551.2000000167
175 401 995551.2000000167
175 401 995551.2000000167
383 261 995551.2000000167
383 261 995551.2000000167
390 165 995551.2000000167
390 165 995551.2000000167
335 376 995551.2000000167
181 324 995551.2000000167
181 324 995551.2000000167
355 153 995551.2000000167
355 466 995551.2000000167
467 313 995551.2000000167
422 149 995551.2000000167
422 462 995551.2000000167
457 290 995551.2000000167
457 290 995551.2000000167
206 433 995551.2000000167
206 433 995551.2000000167
328 340 995551.2000000167
363 170 995551.2000000167
363 170 995551.2000000167
296 357 995551.2000000167
296 357 995551.2000000167
197 416 995551.2000000167
197 416 995551.2000000167
416 297 995551.2000000167
416 297 995551.2000000167
359 331 995551.2000000167
299 364 995551.2000000167
299 364 995551.2000000167
158 366 995551.2000000167
158 366 995551.2000000167
288 332 995551.2000000167
288 332 995551.2000000167
187 388 995551.2000000167
187 388 995551.2000000167
424 180 995551.2000000167
424 180 995551.2000000167
427 215 995551.2000000167
427 215 995551.2000000167
217 436 995551.2000000167
217 436 995551.2000000167
389 228 995551.2000000167
389 228 995551.2000000167
418 378 995551.2000000167
234 374 995551.2000000167
234 374 995551.2000000167
347 111 995551.2000000167
347 424 995551.2000000167
353 221 995551.2000000167
353 221 995551.2000000167
362 116 995551.2000000167
362 429 995551.2000000167
410 176 995551.2000000167
410 176 995551.2000000167
463 280 995551.2000000167
463 280 995551.2000000167
313 364 995551.2000000167
421 206 995551.2000000167
421 206 995551.2000000167
404 413 995551.2000000167
376 260 995551.2000000167
376 260 995551.2000000167
385 360 995551.2000000167
422 252 995551.2000000167
422 252 995551.2000000167
408 252 995551.2000000167
408 252 995551.2000000167
408 138 995551.2000000167
408 451 995551.2000000167
466 292 995551.2000000167
466 292 995551.2000000167
411 395 995551.2000000167
406 249 995551.2000000167
406 249 995551.2000000167
443 168 995551.2000000167
443 168 995551.2000000167
383 134 995551.2000000167
383 447 995551.2000000167
199 450 995551.2000000167
199 450 995551.2000000167
439 147 995551.2000000167
439 460 995551.2000000167
359 291 995551.2000000167
359 291 995551.2000000167
368 190 995551.2000000167
368 190 995551.2000000167
464 157 995551.2000000167
464 157 995551.2000000167
427 401 995551.2000000167
249 428 995551.2000000167
249 428 995551.2000000167
258 424 995551.2000000167
258 424 995551.2000000167
320 344 995551.2000000167
392 412 995551.2000000167
435 365 995551.2000000167
367 186 995551.2000000167
367 186 995551.2000000167
334.99 155.99 995551.2000000167
334.99 468.99 995551.2000000167
305.3199999999988 322.6000000000008 995551.2000000167
305.3199999999988 322.6000000000008 995551.2000000167
213.02999999999997 314.7700000000002 995551.2000000167
213.02999999999997 314.7700000000002 995551.2000000167
318.94000000000017 297.1399999999999 995551.2000000167
318.94000000000017 297.1399999999999 995551.2000000167
305.16999999999985 451.14999999999986 995551.2000000167
305.16999999999985 451.14999999999986 995551.2000000167
305.069999999999 322.9900000000006 995551.2000000167
305.069999999999 322.9900000000006 995551.2000000167
304.6299999999994 324.37 995551.2000000167
304.6299999999994 324.37 995551.2000000167
326.60000000000036 204.13999999999987 995551.2000000167
326.60000000000036 204.13999999999987 995551.2000000167
168.5399999999995 312.30000000000064 995551.2000000167
199.05999999999995 136.96000000000004 995551.2000000167
256.9000000000001 325.4200000000005 995551.2000000167
256.9000000000001 325.4200000000005 995551.2000000167
221.04999999999995 319.8900000000001 995551.2000000167
221.04999999999995 319.8900000000001 995551.2000000167
358.13 323.6900000000003 995551.2000000167
199.91000000000008 309.8100000000011 995551.2000000167
130.31000000000063 55.369999999999926 995551.2000000167
240.73000000000025 273.95000000000005 995551.2000000167
234.39000000000055 291.6500000000003 995551.2000000167
197.07999999999993 104.36000000000018 995551.2000000167
109.29000000000015 148.49000000000046 995551.2000000167
147.71999999999935 142.74000000000024 995551.2000000167
232.59999999999945 270.1400000000008 995551.2000000167
315.0900000000008 98.72999999999986 995551.2000000167
315.0900000000008 411.72999999999985 995551.2000000167
303.9100000000001 323.2500000000006 995551.2000000167
303.9100000000001 323.2500000000006 995551.2000000167
198.30999999999972 140.00999999999908 995551.2000000167
303.0899999999999 419.95 995551.2000000167
303.0899999999999 419.95 995551.2000000167
206.08999999999992 120.29000000000015 995551.2000000167
322.8200000000011 229.03999999999996 995551.2000000167
322.8200000000011 229.03999999999996 995551.2000000167
67.3800000000007 35.94000000000001 995551.2000000167
198.8900000000001 109.99 995551.2000000167
164.94000000000005 280.03999999999996 995551.2000000167
107.25000000000013 159.38999999999965 995551.2000000167
115.3700000000007 215.01 995551.2000000167
104.87999999999994 173.36000000000058 995551.2000000167
143.4500000000005 129.99000000000092 995551.2000000167
409.53999999999974 322.1000000000008 995551.2000000167
198.5600000000004 289.5599999999995 995551.2000000167
243.76000000000113 242.19999999999982 995551.2000000167
329.96999999999997 300.02999999999906 995551.2000000167
329.96999999999997 300.02999999999906 995551.2000000167
154.45999999999958 163.6599999999994 995551.2000000167
189.51000000000045 119.96999999999998 995551.2000000167
105.74999999999987 153.1099999999999 995551.2000000167
257.1399999999999 158.23999999999978 995551.2000000167
268.82999999999925 173.99 995551.2000000167
52.68999999999986 64.58999999999928 995551.2000000167
151.03999999999996 156.62000000000035 995551.2000000167
200.3500000000006 131.87000000000103 995551.2000000167
383.09000000000003 303.5499999999986 995551.2000000167
383.09000000000003 303.5499999999986 995551.2000000167
159.8699999999983 52.33000000000013 995551.2000000167
189.01999999999998 78.44000000000074 995551.2000000167
247.30000000000064 263.5400000000004 995551.2000000167
190.14999999999986 313.2100000000007 995551.2000000167
190.14999999999986 313.2100000000007 995551.2000000167
176.4199999999987 261.2200000000016 995551.2000000167
93.20000000000113 104.00000000000205 995551.2000000167
247.4400000000005 163.94000000000005 995551.2000000167
228.6800000000003 275.91999999999916 995551.2000000167
158.98000000000002 283.98 995551.2000000167
254.80999999999835 253.87000000000103 995551.2000000167
134.39000000000055 279.03 995551.2000000167
314.64000000000124 116.22000000000011 995551.2000000167
314.64000000000124 429.22000000000014 995551.2000000167
192.0 149.27999999999884 995551.2000000167
108.67999999999932 213.29999999999882 995551.2000000167
164.8699999999983 229.16999999999894 995551.2000000167
122.88999999999994 174.97000000000003 995551.2000000167
46.93999999999981 18.940000000000147 995551.2000000167
105.23000000000012 64.34999999999967 995551.2000000167
341.90999999999997 300.6499999999994 995551.2000000167
341.90999999999997 300.6499999999994 995551.2000000167
257.99 110.68999999999984 995551.2000000167
167.43000000000325 204.04999999999995 995551.2000000167
94.13999999999905 146.45999999999867 995551.2000000167
305.6599999999985 322.28000000000105 995551.2000000167
305.6599999999985 322.28000000000105 995551.2000000167
78.69999999999985 99.0 995551.2000000167
178.089999999999 165.3099999999988 995551.2000000167
220.96999999999912 93.7900000000004 995551.2000000167
35.4800000000001 34.78000000000024 995551.2000000167
356.85 323.7700000000002 995551.2000000167
264.8100000000002 228.04999999999995 995551.2000000167
175.06999999999994 206.68999999999937 995551.2000000167
239.55000000000223 182.38999999999874 995551.2000000167
244.60999999999763 289.01 995551.2000000167
168.59000000000128 266.0900000000008 995551.2000000167
213.2299999999998 304.890000000001 995551.2000000167
262.9599999999991 150.4600000000014 995551.2000000167
152.97000000000003 292.6699999999994 995551.2000000167
232.68999999999937 308.63000000000034 995551.2000000167
169.87000000000012 113.69000000000035 995551.2000000167
245.189999999998 277.24999999999886 995551.2000000167
89.55000000000028 217.95000000000005 995551.2000000167
315.2400000000007 131.5600000000004 995551.2000000167
315.2400000000007 444.5600000000004 995551.2000000167
93.27999999999912 136.00000000000182 995551.2000000167
142.92000000000098 291.13999999999896 995551.2000000167
177.99 145.01 995551.2000000167
236.87000000000012 127.09000000000056 995551.2000000167
282.3599999999997 165.74000000000296 995551.2000000167
133.3399999999997 48.88000000000022 995551.2000000167
119.4000000000002 258.9999999999991 995551.2000000167
72.42000000000124 133.98000000000002 995551.2000000167
314.8800000000019 244.82000000000107 995551.2000000167
314.8800000000019 244.82000000000107 995551.2000000167
158.01 147.04999999999995 995551.2000000167
302.3200000000006 108.06000000000054 995551.2000000167
318.3400000000006 376.19999999999993 995551.2000000167
60.639999999999674 73.15999999999957 995551.2000000167
298.9100000000001 92.40999999999919 995551.2000000167
114.84000000000043 89.7600000000009 995551.2000000167
233.64000000000215 164.91999999999916 995551.2000000167
96.10999999999954 175.6700000000003 995551.2000000167
251.9000000000001 175.82000000000016 995551.2000000167
314.8900000000019 281.0899999999999 995551.2000000167
314.8900000000019 281.0899999999999 995551.2000000167
208.04000000000087 277.42000000000144 995551.2000000167
165.7799999999993 301.8200000000011 995551.2000000167
195.98000000000002 259.079999999999 995551.2000000167
259.34999999999604 265.2899999999979 995551.2000000167
300.3099999999997 167.63000000000125 995551.2000000167
285.1099999999999 180.97000000000003 995551.2000000167
174.97000000000094 105.32999999999966 995551.2000000167
267.7899999999993 101.92999999999996 995551.2000000167
58.770000000000245 83.83000000000094 995551.2000000167
132.01999999999907 68.94000000000048 995551.2000000167
265.30000000000064 134.4199999999987 995551.2000000167
139.84000000000015 159.40000000000055 995551.2000000167
236.21000000000072 148.81000000000108 995551.2000000167
141.18999999999983 239.81000000000017 995551.2000000167
318.3500000000015 384.5500000000003 995551.2000000167
264.06999999999994 125.66999999999932 995551.2000000167
85.25999999999962 178.35999999999967 995551.2000000167
141.04999999999905 215.19000000000256 995551.2000000167
211.93999999999824 132.35999999999785 995551.2000000167
160.1300000000017 183.5299999999968 995551.2000000167
217.4499999999996 122.99 995551.2000000167
294.6699999999976 219.089999999999 995551.2000000167
113.13000000000007 174.29000000000065 995551.2000000167
186.4500000000005 72.0699999999985 995551.2000000167
96.64000000000084 240.66000000000213 995551.2000000167
167.01 143.59000000000037 995551.2000000167
131.00999999999817 186.34999999999695 995551.2000000167
77.02000000000001 163.86000000000104 995551.2000000167
120.2499999999991 51.470000000000105 995551.2000000167
157.14000000000078 119.49999999999974 995551.2000000167
204.92000000000007 74.47999999999973 995551.2000000167
118.96999999999998 76.01 995551.2000000167
252.3299999999997 235.41000000000054 995551.2000000167
141.18000000000075 254.13999999999987 995551.2000000167
240.00999999999817 297.4299999999978 995551.2000000167
275.0099999999991 221.02999999999997 995551.2000000167
86.13999999999956 197.01999999999998 995551.2000000167
317.1600000000017 297.2999999999997 995551.2000000167
317.1600000000017 297.2999999999997 995551.2000000167
164.03999999999996 77.75999999999988 995551.2000000167
184.31000000000063 310.2700000000016 995551.2000000167
100.73000000000089 135.73000000000206 995551.2000000167
224.9000000000001 252.03999999999996 995551.2000000167
207.78999999999837 192.04999999999995 995551.2000000167
211.94000000000278 226.66000000000304 995551.2000000167
53.579999999999885 124.02000000000001 995551.2000000167
241.0999999999999 206.70000000000118 995551.2000000167
110.95999999999998 180.45999999999958 995551.2000000167
108.02000000000001 204.20000000000164 995551.2000000167
132.12000000000353 286.65999999999667 995551.2000000167
174.6700000000003 87.99 995551.2000000167
60.720000000000255 37.319999999999936 995551.2000000167
151.82000000000198 310.54000000000224 995551.2000000167
117.3800000000002 183.4199999999987 995551.2000000167
41.28000000000014 52.419999999999916 995551.2000000167
221.12999999999988 233.1099999999999 995551.2000000167
203.06999999999994 115.07000000000004 995551.2000000167
218.24999999999977 287.2099999999998 995551.2000000167
72.22000000000011 48.59999999999968 995551.2000000167
310.4800000000014 257.1399999999999 995551.2000000167
186.67999999999665 207.39999999999782 995551.2000000167
41.44000000000031 77.88000000000096 995551.2000000167
152.5499999999986 253.69000000000028 995551.2000000167
65.50999999999975 134.18999999999983 995551.2000000167
97.2099999999996 81.10999999999954 995551.2000000167
208.26999999999884 158.4299999999978 995551.2000000167
290.4400000000023 251.40000000000236 995551.2000000167
226.37000000000148 268.7700000000011 995551.2000000167
296.97000000000094 266.48999999999774 995551.2000000167
15.069999999999999 25.64999999999979 995551.2000000167
221.82999999999925 110.26999999999963 995551.2000000167
199.31000000000154 243.15000000000168 995551.2000000167
117.99 135.27000000000248 995551.2000000167
232.62999999999943 226.05000000000086 995551.2000000167
303.2200000000016 139.61999999999853 995551.2000000167
253.0 79.03999999999849 995551.2000000167
158.80999999999926 62.86999999999983 995551.2000000167
126.34000000000017 147.35999999999967 995551.2000000167
29.7199999999998 19.419999999999753 995551.2000000167
150.0 278.920000000001 995551.2000000167
48.65999999999987 40.09999999999998 995551.2000000167
247.11000000000172 113.84999999999941 995551.2000000167
49.379999999999924 113.63999999999879 995551.2000000167
289.3399999999988 193.6599999999994 995551.2000000167
134.11999999999898 54.89999999999982 995551.2000000167
225.05999999999904 80.75999999999988 995551.2000000167
129.87000000000012 110.98999999999897 995551.2000000167
124.17999999999958 229.3199999999988 995551.2000000167
269.7899999999993 87.51000000000026 995551.2000000167
255.5700000000013 87.93000000000099 995551.2000000167
279.64000000000215 198.81999999999925 995551.2000000167
89.63999999999982 57.980000000000004 995551.2000000167
92.18000000000009 96.6199999999993 995551.2000000167
273.0100000000018 310.3900000000033 995551.2000000167
280.6199999999985 130.71999999999935 995551.2000000167
104.54999999999977 182.12999999999897 995551.2000000167
38.41000000000012 40.829999999999835 995551.2000000167
148.21000000000163 86.03000000000104 995551.2000000167
162.82000000000016 313.4200000000005 995551.2000000167
162.82000000000016 313.4200000000005 995551.2000000167
70.29000000000066 87.36999999999968 995551.2000000167
258.38999999999965 183.36999999999784 995551.2000000167
98.07000000000004 141.99 995551.2000000167
286.26999999999884 305.9900000000009 995551.2000000167
284.36999999999966 109.55000000000028 995551.2000000167
72.06000000000003 110.14000000000058 995551.2000000167
182.48999999999864 187.3500000000015 995551.2000000167
72.14000000000058 22.95999999999968 995551.2000000167
198.00999999999908 101.10999999999903 995551.2000000167
150.71000000000117 48.9900000000002 995551.2000000167
109.0 252.45999999999958 995551.2000000167
133.0100000000009 274.07000000000176 995551.2000000167
307.4300000000005 189.78999999999928 995551.2000000167
144.52000000000135 141.92000000000007 995551.2000000167
129.27000000000066 166.910000000001 995551.2000000167
137.4399999999987 173.05999999999904 995551.2000000167
180.69000000000028 133.17000000000075 995551.2000000167
170.12999999999988 277.97 995551.2000000167
185.01 95.90999999999995 995551.2000000167
285.7200000000021 289.74000000000296 995551.2000000167
162.28999999999974 176.85000000000105 995551.2000000167
178.37999999999784 282.2999999999997 995551.2000000167
34 -87 995551.2000000167
347 -87 995551.2000000167
34 -87 995551.2000000167
347 -87 995551.2000000167
-32 -263 995551.2000000167
-32 -263 995551.2000000167
141 -73 995551.2000000167
454 -73 995551.2000000167
141 -73 995551.2000000167
454 -73 995551.2000000167
-34 -183 995551.2000000167
-34 -183 995551.2000000167
-44 -226 995551.2000000167
-44 -226 995551.2000000167
107 -154 995551.2000000167
420 -154 995551.2000000167
107 -154 995551.2000000167
420 -154 995551.2000000167
255 -50 995551.2000000167
255 -50 995551.2000000167
215 -83 995551.2000000167
215 -83 995551.2000000167
183 -108 995551.2000000167
183 -108 995551.2000000167
258 -132 995551.2000000167
258 -132 995551.2000000167
-49 -186 995551.2000000167
-49 -186 995551.2000000167
89 -95 995551.2000000167
402 -95 995551.2000000167
89 -95 995551.2000000167
402 -95 995551.2000000167
134 -37 995551.2000000167
447 -37 995551.2000000167
134 -37 995551.2000000167
447 -37 995551.2000000167
135 -34 995551.2000000167
448 -34 995551.2000000167
135 -34 995551.2000000167
448 -34 995551.2000000167
201 -68 995551.2000000167
201 -68 995551.2000000167
-114 -311 995551.2000000167
-114 -311 995551.2000000167
252 -137 995551.2000000167
252 -137 995551.2000000167
199 -24 995551.2000000167
199 -24 995551.2000000167
151 -59 995551.2000000167
464 -59 995551.2000000167
151 -59 995551.2000000167
464 -59 995551.2000000167
64 -93 995551.2000000167
377 -93 995551.2000000167
64 -93 995551.2000000167
377 -93 995551.2000000167
384 25 995551.2000000167
355 52 995551.2000000167
129 -130 995551.2000000167
442 -130 995551.2000000167
129 -130 995551.2000000167
442 -130 995551.2000000167
298 -49 995551.2000000167
-15 -49 995551.2000000167
298 -49 995551.2000000167
-15 -49 995551.2000000167
89 -58 995551.2000000167
402 -58 995551.2000000167
89 -58 995551.2000000167
402 -58 995551.2000000167
110 -101 995551.2000000167
423 -101 995551.2000000167
110 -101 995551.2000000167
423 -101 995551.2000000167
12 -70 995551.2000000167
325 -70 995551.2000000167
12 -70 995551.2000000167
325 -70 995551.2000000167
235 -21 995551.2000000167
235 -21 995551.2000000167
-40 -287 995551.2000000167
-40 -287 995551.2000000167
318 50 995551.2000000167
232 -86 995551.2000000167
232 -86 995551.2000000167
352 40 995551.2000000167
-103 -273 995551.2000000167
-103 -273 995551.2000000167
38 -37 995551.2000000167
351 -37 995551.2000000167
38 -37 995551.2000000167
351 -37 995551.2000000167
64 -53 995551.2000000167
377 -53 995551.2000000167
64 -53 995551.2000000167
377 -53 995551.2000000167
-37 -237 995551.2000000167
-37 -237 995551.2000000167
136 -30 995551.2000000167
449 -30 995551.2000000167
136 -30 995551.2000000167
449 -30 995551.2000000167
13 -125 995551.2000000167
326 -125 995551.2000000167
13 -125 995551.2000000167
326 -125 995551.2000000167
43 -123 995551.2000000167
356 -123 995551.2000000167
43 -123 995551.2000000167
356 -123 995551.2000000167
232 -42 995551.2000000167
232 -42 995551.2000000167
446 54 995551.2000000167
248 -149 995551.2000000167
248 -149 995551.2000000167
-89 -232 995551.2000000167
-89 -232 995551.2000000167
123 -138 995551.2000000167
436 -138 995551.2000000167
123 -138 995551.2000000167
436 -138 995551.2000000167
459 9 995551.2000000167
-79 -289 995551.2000000167
-79 -289 995551.2000000167
328 42 995551.2000000167
218 -26 995551.2000000167
218 -26 995551.2000000167
-46 -211 995551.2000000167
-46 -211 995551.2000000167
176 -31 995551.2000000167
176 -31 995551.2000000167
32 -99 995551.2000000167
345 -99 995551.2000000167
32 -99 995551.2000000167
345 -99 995551.2000000167
125 -85 995551.2000000167
438 -85 995551.2000000167
125 -85 995551.2000000167
438 -85 995551.2000000167
-14 -219 995551.2000000167
-14 -219 995551.2000000167
48 -52 995551.2000000167
361 -52 995551.2000000167
48 -52 995551.2000000167
361 -52 995551.2000000167
241 -39 995551.2000000167
241 -39 995551.2000000167
170 -35 995551.2000000167
170 -35 995551.2000000167
162 -133 995551.2000000167
162 -133 995551.2000000167
142 -59 995551.2000000167
455 -59 995551.2000000167
142 -59 995551.2000000167
455 -59 995551.2000000167
444 55 995551.2000000167
229 -38 995551.2000000167
229 -38 995551.2000000167
469 24 995551.2000000167
117 -131 995551.2000000167
430 -131 995551.2000000167
117 -131 995551.2000000167
430 -131 995551.2000000167
53 -144 995551.2000000167
366 -144 995551.2000000167
53 -144 995551.2000000167
366 -144 995551.2000000167
95 -70 995551.2000000167
408 -70 995551.2000000167
95 -70 995551.2000000167
408 -70 995551.2000000167
213 -7 995551.2000000167
213 -7 995551.2000000167
365 66 995551.2000000167
282 -115 995551.2000000167
-31 -115 995551.2000000167
282 -115 995551.2000000167
-31 -115 995551.2000000167
451 27 995551.2000000167
41 -155 995551.2000000167
354 -155 995551.2000000167
41 -155 995551.2000000167
354 -155 995551.2000000167
248 -49 995551.2000000167
248 -49 995551.2000000167
25 -103 995551.2000000167
338 -103 995551.2000000167
25 -103 995551.2000000167
338 -103 995551.2000000167
361 40 995551.2000000167
379 36 995551.2000000167
463 84 995551.2000000167
413 24 995551.2000000167
-104 -280 995551.2000000167
-104 -280 995551.2000000167
288 -20 995551.2000000167
288 -20 995551.2000000167
442 33 995551.2000000167
86 -62 995551.2000000167
399 -62 995551.2000000167
86 -62 995551.2000000167
399 -62 995551.2000000167
171 -109 995551.2000000167
171 -109 995551.2000000167
236 -149 995551.2000000167
236 -149 995551.2000000167
288 -120 995551.2000000167
-25 -120 995551.2000000167
288 -120 995551.2000000167
-25 -120 995551.2000000167
25 -35 995551.2000000167
338 -35 995551.2000000167
25 -35 995551.2000000167
338 -35 995551.2000000167
-87 -259 995551.2000000167
-87 -259 995551.2000000167
105 -132 995551.2000000167
418 -132 995551.2000000167
105 -132 995551.2000000167
418 -132 995551.2000000167
-33 -282 995551.2000000167
-33 -282 995551.2000000167
20 -114 995551.2000000167
333 -114 995551.2000000167
20 -114 995551.2000000167
333 -114 995551.2000000167
87 -116 995551.2000000167
400 -116 995551.2000000167
87 -116 995551.2000000167
400 -116 995551.2000000167
257 -155 995551.2000000167
-56 -155 995551.2000000167
257 -155 995551.2000000167
-56 -155 995551.2000000167
38 -134 995551.2000000167
351 -134 995551.2000000167
38 -134 995551.2000000167
351 -134 995551.2000000167
165 -33 995551.2000000167
165 -33 995551.2000000167
446 50 995551.2000000167
159 -29 995551.2000000167
159 -29 995551.2000000167
-60 -273 995551.2000000167
-60 -273 995551.2000000167
252 -77 995551.2000000167
252 -77 995551.2000000167
48 -142 995551.2000000167
361 -142 995551.2000000167
48 -142 995551.2000000167
361 -142 995551.2000000167
119 -55 995551.2000000167
432 -55 995551.2000000167
119 -55 995551.2000000167
432 -55 995551.2000000167
89 -67 995551.2000000167
402 -67 995551.2000000167
89 -67 995551.2000000167
402 -67 995551.2000000167
6 -69 995551.2000000167
319 -69 995551.2000000167
6 -69 995551.2000000167
319 -69 995551.2000000167
432 76 995551.2000000167
19 -33 995551.2000000167
332 -33 995551.2000000167
19 -33 995551.2000000167
332 -33 995551.2000000167
113 -138 995551.2000000167
426 -138 995551.2000000167
113 -138 995551.2000000167
426 -138 995551.2000000167
268 -139 995551.2000000167
-45 -139 995551.2000000167
268 -139 995551.2000000167
-45 -139 995551.2000000167
-92 -258 995551.2000000167
-92 -258 995551.2000000167
403 58 995551.2000000167
245 -71 995551.2000000167
245 -71 995551.2000000167
282 -144 995551.2000000167
-31 -144 995551.2000000167
282 -144 995551.2000000167
-31 -144 995551.2000000167
265 -85 995551.2000000167
265 -85 995551.2000000167
-29 -204 995551.2000000167
-29 -204 995551.2000000167
242 -24 995551.2000000167
242 -24 995551.2000000167
-47 -180 995551.2000000167
-47 -180 995551.2000000167
437 35 995551.2000000167
-73 -269 995551.2000000167
-73 -269 995551.2000000167
28 -23 995551.2000000167
341 -23 995551.2000000167
28 -23 995551.2000000167
341 -23 995551.2000000167
-28 -240 995551.2000000167
-28 -240 995551.2000000167
372 74 995551.2000000167
238 -18 995551.2000000167
238 -18 995551.2000000167
-66 -291 995551.2000000167
-66 -291 995551.2000000167
154 -150 995551.2000000167
467 -150 995551.2000000167
154 -150 995551.2000000167
467 -150 995551.2000000167
293 -59 995551.2000000167
-20 -59 995551.2000000167
293 -59 995551.2000000167
-20 -59 995551.2000000167
163 -85 995551.2000000167
163 -85 995551.2000000167
-51 -161 995551.2000000167
-51 -161 995551.2000000167
175 -107 995551.2000000167
175 -107 995551.2000000167
170 -46 995551.2000000167
170 -46 995551.2000000167
177 -149 995551.2000000167
177 -149 995551.2000000167
344 21 995551.2000000167
140 -95 995551.2000000167
453 -95 995551.2000000167
140 -95 995551.2000000167
453 -95 995551.2000000167
-56 -227 995551.2000000167
-56 -227 995551.2000000167
86 -135 995551.2000000167
399 -135 995551.2000000167
86 -135 995551.2000000167
399 -135 995551.2000000167
-34 -255 995551.2000000167
-34 -255 995551.2000000167
28 -110 995551.2000000167
341 -110 995551.2000000167
28 -110 995551.2000000167
341 -110 995551.2000000167
56 -72 995551.2000000167
369 -72 995551.2000000167
56 -72 995551.2000000167
369 -72 995551.2000000167
-73 -287 995551.2000000167
-73 -287 995551.2000000167
444 68 995551.2000000167
228 -43 995551.2000000167
228 -43 995551.2000000167
62 -133 995551.2000000167
375 -133 995551.2000000167
62 -133 995551.2000000167
375 -133 995551.2000000167
253 -58 995551.2000000167
253 -58 995551.2000000167
105 -139 995551.2000000167
418 -139 995551.2000000167
105 -139 995551.2000000167
418 -139 995551.2000000167
375 37 995551.2000000167
241 -105 995551.2000000167
241 -105 995551.2000000167
140 -153 995551.2000000167
453 -153 995551.2000000167
140 -153 995551.2000000167
453 -153 995551.2000000167
136 -141 995551.2000000167
449 -141 995551.2000000167
136 -141 995551.2000000167
449 -141 995551.2000000167
465 50 995551.2000000167
349 36 995551.2000000167
-60 -231 995551.2000000167
-60 -231 995551.2000000167
58 -102 995551.2000000167
371 -102 995551.2000000167
58 -102 995551.2000000167
371 -102 995551.2000000167
29 -124 995551.2000000167
342 -124 995551.2000000167
29 -124 995551.2000000167
342 -124 995551.2000000167
72 -82 995551.2000000167
385 -82 995551.2000000167
72 -82 995551.2000000167
385 -82 995551.2000000167
70 -52 995551.2000000167
383 -52 995551.2000000167
70 -52 995551.2000000167
383 -52 995551.2000000167
77 -148 995551.2000000167
390 -148 995551.2000000167
77 -148 995551.2000000167
390 -148 995551.2000000167
175 -50 995551.2000000167
175 -50 995551.2000000167
335 63 995551.2000000167
243 -37 995551.2000000167
243 -37 995551.2000000167
467 0 995551.2000000167
144 -23 995551.2000000167
457 -23 995551.2000000167
144 -23 995551.2000000167
457 -23 995551.2000000167
242 -132 995551.2000000167
242 -132 995551.2000000167
328 27 995551.2000000167
50 -143 995551.2000000167
363 -143 995551.2000000167
50 -143 995551.2000000167
363 -143 995551.2000000167
-17 -269 995551.2000000167
-17 -269 995551.2000000167
103 -16 995551.2000000167
416 -16 995551.2000000167
103 -16 995551.2000000167
416 -16 995551.2000000167
206 -121 995551.2000000167
206 -121 995551.2000000167
359 18 995551.2000000167
-14 -262 995551.2000000167
-14 -262 995551.2000000167
-25 -294 995551.2000000167
-25 -294 995551.2000000167
181 -124 995551.2000000167
181 -124 995551.2000000167
111 -133 995551.2000000167
424 -133 995551.2000000167
111 -133 995551.2000000167
424 -133 995551.2000000167
114 -98 995551.2000000167
427 -98 995551.2000000167
114 -98 995551.2000000167
427 -98 995551.2000000167
76 -85 995551.2000000167
389 -85 995551.2000000167
76 -85 995551.2000000167
389 -85 995551.2000000167
418 65 995551.2000000167
-79 -252 995551.2000000167
-79 -252 995551.2000000167
165 -10 995551.2000000167
165 -10 995551.2000000167
285 -132 995551.2000000167
-28 -132 995551.2000000167
285 -132 995551.2000000167
-28 -132 995551.2000000167
40 -92 995551.2000000167
353 -92 995551.2000000167
40 -92 995551.2000000167
353 -92 995551.2000000167
97 -137 995551.2000000167
410 -137 995551.2000000167
97 -137 995551.2000000167
410 -137 995551.2000000167
209 -34 995551.2000000167
209 -34 995551.2000000167
162 -135 995551.2000000167
162 -135 995551.2000000167
150 -33 995551.2000000167
463 -33 995551.2000000167
150 -33 995551.2000000167
463 -33 995551.2000000167
108 -107 995551.2000000167
421 -107 995551.2000000167
108 -107 995551.2000000167
421 -107 995551.2000000167
196 -55 995551.2000000167
196 -55 995551.2000000167
63 -53 995551.2000000167
376 -53 995551.2000000167
63 -53 995551.2000000167
376 -53 995551.2000000167
385 47 995551.2000000167
109 -61 995551.2000000167
422 -61 995551.2000000167
109 -61 995551.2000000167
422 -61 995551.2000000167
225 -61 995551.2000000167
225 -61 995551.2000000167
95 -61 995551.2000000167
408 -61 995551.2000000167
95 -61 995551.2000000167
408 -61 995551.2000000167
153 -21 995551.2000000167
466 -21 995551.2000000167
153 -21 995551.2000000167
466 -21 995551.2000000167
411 82 995551.2000000167
93 -64 995551.2000000167
406 -64 995551.2000000167
93 -64 995551.2000000167
406 -64 995551.2000000167
130 -145 995551.2000000167
443 -145 995551.2000000167
130 -145 995551.2000000167
443 -145 995551.2000000167
221 -80 995551.2000000167
221 -80 995551.2000000167
274 -92 995551.2000000167
274 -92 995551.2000000167
46 -22 995551.2000000167
359 -22 995551.2000000167
46 -22 995551.2000000167
359 -22 995551.2000000167
55 -123 995551.2000000167
368 -123 995551.2000000167
55 -123 995551.2000000167
368 -123 995551.2000000167
151 -156 995551.2000000167
464 -156 995551.2000000167
151 -156 995551.2000000167
464 -156 995551.2000000167
-64 -198 995551.2000000167
-64 -198 995551.2000000167
-55 -202 995551.2000000167
-55 -202 995551.2000000167
320 31 995551.2000000167
435 52 995551.2000000167
54 -127 995551.2000000167
367 -127 995551.2000000167
54 -127 995551.2000000167
367 -127 995551.2000000167
5.620000000000337 -15.920000000000073 995551.2000000167
5.620000000000337 -15.920000000000073 995551.2000000167
5.240000000000682 -15.800000000000182 995551.2000000167
5.240000000000682 -15.800000000000182 995551.2000000167
292.04999999999995 -95.02999999999997 995551.2000000167
-20.950000000000045 -95.02999999999997 995551.2000000167
292.04999999999995 -95.02999999999997 995551.2000000167
-20.950000000000045 -95.02999999999997 995551.2000000167
-7.6800000000012005 -303.3999999999992 995551.2000000167
-7.6800000000012005 -303.3999999999992 995551.2000000167
-99.97000000000003 -311.2299999999998 995551.2000000167
-99.97000000000003 -311.2299999999998 995551.2000000167
5.94000000000017 -15.860000000000127 995551.2000000167
318.94000000000017 -15.860000000000127 995551.2000000167
5.94000000000017 -15.860000000000127 995551.2000000167
318.94000000000017 -15.860000000000127 995551.2000000167
308.1399999999999 -29.88000000000011 995551.2000000167
-4.860000000000127 -29.88000000000011 995551.2000000167
308.1399999999999 -29.88000000000011 995551.2000000167
-4.860000000000127 -29.88000000000011 995551.2000000167
-7.830000000000155 -174.85000000000014 995551.2000000167
-7.830000000000155 -174.85000000000014 995551.2000000167
200.02999999999997 -1.8500000000001364 995551.2000000167
200.02999999999997 -1.8500000000001364 995551.2000000167
-7.930000000000973 -303.0099999999994 995551.2000000167
-7.930000000000973 -303.0099999999994 995551.2000000167
167.99 -0.009999999999990905 995551.2000000167
167.99 -0.009999999999990905 995551.2000000167
-8.370000000000573 -301.63 995551.2000000167
-8.370000000000573 -301.63 995551.2000000167
13.600000000000364 -108.86000000000013 995551.2000000167
326.60000000000036 -108.86000000000013 995551.2000000167
13.600000000000364 -108.86000000000013 995551.2000000167
326.60000000000036 -108.86000000000013 995551.2000000167
4.22000000000161 -15.680000000000291 995551.2000000167
4.22000000000161 -15.680000000000291 995551.2000000167
4.190000000001637 -15.6700000000003 995551.2000000167
4.190000000001637 -15.6700000000003 995551.2000000167
-56.09999999999991 -300.5799999999995 995551.2000000167
-56.09999999999991 -300.5799999999995 995551.2000000167
-91.95000000000005 -306.1099999999999 995551.2000000167
-91.95000000000005 -306.1099999999999 995551.2000000167
358.13 10.690000000000282 995551.2000000167
310.8999999999992 -10.280000000000655 995551.2000000167
-2.1000000000008185 -10.280000000000655 995551.2000000167
310.8999999999992 -10.280000000000655 995551.2000000167
-2.1000000000008185 -10.280000000000655 995551.2000000167
301.27999999999884 -144.07999999999993 995551.2000000167
-11.720000000001164 -144.07999999999993 995551.2000000167
301.27999999999884 -144.07999999999993 995551.2000000167
-11.720000000001164 -144.07999999999993 995551.2000000167
-9.089999999999918 -302.7499999999994 995551.2000000167
-9.089999999999918 -302.7499999999994 995551.2000000167
-9.910000000000082 -206.05 995551.2000000167
-9.910000000000082 -206.05 995551.2000000167
9.820000000001073 -83.96000000000004 995551.2000000167
322.8200000000011 -83.96000000000004 995551.2000000167
9.820000000001073 -83.96000000000004 995551.2000000167
322.8200000000011 -83.96000000000004 995551.2000000167
409.53999999999974 9.100000000000819 995551.2000000167
185.24999999999977 0.04999999999909051 995551.2000000167
16.969999999999995 -12.970000000000937 995551.2000000167
329.96999999999997 -12.970000000000937 995551.2000000167
16.969999999999995 -12.970000000000937 995551.2000000167
329.96999999999997 -12.970000000000937 995551.2000000167
221.23999999999978 8.219999999999974 995551.2000000167
180.91000000000008 12.029999999999978 995551.2000000167
296.16999999999985 41.970000000000404 995551.2000000167
70.09000000000005 -9.45000000000141 995551.2000000167
383.09000000000003 -9.45000000000141 995551.2000000167
70.09000000000005 -9.45000000000141 995551.2000000167
383.09000000000003 -9.45000000000141 995551.2000000167
153.97000000000003 0.7900000000000096 995551.2000000167
115.86000000000044 2.299999999999086 995551.2000000167
28.909999999999986 -12.350000000000591 995551.2000000167
341.90999999999997 -12.350000000000591 995551.2000000167
28.909999999999986 -12.350000000000591 995551.2000000167
341.90999999999997 -12.350000000000591 995551.2000000167
-7.34000000000151 -303.71999999999895 995551.2000000167
-7.34000000000151 -303.71999999999895 995551.2000000167
303.9000000000001 10.440000000000012 995551.2000000167
356.85 10.77000000000021 995551.2000000167
138.5499999999995 26.829999999999973 995551.2000000167
198.94000000000005 4.019999999999957 995551.2000000167
311.5900000000013 50.970000000000006 995551.2000000167
154.7800000000011 23.959999999999994 995551.2000000167
1.8800000000019281 -68.17999999999893 995551.2000000167
314.8800000000019 -68.17999999999893 995551.2000000167
1.8800000000019281 -68.17999999999893 995551.2000000167
314.8800000000019 -68.17999999999893 995551.2000000167
44.30999999999994 8.810000000000047 995551.2000000167
318.3400000000006 63.19999999999996 995551.2000000167
240.0 25.919999999999987 995551.2000000167
247.07999999999993 21.719999999999956 995551.2000000167
284.4500000000005 -3.810000000001992 995551.2000000167
284.4500000000005 -3.810000000001992 995551.2000000167
162.06999999999994 13.930000000000001 995551.2000000167
1.890000000001919 -31.910000000000082 995551.2000000167
314.8900000000019 -31.910000000000082 995551.2000000167
1.890000000001919 -31.910000000000082 995551.2000000167
314.8900000000019 -31.910000000000082 995551.2000000167
197.99 30.48999999999992 995551.2000000167
212.2300000000007 3.369999999999971 995551.2000000167
233.12999999999897 -2.0700000000017553 995551.2000000167
233.12999999999897 -2.0700000000017553 995551.2000000167
209.43000000000052 41.34999999999973 995551.2000000167
280.8699999999992 31.610000000000095 995551.2000000167
258.04999999999905 10.990000000000043 995551.2000000167
312.5900000000022 27.370000000000058 995551.2000000167
298.96000000000004 52.59999999999968 995551.2000000167
280.51000000000045 49.29000000000014 995551.2000000167
239.98000000000002 44.019999999999996 995551.2000000167
287.95000000000005 17.929999999999833 995551.2000000167
169.25999999999976 2.839999999999982 995551.2000000167
254.60999999999854 40.96999999999981 995551.2000000167
4.1600000000016735 -15.700000000000273 995551.2000000167
317.1600000000017 -15.700000000000273 995551.2000000167
4.1600000000016735 -15.700000000000273 995551.2000000167
317.1600000000017 -15.700000000000273 995551.2000000167
309.7699999999984 -123.91000000000008 995551.2000000167
-3.23000000000161 -123.91000000000008 995551.2000000167
309.7699999999984 -123.91000000000008 995551.2000000167
-3.23000000000161 -123.91000000000008 995551.2000000167
144.2300000000016 8.930000000000001 995551.2000000167
232.2300000000016 23.889999999999983 995551.2000000167
164.57999999999856 27.52000000000008 995551.2000000167
187.01 27.58999999999978 995551.2000000167
181.94000000000096 34.83999999999983 995551.2000000167
210.33999999999878 31.340000000000096 995551.2000000167
271.7100000000012 25.829999999999973 995551.2000000167
95.21999999999909 9.52000000000001 995551.2000000167
356 76 995551.2000000167
373 82 995551.2000000167
443 113 995551.2000000167
385 109 995551.2000000167
457 131 995551.2000000167
328 69 995551.2000000167
382 88 995551.2000000167
405 98 995551.2000000167
404 100 995551.2000000167
427 88 995551.2000000167
392 99 995551.2000000167
128.99 32.5100000000001 995551.2000000167
226.19999999999982 53.320000000000135 995551.2000000167
277.3800000000015 58.879999999999825 995551.2000000167
318.3500000000015 71.55000000000028 995551.2000000167
99.72999999999986 26.210000000000345 995551.2000000167
185.07999999999993 46.41999999999952 995551.2000000167
218.96000000000186 55.95999999999981 995551.2000000167
287.14999999999804 72.90999999999995 995551.2000000167
235.9699999999982 62.46999999999971 995551.2000000167
274.73000000000116 75.46999999999973 995551.2000000167
121.54999999999875 34.69000000000006 995551.2000000167
-58 -50 995551.2000000167
-58 -50 995551.2000000167
-98 -83 995551.2000000167
-98 -83 995551.2000000167
-130 -108 995551.2000000167
-130 -108 995551.2000000167
-55 -132 995551.2000000167
-55 -132 995551.2000000167
-112 -68 995551.2000000167
-112 -68 995551.2000000167
-61 -137 995551.2000000167
-61 -137 995551.2000000167
-112 -180 995551.2000000167
-112 -180 995551.2000000167
-81 -86 995551.2000000167
-81 -86 995551.2000000167
-114 -203 995551.2000000167
-114 -203 995551.2000000167
-149 -235 995551.2000000167
-149 -235 995551.2000000167
-81 -42 995551.2000000167
-81 -42 995551.2000000167
-65 -149 995551.2000000167
-65 -149 995551.2000000167
-146 -169 995551.2000000167
-146 -169 995551.2000000167
-72 -39 995551.2000000167
-72 -39 995551.2000000167
-151 -133 995551.2000000167
-151 -133 995551.2000000167
-84 -38 995551.2000000167
-84 -38 995551.2000000167
-155 -166 995551.2000000167
-155 -166 995551.2000000167
-106 -157 995551.2000000167
-106 -157 995551.2000000167
-110 -198 995551.2000000167
-110 -198 995551.2000000167
-65 -49 995551.2000000167
-65 -49 995551.2000000167
-144 -311 995551.2000000167
-144 -311 995551.2000000167
-150 -286 995551.2000000167
-150 -286 995551.2000000167
-115 -174 995551.2000000167
-115 -174 995551.2000000167
-155 -193 995551.2000000167
-155 -193 995551.2000000167
-25 -20 995551.2000000167
-25 -20 995551.2000000167
-128 -269 995551.2000000167
-128 -269 995551.2000000167
-151 -299 995551.2000000167
-151 -299 995551.2000000167
-142 -109 995551.2000000167
-142 -109 995551.2000000167
-77 -149 995551.2000000167
-77 -149 995551.2000000167
-121 -165 995551.2000000167
-121 -165 995551.2000000167
-155 -251 995551.2000000167
-155 -251 995551.2000000167
-124 -236 995551.2000000167
-124 -236 995551.2000000167
-116 -209 995551.2000000167
-116 -209 995551.2000000167
-76 -163 995551.2000000167
-76 -163 995551.2000000167
-126 -284 995551.2000000167
-126 -284 995551.2000000167
-130 -279 995551.2000000167
-130 -279 995551.2000000167
-76 -187 995551.2000000167
-76 -187 995551.2000000167
-61 -77 995551.2000000167
-61 -77 995551.2000000167
-128 -217 995551.2000000167
-128 -217 995551.2000000167
-68 -71 995551.2000000167
-68 -71 995551.2000000167
-48 -85 995551.2000000167
-48 -85 995551.2000000167
-71 -24 995551.2000000167
-71 -24 995551.2000000167
-123 -193 995551.2000000167
-123 -193 995551.2000000167
-132 -179 995551.2000000167
-132 -179 995551.2000000167
-143 -200 995551.2000000167
-143 -200 995551.2000000167
-92 -202 995551.2000000167
-92 -202 995551.2000000167
-137 -207 995551.2000000167
-137 -207 995551.2000000167
-150 -85 995551.2000000167
-150 -85 995551.2000000167
-138 -107 995551.2000000167
-138 -107 995551.2000000167
-143 -46 995551.2000000167
-143 -46 995551.2000000167
-136 -149 995551.2000000167
-136 -149 995551.2000000167
-93 -220 995551.2000000167
-93 -220 995551.2000000167
-85 -43 995551.2000000167
-85 -43 995551.2000000167
-108 -238 995551.2000000167
-108 -238 995551.2000000167
-60 -58 995551.2000000167
-60 -58 995551.2000000167
-103 -183 995551.2000000167
-103 -183 995551.2000000167
-72 -105 995551.2000000167
-72 -105 995551.2000000167
-135 -168 995551.2000000167
-135 -168 995551.2000000167
-115 -282 995551.2000000167
-115 -282 995551.2000000167
-138 -225 995551.2000000167
-138 -225 995551.2000000167
-138 -50 995551.2000000167
-138 -50 995551.2000000167
-132 -302 995551.2000000167
-132 -302 995551.2000000167
-70 -37 995551.2000000167
-70 -37 995551.2000000167
-107 -193 995551.2000000167
-107 -193 995551.2000000167
-71 -132 995551.2000000167
-71 -132 995551.2000000167
-116 -210 995551.2000000167
-116 -210 995551.2000000167
-107 -121 995551.2000000167
-107 -121 995551.2000000167
-155 -260 995551.2000000167
-155 -260 995551.2000000167
-132 -124 995551.2000000167
-132 -124 995551.2000000167
-126 -238 995551.2000000167
-126 -238 995551.2000000167
-96 -190 995551.2000000167
-96 -190 995551.2000000167
-145 -313 995551.2000000167
-145 -313 995551.2000000167
-104 -34 995551.2000000167
-104 -34 995551.2000000167
-151 -135 995551.2000000167
-151 -135 995551.2000000167
-117 -55 995551.2000000167
-117 -55 995551.2000000167
-88 -61 995551.2000000167
-88 -61 995551.2000000167
-114 -176 995551.2000000167
-114 -176 995551.2000000167
-92 -80 995551.2000000167
-92 -80 995551.2000000167
-39 -92 995551.2000000167
-39 -92 995551.2000000167
-122.85000000000014 -312.7899999999993 995551.2000000167
-122.85000000000014 -312.7899999999993 995551.2000000167
-150.17999999999984 -312.5799999999995 995551.2000000167
-150.17999999999984 -312.5799999999995 995551.2000000167
-114 -24 995551.2000000167
-114 -24 995551.2000000167
-78 -21 995551.2000000167
-78 -21 995551.2000000167
-95 -26 995551.2000000167
-95 -26 995551.2000000167
-137 -31 995551.2000000167
-137 -31 995551.2000000167
-143 -35 995551.2000000167
-143 -35 995551.2000000167
-148 -33 995551.2000000167
-148 -33 995551.2000000167
-75 -18 995551.2000000167
-75 -18 995551.2000000167
