21 444 994557.9400000013
-32 50 994557.9400000013
-32 50 994557.9400000013
-34 130 994557.9400000013
-34 130 994557.9400000013
-44 87 994557.9400000013
-44 87 994557.9400000013
-58 263 994557.9400000013
-58 263 994557.9400000013
-98 230 994557.9400000013
-98 230 994557.9400000013
-130 205 994557.9400000013
-130 205 994557.9400000013
-55 181 994557.9400000013
-55 181 994557.9400000013
43 389 994557.9400000013
-49 127 994557.9400000013
-49 127 994557.9400000013
-112 245 994557.9400000013
-112 245 994557.9400000013
60 395 994557.9400000013
-114 2 994557.9400000013
-114 2 994557.9400000013
-61 176 994557.9400000013
-61 176 994557.9400000013
-114 289 994557.9400000013
-114 289 994557.9400000013
71 338 994557.9400000013
106 466 994557.9400000013
55 466 994557.9400000013
42 365 994557.9400000013
-15 264 994557.9400000013
-15 264 994557.9400000013
-78 292 994557.9400000013
-78 292 994557.9400000013
-112 133 994557.9400000013
-112 133 994557.9400000013
-40 26 994557.9400000013
-40 26 994557.9400000013
5 363 994557.9400000013
-81 227 994557.9400000013
-81 227 994557.9400000013
39 353 994557.9400000013
50 459 994557.9400000013
-103 40 994557.9400000013
-103 40 994557.9400000013
-114 110 994557.9400000013
-114 110 994557.9400000013
130 426 994557.9400000013
-149 78 994557.9400000013
-149 78 994557.9400000013
-37 76 994557.9400000013
-37 76 994557.9400000013
-81 271 994557.9400000013
-81 271 994557.9400000013
66 447 994557.9400000013
133 367 994557.9400000013
-65 164 994557.9400000013
-65 164 994557.9400000013
-89 81 994557.9400000013
-89 81 994557.9400000013
-79 24 994557.9400000013
-79 24 994557.9400000013
15 355 994557.9400000013
147 456 994557.9400000013
-95 287 994557.9400000013
-95 287 994557.9400000013
-46 102 994557.9400000013
-46 102 994557.9400000013
72 422 994557.9400000013
-137 282 994557.9400000013
-137 282 994557.9400000013
-146 144 994557.9400000013
167 457 994557.9400000013
-146 144 994557.9400000013
167 457 994557.9400000013
96 458 994557.9400000013
-14 94 994557.9400000013
-14 94 994557.9400000013
-72 274 994557.9400000013
-72 274 994557.9400000013
-143 278 994557.9400000013
-143 278 994557.9400000013
-151 180 994557.9400000013
-151 180 994557.9400000013
23 457 994557.9400000013
144 444 994557.9400000013
131 368 994557.9400000013
-84 275 994557.9400000013
-84 275 994557.9400000013
98 455 994557.9400000013
-100 306 994557.9400000013
-100 -7 994557.9400000013
-100 306 994557.9400000013
-100 -7 994557.9400000013
-155 147 994557.9400000013
158 460 994557.9400000013
-155 147 994557.9400000013
158 460 994557.9400000013
15 382 994557.9400000013
52 379 994557.9400000013
-106 156 994557.9400000013
-106 156 994557.9400000013
-31 198 994557.9400000013
-31 198 994557.9400000013
-110 115 994557.9400000013
-110 115 994557.9400000013
-65 264 994557.9400000013
-65 264 994557.9400000013
69 401 994557.9400000013
-144 2 994557.9400000013
-144 2 994557.9400000013
48 353 994557.9400000013
66 349 994557.9400000013
16 443 994557.9400000013
-150 27 994557.9400000013
-150 27 994557.9400000013
150 397 994557.9400000013
-115 139 994557.9400000013
-115 139 994557.9400000013
-155 120 994557.9400000013
158 433 994557.9400000013
-155 120 994557.9400000013
158 433 994557.9400000013
100 337 994557.9400000013
-104 33 994557.9400000013
-104 33 994557.9400000013
-25 293 994557.9400000013
-25 293 994557.9400000013
-128 44 994557.9400000013
-128 44 994557.9400000013
129 346 994557.9400000013
-151 14 994557.9400000013
-151 14 994557.9400000013
-142 204 994557.9400000013
-142 204 994557.9400000013
-77 164 994557.9400000013
-77 164 994557.9400000013
-121 148 994557.9400000013
-121 148 994557.9400000013
-155 62 994557.9400000013
-155 62 994557.9400000013
53 437 994557.9400000013
-25 193 994557.9400000013
-25 193 994557.9400000013
-124 77 994557.9400000013
-124 77 994557.9400000013
-87 54 994557.9400000013
-87 54 994557.9400000013
42 445 994557.9400000013
92 411 994557.9400000013
-33 31 994557.9400000013
-33 31 994557.9400000013
-116 104 994557.9400000013
-116 104 994557.9400000013
-76 150 994557.9400000013
-76 150 994557.9400000013
-126 29 994557.9400000013
-126 29 994557.9400000013
-130 34 994557.9400000013
-130 34 994557.9400000013
-56 158 994557.9400000013
-56 158 994557.9400000013
-148 280 994557.9400000013
-148 280 994557.9400000013
133 363 994557.9400000013
-154 284 994557.9400000013
-154 -29 994557.9400000013
-154 284 994557.9400000013
-154 -29 994557.9400000013
-76 126 994557.9400000013
-76 126 994557.9400000013
-60 40 994557.9400000013
-60 40 994557.9400000013
118 451 994557.9400000013
-61 236 994557.9400000013
-61 236 994557.9400000013
119 389 994557.9400000013
-128 96 994557.9400000013
-128 96 994557.9400000013
-45 174 994557.9400000013
-45 174 994557.9400000013
-92 55 994557.9400000013
-92 55 994557.9400000013
90 371 994557.9400000013
-68 242 994557.9400000013
-68 242 994557.9400000013
-31 169 994557.9400000013
-31 169 994557.9400000013
-48 228 994557.9400000013
-48 228 994557.9400000013
-29 109 994557.9400000013
-29 109 994557.9400000013
-71 289 994557.9400000013
-71 289 994557.9400000013
-47 133 994557.9400000013
-47 133 994557.9400000013
124 348 994557.9400000013
-123 120 994557.9400000013
-123 120 994557.9400000013
-73 44 994557.9400000013
-73 44 994557.9400000013
99 451 994557.9400000013
-132 134 994557.9400000013
-132 134 994557.9400000013
-28 73 994557.9400000013
-28 73 994557.9400000013
59 387 994557.9400000013
-75 295 994557.9400000013
-75 295 994557.9400000013
-143 113 994557.9400000013
-143 113 994557.9400000013
-66 22 994557.9400000013
-66 22 994557.9400000013
-20 254 994557.9400000013
-20 254 994557.9400000013
-92 111 994557.9400000013
-92 111 994557.9400000013
-137 106 994557.9400000013
-137 106 994557.9400000013
-150 228 994557.9400000013
-150 228 994557.9400000013
-51 152 994557.9400000013
-51 152 994557.9400000013
-138 206 994557.9400000013
-138 206 994557.9400000013
-143 267 994557.9400000013
-143 267 994557.9400000013
-136 164 994557.9400000013
-136 164 994557.9400000013
31 334 994557.9400000013
-56 86 994557.9400000013
-56 86 994557.9400000013
-34 58 994557.9400000013
-34 58 994557.9400000013
-93 93 994557.9400000013
-93 93 994557.9400000013
-73 26 994557.9400000013
-73 26 994557.9400000013
131 381 994557.9400000013
-85 270 994557.9400000013
-85 270 994557.9400000013
-108 75 994557.9400000013
-108 75 994557.9400000013
-60 255 994557.9400000013
-60 255 994557.9400000013
-103 130 994557.9400000013
-103 130 994557.9400000013
62 350 994557.9400000013
-72 208 994557.9400000013
-72 208 994557.9400000013
-135 145 994557.9400000013
-135 145 994557.9400000013
146 455 994557.9400000013
36 349 994557.9400000013
-60 82 994557.9400000013
-60 82 994557.9400000013
-115 31 994557.9400000013
-115 31 994557.9400000013
24 419 994557.9400000013
-138 88 994557.9400000013
-138 88 994557.9400000013
-138 263 994557.9400000013
-138 263 994557.9400000013
22 376 994557.9400000013
-132 11 994557.9400000013
-132 11 994557.9400000013
-70 276 994557.9400000013
-70 276 994557.9400000013
42 466 994557.9400000013
109 462 994557.9400000013
-107 120 994557.9400000013
-107 120 994557.9400000013
-71 181 994557.9400000013
-71 181 994557.9400000013
15 340 994557.9400000013
-17 44 994557.9400000013
-17 44 994557.9400000013
-116 103 994557.9400000013
-116 103 994557.9400000013
-107 192 994557.9400000013
-107 192 994557.9400000013
46 331 994557.9400000013
-14 51 994557.9400000013
-14 51 994557.9400000013
-155 53 994557.9400000013
-155 53 994557.9400000013
-25 19 994557.9400000013
-25 19 994557.9400000013
-132 189 994557.9400000013
-132 189 994557.9400000013
-126 75 994557.9400000013
-126 75 994557.9400000013
-96 123 994557.9400000013
-96 123 994557.9400000013
105 378 994557.9400000013
-79 61 994557.9400000013
-79 61 994557.9400000013
34 424 994557.9400000013
-148 303 994557.9400000013
-148 -10 994557.9400000013
-148 303 994557.9400000013
-148 -10 994557.9400000013
-28 181 994557.9400000013
-28 181 994557.9400000013
-145 0 994557.9400000013
-145 0 994557.9400000013
49 429 994557.9400000013
-104 279 994557.9400000013
-104 279 994557.9400000013
-151 178 994557.9400000013
-151 178 994557.9400000013
0 364 994557.9400000013
-117 258 994557.9400000013
-117 258 994557.9400000013
91 413 994557.9400000013
72 360 994557.9400000013
-88 252 994557.9400000013
-88 252 994557.9400000013
95 451 994557.9400000013
98 395 994557.9400000013
70 447 994557.9400000013
-114 137 994557.9400000013
-114 137 994557.9400000013
-92 233 994557.9400000013
-92 233 994557.9400000013
126 460 994557.9400000013
-39 221 994557.9400000013
-39 221 994557.9400000013
114 401 994557.9400000013
-64 115 994557.9400000013
-64 115 994557.9400000013
-55 111 994557.9400000013
-55 111 994557.9400000013
7 344 994557.9400000013
79 412 994557.9400000013
122 365 994557.9400000013
-8.970000000000027 10.930000000000037 994557.9400000013
-8.970000000000027 10.930000000000037 994557.9400000013
-8.930000000000064 10.890000000000082 994557.9400000013
-8.930000000000064 10.890000000000082 994557.9400000013
-8.8900000000001 10.85000000000011 994557.9400000013
-8.8900000000001 10.85000000000011 994557.9400000013
-8.870000000000118 10.830000000000146 994557.9400000013
-8.870000000000118 10.830000000000146 994557.9400000013
-8.830000000000155 10.790000000000164 994557.9400000013
-8.830000000000155 10.790000000000164 994557.9400000013
-8.77000000000021 10.730000000000201 994557.9400000013
-8.77000000000021 10.730000000000201 994557.9400000013
-8.760000000000218 10.700000000000198 994557.9400000013
-8.760000000000218 10.700000000000198 994557.9400000013
-8.720000000000255 10.660000000000226 994557.9400000013
-8.720000000000255 10.660000000000226 994557.9400000013
-8.700000000000273 10.640000000000262 994557.9400000013
-8.700000000000273 10.640000000000262 994557.9400000013
-8.640000000000327 10.58000000000029 994557.9400000013
-8.640000000000327 10.58000000000029 994557.9400000013
21.99000000000001 468.99 994557.9400000013
-8.570000000000391 10.510000000000279 994557.9400000013
-8.570000000000391 10.510000000000279 994557.9400000013
-8.55000000000041 10.490000000000284 994557.9400000013
-8.55000000000041 10.490000000000284 994557.9400000013
-8.470000000000482 10.410000000000313 994557.9400000013
-8.470000000000482 10.410000000000313 994557.9400000013
-8.430000000000518 10.370000000000328 994557.9400000013
-8.430000000000518 10.370000000000328 994557.9400000013
-8.410000000000537 10.350000000000355 994557.9400000013
-8.410000000000537 10.350000000000355 994557.9400000013
-8.290000000000646 10.230000000000375 994557.9400000013
-8.290000000000646 10.230000000000375 994557.9400000013
-8.260000000000673 10.200000000000369 994557.9400000013
-8.260000000000673 10.200000000000369 994557.9400000013
-8.22000000000071 10.160000000000396 994557.9400000013
-8.22000000000071 10.160000000000396 994557.9400000013
-8.170000000000755 10.11000000000046 994557.9400000013
-8.170000000000755 10.11000000000046 994557.9400000013
-8.1200000000008 10.060000000000505 994557.9400000013
-8.1200000000008 10.060000000000505 994557.9400000013
-8.090000000000828 10.030000000000523 994557.9400000013
-8.090000000000828 10.030000000000523 994557.9400000013
-8.050000000000864 9.99000000000055 994557.9400000013
-8.050000000000864 9.99000000000055 994557.9400000013
-8.030000000000882 9.970000000000587 994557.9400000013
-8.030000000000882 9.970000000000587 994557.9400000013
-7.940000000000964 9.920000000000597 994557.9400000013
-7.940000000000964 9.920000000000597 994557.9400000013
-7.840000000001055 9.820000000000595 994557.9400000013
-7.840000000001055 9.820000000000595 994557.9400000013
-7.800000000001091 9.780000000000628 994557.9400000013
-7.800000000001091 9.780000000000628 994557.9400000013
-20.950000000000045 217.97000000000003 994557.9400000013
-20.950000000000045 217.97000000000003 994557.9400000013
-7.760000000001128 9.720000000000692 994557.9400000013
-7.760000000001128 9.720000000000692 994557.9400000013
-7.720000000001164 9.680000000000728 994557.9400000013
-7.720000000001164 9.680000000000728 994557.9400000013
-7.690000000001191 9.650000000000755 994557.9400000013
-7.690000000001191 9.650000000000755 994557.9400000013
-7.6800000000012005 9.600000000000819 994557.9400000013
-7.6800000000012005 9.600000000000819 994557.9400000013
-7.660000000001219 9.6000000000008 994557.9400000013
-7.660000000001219 9.6000000000008 994557.9400000013
-7.640000000001237 9.580000000000828 994557.9400000013
-7.640000000001237 9.580000000000828 994557.9400000013
-7.600000000001273 9.540000000000855 994557.9400000013
-7.600000000001273 9.540000000000855 994557.9400000013
-7.5800000000012915 9.520000000000882 994557.9400000013
-7.5800000000012915 9.520000000000882 994557.9400000013
-4.860000000000127 283.1199999999999 994557.9400000013
-4.860000000000127 283.1199999999999 994557.9400000013
-7.540000000001328 9.480000000000901 994557.9400000013
-7.540000000001328 9.480000000000901 994557.9400000013
-7.520000000001346 9.460000000000937 994557.9400000013
-7.520000000001346 9.460000000000937 994557.9400000013
-7.500000000001364 9.440000000000955 994557.9400000013
-7.500000000001364 9.440000000000955 994557.9400000013
-7.830000000000155 138.14999999999986 994557.9400000013
-7.830000000000155 138.14999999999986 994557.9400000013
-112.97000000000003 311.14999999999986 994557.9400000013
-112.97000000000003 -1.8500000000001364 994557.9400000013
-112.97000000000003 311.14999999999986 994557.9400000013
-112.97000000000003 -1.8500000000001364 994557.9400000013
-7.930000000000973 9.990000000000604 994557.9400000013
-7.930000000000973 9.990000000000604 994557.9400000013
-8.370000000000573 11.37000000000001 994557.9400000013
-8.370000000000573 11.37000000000001 994557.9400000013
-7.430000000001428 9.370000000001001 994557.9400000013
-7.430000000001428 9.370000000001001 994557.9400000013
50.069999999999986 170.04999999999995 994557.9400000013
-7.390000000001464 9.330000000001037 994557.9400000013
-7.390000000001464 9.330000000001037 994557.9400000013
45.129999999999974 323.6900000000003 994557.9400000013
-9.089999999999918 10.250000000000625 994557.9400000013
-9.089999999999918 10.250000000000625 994557.9400000013
-9.910000000000082 106.94999999999997 994557.9400000013
-9.910000000000082 106.94999999999997 994557.9400000013
43.85000000000003 323.7700000000002 994557.9400000013
2.240000000000691 444.5600000000004 994557.9400000013
5.3400000000006 376.19999999999993 994557.9400000013
64.83000000000042 259.99 994557.9400000013
-11.710000000001173 168.93000000000006 994557.9400000013
-11.710000000001173 168.93000000000006 994557.9400000013
5.7900000000000045 242.97000000000094 994557.9400000013
15.08000000000002 129.48000000000047 994557.9400000013
4.129999999999997 246.74999999999932 994557.9400000013
0.23000000000000914 50.970000000000006 994557.9400000013
-7.330000000001519 9.270000000001074 994557.9400000013
-7.330000000001519 9.270000000001074 994557.9400000013
1.3499999999990915 258.2099999999989 994557.9400000013
6.500000000000011 30.839999999999975 994557.9400000013
5.619999999999987 50.03999999999999 994557.9400000013
23.799999999999812 211.15999999999894 994557.9400000013
23.520000000000238 62.44000000000011 994557.9400000013
28.19000000000003 289.8700000000001 994557.9400000013
2.0800000000008367 411.7399999999999 994557.9400000013
56.19999999999976 153.5399999999995 994557.9400000013
71.16999999999958 231.92999999999915 994557.9400000013
6.570000000000009 72.15000000000059 994557.9400000013
77.34000000000069 227.82000000000016 994557.9400000013
63.99 220.02999999999997 994557.9400000013
11.64000000000005 205.3199999999988 994557.9400000013
54.33999999999973 168.5600000000004 994557.9400000013
96.47999999999973 322.0400000000009 994557.9400000013
-79.82000000000107 310.9799999999982 994557.9400000013
-79.82000000000107 -2.020000000001801 994557.9400000013
-79.82000000000107 310.9799999999982 994557.9400000013
-79.82000000000107 -2.020000000001801 994557.9400000013
41.020000000000195 132.01999999999998 994557.9400000013
16.93999999999999 300.099999999999 994557.9400000013
23.31000000000005 144.08999999999992 994557.9400000013
25.33000000000005 275.9900000000018 994557.9400000013
50.29999999999994 145.16000000000076 994557.9400000013
-150.19999999999982 0.4000000000005457 994557.9400000013
-150.19999999999982 0.4000000000005457 994557.9400000013
41.05000000000019 152.05000000000086 994557.9400000013
6.119999999999997 62.620000000000076 994557.9400000013
53.84000000000003 185.6800000000003 994557.9400000013
87.91999999999945 244.62000000000126 994557.9400000013
3.509999999999989 132.96999999999912 994557.9400000013
15.849999999999982 71.23000000000114 994557.9400000013
28.990000000000155 202.8900000000001 994557.9400000013
32.429999999999914 214.2099999999998 994557.9400000013
36.33000000000033 177.75000000000114 994557.9400000013
-56.08999999999992 12.410000000000537 994557.9400000013
-56.08999999999992 12.410000000000537 994557.9400000013
4.159999999999975 115.83999999999992 994557.9400000013
1.6000000000012733 429.2400000000001 994557.9400000013
55.10000000000018 240.9000000000001 994557.9400000013
34.54999999999989 109.96999999999947 994557.9400000013
19.969999999999995 198.49000000000046 994557.9400000013
6.45999999999999 297.0 994557.9400000013
46.96000000000021 171.01999999999998 994557.9400000013
-99.96000000000004 1.7600000000002183 994557.9400000013
-99.96000000000004 1.7600000000002183 994557.9400000013
-2.0900000000008276 302.72999999999934 994557.9400000013
-2.0900000000008276 302.72999999999934 994557.9400000013
43.5099999999999 191.5299999999986 994557.9400000013
40.38000000000012 158.8799999999992 994557.9400000013
16.150000000000002 42.269999999999946 994557.9400000013
15.649999999999922 244.78999999999837 994557.9400000013
67.68999999999984 311.5900000000022 994557.9400000013
5.320000000001528 384.58000000000027 994557.9400000013
71.78000000000091 299.2200000000025 994557.9400000013
22.310000000000205 130.37000000000057 994557.9400000013
33.25000000000015 228.16999999999803 994557.9400000013
93.21000000000011 248.91000000000008 994557.9400000013
60.910000000000416 261.36999999999875 994557.9400000013
58.33999999999993 209.26000000000158 994557.9400000013
71.960000000001 263.199999999998 994557.9400000013
-91.95000000000005 6.870000000000118 994557.9400000013
-91.95000000000005 6.870000000000118 994557.9400000013
-3.220000000001619 189.0999999999999 994557.9400000013
-3.220000000001619 189.0999999999999 994557.9400000013
88.28999999999964 258.5099999999968 994557.9400000013
96.44000000000074 254.33999999999787 994557.9400000013
38.34999999999993 275.39000000000055 994557.9400000013
4.549999999999988 280.3700000000006 994557.9400000013
12.860000000000003 185.9200000000019 994557.9400000013
42.189999999999564 221.02999999999997 994557.9400000013
45.94000000000041 259.5400000000013 994557.9400000013
103.3800000000002 295.42000000000144 994557.9400000013
23.119999999999862 104.47999999999922 994557.9400000013
-28.589999999999463 309.229999999998 994557.9400000013
-28.589999999999463 -3.770000000002028 994557.9400000013
-28.589999999999463 309.229999999998 994557.9400000013
-28.589999999999463 -3.770000000002028 994557.9400000013
85.14999999999957 251.04999999999995 994557.9400000013
56.03999999999979 191.23999999999887 994557.9400000013
-122.84000000000015 0.2000000000007276 994557.9400000013
-122.84000000000015 0.2000000000007276 994557.9400000013
4.509999999999968 97.8299999999994 994557.9400000013
30.15000000000018 301.4099999999987 994557.9400000013
11.199999999999996 227.5800000000013 994557.9400000013
48.21999999999956 290.98 994557.9400000013
18.009999999999845 279.3500000000006 994557.9400000013
28.889999999999983 188.7700000000002 994557.9400000013
63.66999999999967 179.97000000000003 994557.9400000013
20.27999999999973 158.11999999999807 994557.9400000013
334 131 994557.9400000013
334 444 994557.9400000013
347 226 994557.9400000013
347 226 994557.9400000013
281 363 994557.9400000013
281 363 994557.9400000013
454 240 994557.9400000013
454 240 994557.9400000013
279 443 994557.9400000013
279 443 994557.9400000013
269 400 994557.9400000013
269 400 994557.9400000013
420 159 994557.9400000013
420 159 994557.9400000013
356 389 994557.9400000013
264 440 994557.9400000013
264 440 994557.9400000013
402 218 994557.9400000013
402 218 994557.9400000013
447 276 994557.9400000013
447 276 994557.9400000013
448 279 994557.9400000013
448 279 994557.9400000013
373 395 994557.9400000013
199 315 994557.9400000013
199 315 994557.9400000013
464 254 994557.9400000013
464 254 994557.9400000013
377 220 994557.9400000013
377 220 994557.9400000013
384 338 994557.9400000013
419 153 994557.9400000013
419 466 994557.9400000013
368 153 994557.9400000013
368 466 994557.9400000013
355 365 994557.9400000013
442 183 994557.9400000013
442 183 994557.9400000013
402 255 994557.9400000013
402 255 994557.9400000013
423 212 994557.9400000013
423 212 994557.9400000013
325 243 994557.9400000013
325 243 994557.9400000013
201 446 994557.9400000013
201 446 994557.9400000013
273 339 994557.9400000013
273 339 994557.9400000013
318 363 994557.9400000013
352 353 994557.9400000013
363 146 994557.9400000013
363 459 994557.9400000013
210 353 994557.9400000013
210 353 994557.9400000013
351 276 994557.9400000013
351 276 994557.9400000013
199 423 994557.9400000013
199 423 994557.9400000013
377 260 994557.9400000013
377 260 994557.9400000013
443 426 994557.9400000013
164 391 994557.9400000013
164 391 994557.9400000013
276 389 994557.9400000013
276 389 994557.9400000013
449 283 994557.9400000013
449 283 994557.9400000013
326 188 994557.9400000013
326 188 994557.9400000013
356 190 994557.9400000013
356 190 994557.9400000013
379 134 994557.9400000013
379 447 994557.9400000013
446 367 994557.9400000013
224 394 994557.9400000013
224 394 994557.9400000013
436 175 994557.9400000013
436 175 994557.9400000013
146 322 994557.9400000013
459 322 994557.9400000013
234 337 994557.9400000013
234 337 994557.9400000013
328 355 994557.9400000013
460 143 994557.9400000013
460 456 994557.9400000013
267 415 994557.9400000013
267 415 994557.9400000013
385 422 994557.9400000013
345 214 994557.9400000013
345 214 994557.9400000013
409 145 994557.9400000013
409 458 994557.9400000013
438 228 994557.9400000013
438 228 994557.9400000013
299 407 994557.9400000013
299 407 994557.9400000013
361 261 994557.9400000013
361 261 994557.9400000013
336 144 994557.9400000013
336 457 994557.9400000013
457 444 994557.9400000013
455 254 994557.9400000013
455 254 994557.9400000013
444 368 994557.9400000013
156 337 994557.9400000013
469 337 994557.9400000013
430 182 994557.9400000013
430 182 994557.9400000013
366 169 994557.9400000013
366 169 994557.9400000013
408 243 994557.9400000013
408 243 994557.9400000013
411 142 994557.9400000013
411 455 994557.9400000013
328 382 994557.9400000013
365 379 994557.9400000013
207 469 994557.9400000013
207 469 994557.9400000013
138 340 994557.9400000013
451 340 994557.9400000013
354 158 994557.9400000013
354 158 994557.9400000013
203 428 994557.9400000013
203 428 994557.9400000013
338 210 994557.9400000013
338 210 994557.9400000013
382 401 994557.9400000013
169 315 994557.9400000013
169 315 994557.9400000013
361 353 994557.9400000013
379 349 994557.9400000013
329 130 994557.9400000013
329 443 994557.9400000013
163 340 994557.9400000013
163 340 994557.9400000013
463 397 994557.9400000013
198 452 994557.9400000013
198 452 994557.9400000013
413 337 994557.9400000013
209 346 994557.9400000013
209 346 994557.9400000013
185 357 994557.9400000013
185 357 994557.9400000013
442 346 994557.9400000013
399 251 994557.9400000013
399 251 994557.9400000013
162 327 994557.9400000013
162 327 994557.9400000013
192 461 994557.9400000013
192 461 994557.9400000013
158 375 994557.9400000013
158 375 994557.9400000013
366 124 994557.9400000013
366 437 994557.9400000013
338 278 994557.9400000013
338 278 994557.9400000013
189 390 994557.9400000013
189 390 994557.9400000013
226 367 994557.9400000013
226 367 994557.9400000013
355 132 994557.9400000013
355 445 994557.9400000013
405 411 994557.9400000013
418 181 994557.9400000013
418 181 994557.9400000013
280 344 994557.9400000013
280 344 994557.9400000013
197 417 994557.9400000013
197 417 994557.9400000013
333 199 994557.9400000013
333 199 994557.9400000013
237 463 994557.9400000013
237 463 994557.9400000013
400 197 994557.9400000013
400 197 994557.9400000013
187 342 994557.9400000013
187 342 994557.9400000013
183 347 994557.9400000013
183 347 994557.9400000013
351 179 994557.9400000013
351 179 994557.9400000013
446 363 994557.9400000013
237 439 994557.9400000013
237 439 994557.9400000013
253 353 994557.9400000013
253 353 994557.9400000013
431 138 994557.9400000013
431 451 994557.9400000013
361 171 994557.9400000013
361 171 994557.9400000013
432 258 994557.9400000013
432 258 994557.9400000013
402 246 994557.9400000013
402 246 994557.9400000013
319 244 994557.9400000013
319 244 994557.9400000013
432 389 994557.9400000013
332 280 994557.9400000013
332 280 994557.9400000013
185 409 994557.9400000013
185 409 994557.9400000013
426 175 994557.9400000013
426 175 994557.9400000013
221 368 994557.9400000013
221 368 994557.9400000013
403 371 994557.9400000013
284 422 994557.9400000013
284 422 994557.9400000013
266 446 994557.9400000013
266 446 994557.9400000013
437 348 994557.9400000013
190 433 994557.9400000013
190 433 994557.9400000013
240 357 994557.9400000013
240 357 994557.9400000013
341 290 994557.9400000013
341 290 994557.9400000013
412 138 994557.9400000013
412 451 994557.9400000013
181 447 994557.9400000013
181 447 994557.9400000013
285 386 994557.9400000013
285 386 994557.9400000013
372 387 994557.9400000013
170 426 994557.9400000013
170 426 994557.9400000013
247 335 994557.9400000013
247 335 994557.9400000013
467 163 994557.9400000013
467 163 994557.9400000013
221 424 994557.9400000013
221 424 994557.9400000013
176 419 994557.9400000013
176 419 994557.9400000013
262 465 994557.9400000013
262 465 994557.9400000013
344 334 994557.9400000013
453 218 994557.9400000013
453 218 994557.9400000013
257 399 994557.9400000013
257 399 994557.9400000013
399 178 994557.9400000013
399 178 994557.9400000013
279 371 994557.9400000013
279 371 994557.9400000013
341 203 994557.9400000013
341 203 994557.9400000013
369 241 994557.9400000013
369 241 994557.9400000013
220 406 994557.9400000013
220 406 994557.9400000013
240 339 994557.9400000013
240 339 994557.9400000013
444 381 994557.9400000013
205 388 994557.9400000013
205 388 994557.9400000013
375 180 994557.9400000013
375 180 994557.9400000013
418 174 994557.9400000013
418 174 994557.9400000013
210 443 994557.9400000013
210 443 994557.9400000013
375 350 994557.9400000013
178 458 994557.9400000013
178 458 994557.9400000013
453 160 994557.9400000013
453 160 994557.9400000013
459 142 994557.9400000013
459 455 994557.9400000013
449 172 994557.9400000013
449 172 994557.9400000013
152 363 994557.9400000013
465 363 994557.9400000013
349 349 994557.9400000013
253 395 994557.9400000013
253 395 994557.9400000013
371 211 994557.9400000013
371 211 994557.9400000013
198 344 994557.9400000013
198 344 994557.9400000013
342 189 994557.9400000013
342 189 994557.9400000013
385 231 994557.9400000013
385 231 994557.9400000013
337 106 994557.9400000013
337 419 994557.9400000013
175 401 994557.9400000013
175 401 994557.9400000013
383 261 994557.9400000013
383 261 994557.9400000013
390 165 994557.9400000013
390 165 994557.9400000013
335 376 994557.9400000013
181 324 994557.9400000013
181 324 994557.9400000013
355 153 994557.9400000013
355 466 994557.9400000013
467 313 994557.9400000013
422 149 994557.9400000013
422 462 994557.9400000013
457 290 994557.9400000013
457 290 994557.9400000013
206 433 994557.9400000013
206 433 994557.9400000013
328 340 994557.9400000013
363 170 994557.9400000013
363 170 994557.9400000013
296 357 994557.9400000013
296 357 994557.9400000013
197 416 994557.9400000013
197 416 994557.9400000013
416 297 994557.9400000013
416 297 994557.9400000013
359 331 994557.9400000013
299 364 994557.9400000013
299 364 994557.9400000013
158 366 994557.9400000013
158 366 994557.9400000013
288 332 994557.9400000013
288 332 994557.9400000013
187 388 994557.9400000013
187 388 994557.9400000013
424 180 994557.9400000013
424 180 994557.9400000013
427 215 994557.9400000013
427 215 994557.9400000013
217 436 994557.9400000013
217 436 994557.9400000013
389 228 994557.9400000013
389 228 994557.9400000013
418 378 994557.9400000013
234 374 994557.9400000013
234 374 994557.9400000013
347 111 994557.9400000013
347 424 994557.9400000013
353 221 994557.9400000013
353 221 994557.9400000013
362 116 994557.9400000013
362 429 994557.9400000013
410 176 994557.9400000013
410 176 994557.9400000013
463 280 994557.9400000013
463 280 994557.9400000013
313 364 994557.9400000013
421 206 994557.9400000013
421 206 994557.9400000013
404 413 994557.9400000013
376 260 994557.9400000013
376 260 994557.9400000013
385 360 994557.9400000013
422 252 994557.9400000013
422 252 994557.9400000013
408 252 994557.9400000013
408 252 994557.9400000013
408 138 994557.9400000013
408 451 994557.9400000013
466 292 994557.9400000013
466 292 994557.9400000013
411 395 994557.9400000013
406 249 994557.9400000013
406 249 994557.9400000013
443 168 994557.9400000013
443 168 994557.9400000013
383 134 994557.9400000013
383 447 994557.9400000013
199 450 994557.9400000013
199 450 994557.9400000013
439 147 994557.9400000013
439 460 994557.9400000013
359 291 994557.9400000013
359 291 994557.9400000013
368 190 994557.9400000013
368 190 994557.9400000013
464 157 994557.9400000013
464 157 994557.9400000013
427 401 994557.9400000013
249 428 994557.9400000013
249 428 994557.9400000013
258 424 994557.9400000013
258 424 994557.9400000013
320 344 994557.9400000013
392 412 994557.9400000013
435 365 994557.9400000013
367 186 994557.9400000013
367 186 994557.9400000013
334.99 155.99 994557.9400000013
334.99 468.99 994557.9400000013
305.3199999999988 322.6000000000008 994557.9400000013
305.3199999999988 322.6000000000008 994557.9400000013
318.94000000000017 297.1399999999999 994557.9400000013
318.94000000000017 297.1399999999999 994557.9400000013
305.16999999999985 451.14999999999986 994557.9400000013
305.16999999999985 451.14999999999986 994557.9400000013
305.069999999999 322.9900000000006 994557.9400000013
305.069999999999 322.9900000000006 994557.9400000013
304.6299999999994 324.37 994557.9400000013
304.6299999999994 324.37 994557.9400000013
326.60000000000036 204.13999999999987 994557.9400000013
326.60000000000036 204.13999999999987 994557.9400000013
358.13 323.6900000000003 994557.9400000013
199.91000000000008 309.8100000000011 994557.9400000013
232.59999999999945 270.1400000000008 994557.9400000013
303.9100000000001 323.2500000000006 994557.9400000013
303.9100000000001 323.2500000000006 994557.9400000013
303.0899999999999 419.95 994557.9400000013
303.0899999999999 419.95 994557.9400000013
198.8900000000001 109.99 994557.9400000013
341.90999999999997 300.6499999999994 994557.9400000013
341.90999999999997 300.6499999999994 994557.9400000013
356.85 323.7700000000002 994557.9400000013
315.2400000000007 131.5600000000004 994557.9400000013
315.2400000000007 444.5600000000004 994557.9400000013
177.99 145.01 994557.9400000013
318.3400000000006 376.19999999999993 994557.9400000013
217.4499999999996 122.99 994557.9400000013
317.1600000000017 297.2999999999997 994557.9400000013
317.1600000000017 297.2999999999997 994557.9400000013
110.95999999999998 180.45999999999958 994557.9400000013
247.32000000000062 263.52000000000044 994557.9400000013
322.8100000000011 229.02999999999997 994557.9400000013
322.8100000000011 229.02999999999997 994557.9400000013
104.88999999999994 173.3500000000006 994557.9400000013
251.91000000000008 175.81000000000017 994557.9400000013
199.04999999999995 136.97000000000003 994557.9400000013
164.94000000000005 280.03999999999996 994557.9400000013
113.12000000000006 174.28000000000065 994557.9400000013
168.52999999999952 312.27000000000066 994557.9400000013
305.6699999999985 322.27000000000106 994557.9400000013
305.6699999999985 322.27000000000106 994557.9400000013
240.74000000000024 273.94000000000005 994557.9400000013
154.4399999999996 163.67999999999938 994557.9400000013
269.7999999999993 87.52000000000027 994557.9400000013
284.36999999999966 109.53000000000027 994557.9400000013
310.4700000000014 257.1299999999999 994557.9400000013
184.30000000000064 310.2400000000016 994557.9400000013
158.99 284.01 994557.9400000013
150.6800000000012 48.9800000000002 994557.9400000013
169.87000000000012 113.71000000000036 994557.9400000013
148.19000000000165 86.01000000000103 994557.9400000013
38.41000000000012 40.84999999999983 994557.9400000013
226.3600000000015 268.8000000000011 994557.9400000013
139.84000000000015 159.40000000000055 994557.9400000013
315.08000000000084 98.73999999999987 994557.9400000013
315.08000000000084 411.7399999999999 994557.9400000013
124.11999999999955 229.33999999999878 994557.9400000013
143.4400000000005 129.94000000000096 994557.9400000013
279.6100000000022 198.84999999999923 994557.9400000013
285.1299999999999 180.99 994557.9400000013
109.32000000000016 148.48000000000047 994557.9400000013
240.02999999999815 297.46999999999775 994557.9400000013
185.03999999999996 95.93999999999997 994557.9400000013
329.96999999999997 300.04999999999905 994557.9400000013
329.96999999999997 300.04999999999905 994557.9400000013
186.4400000000005 72.01999999999848 994557.9400000013
170.14999999999986 277.97 994557.9400000013
98.09000000000005 141.99 994557.9400000013
409.47999999999973 322.0400000000009 994557.9400000013
77.04000000000002 163.86000000000104 994557.9400000013
268.8799999999992 173.98000000000002 994557.9400000013
262.9699999999991 150.4500000000014 994557.9400000013
108.02000000000001 204.20000000000164 994557.9400000013
152.96000000000004 292.6599999999994 994557.9400000013
144.51000000000136 141.93000000000006 994557.9400000013
48.64999999999987 40.129999999999974 994557.9400000013
228.70000000000027 275.9599999999991 994557.9400000013
151.0 156.62000000000035 994557.9400000013
52.66999999999987 64.56999999999927 994557.9400000013
280.6799999999985 130.73999999999933 994557.9400000013
296.9800000000009 266.5399999999977 994557.9400000013
132.08000000000357 286.67999999999665 994557.9400000013
107.25000000000013 159.40999999999963 994557.9400000013
208.03000000000088 277.4500000000014 994557.9400000013
211.9200000000028 226.62000000000307 994557.9400000013
162.80000000000018 313.40000000000055 994557.9400000013
162.80000000000018 313.40000000000055 994557.9400000013
96.67000000000085 240.67000000000212 994557.9400000013
243.74000000000115 242.19999999999982 994557.9400000013
257.99 110.70999999999985 994557.9400000013
114.82000000000042 89.84000000000094 994557.9400000013
197.07999999999993 104.36000000000018 994557.9400000013
198.00999999999908 101.06999999999901 994557.9400000013
265.30000000000064 134.39999999999873 994557.9400000013
105.75999999999988 153.1199999999999 994557.9400000013
60.68000000000026 37.35999999999993 994557.9400000013
166.98000000000002 143.62000000000035 994557.9400000013
35.4800000000001 34.76000000000025 994557.9400000013
253.0 79.01999999999848 994557.9400000013
132.98000000000093 274.06000000000176 994557.9400000013
157.1100000000008 119.48999999999974 994557.9400000013
300.2999999999997 167.66000000000122 994557.9400000013
49.34999999999993 113.62999999999879 994557.9400000013
174.97000000000094 105.32999999999966 994557.9400000013
119.43000000000022 258.9899999999991 994557.9400000013
256.9100000000001 325.41000000000054 994557.9400000013
256.9100000000001 325.41000000000054 994557.9400000013
221.8799999999992 110.25999999999962 994557.9400000013
167.3600000000033 204.07999999999993 994557.9400000013
129.25000000000068 166.910000000001 994557.9400000013
104.53999999999976 182.11999999999898 994557.9400000013
189.51000000000045 119.94999999999997 994557.9400000013
72.15000000000059 22.929999999999676 994557.9400000013
67.44000000000074 35.96000000000001 994557.9400000013
86.13999999999956 197.01999999999998 994557.9400000013
29.7299999999998 19.38999999999975 994557.9400000013
158.78999999999928 62.88999999999982 994557.9400000013
198.52000000000044 289.5199999999995 994557.9400000013
133.34999999999968 48.85000000000023 994557.9400000013
97.18999999999959 81.10999999999954 994557.9400000013
100.74000000000089 135.7000000000021 994557.9400000013
314.6000000000013 116.24000000000012 994557.9400000013
314.6000000000013 429.2400000000001 994557.9400000013
159.88999999999828 52.33000000000013 994557.9400000013
191.98000000000002 149.3199999999988 994557.9400000013
206.0999999999999 120.30000000000015 994557.9400000013
151.800000000002 310.5000000000023 994557.9400000013
41.23000000000015 52.429999999999914 994557.9400000013
89.57000000000029 217.99 994557.9400000013
244.6399999999976 289.0 994557.9400000013
89.65999999999983 57.96000000000001 994557.9400000013
108.65999999999931 213.3199999999988 994557.9400000013
186.69999999999663 207.37999999999784 994557.9400000013
175.08999999999992 206.6699999999994 994557.9400000013
147.72999999999934 142.73000000000025 994557.9400000013
247.4500000000005 163.93000000000006 994557.9400000013
245.21999999999798 277.2199999999989 994557.9400000013
119.0 76.02000000000001 994557.9400000013
142.94000000000096 291.15999999999894 994557.9400000013
72.0 110.12000000000057 994557.9400000013
176.40999999999872 261.1500000000017 994557.9400000013
120.19999999999908 51.44000000000011 994557.9400000013
213.03999999999996 314.7600000000002 994557.9400000013
213.03999999999996 314.7600000000002 994557.9400000013
122.89999999999995 174.98000000000002 994557.9400000013
160.1300000000017 183.56999999999675 994557.9400000013
137.45999999999867 173.07999999999902 994557.9400000013
70.31000000000067 87.30999999999965 994557.9400000013
126.36000000000018 147.37999999999965 994557.9400000013
221.16999999999985 233.16999999999985 994557.9400000013
199.3400000000015 243.1400000000017 994557.9400000013
200.3500000000006 131.87000000000103 994557.9400000013
195.99 259.109999999999 994557.9400000013
318.3200000000015 384.58000000000027 994557.9400000013
15.059999999999999 25.639999999999787 994557.9400000013
94.08999999999902 146.50999999999863 994557.9400000013
141.02999999999906 215.1500000000026 994557.9400000013
307.49000000000046 189.78999999999928 994557.9400000013
282.4299999999996 165.75000000000296 994557.9400000013
212.03999999999814 132.45999999999776 994557.9400000013
158.01 147.04999999999995 994557.9400000013
96.07999999999953 175.6800000000003 994557.9400000013
239.49000000000228 182.38999999999874 994557.9400000013
131.9999999999991 69.02000000000052 994557.9400000013
198.3399999999997 140.01999999999907 994557.9400000013
58.770000000000245 83.87000000000096 994557.9400000013
234.38000000000056 291.6600000000003 994557.9400000013
141.17000000000075 254.14999999999986 994557.9400000013
130.29000000000065 55.369999999999926 994557.9400000013
92.1900000000001 96.58999999999928 994557.9400000013
221.04999999999995 319.8700000000001 994557.9400000013
221.04999999999995 319.8700000000001 994557.9400000013
174.6600000000003 87.97999999999999 994557.9400000013
168.5800000000013 266.1000000000008 994557.9400000013
220.95999999999913 93.76000000000039 994557.9400000013
208.29999999999882 158.47999999999774 994557.9400000013
60.61999999999968 73.17999999999958 994557.9400000013
78.67999999999984 99.04000000000002 994557.9400000013
236.82000000000016 127.1600000000006 994557.9400000013
53.58999999999988 124.01 994557.9400000013
178.11999999999898 165.29999999999882 994557.9400000013
294.7499999999975 219.14999999999895 994557.9400000013
189.04999999999995 78.49000000000076 994557.9400000013
72.45000000000125 133.97000000000003 994557.9400000013
134.12999999999897 54.929999999999815 994557.9400000013
163.98000000000002 77.75999999999988 994557.9400000013
213.26999999999975 304.870000000001 994557.9400000013
264.03999999999996 125.6399999999993 994557.9400000013
134.38000000000056 279.03999999999996 994557.9400000013
274.9999999999991 221.03999999999996 994557.9400000013
264.82000000000016 228.01999999999998 994557.9400000013
203.07999999999993 115.04000000000002 994557.9400000013
232.63999999999942 226.0200000000009 994557.9400000013
85.26999999999963 178.38999999999965 994557.9400000013
118.02000000000001 135.20000000000255 994557.9400000013
115.40000000000072 214.98000000000002 994557.9400000013
286.2899999999988 305.95000000000095 994557.9400000013
218.2099999999998 287.2299999999998 994557.9400000013
290.4700000000023 251.3700000000024 994557.9400000013
165.8699999999992 301.75000000000114 994557.9400000013
141.16999999999985 239.81000000000017 994557.9400000013
233.60000000000218 164.9799999999991 994557.9400000013
129.85000000000014 111.00999999999898 994557.9400000013
224.8900000000001 252.04999999999995 994557.9400000013
204.8900000000001 74.50999999999975 994557.9400000013
65.48999999999974 134.2299999999998 994557.9400000013
247.07000000000176 113.8299999999994 994557.9400000013
152.58999999999855 253.6700000000003 994557.9400000013
302.29000000000065 108.07000000000055 994557.9400000013
190.15999999999985 313.2000000000007 994557.9400000013
190.15999999999985 313.2000000000007 994557.9400000013
259.42999999999597 265.3299999999979 994557.9400000013
164.8599999999983 229.17999999999893 994557.9400000013
105.23000000000012 64.36999999999968 994557.9400000013
303.2300000000016 139.6499999999985 994557.9400000013
72.21000000000011 48.64999999999967 994557.9400000013
46.95999999999981 18.980000000000153 994557.9400000013
207.82999999999834 192.08999999999992 994557.9400000013
258.38999999999965 183.4099999999978 994557.9400000013
254.8799999999983 253.8000000000011 994557.9400000013
130.9899999999982 186.34999999999695 994557.9400000013
257.1399999999999 158.2199999999998 994557.9400000013
314.800000000002 281.0999999999999 994557.9400000013
314.800000000002 281.0999999999999 994557.9400000013
383.07000000000005 303.5699999999986 994557.9400000013
383.07000000000005 303.5699999999986 994557.9400000013
255.55000000000132 87.950000000001 994557.9400000013
232.69999999999936 308.6600000000003 994557.9400000013
272.9400000000019 310.32000000000335 994557.9400000013
285.7000000000021 289.680000000003 994557.9400000013
267.7799999999993 101.91999999999996 994557.9400000013
180.71000000000026 133.15000000000077 994557.9400000013
108.97999999999999 252.4399999999996 994557.9400000013
93.28000000000117 104.08000000000209 994557.9400000013
117.3800000000002 183.4399999999987 994557.9400000013
314.84000000000196 244.8000000000011 994557.9400000013
314.84000000000196 244.8000000000011 994557.9400000013
225.089999999999 80.74999999999987 994557.9400000013
93.26999999999911 135.97000000000185 994557.9400000013
178.44999999999777 282.28999999999974 994557.9400000013
41.420000000000314 77.90000000000097 994557.9400000013
241.07999999999993 206.6800000000012 994557.9400000013
236.15000000000077 148.75000000000114 994557.9400000013
162.30999999999972 176.85000000000105 994557.9400000013
252.3299999999997 235.39000000000055 994557.9400000013
182.48999999999864 187.31000000000154 994557.9400000013
149.95000000000005 278.930000000001 994557.9400000013
298.9000000000001 92.37999999999917 994557.9400000013
289.3399999999988 193.6599999999994 994557.9400000013
34 -87 994557.9400000013
347 -87 994557.9400000013
34 -87 994557.9400000013
347 -87 994557.9400000013
-32 -263 994557.9400000013
-32 -263 994557.9400000013
141 -73 994557.9400000013
454 -73 994557.9400000013
141 -73 994557.9400000013
454 -73 994557.9400000013
-34 -183 994557.9400000013
-34 -183 994557.9400000013
-44 -226 994557.9400000013
-44 -226 994557.9400000013
107 -154 994557.9400000013
420 -154 994557.9400000013
107 -154 994557.9400000013
420 -154 994557.9400000013
255 -50 994557.9400000013
255 -50 994557.9400000013
215 -83 994557.9400000013
215 -83 994557.9400000013
183 -108 994557.9400000013
183 -108 994557.9400000013
258 -132 994557.9400000013
258 -132 994557.9400000013
-49 -186 994557.9400000013
-49 -186 994557.9400000013
89 -95 994557.9400000013
402 -95 994557.9400000013
89 -95 994557.9400000013
402 -95 994557.9400000013
134 -37 994557.9400000013
447 -37 994557.9400000013
134 -37 994557.9400000013
447 -37 994557.9400000013
135 -34 994557.9400000013
448 -34 994557.9400000013
135 -34 994557.9400000013
448 -34 994557.9400000013
201 -68 994557.9400000013
201 -68 994557.9400000013
-114 -311 994557.9400000013
-114 -311 994557.9400000013
252 -137 994557.9400000013
252 -137 994557.9400000013
199 -24 994557.9400000013
199 -24 994557.9400000013
151 -59 994557.9400000013
464 -59 994557.9400000013
151 -59 994557.9400000013
464 -59 994557.9400000013
64 -93 994557.9400000013
377 -93 994557.9400000013
64 -93 994557.9400000013
377 -93 994557.9400000013
384 25 994557.9400000013
355 52 994557.9400000013
129 -130 994557.9400000013
442 -130 994557.9400000013
129 -130 994557.9400000013
442 -130 994557.9400000013
298 -49 994557.9400000013
-15 -49 994557.9400000013
298 -49 994557.9400000013
-15 -49 994557.9400000013
89 -58 994557.9400000013
402 -58 994557.9400000013
89 -58 994557.9400000013
402 -58 994557.9400000013
110 -101 994557.9400000013
423 -101 994557.9400000013
110 -101 994557.9400000013
423 -101 994557.9400000013
12 -70 994557.9400000013
325 -70 994557.9400000013
12 -70 994557.9400000013
325 -70 994557.9400000013
235 -21 994557.9400000013
235 -21 994557.9400000013
-40 -287 994557.9400000013
-40 -287 994557.9400000013
318 50 994557.9400000013
232 -86 994557.9400000013
232 -86 994557.9400000013
352 40 994557.9400000013
-103 -273 994557.9400000013
-103 -273 994557.9400000013
38 -37 994557.9400000013
351 -37 994557.9400000013
38 -37 994557.9400000013
351 -37 994557.9400000013
64 -53 994557.9400000013
377 -53 994557.9400000013
64 -53 994557.9400000013
377 -53 994557.9400000013
-37 -237 994557.9400000013
-37 -237 994557.9400000013
136 -30 994557.9400000013
449 -30 994557.9400000013
136 -30 994557.9400000013
449 -30 994557.9400000013
13 -125 994557.9400000013
326 -125 994557.9400000013
13 -125 994557.9400000013
326 -125 994557.9400000013
43 -123 994557.9400000013
356 -123 994557.9400000013
43 -123 994557.9400000013
356 -123 994557.9400000013
232 -42 994557.9400000013
232 -42 994557.9400000013
446 54 994557.9400000013
248 -149 994557.9400000013
248 -149 994557.9400000013
-89 -232 994557.9400000013
-89 -232 994557.9400000013
123 -138 994557.9400000013
436 -138 994557.9400000013
123 -138 994557.9400000013
436 -138 994557.9400000013
459 9 994557.9400000013
-79 -289 994557.9400000013
-79 -289 994557.9400000013
328 42 994557.9400000013
218 -26 994557.9400000013
218 -26 994557.9400000013
-46 -211 994557.9400000013
-46 -211 994557.9400000013
176 -31 994557.9400000013
176 -31 994557.9400000013
32 -99 994557.9400000013
345 -99 994557.9400000013
32 -99 994557.9400000013
345 -99 994557.9400000013
125 -85 994557.9400000013
438 -85 994557.9400000013
125 -85 994557.9400000013
438 -85 994557.9400000013
-14 -219 994557.9400000013
-14 -219 994557.9400000013
48 -52 994557.9400000013
361 -52 994557.9400000013
48 -52 994557.9400000013
361 -52 994557.9400000013
241 -39 994557.9400000013
241 -39 994557.9400000013
170 -35 994557.9400000013
170 -35 994557.9400000013
162 -133 994557.9400000013
162 -133 994557.9400000013
142 -59 994557.9400000013
455 -59 994557.9400000013
142 -59 994557.9400000013
455 -59 994557.9400000013
444 55 994557.9400000013
229 -38 994557.9400000013
229 -38 994557.9400000013
469 24 994557.9400000013
117 -131 994557.9400000013
430 -131 994557.9400000013
117 -131 994557.9400000013
430 -131 994557.9400000013
53 -144 994557.9400000013
366 -144 994557.9400000013
53 -144 994557.9400000013
366 -144 994557.9400000013
95 -70 994557.9400000013
408 -70 994557.9400000013
95 -70 994557.9400000013
408 -70 994557.9400000013
213 -7 994557.9400000013
213 -7 994557.9400000013
365 66 994557.9400000013
282 -115 994557.9400000013
-31 -115 994557.9400000013
282 -115 994557.9400000013
-31 -115 994557.9400000013
451 27 994557.9400000013
41 -155 994557.9400000013
354 -155 994557.9400000013
41 -155 994557.9400000013
354 -155 994557.9400000013
248 -49 994557.9400000013
248 -49 994557.9400000013
25 -103 994557.9400000013
338 -103 994557.9400000013
25 -103 994557.9400000013
338 -103 994557.9400000013
361 40 994557.9400000013
379 36 994557.9400000013
463 84 994557.9400000013
413 24 994557.9400000013
-104 -280 994557.9400000013
-104 -280 994557.9400000013
288 -20 994557.9400000013
288 -20 994557.9400000013
442 33 994557.9400000013
86 -62 994557.9400000013
399 -62 994557.9400000013
86 -62 994557.9400000013
399 -62 994557.9400000013
171 -109 994557.9400000013
171 -109 994557.9400000013
236 -149 994557.9400000013
236 -149 994557.9400000013
288 -120 994557.9400000013
-25 -120 994557.9400000013
288 -120 994557.9400000013
-25 -120 994557.9400000013
25 -35 994557.9400000013
338 -35 994557.9400000013
25 -35 994557.9400000013
338 -35 994557.9400000013
-87 -259 994557.9400000013
-87 -259 994557.9400000013
105 -132 994557.9400000013
418 -132 994557.9400000013
105 -132 994557.9400000013
418 -132 994557.9400000013
-33 -282 994557.9400000013
-33 -282 994557.9400000013
20 -114 994557.9400000013
333 -114 994557.9400000013
20 -114 994557.9400000013
333 -114 994557.9400000013
87 -116 994557.9400000013
400 -116 994557.9400000013
87 -116 994557.9400000013
400 -116 994557.9400000013
257 -155 994557.9400000013
-56 -155 994557.9400000013
257 -155 994557.9400000013
-56 -155 994557.9400000013
38 -134 994557.9400000013
351 -134 994557.9400000013
38 -134 994557.9400000013
351 -134 994557.9400000013
165 -33 994557.9400000013
165 -33 994557.9400000013
446 50 994557.9400000013
159 -29 994557.9400000013
159 -29 994557.9400000013
-60 -273 994557.9400000013
-60 -273 994557.9400000013
252 -77 994557.9400000013
252 -77 994557.9400000013
48 -142 994557.9400000013
361 -142 994557.9400000013
48 -142 994557.9400000013
361 -142 994557.9400000013
119 -55 994557.9400000013
432 -55 994557.9400000013
119 -55 994557.9400000013
432 -55 994557.9400000013
89 -67 994557.9400000013
402 -67 994557.9400000013
89 -67 994557.9400000013
402 -67 994557.9400000013
6 -69 994557.9400000013
319 -69 994557.9400000013
6 -69 994557.9400000013
319 -69 994557.9400000013
432 76 994557.9400000013
19 -33 994557.9400000013
332 -33 994557.9400000013
19 -33 994557.9400000013
332 -33 994557.9400000013
113 -138 994557.9400000013
426 -138 994557.9400000013
113 -138 994557.9400000013
426 -138 994557.9400000013
268 -139 994557.9400000013
-45 -139 994557.9400000013
268 -139 994557.9400000013
-45 -139 994557.9400000013
-92 -258 994557.9400000013
-92 -258 994557.9400000013
403 58 994557.9400000013
245 -71 994557.9400000013
245 -71 994557.9400000013
282 -144 994557.9400000013
-31 -144 994557.9400000013
282 -144 994557.9400000013
-31 -144 994557.9400000013
265 -85 994557.9400000013
265 -85 994557.9400000013
-29 -204 994557.9400000013
-29 -204 994557.9400000013
242 -24 994557.9400000013
242 -24 994557.9400000013
-47 -180 994557.9400000013
-47 -180 994557.9400000013
437 35 994557.9400000013
-73 -269 994557.9400000013
-73 -269 994557.9400000013
28 -23 994557.9400000013
341 -23 994557.9400000013
28 -23 994557.9400000013
341 -23 994557.9400000013
-28 -240 994557.9400000013
-28 -240 994557.9400000013
372 74 994557.9400000013
238 -18 994557.9400000013
238 -18 994557.9400000013
-66 -291 994557.9400000013
-66 -291 994557.9400000013
154 -150 994557.9400000013
467 -150 994557.9400000013
154 -150 994557.9400000013
467 -150 994557.9400000013
293 -59 994557.9400000013
-20 -59 994557.9400000013
293 -59 994557.9400000013
-20 -59 994557.9400000013
163 -85 994557.9400000013
163 -85 994557.9400000013
-51 -161 994557.9400000013
-51 -161 994557.9400000013
175 -107 994557.9400000013
175 -107 994557.9400000013
170 -46 994557.9400000013
170 -46 994557.9400000013
177 -149 994557.9400000013
177 -149 994557.9400000013
344 21 994557.9400000013
140 -95 994557.9400000013
453 -95 994557.9400000013
140 -95 994557.9400000013
453 -95 994557.9400000013
-56 -227 994557.9400000013
-56 -227 994557.9400000013
86 -135 994557.9400000013
399 -135 994557.9400000013
86 -135 994557.9400000013
399 -135 994557.9400000013
-34 -255 994557.9400000013
-34 -255 994557.9400000013
28 -110 994557.9400000013
341 -110 994557.9400000013
28 -110 994557.9400000013
341 -110 994557.9400000013
56 -72 994557.9400000013
369 -72 994557.9400000013
56 -72 994557.9400000013
369 -72 994557.9400000013
-73 -287 994557.9400000013
-73 -287 994557.9400000013
444 68 994557.9400000013
228 -43 994557.9400000013
228 -43 994557.9400000013
62 -133 994557.9400000013
375 -133 994557.9400000013
62 -133 994557.9400000013
375 -133 994557.9400000013
253 -58 994557.9400000013
253 -58 994557.9400000013
105 -139 994557.9400000013
418 -139 994557.9400000013
105 -139 994557.9400000013
418 -139 994557.9400000013
375 37 994557.9400000013
241 -105 994557.9400000013
241 -105 994557.9400000013
140 -153 994557.9400000013
453 -153 994557.9400000013
140 -153 994557.9400000013
453 -153 994557.9400000013
136 -141 994557.9400000013
449 -141 994557.9400000013
136 -141 994557.9400000013
449 -141 994557.9400000013
465 50 994557.9400000013
349 36 994557.9400000013
-60 -231 994557.9400000013
-60 -231 994557.9400000013
58 -102 994557.9400000013
371 -102 994557.9400000013
58 -102 994557.9400000013
371 -102 994557.9400000013
29 -124 994557.9400000013
342 -124 994557.9400000013
29 -124 994557.9400000013
342 -124 994557.9400000013
72 -82 994557.9400000013
385 -82 994557.9400000013
72 -82 994557.9400000013
385 -82 994557.9400000013
70 -52 994557.9400000013
383 -52 994557.9400000013
70 -52 994557.9400000013
383 -52 994557.9400000013
77 -148 994557.9400000013
390 -148 994557.9400000013
77 -148 994557.9400000013
390 -148 994557.9400000013
175 -50 994557.9400000013
175 -50 994557.9400000013
335 63 994557.9400000013
243 -37 994557.9400000013
243 -37 994557.9400000013
467 0 994557.9400000013
144 -23 994557.9400000013
457 -23 994557.9400000013
144 -23 994557.9400000013
457 -23 994557.9400000013
242 -132 994557.9400000013
242 -132 994557.9400000013
328 27 994557.9400000013
50 -143 994557.9400000013
363 -143 994557.9400000013
50 -143 994557.9400000013
363 -143 994557.9400000013
-17 -269 994557.9400000013
-17 -269 994557.9400000013
103 -16 994557.9400000013
416 -16 994557.9400000013
103 -16 994557.9400000013
416 -16 994557.9400000013
206 -121 994557.9400000013
206 -121 994557.9400000013
359 18 994557.9400000013
-14 -262 994557.9400000013
-14 -262 994557.9400000013
-25 -294 994557.9400000013
-25 -294 994557.9400000013
181 -124 994557.9400000013
181 -124 994557.9400000013
111 -133 994557.9400000013
424 -133 994557.9400000013
111 -133 994557.9400000013
424 -133 994557.9400000013
114 -98 994557.9400000013
427 -98 994557.9400000013
114 -98 994557.9400000013
427 -98 994557.9400000013
76 -85 994557.9400000013
389 -85 994557.9400000013
76 -85 994557.9400000013
389 -85 994557.9400000013
418 65 994557.9400000013
-79 -252 994557.9400000013
-79 -252 994557.9400000013
165 -10 994557.9400000013
165 -10 994557.9400000013
285 -132 994557.9400000013
-28 -132 994557.9400000013
285 -132 994557.9400000013
-28 -132 994557.9400000013
40 -92 994557.9400000013
353 -92 994557.9400000013
40 -92 994557.9400000013
353 -92 994557.9400000013
97 -137 994557.9400000013
410 -137 994557.9400000013
97 -137 994557.9400000013
410 -137 994557.9400000013
209 -34 994557.9400000013
209 -34 994557.9400000013
162 -135 994557.9400000013
162 -135 994557.9400000013
150 -33 994557.9400000013
463 -33 994557.9400000013
150 -33 994557.9400000013
463 -33 994557.9400000013
108 -107 994557.9400000013
421 -107 994557.9400000013
108 -107 994557.9400000013
421 -107 994557.9400000013
196 -55 994557.9400000013
196 -55 994557.9400000013
63 -53 994557.9400000013
376 -53 994557.9400000013
63 -53 994557.9400000013
376 -53 994557.9400000013
385 47 994557.9400000013
109 -61 994557.9400000013
422 -61 994557.9400000013
109 -61 994557.9400000013
422 -61 994557.9400000013
225 -61 994557.9400000013
225 -61 994557.9400000013
95 -61 994557.9400000013
408 -61 994557.9400000013
95 -61 994557.9400000013
408 -61 994557.9400000013
153 -21 994557.9400000013
466 -21 994557.9400000013
153 -21 994557.9400000013
466 -21 994557.9400000013
411 82 994557.9400000013
93 -64 994557.9400000013
406 -64 994557.9400000013
93 -64 994557.9400000013
406 -64 994557.9400000013
130 -145 994557.9400000013
443 -145 994557.9400000013
130 -145 994557.9400000013
443 -145 994557.9400000013
221 -80 994557.9400000013
221 -80 994557.9400000013
274 -92 994557.9400000013
274 -92 994557.9400000013
46 -22 994557.9400000013
359 -22 994557.9400000013
46 -22 994557.9400000013
359 -22 994557.9400000013
55 -123 994557.9400000013
368 -123 994557.9400000013
55 -123 994557.9400000013
368 -123 994557.9400000013
151 -156 994557.9400000013
464 -156 994557.9400000013
151 -156 994557.9400000013
464 -156 994557.9400000013
-64 -198 994557.9400000013
-64 -198 994557.9400000013
-55 -202 994557.9400000013
-55 -202 994557.9400000013
320 31 994557.9400000013
435 52 994557.9400000013
54 -127 994557.9400000013
367 -127 994557.9400000013
54 -127 994557.9400000013
367 -127 994557.9400000013
5.620000000000337 -15.920000000000073 994557.9400000013
5.620000000000337 -15.920000000000073 994557.9400000013
5.240000000000682 -15.800000000000182 994557.9400000013
5.240000000000682 -15.800000000000182 994557.9400000013
292.04999999999995 -95.02999999999997 994557.9400000013
-20.950000000000045 -95.02999999999997 994557.9400000013
292.04999999999995 -95.02999999999997 994557.9400000013
-20.950000000000045 -95.02999999999997 994557.9400000013
-7.6800000000012005 -303.3999999999992 994557.9400000013
-7.6800000000012005 -303.3999999999992 994557.9400000013
5.94000000000017 -15.860000000000127 994557.9400000013
318.94000000000017 -15.860000000000127 994557.9400000013
5.94000000000017 -15.860000000000127 994557.9400000013
318.94000000000017 -15.860000000000127 994557.9400000013
308.1399999999999 -29.88000000000011 994557.9400000013
-4.860000000000127 -29.88000000000011 994557.9400000013
308.1399999999999 -29.88000000000011 994557.9400000013
-4.860000000000127 -29.88000000000011 994557.9400000013
-7.830000000000155 -174.85000000000014 994557.9400000013
-7.830000000000155 -174.85000000000014 994557.9400000013
200.02999999999997 -1.8500000000001364 994557.9400000013
200.02999999999997 -1.8500000000001364 994557.9400000013
-7.930000000000973 -303.0099999999994 994557.9400000013
-7.930000000000973 -303.0099999999994 994557.9400000013
-8.370000000000573 -301.63 994557.9400000013
-8.370000000000573 -301.63 994557.9400000013
13.600000000000364 -108.86000000000013 994557.9400000013
326.60000000000036 -108.86000000000013 994557.9400000013
13.600000000000364 -108.86000000000013 994557.9400000013
326.60000000000036 -108.86000000000013 994557.9400000013
4.22000000000161 -15.680000000000291 994557.9400000013
4.22000000000161 -15.680000000000291 994557.9400000013
4.190000000001637 -15.6700000000003 994557.9400000013
4.190000000001637 -15.6700000000003 994557.9400000013
358.13 10.690000000000282 994557.9400000013
-9.089999999999918 -302.7499999999994 994557.9400000013
-9.089999999999918 -302.7499999999994 994557.9400000013
-9.910000000000082 -206.05 994557.9400000013
-9.910000000000082 -206.05 994557.9400000013
28.909999999999986 -12.350000000000591 994557.9400000013
341.90999999999997 -12.350000000000591 994557.9400000013
28.909999999999986 -12.350000000000591 994557.9400000013
341.90999999999997 -12.350000000000591 994557.9400000013
356.85 10.77000000000021 994557.9400000013
318.3400000000006 63.19999999999996 994557.9400000013
4.1600000000016735 -15.700000000000273 994557.9400000013
317.1600000000017 -15.700000000000273 994557.9400000013
4.1600000000016735 -15.700000000000273 994557.9400000013
317.1600000000017 -15.700000000000273 994557.9400000013
239.99 25.92999999999999 994557.9400000013
9.810000000001082 -83.97000000000003 994557.9400000013
322.8100000000011 -83.97000000000003 994557.9400000013
9.810000000001082 -83.97000000000003 994557.9400000013
322.8100000000011 -83.97000000000003 994557.9400000013
301.2899999999988 -144.06999999999994 994557.9400000013
-11.710000000001173 -144.06999999999994 994557.9400000013
301.2899999999988 -144.06999999999994 994557.9400000013
-11.710000000001173 -144.06999999999994 994557.9400000013
-7.330000000001519 -303.72999999999894 994557.9400000013
-7.330000000001519 -303.72999999999894 994557.9400000013
167.98000000000002 9.0951551845464e-15 994557.9400000013
185.23999999999978 0.05999999999909051 994557.9400000013
154.76000000000113 23.979999999999997 994557.9400000013
209.39000000000055 41.36999999999973 994557.9400000013
247.05999999999995 21.699999999999953 994557.9400000013
197.97000000000003 30.48999999999992 994557.9400000013
303.8900000000001 10.430000000000012 994557.9400000013
169.27999999999975 2.8599999999999817 994557.9400000013
16.969999999999995 -12.950000000000955 994557.9400000013
329.96999999999997 -12.950000000000955 994557.9400000013
16.969999999999995 -12.950000000000955 994557.9400000013
329.96999999999997 -12.950000000000955 994557.9400000013
180.9000000000001 12.039999999999978 994557.9400000013
409.47999999999973 9.040000000000873 994557.9400000013
233.17999999999893 -2.020000000001801 994557.9400000013
233.17999999999893 -2.020000000001801 994557.9400000013
153.96000000000004 0.8400000000000096 994557.9400000013
162.06999999999994 13.910000000000002 994557.9400000013
311.5800000000013 50.96000000000001 994557.9400000013
187.0 27.579999999999778 994557.9400000013
-56.08999999999992 -300.58999999999946 994557.9400000013
-56.08999999999992 -300.58999999999946 994557.9400000013
280.49000000000046 49.29000000000014 994557.9400000013
221.2199999999998 8.239999999999974 994557.9400000013
296.14999999999986 41.970000000000404 994557.9400000013
138.51999999999953 26.79999999999997 994557.9400000013
-99.96000000000004 -311.2399999999998 994557.9400000013
-99.96000000000004 -311.2399999999998 994557.9400000013
310.9099999999992 -10.270000000000664 994557.9400000013
-2.0900000000008276 -10.270000000000664 994557.9400000013
310.9099999999992 -10.270000000000664 994557.9400000013
-2.0900000000008276 -10.270000000000664 994557.9400000013
258.069999999999 10.930000000000044 994557.9400000013
298.93000000000006 52.60999999999968 994557.9400000013
144.20000000000164 8.920000000000002 994557.9400000013
115.91000000000047 2.349999999999085 994557.9400000013
-91.95000000000005 -306.1299999999999 994557.9400000013
-91.95000000000005 -306.1299999999999 994557.9400000013
309.7799999999984 -123.90000000000009 994557.9400000013
-3.220000000001619 -123.90000000000009 994557.9400000013
309.7799999999984 -123.90000000000009 994557.9400000013
-3.220000000001619 -123.90000000000009 994557.9400000013
181.94000000000096 34.879999999999825 994557.9400000013
254.61999999999853 40.95999999999981 994557.9400000013
164.58999999999855 27.550000000000086 994557.9400000013
212.19000000000074 3.3899999999999704 994557.9400000013
232.19000000000165 23.92999999999999 994557.9400000013
239.98000000000002 44.05999999999999 994557.9400000013
287.93000000000006 17.889999999999826 994557.9400000013
284.41000000000054 -3.770000000002028 994557.9400000013
284.41000000000054 -3.770000000002028 994557.9400000013
44.34999999999993 8.770000000000048 994557.9400000013
210.36999999999875 31.330000000000094 994557.9400000013
95.19999999999908 9.50000000000001 994557.9400000013
312.5600000000022 27.360000000000056 994557.9400000013
1.8000000000020009 -31.90000000000009 994557.9400000013
314.800000000002 -31.90000000000009 994557.9400000013
1.8000000000020009 -31.90000000000009 994557.9400000013
314.800000000002 -31.90000000000009 994557.9400000013
70.07000000000004 -9.430000000001428 994557.9400000013
383.07000000000005 -9.430000000001428 994557.9400000013
70.07000000000004 -9.430000000001428 994557.9400000013
383.07000000000005 -9.430000000001428 994557.9400000013
280.92999999999915 31.6500000000001 994557.9400000013
271.6800000000012 25.819999999999972 994557.9400000013
1.8400000000019645 -68.19999999999891 994557.9400000013
314.84000000000196 -68.19999999999891 994557.9400000013
1.8400000000019645 -68.19999999999891 994557.9400000013
314.84000000000196 -68.19999999999891 994557.9400000013
198.97000000000003 4.029999999999957 994557.9400000013
356 76 994557.9400000013
373 82 994557.9400000013
443 113 994557.9400000013
385 109 994557.9400000013
457 131 994557.9400000013
328 69 994557.9400000013
382 88 994557.9400000013
405 98 994557.9400000013
404 100 994557.9400000013
427 88 994557.9400000013
392 99 994557.9400000013
277.3600000000015 58.91999999999982 994557.9400000013
128.98000000000002 32.5000000000001 994557.9400000013
99.73999999999987 26.220000000000347 994557.9400000013
218.94000000000187 55.95999999999981 994557.9400000013
318.3200000000015 71.5800000000003 994557.9400000013
185.07999999999993 46.4999999999995 994557.9400000013
226.2299999999998 53.29000000000014 994557.9400000013
236.01999999999816 62.41999999999972 994557.9400000013
287.15999999999804 72.91999999999996 994557.9400000013
121.54999999999875 34.71000000000006 994557.9400000013
274.73000000000116 75.48999999999974 994557.9400000013
-58 -50 994557.9400000013
-58 -50 994557.9400000013
-98 -83 994557.9400000013
-98 -83 994557.9400000013
-130 -108 994557.9400000013
-130 -108 994557.9400000013
-55 -132 994557.9400000013
-55 -132 994557.9400000013
-112 -68 994557.9400000013
-112 -68 994557.9400000013
-61 -137 994557.9400000013
-61 -137 994557.9400000013
-112 -180 994557.9400000013
-112 -180 994557.9400000013
-81 -86 994557.9400000013
-81 -86 994557.9400000013
-114 -203 994557.9400000013
-114 -203 994557.9400000013
-149 -235 994557.9400000013
-149 -235 994557.9400000013
-81 -42 994557.9400000013
-81 -42 994557.9400000013
-65 -149 994557.9400000013
-65 -149 994557.9400000013
-146 -169 994557.9400000013
-146 -169 994557.9400000013
-72 -39 994557.9400000013
-72 -39 994557.9400000013
-151 -133 994557.9400000013
-151 -133 994557.9400000013
-84 -38 994557.9400000013
-84 -38 994557.9400000013
-155 -166 994557.9400000013
-155 -166 994557.9400000013
-106 -157 994557.9400000013
-106 -157 994557.9400000013
-110 -198 994557.9400000013
-110 -198 994557.9400000013
-65 -49 994557.9400000013
-65 -49 994557.9400000013
-144 -311 994557.9400000013
-144 -311 994557.9400000013
-150 -286 994557.9400000013
-150 -286 994557.9400000013
-115 -174 994557.9400000013
-115 -174 994557.9400000013
-155 -193 994557.9400000013
-155 -193 994557.9400000013
-25 -20 994557.9400000013
-25 -20 994557.9400000013
-128 -269 994557.9400000013
-128 -269 994557.9400000013
-151 -299 994557.9400000013
-151 -299 994557.9400000013
-142 -109 994557.9400000013
-142 -109 994557.9400000013
-77 -149 994557.9400000013
-77 -149 994557.9400000013
-121 -165 994557.9400000013
-121 -165 994557.9400000013
-155 -251 994557.9400000013
-155 -251 994557.9400000013
-124 -236 994557.9400000013
-124 -236 994557.9400000013
-116 -209 994557.9400000013
-116 -209 994557.9400000013
-76 -163 994557.9400000013
-76 -163 994557.9400000013
-126 -284 994557.9400000013
-126 -284 994557.9400000013
-130 -279 994557.9400000013
-130 -279 994557.9400000013
-76 -187 994557.9400000013
-76 -187 994557.9400000013
-61 -77 994557.9400000013
-61 -77 994557.9400000013
-128 -217 994557.9400000013
-128 -217 994557.9400000013
-68 -71 994557.9400000013
-68 -71 994557.9400000013
-48 -85 994557.9400000013
-48 -85 994557.9400000013
-71 -24 994557.9400000013
-71 -24 994557.9400000013
-123 -193 994557.9400000013
-123 -193 994557.9400000013
-132 -179 994557.9400000013
-132 -179 994557.9400000013
-143 -200 994557.9400000013
-143 -200 994557.9400000013
-92 -202 994557.9400000013
-92 -202 994557.9400000013
-137 -207 994557.9400000013
-137 -207 994557.9400000013
-150 -85 994557.9400000013
-150 -85 994557.9400000013
-138 -107 994557.9400000013
-138 -107 994557.9400000013
-143 -46 994557.9400000013
-143 -46 994557.9400000013
-136 -149 994557.9400000013
-136 -149 994557.9400000013
-93 -220 994557.9400000013
-93 -220 994557.9400000013
-85 -43 994557.9400000013
-85 -43 994557.9400000013
-108 -238 994557.9400000013
-108 -238 994557.9400000013
-60 -58 994557.9400000013
-60 -58 994557.9400000013
-103 -183 994557.9400000013
-103 -183 994557.9400000013
-72 -105 994557.9400000013
-72 -105 994557.9400000013
-135 -168 994557.9400000013
-135 -168 994557.9400000013
-115 -282 994557.9400000013
-115 -282 994557.9400000013
-138 -225 994557.9400000013
-138 -225 994557.9400000013
-138 -50 994557.9400000013
-138 -50 994557.9400000013
-132 -302 994557.9400000013
-132 -302 994557.9400000013
-70 -37 994557.9400000013
-70 -37 994557.9400000013
-107 -193 994557.9400000013
-107 -193 994557.9400000013
-71 -132 994557.9400000013
-71 -132 994557.9400000013
-116 -210 994557.9400000013
-116 -210 994557.9400000013
-107 -121 994557.9400000013
-107 -121 994557.9400000013
-155 -260 994557.9400000013
-155 -260 994557.9400000013
-132 -124 994557.9400000013
-132 -124 994557.9400000013
-126 -238 994557.9400000013
-126 -238 994557.9400000013
-96 -190 994557.9400000013
-96 -190 994557.9400000013
-145 -313 994557.9400000013
-145 -313 994557.9400000013
-104 -34 994557.9400000013
-104 -34 994557.9400000013
-151 -135 994557.9400000013
-151 -135 994557.9400000013
-117 -55 994557.9400000013
-117 -55 994557.9400000013
-88 -61 994557.9400000013
-88 -61 994557.9400000013
-114 -176 994557.9400000013
-114 -176 994557.9400000013
-92 -80 994557.9400000013
-92 -80 994557.9400000013
-39 -92 994557.9400000013
-39 -92 994557.9400000013
-150.19999999999982 -312.59999999999945 994557.9400000013
-150.19999999999982 -312.59999999999945 994557.9400000013
-122.84000000000015 -312.7999999999993 994557.9400000013
-122.84000000000015 -312.7999999999993 994557.9400000013
-114 -24 994557.9400000013
-114 -24 994557.9400000013
-78 -21 994557.9400000013
-78 -21 994557.9400000013
-95 -26 994557.9400000013
-95 -26 994557.9400000013
-137 -31 994557.9400000013
-137 -31 994557.9400000013
-143 -35 994557.9400000013
-143 -35 994557.9400000013
-148 -33 994557.9400000013
-148 -33 994557.9400000013
-75 -18 994557.9400000013
-75 -18 994557.9400000013
