21 444 989563.8999999812
-32 50 989563.8999999812
-32 50 989563.8999999812
-34 130 989563.8999999812
-34 130 989563.8999999812
-44 87 989563.8999999812
-44 87 989563.8999999812
-58 263 989563.8999999812
-58 263 989563.8999999812
-98 230 989563.8999999812
-98 230 989563.8999999812
-130 205 989563.8999999812
-130 205 989563.8999999812
-55 181 989563.8999999812
-55 181 989563.8999999812
43 389 989563.8999999812
-49 127 989563.8999999812
-49 127 989563.8999999812
-112 245 989563.8999999812
-112 245 989563.8999999812
60 395 989563.8999999812
-61 176 989563.8999999812
-61 176 989563.8999999812
-114 289 989563.8999999812
-114 289 989563.8999999812
71 338 989563.8999999812
106 466 989563.8999999812
55 466 989563.8999999812
42 365 989563.8999999812
-15 264 989563.8999999812
-15 264 989563.8999999812
-78 292 989563.8999999812
-78 292 989563.8999999812
-112 133 989563.8999999812
-112 133 989563.8999999812
-40 26 989563.8999999812
-40 26 989563.8999999812
5 363 989563.8999999812
-81 227 989563.8999999812
-81 227 989563.8999999812
39 353 989563.8999999812
50 459 989563.8999999812
-103 40 989563.8999999812
-103 40 989563.8999999812
-114 110 989563.8999999812
-114 110 989563.8999999812
130 426 989563.8999999812
-149 78 989563.8999999812
-149 78 989563.8999999812
-37 76 989563.8999999812
-37 76 989563.8999999812
-81 271 989563.8999999812
-81 271 989563.8999999812
66 447 989563.8999999812
133 367 989563.8999999812
-65 164 989563.8999999812
-65 164 989563.8999999812
-89 81 989563.8999999812
-89 81 989563.8999999812
-79 24 989563.8999999812
-79 24 989563.8999999812
15 355 989563.8999999812
147 456 989563.8999999812
-95 287 989563.8999999812
-95 287 989563.8999999812
-46 102 989563.8999999812
-46 102 989563.8999999812
72 422 989563.8999999812
-137 282 989563.8999999812
-137 282 989563.8999999812
-146 144 989563.8999999812
167 457 989563.8999999812
-146 144 989563.8999999812
167 457 989563.8999999812
96 458 989563.8999999812
-14 94 989563.8999999812
-14 94 989563.8999999812
-72 274 989563.8999999812
-72 274 989563.8999999812
-143 278 989563.8999999812
-143 278 989563.8999999812
-151 180 989563.8999999812
-151 180 989563.8999999812
23 457 989563.8999999812
144 444 989563.8999999812
131 368 989563.8999999812
-84 275 989563.8999999812
-84 275 989563.8999999812
98 455 989563.8999999812
-100 306 989563.8999999812
-100 -7 989563.8999999812
-100 306 989563.8999999812
-100 -7 989563.8999999812
-155 147 989563.8999999812
158 460 989563.8999999812
-155 147 989563.8999999812
158 460 989563.8999999812
15 382 989563.8999999812
52 379 989563.8999999812
-106 156 989563.8999999812
-106 156 989563.8999999812
-31 198 989563.8999999812
-31 198 989563.8999999812
-110 115 989563.8999999812
-110 115 989563.8999999812
-65 264 989563.8999999812
-65 264 989563.8999999812
69 401 989563.8999999812
-144 2 989563.8999999812
-144 2 989563.8999999812
48 353 989563.8999999812
66 349 989563.8999999812
16 443 989563.8999999812
-150 27 989563.8999999812
-150 27 989563.8999999812
150 397 989563.8999999812
-115 139 989563.8999999812
-115 139 989563.8999999812
-155 120 989563.8999999812
158 433 989563.8999999812
-155 120 989563.8999999812
158 433 989563.8999999812
100 337 989563.8999999812
-104 33 989563.8999999812
-104 33 989563.8999999812
-25 293 989563.8999999812
-25 293 989563.8999999812
-128 44 989563.8999999812
-128 44 989563.8999999812
129 346 989563.8999999812
-151 14 989563.8999999812
-151 14 989563.8999999812
-142 204 989563.8999999812
-142 204 989563.8999999812
-77 164 989563.8999999812
-77 164 989563.8999999812
-121 148 989563.8999999812
-121 148 989563.8999999812
-155 62 989563.8999999812
-155 62 989563.8999999812
53 437 989563.8999999812
-25 193 989563.8999999812
-25 193 989563.8999999812
-124 77 989563.8999999812
-124 77 989563.8999999812
-87 54 989563.8999999812
-87 54 989563.8999999812
42 445 989563.8999999812
92 411 989563.8999999812
-33 31 989563.8999999812
-33 31 989563.8999999812
-116 104 989563.8999999812
-116 104 989563.8999999812
-76 150 989563.8999999812
-76 150 989563.8999999812
-126 29 989563.8999999812
-126 29 989563.8999999812
-130 34 989563.8999999812
-130 34 989563.8999999812
-56 158 989563.8999999812
-56 158 989563.8999999812
-148 280 989563.8999999812
-148 280 989563.8999999812
133 363 989563.8999999812
-154 284 989563.8999999812
-154 -29 989563.8999999812
-154 284 989563.8999999812
-154 -29 989563.8999999812
-76 126 989563.8999999812
-76 126 989563.8999999812
-60 40 989563.8999999812
-60 40 989563.8999999812
118 451 989563.8999999812
-61 236 989563.8999999812
-61 236 989563.8999999812
119 389 989563.8999999812
-128 96 989563.8999999812
-128 96 989563.8999999812
-45 174 989563.8999999812
-45 174 989563.8999999812
-92 55 989563.8999999812
-92 55 989563.8999999812
90 371 989563.8999999812
-68 242 989563.8999999812
-68 242 989563.8999999812
-31 169 989563.8999999812
-31 169 989563.8999999812
-48 228 989563.8999999812
-48 228 989563.8999999812
-29 109 989563.8999999812
-29 109 989563.8999999812
-71 289 989563.8999999812
-71 289 989563.8999999812
-47 133 989563.8999999812
-47 133 989563.8999999812
124 348 989563.8999999812
-123 120 989563.8999999812
-123 120 989563.8999999812
-73 44 989563.8999999812
-73 44 989563.8999999812
99 451 989563.8999999812
-132 134 989563.8999999812
-132 134 989563.8999999812
-28 73 989563.8999999812
-28 73 989563.8999999812
59 387 989563.8999999812
-75 295 989563.8999999812
-75 295 989563.8999999812
-143 113 989563.8999999812
-143 113 989563.8999999812
-66 22 989563.8999999812
-66 22 989563.8999999812
-20 254 989563.8999999812
-20 254 989563.8999999812
-92 111 989563.8999999812
-92 111 989563.8999999812
-137 106 989563.8999999812
-137 106 989563.8999999812
-150 228 989563.8999999812
-150 228 989563.8999999812
-51 152 989563.8999999812
-51 152 989563.8999999812
-138 206 989563.8999999812
-138 206 989563.8999999812
-143 267 989563.8999999812
-143 267 989563.8999999812
-136 164 989563.8999999812
-136 164 989563.8999999812
31 334 989563.8999999812
-56 86 989563.8999999812
-56 86 989563.8999999812
-34 58 989563.8999999812
-34 58 989563.8999999812
-93 93 989563.8999999812
-93 93 989563.8999999812
-73 26 989563.8999999812
-73 26 989563.8999999812
131 381 989563.8999999812
-85 270 989563.8999999812
-85 270 989563.8999999812
-108 75 989563.8999999812
-108 75 989563.8999999812
-60 255 989563.8999999812
-60 255 989563.8999999812
-103 130 989563.8999999812
-103 130 989563.8999999812
62 350 989563.8999999812
-72 208 989563.8999999812
-72 208 989563.8999999812
-135 145 989563.8999999812
-135 145 989563.8999999812
146 455 989563.8999999812
36 349 989563.8999999812
-60 82 989563.8999999812
-60 82 989563.8999999812
-115 31 989563.8999999812
-115 31 989563.8999999812
24 419 989563.8999999812
-138 88 989563.8999999812
-138 88 989563.8999999812
-138 263 989563.8999999812
-138 263 989563.8999999812
22 376 989563.8999999812
-132 11 989563.8999999812
-132 11 989563.8999999812
-70 276 989563.8999999812
-70 276 989563.8999999812
42 466 989563.8999999812
109 462 989563.8999999812
-107 120 989563.8999999812
-107 120 989563.8999999812
-71 181 989563.8999999812
-71 181 989563.8999999812
15 340 989563.8999999812
-17 44 989563.8999999812
-17 44 989563.8999999812
-116 103 989563.8999999812
-116 103 989563.8999999812
-107 192 989563.8999999812
-107 192 989563.8999999812
46 331 989563.8999999812
-14 51 989563.8999999812
-14 51 989563.8999999812
-155 53 989563.8999999812
-155 53 989563.8999999812
-25 19 989563.8999999812
-25 19 989563.8999999812
-132 189 989563.8999999812
-132 189 989563.8999999812
-126 75 989563.8999999812
-126 75 989563.8999999812
-96 123 989563.8999999812
-96 123 989563.8999999812
105 378 989563.8999999812
-79 61 989563.8999999812
-79 61 989563.8999999812
34 424 989563.8999999812
-148 303 989563.8999999812
-148 -10 989563.8999999812
-148 303 989563.8999999812
-148 -10 989563.8999999812
-28 181 989563.8999999812
-28 181 989563.8999999812
-145 0 989563.8999999812
-145 0 989563.8999999812
49 429 989563.8999999812
-104 279 989563.8999999812
-104 279 989563.8999999812
-151 178 989563.8999999812
-151 178 989563.8999999812
0 364 989563.8999999812
-117 258 989563.8999999812
-117 258 989563.8999999812
91 413 989563.8999999812
72 360 989563.8999999812
-88 252 989563.8999999812
-88 252 989563.8999999812
95 451 989563.8999999812
98 395 989563.8999999812
70 447 989563.8999999812
-114 137 989563.8999999812
-114 137 989563.8999999812
-92 233 989563.8999999812
-92 233 989563.8999999812
126 460 989563.8999999812
-39 221 989563.8999999812
-39 221 989563.8999999812
114 401 989563.8999999812
-64 115 989563.8999999812
-64 115 989563.8999999812
-55 111 989563.8999999812
-55 111 989563.8999999812
7 344 989563.8999999812
79 412 989563.8999999812
122 365 989563.8999999812
-8.970000000000027 10.930000000000037 989563.8999999812
-8.970000000000027 10.930000000000037 989563.8999999812
-8.930000000000064 10.890000000000082 989563.8999999812
-8.930000000000064 10.890000000000082 989563.8999999812
-8.8900000000001 10.85000000000011 989563.8999999812
-8.8900000000001 10.85000000000011 989563.8999999812
-8.870000000000118 10.830000000000146 989563.8999999812
-8.870000000000118 10.830000000000146 989563.8999999812
-8.830000000000155 10.790000000000164 989563.8999999812
-8.830000000000155 10.790000000000164 989563.8999999812
-8.77000000000021 10.730000000000201 989563.8999999812
-8.77000000000021 10.730000000000201 989563.8999999812
-8.760000000000218 10.700000000000198 989563.8999999812
-8.760000000000218 10.700000000000198 989563.8999999812
-8.720000000000255 10.660000000000226 989563.8999999812
-8.720000000000255 10.660000000000226 989563.8999999812
-8.700000000000273 10.640000000000262 989563.8999999812
-8.700000000000273 10.640000000000262 989563.8999999812
-8.640000000000327 10.58000000000029 989563.8999999812
-8.640000000000327 10.58000000000029 989563.8999999812
21.99000000000001 468.99 989563.8999999812
-8.570000000000391 10.510000000000279 989563.8999999812
-8.570000000000391 10.510000000000279 989563.8999999812
-8.55000000000041 10.490000000000284 989563.8999999812
-8.55000000000041 10.490000000000284 989563.8999999812
-8.470000000000482 10.410000000000313 989563.8999999812
-8.470000000000482 10.410000000000313 989563.8999999812
-8.430000000000518 10.370000000000328 989563.8999999812
-8.430000000000518 10.370000000000328 989563.8999999812
-8.410000000000537 10.350000000000355 989563.8999999812
-8.410000000000537 10.350000000000355 989563.8999999812
-8.290000000000646 10.230000000000375 989563.8999999812
-8.290000000000646 10.230000000000375 989563.8999999812
-8.260000000000673 10.200000000000369 989563.8999999812
-8.260000000000673 10.200000000000369 989563.8999999812
-8.22000000000071 10.160000000000396 989563.8999999812
-8.22000000000071 10.160000000000396 989563.8999999812
-8.170000000000755 10.11000000000046 989563.8999999812
-8.170000000000755 10.11000000000046 989563.8999999812
-8.1200000000008 10.060000000000505 989563.8999999812
-8.1200000000008 10.060000000000505 989563.8999999812
-8.090000000000828 10.030000000000523 989563.8999999812
-8.090000000000828 10.030000000000523 989563.8999999812
-8.050000000000864 9.99000000000055 989563.8999999812
-8.050000000000864 9.99000000000055 989563.8999999812
-8.030000000000882 9.970000000000587 989563.8999999812
-8.030000000000882 9.970000000000587 989563.8999999812
-7.940000000000964 9.920000000000597 989563.8999999812
-7.940000000000964 9.920000000000597 989563.8999999812
-7.840000000001055 9.820000000000595 989563.8999999812
-7.840000000001055 9.820000000000595 989563.8999999812
-7.800000000001091 9.780000000000628 989563.8999999812
-7.800000000001091 9.780000000000628 989563.8999999812
-20.950000000000045 217.97000000000003 989563.8999999812
-20.950000000000045 217.97000000000003 989563.8999999812
-7.760000000001128 9.720000000000692 989563.8999999812
-7.760000000001128 9.720000000000692 989563.8999999812
-7.720000000001164 9.680000000000728 989563.8999999812
-7.720000000001164 9.680000000000728 989563.8999999812
-7.690000000001191 9.650000000000755 989563.8999999812
-7.690000000001191 9.650000000000755 989563.8999999812
-7.660000000001219 9.6000000000008 989563.8999999812
-7.660000000001219 9.6000000000008 989563.8999999812
-7.640000000001237 9.580000000000828 989563.8999999812
-7.640000000001237 9.580000000000828 989563.8999999812
-7.600000000001273 9.540000000000855 989563.8999999812
-7.600000000001273 9.540000000000855 989563.8999999812
-7.5800000000012915 9.520000000000882 989563.8999999812
-7.5800000000012915 9.520000000000882 989563.8999999812
-7.540000000001328 9.480000000000901 989563.8999999812
-7.540000000001328 9.480000000000901 989563.8999999812
-7.520000000001346 9.460000000000937 989563.8999999812
-7.520000000001346 9.460000000000937 989563.8999999812
-7.500000000001364 9.440000000000955 989563.8999999812
-7.500000000001364 9.440000000000955 989563.8999999812
-7.430000000001428 9.370000000001001 989563.8999999812
-7.430000000001428 9.370000000001001 989563.8999999812
-7.390000000001464 9.330000000001037 989563.8999999812
-7.390000000001464 9.330000000001037 989563.8999999812
-9.910000000000082 106.94999999999997 989563.8999999812
-9.910000000000082 106.94999999999997 989563.8999999812
-7.320000000001528 9.260000000001074 989563.8999999812
-7.320000000001528 9.260000000001074 989563.8999999812
-7.290000000001555 9.23000000000108 989563.8999999812
-7.290000000001555 9.23000000000108 989563.8999999812
-7.270000000001573 9.210000000001108 989563.8999999812
-7.270000000001573 9.210000000001108 989563.8999999812
-7.250000000001592 9.190000000001126 989563.8999999812
-7.250000000001592 9.190000000001126 989563.8999999812
5.3100000000006276 376.21 989563.8999999812
43.820000000000036 323.72000000000025 989563.8999999812
-7.690000000001191 9.590000000000828 989563.8999999812
-7.690000000001191 9.590000000000828 989563.8999999812
-4.8400000000001455 283.1399999999999 989563.8999999812
-4.8400000000001455 283.1399999999999 989563.8999999812
-7.190000000001646 9.130000000001154 989563.8999999812
-7.190000000001646 9.130000000001154 989563.8999999812
-7.910000000000991 9.990000000000604 989563.8999999812
-7.910000000000991 9.990000000000604 989563.8999999812
45.14999999999997 323.6700000000003 989563.8999999812
17.90999999999983 279.41000000000054 989563.8999999812
4.149999999999997 246.74999999999932 989563.8999999812
-9.1099999999999 10.230000000000643 989563.8999999812
-9.1099999999999 10.230000000000643 989563.8999999812
-112.98000000000002 311.15999999999985 989563.8999999812
-112.98000000000002 -1.8400000000001455 989563.8999999812
-112.98000000000002 311.15999999999985 989563.8999999812
-112.98000000000002 -1.8400000000001455 989563.8999999812
-7.820000000000164 138.15999999999985 989563.8999999812
-7.820000000000164 138.15999999999985 989563.8999999812
5.210000000001628 384.63000000000034 989563.8999999812
-114.00999999999999 1.990000000000009 989563.8999999812
-114.00999999999999 1.990000000000009 989563.8999999812
1.9900000000009186 411.66999999999985 989563.8999999812
28.170000000000027 289.8900000000001 989563.8999999812
1.5500000000013188 429.2500000000001 989563.8999999812
5.599999999999987 50.019999999999996 989563.8999999812
-28.619999999999436 309.37999999999784 989563.8999999812
-28.619999999999436 -3.6200000000021646 989563.8999999812
-28.619999999999436 309.37999999999784 989563.8999999812
-28.619999999999436 -3.6200000000021646 989563.8999999812
2.1200000000008004 444.50000000000045 989563.8999999812
93.21000000000011 248.91000000000008 989563.8999999812
-7.1600000000016735 9.100000000001142 989563.8999999812
-7.1600000000016735 9.100000000001142 989563.8999999812
-3.1500000000016826 189.06999999999994 989563.8999999812
-3.1500000000016826 189.06999999999994 989563.8999999812
36.20000000000036 177.6800000000012 989563.8999999812
46.95000000000021 170.97000000000003 989563.8999999812
5.760000000000005 242.88000000000102 989563.8999999812
54.94000000000021 240.96000000000004 989563.8999999812
64.91000000000047 259.99 989563.8999999812
25.300000000000047 275.8800000000019 989563.8999999812
-122.88000000000011 0.08000000000083674 989563.8999999812
-122.88000000000011 0.08000000000083674 989563.8999999812
-150.2299999999998 0.35000000000059117 989563.8999999812
-150.2299999999998 0.35000000000059117 989563.8999999812
-56.1099999999999 12.370000000000573 989563.8999999812
-56.1099999999999 12.370000000000573 989563.8999999812
0.2700000000000092 50.95000000000001 989563.8999999812
30.16000000000018 301.5399999999986 989563.8999999812
53.85000000000003 185.65000000000032 989563.8999999812
4.219999999999974 115.83999999999992 989563.8999999812
3.5899999999999874 133.089999999999 989563.8999999812
64.01 219.99 989563.8999999812
34.56999999999989 109.88999999999943 989563.8999999812
16.979999999999997 300.1999999999989 989563.8999999812
28.86999999999998 188.71000000000026 989563.8999999812
56.03999999999979 191.4399999999987 989563.8999999812
63.79999999999964 179.8800000000001 989563.8999999812
41.020000000000195 152.0200000000009 989563.8999999812
1.4699999999990916 258.3099999999988 989563.8999999812
-2.0200000000008913 302.7599999999993 989563.8999999812
-2.0200000000008913 302.7599999999993 989563.8999999812
-99.96000000000004 1.7200000000002547 989563.8999999812
-99.96000000000004 1.7200000000002547 989563.8999999812
40.9800000000002 132.01999999999998 989563.8999999812
-8.260000000000673 11.420000000000009 989563.8999999812
-8.260000000000673 11.420000000000009 989563.8999999812
67.67999999999984 311.40000000000236 989563.8999999812
48.239999999999554 290.94000000000005 989563.8999999812
58.38999999999992 209.2300000000016 989563.8999999812
22.420000000000222 130.36000000000058 989563.8999999812
-7.140000000001692 9.080000000001169 989563.8999999812
-7.140000000001692 9.080000000001169 989563.8999999812
33.23000000000015 228.22999999999797 989563.8999999812
70.99999999999949 232.07999999999902 989563.8999999812
11.249999999999995 227.4700000000014 989563.8999999812
4.6199999999999655 97.71999999999935 989563.8999999812
6.360000000000014 30.839999999999975 989563.8999999812
19.969999999999995 198.4500000000005 989563.8999999812
23.02999999999985 104.4499999999992 989563.8999999812
11.450000000000054 205.44999999999868 989563.8999999812
6.579999999999988 296.9000000000001 989563.8999999812
-91.95000000000005 6.850000000000136 989563.8999999812
-91.95000000000005 6.850000000000136 989563.8999999812
23.33000000000005 144.08999999999992 989563.8999999812
42.37999999999953 220.98000000000002 989563.8999999812
71.960000000001 298.9200000000028 989563.8999999812
12.690000000000007 185.77000000000203 989563.8999999812
16.039999999999985 71.46000000000126 989563.8999999812
50.34999999999993 145.17000000000075 989563.8999999812
23.739999999999803 211.1999999999989 989563.8999999812
72.08000000000106 263.4399999999978 989563.8999999812
20.049999999999695 158.26999999999794 989563.8999999812
38.39999999999992 275.2600000000007 989563.8999999812
50.09999999999998 170.05999999999995 989563.8999999812
15.120000000000019 129.3400000000006 989563.8999999812
88.27999999999963 258.69999999999663 989563.8999999812
77.48000000000076 227.7800000000002 989563.8999999812
15.999999999999915 244.91999999999825 989563.8999999812
96.42999999999971 321.930000000001 989563.8999999812
6.0699999999999985 62.59000000000008 989563.8999999812
-11.590000000001282 168.85000000000014 989563.8999999812
-11.590000000001282 168.85000000000014 989563.8999999812
56.23999999999975 153.49999999999955 989563.8999999812
54.44999999999971 168.51000000000045 989563.8999999812
45.720000000000454 259.3800000000015 989563.8999999812
87.87999999999943 244.54000000000133 989563.8999999812
4.569999999999988 280.41000000000054 989563.8999999812
32.4999999999999 214.17999999999984 989563.8999999812
-79.75000000000114 311.1099999999981 989563.8999999812
-79.75000000000114 -1.890000000001919 989563.8999999812
-79.75000000000114 311.1099999999981 989563.8999999812
-79.75000000000114 -1.890000000001919 989563.8999999812
16.19000000000001 42.269999999999946 989563.8999999812
43.54999999999989 191.58999999999855 989563.8999999812
40.270000000000145 159.00999999999908 989563.8999999812
96.52000000000078 254.49999999999773 989563.8999999812
60.85000000000043 261.5299999999986 989563.8999999812
23.550000000000242 62.31000000000014 989563.8999999812
29.060000000000166 202.94000000000005 989563.8999999812
6.52000000000001 72.24000000000063 989563.8999999812
85.0299999999995 251.06999999999994 989563.8999999812
-7.130000000001701 9.070000000001187 989563.8999999812
-7.130000000001701 9.070000000001187 989563.8999999812
103.51000000000026 295.41000000000145 989563.8999999812
334 131 989563.8999999812
334 444 989563.8999999812
347 226 989563.8999999812
347 226 989563.8999999812
281 363 989563.8999999812
281 363 989563.8999999812
454 240 989563.8999999812
454 240 989563.8999999812
279 443 989563.8999999812
279 443 989563.8999999812
269 400 989563.8999999812
269 400 989563.8999999812
420 159 989563.8999999812
420 159 989563.8999999812
356 389 989563.8999999812
264 440 989563.8999999812
264 440 989563.8999999812
402 218 989563.8999999812
402 218 989563.8999999812
447 276 989563.8999999812
447 276 989563.8999999812
448 279 989563.8999999812
448 279 989563.8999999812
373 395 989563.8999999812
464 254 989563.8999999812
464 254 989563.8999999812
377 220 989563.8999999812
377 220 989563.8999999812
384 338 989563.8999999812
419 153 989563.8999999812
419 466 989563.8999999812
368 153 989563.8999999812
368 466 989563.8999999812
355 365 989563.8999999812
442 183 989563.8999999812
442 183 989563.8999999812
402 255 989563.8999999812
402 255 989563.8999999812
423 212 989563.8999999812
423 212 989563.8999999812
325 243 989563.8999999812
325 243 989563.8999999812
201 446 989563.8999999812
201 446 989563.8999999812
273 339 989563.8999999812
273 339 989563.8999999812
318 363 989563.8999999812
352 353 989563.8999999812
363 146 989563.8999999812
363 459 989563.8999999812
210 353 989563.8999999812
210 353 989563.8999999812
351 276 989563.8999999812
351 276 989563.8999999812
199 423 989563.8999999812
199 423 989563.8999999812
377 260 989563.8999999812
377 260 989563.8999999812
443 426 989563.8999999812
164 391 989563.8999999812
164 391 989563.8999999812
276 389 989563.8999999812
276 389 989563.8999999812
449 283 989563.8999999812
449 283 989563.8999999812
326 188 989563.8999999812
326 188 989563.8999999812
356 190 989563.8999999812
356 190 989563.8999999812
379 134 989563.8999999812
379 447 989563.8999999812
446 367 989563.8999999812
224 394 989563.8999999812
224 394 989563.8999999812
436 175 989563.8999999812
436 175 989563.8999999812
146 322 989563.8999999812
459 322 989563.8999999812
234 337 989563.8999999812
234 337 989563.8999999812
328 355 989563.8999999812
460 143 989563.8999999812
460 456 989563.8999999812
267 415 989563.8999999812
267 415 989563.8999999812
385 422 989563.8999999812
345 214 989563.8999999812
345 214 989563.8999999812
409 145 989563.8999999812
409 458 989563.8999999812
438 228 989563.8999999812
438 228 989563.8999999812
299 407 989563.8999999812
299 407 989563.8999999812
361 261 989563.8999999812
361 261 989563.8999999812
336 144 989563.8999999812
336 457 989563.8999999812
457 444 989563.8999999812
455 254 989563.8999999812
455 254 989563.8999999812
444 368 989563.8999999812
156 337 989563.8999999812
469 337 989563.8999999812
430 182 989563.8999999812
430 182 989563.8999999812
366 169 989563.8999999812
366 169 989563.8999999812
408 243 989563.8999999812
408 243 989563.8999999812
411 142 989563.8999999812
411 455 989563.8999999812
328 382 989563.8999999812
365 379 989563.8999999812
207 469 989563.8999999812
207 469 989563.8999999812
138 340 989563.8999999812
451 340 989563.8999999812
354 158 989563.8999999812
354 158 989563.8999999812
203 428 989563.8999999812
203 428 989563.8999999812
338 210 989563.8999999812
338 210 989563.8999999812
382 401 989563.8999999812
169 315 989563.8999999812
169 315 989563.8999999812
361 353 989563.8999999812
379 349 989563.8999999812
329 130 989563.8999999812
329 443 989563.8999999812
163 340 989563.8999999812
163 340 989563.8999999812
463 397 989563.8999999812
198 452 989563.8999999812
198 452 989563.8999999812
413 337 989563.8999999812
209 346 989563.8999999812
209 346 989563.8999999812
185 357 989563.8999999812
185 357 989563.8999999812
442 346 989563.8999999812
399 251 989563.8999999812
399 251 989563.8999999812
162 327 989563.8999999812
162 327 989563.8999999812
192 461 989563.8999999812
192 461 989563.8999999812
158 375 989563.8999999812
158 375 989563.8999999812
366 124 989563.8999999812
366 437 989563.8999999812
338 278 989563.8999999812
338 278 989563.8999999812
189 390 989563.8999999812
189 390 989563.8999999812
226 367 989563.8999999812
226 367 989563.8999999812
355 132 989563.8999999812
355 445 989563.8999999812
405 411 989563.8999999812
418 181 989563.8999999812
418 181 989563.8999999812
280 344 989563.8999999812
280 344 989563.8999999812
197 417 989563.8999999812
197 417 989563.8999999812
333 199 989563.8999999812
333 199 989563.8999999812
237 463 989563.8999999812
237 463 989563.8999999812
400 197 989563.8999999812
400 197 989563.8999999812
187 342 989563.8999999812
187 342 989563.8999999812
183 347 989563.8999999812
183 347 989563.8999999812
351 179 989563.8999999812
351 179 989563.8999999812
446 363 989563.8999999812
237 439 989563.8999999812
237 439 989563.8999999812
253 353 989563.8999999812
253 353 989563.8999999812
431 138 989563.8999999812
431 451 989563.8999999812
361 171 989563.8999999812
361 171 989563.8999999812
432 258 989563.8999999812
432 258 989563.8999999812
402 246 989563.8999999812
402 246 989563.8999999812
319 244 989563.8999999812
319 244 989563.8999999812
432 389 989563.8999999812
332 280 989563.8999999812
332 280 989563.8999999812
185 409 989563.8999999812
185 409 989563.8999999812
426 175 989563.8999999812
426 175 989563.8999999812
221 368 989563.8999999812
221 368 989563.8999999812
403 371 989563.8999999812
284 422 989563.8999999812
284 422 989563.8999999812
266 446 989563.8999999812
266 446 989563.8999999812
437 348 989563.8999999812
190 433 989563.8999999812
190 433 989563.8999999812
240 357 989563.8999999812
240 357 989563.8999999812
341 290 989563.8999999812
341 290 989563.8999999812
412 138 989563.8999999812
412 451 989563.8999999812
181 447 989563.8999999812
181 447 989563.8999999812
285 386 989563.8999999812
285 386 989563.8999999812
372 387 989563.8999999812
170 426 989563.8999999812
170 426 989563.8999999812
247 335 989563.8999999812
247 335 989563.8999999812
467 163 989563.8999999812
467 163 989563.8999999812
221 424 989563.8999999812
221 424 989563.8999999812
176 419 989563.8999999812
176 419 989563.8999999812
262 465 989563.8999999812
262 465 989563.8999999812
344 334 989563.8999999812
453 218 989563.8999999812
453 218 989563.8999999812
257 399 989563.8999999812
257 399 989563.8999999812
399 178 989563.8999999812
399 178 989563.8999999812
279 371 989563.8999999812
279 371 989563.8999999812
341 203 989563.8999999812
341 203 989563.8999999812
369 241 989563.8999999812
369 241 989563.8999999812
220 406 989563.8999999812
220 406 989563.8999999812
240 339 989563.8999999812
240 339 989563.8999999812
444 381 989563.8999999812
205 388 989563.8999999812
205 388 989563.8999999812
375 180 989563.8999999812
375 180 989563.8999999812
418 174 989563.8999999812
418 174 989563.8999999812
210 443 989563.8999999812
210 443 989563.8999999812
375 350 989563.8999999812
178 458 989563.8999999812
178 458 989563.8999999812
453 160 989563.8999999812
453 160 989563.8999999812
459 142 989563.8999999812
459 455 989563.8999999812
449 172 989563.8999999812
449 172 989563.8999999812
152 363 989563.8999999812
465 363 989563.8999999812
349 349 989563.8999999812
253 395 989563.8999999812
253 395 989563.8999999812
371 211 989563.8999999812
371 211 989563.8999999812
198 344 989563.8999999812
198 344 989563.8999999812
342 189 989563.8999999812
342 189 989563.8999999812
385 231 989563.8999999812
385 231 989563.8999999812
337 106 989563.8999999812
337 419 989563.8999999812
175 401 989563.8999999812
175 401 989563.8999999812
383 261 989563.8999999812
383 261 989563.8999999812
390 165 989563.8999999812
390 165 989563.8999999812
335 376 989563.8999999812
181 324 989563.8999999812
181 324 989563.8999999812
355 153 989563.8999999812
355 466 989563.8999999812
467 313 989563.8999999812
422 149 989563.8999999812
422 462 989563.8999999812
457 290 989563.8999999812
457 290 989563.8999999812
206 433 989563.8999999812
206 433 989563.8999999812
328 340 989563.8999999812
363 170 989563.8999999812
363 170 989563.8999999812
296 357 989563.8999999812
296 357 989563.8999999812
197 416 989563.8999999812
197 416 989563.8999999812
416 297 989563.8999999812
416 297 989563.8999999812
359 331 989563.8999999812
299 364 989563.8999999812
299 364 989563.8999999812
158 366 989563.8999999812
158 366 989563.8999999812
288 332 989563.8999999812
288 332 989563.8999999812
187 388 989563.8999999812
187 388 989563.8999999812
424 180 989563.8999999812
424 180 989563.8999999812
427 215 989563.8999999812
427 215 989563.8999999812
217 436 989563.8999999812
217 436 989563.8999999812
389 228 989563.8999999812
389 228 989563.8999999812
418 378 989563.8999999812
234 374 989563.8999999812
234 374 989563.8999999812
347 111 989563.8999999812
347 424 989563.8999999812
353 221 989563.8999999812
353 221 989563.8999999812
362 116 989563.8999999812
362 429 989563.8999999812
410 176 989563.8999999812
410 176 989563.8999999812
463 280 989563.8999999812
463 280 989563.8999999812
313 364 989563.8999999812
421 206 989563.8999999812
421 206 989563.8999999812
404 413 989563.8999999812
376 260 989563.8999999812
376 260 989563.8999999812
385 360 989563.8999999812
422 252 989563.8999999812
422 252 989563.8999999812
408 252 989563.8999999812
408 252 989563.8999999812
408 138 989563.8999999812
408 451 989563.8999999812
466 292 989563.8999999812
466 292 989563.8999999812
411 395 989563.8999999812
406 249 989563.8999999812
406 249 989563.8999999812
443 168 989563.8999999812
443 168 989563.8999999812
383 134 989563.8999999812
383 447 989563.8999999812
199 450 989563.8999999812
199 450 989563.8999999812
439 147 989563.8999999812
439 460 989563.8999999812
359 291 989563.8999999812
359 291 989563.8999999812
368 190 989563.8999999812
368 190 989563.8999999812
464 157 989563.8999999812
464 157 989563.8999999812
427 401 989563.8999999812
249 428 989563.8999999812
249 428 989563.8999999812
258 424 989563.8999999812
258 424 989563.8999999812
320 344 989563.8999999812
392 412 989563.8999999812
435 365 989563.8999999812
367 186 989563.8999999812
367 186 989563.8999999812
334.99 155.99 989563.8999999812
334.99 468.99 989563.8999999812
318.94000000000017 297.1399999999999 989563.8999999812
318.94000000000017 297.1399999999999 989563.8999999812
303.0899999999999 419.95 989563.8999999812
303.0899999999999 419.95 989563.8999999812
318.3100000000006 376.21 989563.8999999812
356.82000000000005 323.72000000000025 989563.8999999812
305.3099999999988 322.5900000000008 989563.8999999812
305.3099999999988 322.5900000000008 989563.8999999812
305.089999999999 322.9900000000006 989563.8999999812
305.089999999999 322.9900000000006 989563.8999999812
358.15 323.6700000000003 989563.8999999812
329.96 300.099999999999 989563.8999999812
329.96 300.099999999999 989563.8999999812
168.56999999999948 312.2100000000007 989563.8999999812
197.04999999999995 104.41000000000021 989563.8999999812
134.2099999999989 54.94999999999981 989563.8999999812
303.8900000000001 323.23000000000064 989563.8999999812
303.8900000000001 323.23000000000064 989563.8999999812
184.25000000000068 310.1100000000017 989563.8999999812
269.82999999999925 87.5900000000003 989563.8999999812
305.17999999999984 451.15999999999985 989563.8999999812
305.17999999999984 451.15999999999985 989563.8999999812
175.23999999999978 206.69999999999936 989563.8999999812
318.2100000000016 384.63000000000034 989563.8999999812
152.96000000000004 292.6599999999994 989563.8999999812
198.99 314.99 989563.8999999812
198.99 314.99 989563.8999999812
109.36000000000018 148.4600000000005 989563.8999999812
314.9900000000009 98.66999999999983 989563.8999999812
314.9900000000009 411.66999999999985 989563.8999999812
164.99 280.03 989563.8999999812
72.60000000000133 133.96000000000004 989563.8999999812
110.99 180.48999999999955 989563.8999999812
314.5500000000013 116.25000000000013 989563.8999999812
314.5500000000013 429.2500000000001 989563.8999999812
104.87999999999994 173.30000000000064 989563.8999999812
200.28000000000065 131.88000000000102 989563.8999999812
232.6599999999994 270.08000000000084 989563.8999999812
122.88999999999994 174.99 989563.8999999812
208.06000000000085 277.3800000000015 989563.8999999812
257.1399999999999 158.2199999999998 989563.8999999812
315.1200000000008 131.50000000000045 989563.8999999812
315.1200000000008 444.50000000000045 989563.8999999812
198.04999999999905 100.98999999999897 989563.8999999812
296.880000000001 266.7399999999975 989563.8999999812
120.12999999999904 51.43000000000011 989563.8999999812
341.90999999999997 300.70999999999935 989563.8999999812
341.90999999999997 300.70999999999935 989563.8999999812
326.5800000000004 204.15999999999985 989563.8999999812
326.5800000000004 204.15999999999985 989563.8999999812
198.39999999999964 140.07999999999902 989563.8999999812
107.25000000000013 159.52999999999952 989563.8999999812
180.75000000000023 133.03000000000088 989563.8999999812
58.720000000000255 83.92000000000098 989563.8999999812
170.15999999999985 277.98 989563.8999999812
113.12000000000006 174.16000000000076 989563.8999999812
168.4600000000014 266.1000000000008 989563.8999999812
221.95999999999913 110.09999999999954 989563.8999999812
142.93000000000097 291.1899999999989 989563.8999999812
226.20000000000164 268.6800000000012 989563.8999999812
52.729999999999855 64.58999999999928 989563.8999999812
108.51999999999924 213.39999999999873 989563.8999999812
190.1199999999999 313.08000000000084 989563.8999999812
190.1199999999999 313.08000000000084 989563.8999999812
162.7700000000002 313.3500000000006 989563.8999999812
162.7700000000002 313.3500000000006 989563.8999999812
141.02999999999997 239.91000000000008 989563.8999999812
169.84000000000015 113.68000000000035 989563.8999999812
314.5600000000022 281.17999999999984 989563.8999999812
314.5600000000022 281.17999999999984 989563.8999999812
141.16000000000076 254.19999999999982 989563.8999999812
115.5500000000008 214.99 989563.8999999812
198.40000000000055 289.59999999999945 989563.8999999812
158.92000000000007 284.03999999999996 989563.8999999812
150.99 156.5700000000004 989563.8999999812
247.30000000000064 263.4800000000005 989563.8999999812
105.73999999999987 153.07999999999993 989563.8999999812
234.28000000000065 291.7000000000003 989563.8999999812
256.8900000000001 325.3700000000006 989563.8999999812
256.8900000000001 325.3700000000006 989563.8999999812
307.3200000000006 189.8799999999992 989563.8999999812
157.96000000000004 147.01999999999998 989563.8999999812
317.0200000000018 297.37999999999965 989563.8999999812
317.0200000000018 297.37999999999965 989563.8999999812
221.01999999999907 93.84000000000043 989563.8999999812
65.33999999999966 134.23999999999978 989563.8999999812
96.0099999999995 175.59000000000037 989563.8999999812
232.6699999999994 225.93000000000097 989563.8999999812
286.38999999999874 305.9900000000009 989563.8999999812
126.41000000000021 147.4299999999996 989563.8999999812
303.1000000000017 139.7599999999984 989563.8999999812
147.79999999999927 142.6600000000003 989563.8999999812
251.95000000000005 175.7900000000002 989563.8999999812
139.87000000000012 159.41000000000054 989563.8999999812
38.38000000000012 40.91999999999982 989563.8999999812
213.36999999999966 304.870000000001 989563.8999999812
85.12999999999955 178.38999999999965 989563.8999999812
159.97000000000185 183.66999999999666 989563.8999999812
245.34999999999786 277.3099999999988 989563.8999999812
186.4600000000005 71.73999999999833 989563.8999999812
247.4500000000005 163.91000000000008 989563.8999999812
35.45000000000011 34.69000000000026 989563.8999999812
117.3800000000002 183.49999999999864 989563.8999999812
108.96999999999998 252.36999999999966 989563.8999999812
225.18999999999892 80.74999999999987 989563.8999999812
213.03999999999996 314.72000000000025 989563.8999999812
213.03999999999996 314.72000000000025 989563.8999999812
206.0999999999999 120.32000000000016 989563.8999999812
130.20000000000073 55.419999999999916 989563.8999999812
198.91000000000008 109.96999999999998 989563.8999999812
48.75999999999985 40.119999999999976 989563.8999999812
304.7399999999993 324.42 989563.8999999812
304.7399999999993 324.42 989563.8999999812
221.12999999999988 233.14999999999986 989563.8999999812
129.20000000000073 166.86000000000104 989563.8999999812
70.40000000000072 87.17999999999958 989563.8999999812
241.23999999999978 206.86000000000104 989563.8999999812
279.4900000000023 198.8899999999992 989563.8999999812
164.92999999999824 229.18999999999892 989563.8999999812
174.58000000000038 88.04000000000002 989563.8999999812
178.11999999999898 165.4199999999987 989563.8999999812
60.79999999999964 73.13999999999956 989563.8999999812
290.31000000000245 251.17000000000257 989563.8999999812
208.44999999999868 158.5299999999977 989563.8999999812
158.78999999999928 62.94999999999981 989563.8999999812
195.98000000000002 259.2199999999989 989563.8999999812
211.8000000000029 226.4800000000032 989563.8999999812
252.36999999999966 235.2300000000007 989563.8999999812
184.93000000000006 95.90999999999995 989563.8999999812
167.10000000000355 204.05999999999995 989563.8999999812
104.47999999999973 182.23999999999887 989563.8999999812
29.7099999999998 19.249999999999726 989563.8999999812
289.47999999999865 193.67999999999938 989563.8999999812
189.0999999999999 78.64000000000084 989563.8999999812
294.9399999999973 219.25999999999885 989563.8999999812
132.04999999999905 69.23000000000063 989563.8999999812
203.12999999999988 115.05000000000003 989563.8999999812
255.05999999999813 253.70000000000118 989563.8999999812
275.05999999999904 221.13999999999987 989563.8999999812
89.64000000000033 218.01999999999998 989563.8999999812
148.00000000000182 86.1600000000011 989563.8999999812
165.92999999999915 301.7100000000012 989563.8999999812
72.11000000000057 22.669999999999636 989563.8999999812
282.4199999999996 165.68000000000302 989563.8999999812
96.98999999999948 81.0299999999995 989563.8999999812
212.37999999999784 132.7599999999975 989563.8999999812
187.02999999999633 207.5299999999977 989563.8999999812
176.51999999999862 260.98000000000184 989563.8999999812
119.07000000000004 76.07000000000004 989563.8999999812
152.7699999999984 253.69000000000028 989563.8999999812
129.92000000000007 111.01999999999899 989563.8999999812
53.60999999999988 123.99 989563.8999999812
77.07000000000004 163.81000000000108 989563.8999999812
177.97000000000003 145.01 989563.8999999812
221.04999999999995 319.85000000000014 989563.8999999812
221.04999999999995 319.85000000000014 989563.8999999812
264.82000000000016 227.98000000000002 989563.8999999812
198.98000000000002 136.98000000000002 989563.8999999812
300.25999999999976 167.62000000000126 989563.8999999812
383.05 303.7699999999984 989563.8999999812
383.05 303.7699999999984 989563.8999999812
189.5600000000004 120.0 989563.8999999812
233.42000000000235 165.13999999999896 989563.8999999812
160.10999999999808 52.31000000000014 989563.8999999812
72.33000000000017 48.789999999999644 989563.8999999812
265.2100000000007 134.60999999999854 989563.8999999812
86.05999999999952 197.0 989563.8999999812
207.80999999999835 192.14999999999986 989563.8999999812
150.5700000000013 48.91000000000022 989563.8999999812
285.0899999999999 181.02999999999997 989563.8999999812
267.8799999999992 101.97999999999999 989563.8999999812
243.6800000000012 242.25999999999976 989563.8999999812
314.5900000000022 244.65000000000123 989563.8999999812
314.5900000000022 244.65000000000123 989563.8999999812
280.79999999999836 130.85999999999922 989563.8999999812
199.96000000000004 309.7600000000011 989563.8999999812
114.89000000000046 89.950000000001 989563.8999999812
258.02 110.69999999999985 989563.8999999812
93.92999999999894 146.66999999999848 989563.8999999812
167.0 143.62000000000035 989563.8999999812
119.54000000000028 259.0199999999991 989563.8999999812
236.76000000000022 127.28000000000065 989563.8999999812
137.5299999999986 173.109999999999 989563.8999999812
133.40999999999963 48.61000000000028 989563.8999999812
89.6199999999998 57.920000000000016 989563.8999999812
92.15000000000008 96.54999999999926 989563.8999999812
60.65000000000027 37.269999999999946 989563.8999999812
232.71999999999935 308.52000000000044 989563.8999999812
93.08999999999902 135.85000000000196 989563.8999999812
108.01 204.09000000000174 989563.8999999812
117.93999999999997 135.08000000000266 989563.8999999812
240.10999999999808 297.7499999999975 989563.8999999812
131.13999999999805 186.5199999999968 989563.8999999812
259.68999999999573 265.5299999999977 989563.8999999812
199.2300000000016 243.0100000000018 989563.8999999812
143.32000000000062 129.88000000000102 989563.8999999812
100.85000000000095 135.49000000000228 989563.8999999812
239.28000000000247 182.55999999999858 989563.8999999812
217.5599999999995 122.95999999999998 989563.8999999812
409.4299999999997 321.930000000001 989563.8999999812
151.63000000000216 310.3300000000024 989563.8999999812
162.37999999999965 176.8000000000011 989563.8999999812
228.61000000000035 276.16999999999894 989563.8999999812
157.0000000000009 119.37999999999968 989563.8999999812
253.03999999999996 78.8599999999984 989563.8999999812
124.14999999999957 229.3299999999988 989563.8999999812
255.44000000000142 88.10000000000107 989563.8999999812
78.51999999999975 99.0 989563.8999999812
268.8499999999992 173.95000000000005 989563.8999999812
264.03999999999996 125.57999999999927 989563.8999999812
132.910000000001 273.9300000000019 989563.8999999812
41.18000000000016 52.43999999999991 989563.8999999812
240.65000000000032 274.03 989563.8999999812
298.8700000000001 92.32999999999915 989563.8999999812
272.790000000002 310.0500000000036 989563.8999999812
236.1200000000008 148.70000000000118 989563.8999999812
154.48999999999955 163.6699999999994 989563.8999999812
310.3500000000015 257.0899999999999 989563.8999999812
178.61999999999762 282.27999999999975 989563.8999999812
285.6900000000021 289.53000000000316 989563.8999999812
67.59000000000081 36.01 989563.8999999812
302.28000000000065 108.1600000000006 989563.8999999812
218.2099999999998 287.26999999999975 989563.8999999812
41.270000000000344 78.03000000000104 989563.8999999812
204.93000000000006 74.42999999999971 989563.8999999812
47.11999999999978 19.02000000000016 989563.8999999812
96.7700000000009 240.53000000000225 989563.8999999812
98.06000000000003 142.01999999999998 989563.8999999812
224.83000000000015 252.04999999999995 989563.8999999812
144.43000000000143 141.93000000000006 989563.8999999812
71.95999999999998 110.12000000000057 989563.8999999812
258.37999999999965 183.61999999999762 989563.8999999812
284.3299999999997 109.55000000000028 989563.8999999812
174.81000000000108 105.06999999999952 989563.8999999812
322.72000000000116 229.0 989563.8999999812
322.72000000000116 229.0 989563.8999999812
49.329999999999934 113.48999999999872 989563.8999999812
244.80999999999744 288.99 989563.8999999812
140.9799999999991 214.98000000000275 989563.8999999812
131.79000000000383 286.9499999999964 989563.8999999812
150.01 278.8100000000011 989563.8999999812
134.32000000000062 279.1199999999999 989563.8999999812
262.9899999999991 150.39000000000146 989563.8999999812
15.049999999999999 25.46999999999976 989563.8999999812
182.4399999999987 187.28000000000156 989563.8999999812
246.98000000000184 113.87999999999943 989563.8999999812
305.8699999999983 322.0700000000012 989563.8999999812
305.8699999999983 322.0700000000012 989563.8999999812
163.97000000000003 77.8099999999999 989563.8999999812
105.1900000000001 64.32999999999966 989563.8999999812
93.41000000000123 104.33000000000222 989563.8999999812
191.99 149.36999999999875 989563.8999999812
34 -87 989563.8999999812
347 -87 989563.8999999812
34 -87 989563.8999999812
347 -87 989563.8999999812
-32 -263 989563.8999999812
-32 -263 989563.8999999812
141 -73 989563.8999999812
454 -73 989563.8999999812
141 -73 989563.8999999812
454 -73 989563.8999999812
-34 -183 989563.8999999812
-34 -183 989563.8999999812
-44 -226 989563.8999999812
-44 -226 989563.8999999812
107 -154 989563.8999999812
420 -154 989563.8999999812
107 -154 989563.8999999812
420 -154 989563.8999999812
255 -50 989563.8999999812
255 -50 989563.8999999812
215 -83 989563.8999999812
215 -83 989563.8999999812
183 -108 989563.8999999812
183 -108 989563.8999999812
258 -132 989563.8999999812
258 -132 989563.8999999812
-49 -186 989563.8999999812
-49 -186 989563.8999999812
89 -95 989563.8999999812
402 -95 989563.8999999812
89 -95 989563.8999999812
402 -95 989563.8999999812
134 -37 989563.8999999812
447 -37 989563.8999999812
134 -37 989563.8999999812
447 -37 989563.8999999812
135 -34 989563.8999999812
448 -34 989563.8999999812
135 -34 989563.8999999812
448 -34 989563.8999999812
201 -68 989563.8999999812
201 -68 989563.8999999812
252 -137 989563.8999999812
252 -137 989563.8999999812
199 -24 989563.8999999812
199 -24 989563.8999999812
151 -59 989563.8999999812
464 -59 989563.8999999812
151 -59 989563.8999999812
464 -59 989563.8999999812
64 -93 989563.8999999812
377 -93 989563.8999999812
64 -93 989563.8999999812
377 -93 989563.8999999812
384 25 989563.8999999812
355 52 989563.8999999812
129 -130 989563.8999999812
442 -130 989563.8999999812
129 -130 989563.8999999812
442 -130 989563.8999999812
298 -49 989563.8999999812
-15 -49 989563.8999999812
298 -49 989563.8999999812
-15 -49 989563.8999999812
89 -58 989563.8999999812
402 -58 989563.8999999812
89 -58 989563.8999999812
402 -58 989563.8999999812
110 -101 989563.8999999812
423 -101 989563.8999999812
110 -101 989563.8999999812
423 -101 989563.8999999812
12 -70 989563.8999999812
325 -70 989563.8999999812
12 -70 989563.8999999812
325 -70 989563.8999999812
235 -21 989563.8999999812
235 -21 989563.8999999812
-40 -287 989563.8999999812
-40 -287 989563.8999999812
318 50 989563.8999999812
232 -86 989563.8999999812
232 -86 989563.8999999812
352 40 989563.8999999812
-103 -273 989563.8999999812
-103 -273 989563.8999999812
38 -37 989563.8999999812
351 -37 989563.8999999812
38 -37 989563.8999999812
351 -37 989563.8999999812
64 -53 989563.8999999812
377 -53 989563.8999999812
64 -53 989563.8999999812
377 -53 989563.8999999812
-37 -237 989563.8999999812
-37 -237 989563.8999999812
136 -30 989563.8999999812
449 -30 989563.8999999812
136 -30 989563.8999999812
449 -30 989563.8999999812
13 -125 989563.8999999812
326 -125 989563.8999999812
13 -125 989563.8999999812
326 -125 989563.8999999812
43 -123 989563.8999999812
356 -123 989563.8999999812
43 -123 989563.8999999812
356 -123 989563.8999999812
232 -42 989563.8999999812
232 -42 989563.8999999812
446 54 989563.8999999812
248 -149 989563.8999999812
248 -149 989563.8999999812
-89 -232 989563.8999999812
-89 -232 989563.8999999812
123 -138 989563.8999999812
436 -138 989563.8999999812
123 -138 989563.8999999812
436 -138 989563.8999999812
459 9 989563.8999999812
-79 -289 989563.8999999812
-79 -289 989563.8999999812
328 42 989563.8999999812
218 -26 989563.8999999812
218 -26 989563.8999999812
-46 -211 989563.8999999812
-46 -211 989563.8999999812
176 -31 989563.8999999812
176 -31 989563.8999999812
32 -99 989563.8999999812
345 -99 989563.8999999812
32 -99 989563.8999999812
345 -99 989563.8999999812
125 -85 989563.8999999812
438 -85 989563.8999999812
125 -85 989563.8999999812
438 -85 989563.8999999812
-14 -219 989563.8999999812
-14 -219 989563.8999999812
48 -52 989563.8999999812
361 -52 989563.8999999812
48 -52 989563.8999999812
361 -52 989563.8999999812
241 -39 989563.8999999812
241 -39 989563.8999999812
170 -35 989563.8999999812
170 -35 989563.8999999812
162 -133 989563.8999999812
162 -133 989563.8999999812
142 -59 989563.8999999812
455 -59 989563.8999999812
142 -59 989563.8999999812
455 -59 989563.8999999812
444 55 989563.8999999812
229 -38 989563.8999999812
229 -38 989563.8999999812
469 24 989563.8999999812
117 -131 989563.8999999812
430 -131 989563.8999999812
117 -131 989563.8999999812
430 -131 989563.8999999812
53 -144 989563.8999999812
366 -144 989563.8999999812
53 -144 989563.8999999812
366 -144 989563.8999999812
95 -70 989563.8999999812
408 -70 989563.8999999812
95 -70 989563.8999999812
408 -70 989563.8999999812
213 -7 989563.8999999812
213 -7 989563.8999999812
365 66 989563.8999999812
282 -115 989563.8999999812
-31 -115 989563.8999999812
282 -115 989563.8999999812
-31 -115 989563.8999999812
451 27 989563.8999999812
41 -155 989563.8999999812
354 -155 989563.8999999812
41 -155 989563.8999999812
354 -155 989563.8999999812
248 -49 989563.8999999812
248 -49 989563.8999999812
25 -103 989563.8999999812
338 -103 989563.8999999812
25 -103 989563.8999999812
338 -103 989563.8999999812
361 40 989563.8999999812
379 36 989563.8999999812
463 84 989563.8999999812
413 24 989563.8999999812
-104 -280 989563.8999999812
-104 -280 989563.8999999812
288 -20 989563.8999999812
288 -20 989563.8999999812
442 33 989563.8999999812
86 -62 989563.8999999812
399 -62 989563.8999999812
86 -62 989563.8999999812
399 -62 989563.8999999812
171 -109 989563.8999999812
171 -109 989563.8999999812
236 -149 989563.8999999812
236 -149 989563.8999999812
288 -120 989563.8999999812
-25 -120 989563.8999999812
288 -120 989563.8999999812
-25 -120 989563.8999999812
25 -35 989563.8999999812
338 -35 989563.8999999812
25 -35 989563.8999999812
338 -35 989563.8999999812
-87 -259 989563.8999999812
-87 -259 989563.8999999812
105 -132 989563.8999999812
418 -132 989563.8999999812
105 -132 989563.8999999812
418 -132 989563.8999999812
-33 -282 989563.8999999812
-33 -282 989563.8999999812
20 -114 989563.8999999812
333 -114 989563.8999999812
20 -114 989563.8999999812
333 -114 989563.8999999812
87 -116 989563.8999999812
400 -116 989563.8999999812
87 -116 989563.8999999812
400 -116 989563.8999999812
257 -155 989563.8999999812
-56 -155 989563.8999999812
257 -155 989563.8999999812
-56 -155 989563.8999999812
38 -134 989563.8999999812
351 -134 989563.8999999812
38 -134 989563.8999999812
351 -134 989563.8999999812
165 -33 989563.8999999812
165 -33 989563.8999999812
446 50 989563.8999999812
159 -29 989563.8999999812
159 -29 989563.8999999812
-60 -273 989563.8999999812
-60 -273 989563.8999999812
252 -77 989563.8999999812
252 -77 989563.8999999812
48 -142 989563.8999999812
361 -142 989563.8999999812
48 -142 989563.8999999812
361 -142 989563.8999999812
119 -55 989563.8999999812
432 -55 989563.8999999812
119 -55 989563.8999999812
432 -55 989563.8999999812
89 -67 989563.8999999812
402 -67 989563.8999999812
89 -67 989563.8999999812
402 -67 989563.8999999812
6 -69 989563.8999999812
319 -69 989563.8999999812
6 -69 989563.8999999812
319 -69 989563.8999999812
432 76 989563.8999999812
19 -33 989563.8999999812
332 -33 989563.8999999812
19 -33 989563.8999999812
332 -33 989563.8999999812
113 -138 989563.8999999812
426 -138 989563.8999999812
113 -138 989563.8999999812
426 -138 989563.8999999812
268 -139 989563.8999999812
-45 -139 989563.8999999812
268 -139 989563.8999999812
-45 -139 989563.8999999812
-92 -258 989563.8999999812
-92 -258 989563.8999999812
403 58 989563.8999999812
245 -71 989563.8999999812
245 -71 989563.8999999812
282 -144 989563.8999999812
-31 -144 989563.8999999812
282 -144 989563.8999999812
-31 -144 989563.8999999812
265 -85 989563.8999999812
265 -85 989563.8999999812
-29 -204 989563.8999999812
-29 -204 989563.8999999812
242 -24 989563.8999999812
242 -24 989563.8999999812
-47 -180 989563.8999999812
-47 -180 989563.8999999812
437 35 989563.8999999812
-73 -269 989563.8999999812
-73 -269 989563.8999999812
28 -23 989563.8999999812
341 -23 989563.8999999812
28 -23 989563.8999999812
341 -23 989563.8999999812
-28 -240 989563.8999999812
-28 -240 989563.8999999812
372 74 989563.8999999812
238 -18 989563.8999999812
238 -18 989563.8999999812
-66 -291 989563.8999999812
-66 -291 989563.8999999812
154 -150 989563.8999999812
467 -150 989563.8999999812
154 -150 989563.8999999812
467 -150 989563.8999999812
293 -59 989563.8999999812
-20 -59 989563.8999999812
293 -59 989563.8999999812
-20 -59 989563.8999999812
163 -85 989563.8999999812
163 -85 989563.8999999812
-51 -161 989563.8999999812
-51 -161 989563.8999999812
175 -107 989563.8999999812
175 -107 989563.8999999812
170 -46 989563.8999999812
170 -46 989563.8999999812
177 -149 989563.8999999812
177 -149 989563.8999999812
344 21 989563.8999999812
140 -95 989563.8999999812
453 -95 989563.8999999812
140 -95 989563.8999999812
453 -95 989563.8999999812
-56 -227 989563.8999999812
-56 -227 989563.8999999812
86 -135 989563.8999999812
399 -135 989563.8999999812
86 -135 989563.8999999812
399 -135 989563.8999999812
-34 -255 989563.8999999812
-34 -255 989563.8999999812
28 -110 989563.8999999812
341 -110 989563.8999999812
28 -110 989563.8999999812
341 -110 989563.8999999812
56 -72 989563.8999999812
369 -72 989563.8999999812
56 -72 989563.8999999812
369 -72 989563.8999999812
-73 -287 989563.8999999812
-73 -287 989563.8999999812
444 68 989563.8999999812
228 -43 989563.8999999812
228 -43 989563.8999999812
62 -133 989563.8999999812
375 -133 989563.8999999812
62 -133 989563.8999999812
375 -133 989563.8999999812
253 -58 989563.8999999812
253 -58 989563.8999999812
105 -139 989563.8999999812
418 -139 989563.8999999812
105 -139 989563.8999999812
418 -139 989563.8999999812
375 37 989563.8999999812
241 -105 989563.8999999812
241 -105 989563.8999999812
140 -153 989563.8999999812
453 -153 989563.8999999812
140 -153 989563.8999999812
453 -153 989563.8999999812
136 -141 989563.8999999812
449 -141 989563.8999999812
136 -141 989563.8999999812
449 -141 989563.8999999812
465 50 989563.8999999812
349 36 989563.8999999812
-60 -231 989563.8999999812
-60 -231 989563.8999999812
58 -102 989563.8999999812
371 -102 989563.8999999812
58 -102 989563.8999999812
371 -102 989563.8999999812
29 -124 989563.8999999812
342 -124 989563.8999999812
29 -124 989563.8999999812
342 -124 989563.8999999812
72 -82 989563.8999999812
385 -82 989563.8999999812
72 -82 989563.8999999812
385 -82 989563.8999999812
70 -52 989563.8999999812
383 -52 989563.8999999812
70 -52 989563.8999999812
383 -52 989563.8999999812
77 -148 989563.8999999812
390 -148 989563.8999999812
77 -148 989563.8999999812
390 -148 989563.8999999812
175 -50 989563.8999999812
175 -50 989563.8999999812
335 63 989563.8999999812
243 -37 989563.8999999812
243 -37 989563.8999999812
467 0 989563.8999999812
144 -23 989563.8999999812
457 -23 989563.8999999812
144 -23 989563.8999999812
457 -23 989563.8999999812
242 -132 989563.8999999812
242 -132 989563.8999999812
328 27 989563.8999999812
50 -143 989563.8999999812
363 -143 989563.8999999812
50 -143 989563.8999999812
363 -143 989563.8999999812
-17 -269 989563.8999999812
-17 -269 989563.8999999812
103 -16 989563.8999999812
416 -16 989563.8999999812
103 -16 989563.8999999812
416 -16 989563.8999999812
206 -121 989563.8999999812
206 -121 989563.8999999812
359 18 989563.8999999812
-14 -262 989563.8999999812
-14 -262 989563.8999999812
-25 -294 989563.8999999812
-25 -294 989563.8999999812
181 -124 989563.8999999812
181 -124 989563.8999999812
111 -133 989563.8999999812
424 -133 989563.8999999812
111 -133 989563.8999999812
424 -133 989563.8999999812
114 -98 989563.8999999812
427 -98 989563.8999999812
114 -98 989563.8999999812
427 -98 989563.8999999812
76 -85 989563.8999999812
389 -85 989563.8999999812
76 -85 989563.8999999812
389 -85 989563.8999999812
418 65 989563.8999999812
-79 -252 989563.8999999812
-79 -252 989563.8999999812
165 -10 989563.8999999812
165 -10 989563.8999999812
285 -132 989563.8999999812
-28 -132 989563.8999999812
285 -132 989563.8999999812
-28 -132 989563.8999999812
40 -92 989563.8999999812
353 -92 989563.8999999812
40 -92 989563.8999999812
353 -92 989563.8999999812
97 -137 989563.8999999812
410 -137 989563.8999999812
97 -137 989563.8999999812
410 -137 989563.8999999812
209 -34 989563.8999999812
209 -34 989563.8999999812
162 -135 989563.8999999812
162 -135 989563.8999999812
150 -33 989563.8999999812
463 -33 989563.8999999812
150 -33 989563.8999999812
463 -33 989563.8999999812
108 -107 989563.8999999812
421 -107 989563.8999999812
108 -107 989563.8999999812
421 -107 989563.8999999812
196 -55 989563.8999999812
196 -55 989563.8999999812
63 -53 989563.8999999812
376 -53 989563.8999999812
63 -53 989563.8999999812
376 -53 989563.8999999812
385 47 989563.8999999812
109 -61 989563.8999999812
422 -61 989563.8999999812
109 -61 989563.8999999812
422 -61 989563.8999999812
225 -61 989563.8999999812
225 -61 989563.8999999812
95 -61 989563.8999999812
408 -61 989563.8999999812
95 -61 989563.8999999812
408 -61 989563.8999999812
153 -21 989563.8999999812
466 -21 989563.8999999812
153 -21 989563.8999999812
466 -21 989563.8999999812
411 82 989563.8999999812
93 -64 989563.8999999812
406 -64 989563.8999999812
93 -64 989563.8999999812
406 -64 989563.8999999812
130 -145 989563.8999999812
443 -145 989563.8999999812
130 -145 989563.8999999812
443 -145 989563.8999999812
221 -80 989563.8999999812
221 -80 989563.8999999812
274 -92 989563.8999999812
274 -92 989563.8999999812
46 -22 989563.8999999812
359 -22 989563.8999999812
46 -22 989563.8999999812
359 -22 989563.8999999812
55 -123 989563.8999999812
368 -123 989563.8999999812
55 -123 989563.8999999812
368 -123 989563.8999999812
151 -156 989563.8999999812
464 -156 989563.8999999812
151 -156 989563.8999999812
464 -156 989563.8999999812
-64 -198 989563.8999999812
-64 -198 989563.8999999812
-55 -202 989563.8999999812
-55 -202 989563.8999999812
320 31 989563.8999999812
435 52 989563.8999999812
54 -127 989563.8999999812
367 -127 989563.8999999812
54 -127 989563.8999999812
367 -127 989563.8999999812
5.620000000000337 -15.920000000000073 989563.8999999812
5.620000000000337 -15.920000000000073 989563.8999999812
5.240000000000682 -15.800000000000182 989563.8999999812
5.240000000000682 -15.800000000000182 989563.8999999812
292.04999999999995 -95.02999999999997 989563.8999999812
-20.950000000000045 -95.02999999999997 989563.8999999812
292.04999999999995 -95.02999999999997 989563.8999999812
-20.950000000000045 -95.02999999999997 989563.8999999812
5.94000000000017 -15.860000000000127 989563.8999999812
318.94000000000017 -15.860000000000127 989563.8999999812
5.94000000000017 -15.860000000000127 989563.8999999812
318.94000000000017 -15.860000000000127 989563.8999999812
4.22000000000161 -15.680000000000291 989563.8999999812
4.22000000000161 -15.680000000000291 989563.8999999812
4.190000000001637 -15.6700000000003 989563.8999999812
4.190000000001637 -15.6700000000003 989563.8999999812
-9.910000000000082 -206.05 989563.8999999812
-9.910000000000082 -206.05 989563.8999999812
318.3100000000006 63.20999999999996 989563.8999999812
356.82000000000005 10.720000000000255 989563.8999999812
-7.690000000001191 -303.4099999999992 989563.8999999812
-7.690000000001191 -303.4099999999992 989563.8999999812
308.15999999999985 -29.860000000000127 989563.8999999812
-4.8400000000001455 -29.860000000000127 989563.8999999812
308.15999999999985 -29.860000000000127 989563.8999999812
-4.8400000000001455 -29.860000000000127 989563.8999999812
-7.910000000000991 -303.0099999999994 989563.8999999812
-7.910000000000991 -303.0099999999994 989563.8999999812
167.97000000000003 0.010000000000009095 989563.8999999812
358.15 10.6700000000003 989563.8999999812
16.959999999999994 -12.900000000001 989563.8999999812
329.96 -12.900000000001 989563.8999999812
16.959999999999994 -12.900000000001 989563.8999999812
329.96 -12.900000000001 989563.8999999812
-9.1099999999999 -302.76999999999936 989563.8999999812
-9.1099999999999 -302.76999999999936 989563.8999999812
200.01999999999998 -1.8400000000001455 989563.8999999812
200.01999999999998 -1.8400000000001455 989563.8999999812
-7.820000000000164 -174.84000000000015 989563.8999999812
-7.820000000000164 -174.84000000000015 989563.8999999812
154.0 0.9400000000000097 989563.8999999812
-114.00999999999999 -311.01 989563.8999999812
-114.00999999999999 -311.01 989563.8999999812
169.3199999999997 2.93999999999998 989563.8999999812
239.99 26.050000000000008 989563.8999999812
284.38000000000056 -3.6200000000021646 989563.8999999812
284.38000000000056 -3.6200000000021646 989563.8999999812
309.8499999999983 -123.93000000000006 989563.8999999812
-3.1500000000016826 -123.93000000000006 989563.8999999812
309.8499999999983 -123.93000000000006 989563.8999999812
-3.1500000000016826 -123.93000000000006 989563.8999999812
154.71000000000117 23.969999999999995 989563.8999999812
28.909999999999986 -12.290000000000646 989563.8999999812
341.90999999999997 -12.290000000000646 989563.8999999812
28.909999999999986 -12.290000000000646 989563.8999999812
341.90999999999997 -12.290000000000646 989563.8999999812
13.580000000000382 -108.84000000000015 989563.8999999812
326.5800000000004 -108.84000000000015 989563.8999999812
13.580000000000382 -108.84000000000015 989563.8999999812
326.5800000000004 -108.84000000000015 989563.8999999812
1.5600000000022192 -31.820000000000164 989563.8999999812
314.5600000000022 -31.820000000000164 989563.8999999812
1.5600000000022192 -31.820000000000164 989563.8999999812
314.5600000000022 -31.820000000000164 989563.8999999812
209.26000000000067 41.43999999999971 989563.8999999812
-56.1099999999999 -300.6299999999994 989563.8999999812
-56.1099999999999 -300.6299999999994 989563.8999999812
116.00000000000051 2.5399999999990808 989563.8999999812
164.6499999999985 27.590000000000092 989563.8999999812
271.5900000000013 25.849999999999977 989563.8999999812
4.020000000001801 -15.620000000000346 989563.8999999812
317.0200000000018 -15.620000000000346 989563.8999999812
4.020000000001801 -15.620000000000346 989563.8999999812
317.0200000000018 -15.620000000000346 989563.8999999812
138.51999999999953 26.79999999999997 989563.8999999812
187.1099999999999 27.489999999999764 989563.8999999812
311.4800000000014 50.980000000000004 989563.8999999812
180.87000000000012 12.089999999999977 989563.8999999812
310.9799999999991 -10.240000000000691 989563.8999999812
-2.0200000000008913 -10.240000000000691 989563.8999999812
310.9799999999991 -10.240000000000691 989563.8999999812
-2.0200000000008913 -10.240000000000691 989563.8999999812
280.9999999999991 31.76000000000012 989563.8999999812
221.23999999999978 8.319999999999972 989563.8999999812
-99.96000000000004 -311.27999999999975 989563.8999999812
-99.96000000000004 -311.27999999999975 989563.8999999812
212.1100000000008 3.40999999999997 989563.8999999812
-8.260000000000673 -301.58 989563.8999999812
-8.260000000000673 -301.58 989563.8999999812
280.4600000000005 49.20000000000016 989563.8999999812
247.1099999999999 21.589999999999936 989563.8999999812
197.94000000000005 30.499999999999922 989563.8999999812
288.01 17.829999999999817 989563.8999999812
198.8900000000001 4.129999999999955 989563.8999999812
312.3500000000024 27.350000000000055 989563.8999999812
-91.95000000000005 -306.14999999999986 989563.8999999812
-91.95000000000005 -306.14999999999986 989563.8999999812
258.109999999999 10.930000000000044 989563.8999999812
210.49999999999864 31.18000000000007 989563.8999999812
70.05000000000003 -9.23000000000161 989563.8999999812
383.05 -9.23000000000161 989563.8999999812
70.05000000000003 -9.23000000000161 989563.8999999812
383.05 -9.23000000000161 989563.8999999812
144.04000000000178 8.920000000000002 989563.8999999812
298.97 52.74999999999965 989563.8999999812
1.5900000000021919 -68.34999999999877 989563.8999999812
314.5900000000022 -68.34999999999877 989563.8999999812
1.5900000000021919 -68.34999999999877 989563.8999999812
314.5900000000022 -68.34999999999877 989563.8999999812
185.16999999999985 0.1499999999990905 989563.8999999812
254.7699999999984 41.08999999999978 989563.8999999812
162.1099999999999 13.950000000000001 989563.8999999812
303.95000000000005 10.410000000000013 989563.8999999812
409.4299999999997 8.930000000000973 989563.8999999812
301.4099999999987 -144.14999999999986 989563.8999999812
-11.590000000001282 -144.14999999999986 989563.8999999812
301.4099999999987 -144.14999999999986 989563.8999999812
-11.590000000001282 -144.14999999999986 989563.8999999812
296.1999999999998 41.760000000000446 989563.8999999812
181.95000000000095 34.929999999999815 989563.8999999812
232.04000000000178 23.859999999999978 989563.8999999812
233.24999999999886 -1.890000000001919 989563.8999999812
233.24999999999886 -1.890000000001919 989563.8999999812
44.229999999999954 8.610000000000051 989563.8999999812
239.97000000000003 44.04999999999999 989563.8999999812
9.720000000001164 -84.0 989563.8999999812
322.72000000000116 -84.0 989563.8999999812
9.720000000001164 -84.0 989563.8999999812
322.72000000000116 -84.0 989563.8999999812
-7.130000000001701 -303.9299999999988 989563.8999999812
-7.130000000001701 -303.9299999999988 989563.8999999812
94.96999999999896 9.410000000000013 989563.8999999812
356 76 989563.8999999812
373 82 989563.8999999812
443 113 989563.8999999812
385 109 989563.8999999812
457 131 989563.8999999812
328 69 989563.8999999812
382 88 989563.8999999812
405 98 989563.8999999812
404 100 989563.8999999812
427 88 989563.8999999812
392 99 989563.8999999812
318.2100000000016 71.63000000000032 989563.8999999812
129.01 32.45000000000011 989563.8999999812
274.61000000000126 75.4099999999997 989563.8999999812
218.76000000000204 55.979999999999805 989563.8999999812
277.29000000000156 58.96999999999981 989563.8999999812
287.219999999998 72.91999999999996 989563.8999999812
226.25999999999976 53.26000000000015 989563.8999999812
99.73999999999987 26.42000000000038 989563.8999999812
185.01 46.56999999999949 989563.8999999812
121.2499999999986 34.71000000000006 989563.8999999812
236.28999999999792 62.60999999999968 989563.8999999812
-58 -50 989563.8999999812
-58 -50 989563.8999999812
-98 -83 989563.8999999812
-98 -83 989563.8999999812
-130 -108 989563.8999999812
-130 -108 989563.8999999812
-55 -132 989563.8999999812
-55 -132 989563.8999999812
-112 -68 989563.8999999812
-112 -68 989563.8999999812
-61 -137 989563.8999999812
-61 -137 989563.8999999812
-112 -180 989563.8999999812
-112 -180 989563.8999999812
-81 -86 989563.8999999812
-81 -86 989563.8999999812
-114 -203 989563.8999999812
-114 -203 989563.8999999812
-149 -235 989563.8999999812
-149 -235 989563.8999999812
-81 -42 989563.8999999812
-81 -42 989563.8999999812
-65 -149 989563.8999999812
-65 -149 989563.8999999812
-146 -169 989563.8999999812
-146 -169 989563.8999999812
-72 -39 989563.8999999812
-72 -39 989563.8999999812
-151 -133 989563.8999999812
-151 -133 989563.8999999812
-84 -38 989563.8999999812
-84 -38 989563.8999999812
-155 -166 989563.8999999812
-155 -166 989563.8999999812
-106 -157 989563.8999999812
-106 -157 989563.8999999812
-110 -198 989563.8999999812
-110 -198 989563.8999999812
-65 -49 989563.8999999812
-65 -49 989563.8999999812
-144 -311 989563.8999999812
-144 -311 989563.8999999812
-150 -286 989563.8999999812
-150 -286 989563.8999999812
-115 -174 989563.8999999812
-115 -174 989563.8999999812
-155 -193 989563.8999999812
-155 -193 989563.8999999812
-25 -20 989563.8999999812
-25 -20 989563.8999999812
-128 -269 989563.8999999812
-128 -269 989563.8999999812
-151 -299 989563.8999999812
-151 -299 989563.8999999812
-142 -109 989563.8999999812
-142 -109 989563.8999999812
-77 -149 989563.8999999812
-77 -149 989563.8999999812
-121 -165 989563.8999999812
-121 -165 989563.8999999812
-155 -251 989563.8999999812
-155 -251 989563.8999999812
-124 -236 989563.8999999812
-124 -236 989563.8999999812
-116 -209 989563.8999999812
-116 -209 989563.8999999812
-76 -163 989563.8999999812
-76 -163 989563.8999999812
-126 -284 989563.8999999812
-126 -284 989563.8999999812
-130 -279 989563.8999999812
-130 -279 989563.8999999812
-76 -187 989563.8999999812
-76 -187 989563.8999999812
-61 -77 989563.8999999812
-61 -77 989563.8999999812
-128 -217 989563.8999999812
-128 -217 989563.8999999812
-68 -71 989563.8999999812
-68 -71 989563.8999999812
-48 -85 989563.8999999812
-48 -85 989563.8999999812
-71 -24 989563.8999999812
-71 -24 989563.8999999812
-123 -193 989563.8999999812
-123 -193 989563.8999999812
-132 -179 989563.8999999812
-132 -179 989563.8999999812
-143 -200 989563.8999999812
-143 -200 989563.8999999812
-92 -202 989563.8999999812
-92 -202 989563.8999999812
-137 -207 989563.8999999812
-137 -207 989563.8999999812
-150 -85 989563.8999999812
-150 -85 989563.8999999812
-138 -107 989563.8999999812
-138 -107 989563.8999999812
-143 -46 989563.8999999812
-143 -46 989563.8999999812
-136 -149 989563.8999999812
-136 -149 989563.8999999812
-93 -220 989563.8999999812
-93 -220 989563.8999999812
-85 -43 989563.8999999812
-85 -43 989563.8999999812
-108 -238 989563.8999999812
-108 -238 989563.8999999812
-60 -58 989563.8999999812
-60 -58 989563.8999999812
-103 -183 989563.8999999812
-103 -183 989563.8999999812
-72 -105 989563.8999999812
-72 -105 989563.8999999812
-135 -168 989563.8999999812
-135 -168 989563.8999999812
-115 -282 989563.8999999812
-115 -282 989563.8999999812
-138 -225 989563.8999999812
-138 -225 989563.8999999812
-138 -50 989563.8999999812
-138 -50 989563.8999999812
-132 -302 989563.8999999812
-132 -302 989563.8999999812
-70 -37 989563.8999999812
-70 -37 989563.8999999812
-107 -193 989563.8999999812
-107 -193 989563.8999999812
-71 -132 989563.8999999812
-71 -132 989563.8999999812
-116 -210 989563.8999999812
-116 -210 989563.8999999812
-107 -121 989563.8999999812
-107 -121 989563.8999999812
-155 -260 989563.8999999812
-155 -260 989563.8999999812
-132 -124 989563.8999999812
-132 -124 989563.8999999812
-126 -238 989563.8999999812
-126 -238 989563.8999999812
-96 -190 989563.8999999812
-96 -190 989563.8999999812
-145 -313 989563.8999999812
-145 -313 989563.8999999812
-104 -34 989563.8999999812
-104 -34 989563.8999999812
-151 -135 989563.8999999812
-151 -135 989563.8999999812
-117 -55 989563.8999999812
-117 -55 989563.8999999812
-88 -61 989563.8999999812
-88 -61 989563.8999999812
-114 -176 989563.8999999812
-114 -176 989563.8999999812
-92 -80 989563.8999999812
-92 -80 989563.8999999812
-39 -92 989563.8999999812
-39 -92 989563.8999999812
-122.88000000000011 -312.91999999999916 989563.8999999812
-122.88000000000011 -312.91999999999916 989563.8999999812
-150.2299999999998 -312.6499999999994 989563.8999999812
-150.2299999999998 -312.6499999999994 989563.8999999812
-114 -24 989563.8999999812
-114 -24 989563.8999999812
-78 -21 989563.8999999812
-78 -21 989563.8999999812
-95 -26 989563.8999999812
-95 -26 989563.8999999812
-137 -31 989563.8999999812
-137 -31 989563.8999999812
-143 -35 989563.8999999812
-143 -35 989563.8999999812
-148 -33 989563.8999999812
-148 -33 989563.8999999812
-75 -18 989563.8999999812
-75 -18 989563.8999999812
