21 444 976050.1600000302
-32 50 976050.1600000302
-32 50 976050.1600000302
-34 130 976050.1600000302
-34 130 976050.1600000302
-44 87 976050.1600000302
-44 87 976050.1600000302
-58 263 976050.1600000302
-58 263 976050.1600000302
-98 230 976050.1600000302
-98 230 976050.1600000302
-130 205 976050.1600000302
-130 205 976050.1600000302
-55 181 976050.1600000302
-55 181 976050.1600000302
43 389 976050.1600000302
-49 127 976050.1600000302
-49 127 976050.1600000302
-112 245 976050.1600000302
-112 245 976050.1600000302
60 395 976050.1600000302
-61 176 976050.1600000302
-61 176 976050.1600000302
-114 289 976050.1600000302
-114 289 976050.1600000302
71 338 976050.1600000302
106 466 976050.1600000302
55 466 976050.1600000302
42 365 976050.1600000302
-15 264 976050.1600000302
-15 264 976050.1600000302
-78 292 976050.1600000302
-78 292 976050.1600000302
-112 133 976050.1600000302
-112 133 976050.1600000302
-40 26 976050.1600000302
-40 26 976050.1600000302
5 363 976050.1600000302
-81 227 976050.1600000302
-81 227 976050.1600000302
39 353 976050.1600000302
50 459 976050.1600000302
-103 40 976050.1600000302
-103 40 976050.1600000302
-114 110 976050.1600000302
-114 110 976050.1600000302
130 426 976050.1600000302
-149 78 976050.1600000302
-149 78 976050.1600000302
-37 76 976050.1600000302
-37 76 976050.1600000302
-81 271 976050.1600000302
-81 271 976050.1600000302
66 447 976050.1600000302
133 367 976050.1600000302
-65 164 976050.1600000302
-65 164 976050.1600000302
-89 81 976050.1600000302
-89 81 976050.1600000302
-79 24 976050.1600000302
-79 24 976050.1600000302
15 355 976050.1600000302
147 456 976050.1600000302
-95 287 976050.1600000302
-95 287 976050.1600000302
-46 102 976050.1600000302
-46 102 976050.1600000302
72 422 976050.1600000302
-137 282 976050.1600000302
-137 282 976050.1600000302
-146 144 976050.1600000302
167 457 976050.1600000302
-146 144 976050.1600000302
167 457 976050.1600000302
96 458 976050.1600000302
-14 94 976050.1600000302
-14 94 976050.1600000302
-72 274 976050.1600000302
-72 274 976050.1600000302
-143 278 976050.1600000302
-143 278 976050.1600000302
-151 180 976050.1600000302
-151 180 976050.1600000302
23 457 976050.1600000302
144 444 976050.1600000302
131 368 976050.1600000302
-84 275 976050.1600000302
-84 275 976050.1600000302
98 455 976050.1600000302
-100 306 976050.1600000302
-100 -7 976050.1600000302
-100 306 976050.1600000302
-100 -7 976050.1600000302
-155 147 976050.1600000302
158 460 976050.1600000302
-155 147 976050.1600000302
158 460 976050.1600000302
15 382 976050.1600000302
52 379 976050.1600000302
-106 156 976050.1600000302
-106 156 976050.1600000302
-31 198 976050.1600000302
-31 198 976050.1600000302
-110 115 976050.1600000302
-110 115 976050.1600000302
-65 264 976050.1600000302
-65 264 976050.1600000302
69 401 976050.1600000302
-144 2 976050.1600000302
-144 2 976050.1600000302
48 353 976050.1600000302
66 349 976050.1600000302
16 443 976050.1600000302
-150 27 976050.1600000302
-150 27 976050.1600000302
150 397 976050.1600000302
-115 139 976050.1600000302
-115 139 976050.1600000302
-155 120 976050.1600000302
158 433 976050.1600000302
-155 120 976050.1600000302
158 433 976050.1600000302
100 337 976050.1600000302
-104 33 976050.1600000302
-104 33 976050.1600000302
-25 293 976050.1600000302
-25 293 976050.1600000302
-128 44 976050.1600000302
-128 44 976050.1600000302
129 346 976050.1600000302
-151 14 976050.1600000302
-151 14 976050.1600000302
-142 204 976050.1600000302
-142 204 976050.1600000302
-77 164 976050.1600000302
-77 164 976050.1600000302
-121 148 976050.1600000302
-121 148 976050.1600000302
-155 62 976050.1600000302
-155 62 976050.1600000302
53 437 976050.1600000302
-25 193 976050.1600000302
-25 193 976050.1600000302
-124 77 976050.1600000302
-124 77 976050.1600000302
-87 54 976050.1600000302
-87 54 976050.1600000302
42 445 976050.1600000302
92 411 976050.1600000302
-33 31 976050.1600000302
-33 31 976050.1600000302
-116 104 976050.1600000302
-116 104 976050.1600000302
-76 150 976050.1600000302
-76 150 976050.1600000302
-126 29 976050.1600000302
-126 29 976050.1600000302
-130 34 976050.1600000302
-130 34 976050.1600000302
-56 158 976050.1600000302
-56 158 976050.1600000302
-148 280 976050.1600000302
-148 280 976050.1600000302
133 363 976050.1600000302
-154 284 976050.1600000302
-154 -29 976050.1600000302
-154 284 976050.1600000302
-154 -29 976050.1600000302
-76 126 976050.1600000302
-76 126 976050.1600000302
-60 40 976050.1600000302
-60 40 976050.1600000302
118 451 976050.1600000302
-61 236 976050.1600000302
-61 236 976050.1600000302
119 389 976050.1600000302
-128 96 976050.1600000302
-128 96 976050.1600000302
-45 174 976050.1600000302
-45 174 976050.1600000302
-92 55 976050.1600000302
-92 55 976050.1600000302
90 371 976050.1600000302
-68 242 976050.1600000302
-68 242 976050.1600000302
-31 169 976050.1600000302
-31 169 976050.1600000302
-48 228 976050.1600000302
-48 228 976050.1600000302
-29 109 976050.1600000302
-29 109 976050.1600000302
-71 289 976050.1600000302
-71 289 976050.1600000302
-47 133 976050.1600000302
-47 133 976050.1600000302
124 348 976050.1600000302
-123 120 976050.1600000302
-123 120 976050.1600000302
-73 44 976050.1600000302
-73 44 976050.1600000302
99 451 976050.1600000302
-132 134 976050.1600000302
-132 134 976050.1600000302
-28 73 976050.1600000302
-28 73 976050.1600000302
59 387 976050.1600000302
-75 295 976050.1600000302
-75 295 976050.1600000302
-143 113 976050.1600000302
-143 113 976050.1600000302
-66 22 976050.1600000302
-66 22 976050.1600000302
-20 254 976050.1600000302
-20 254 976050.1600000302
-92 111 976050.1600000302
-92 111 976050.1600000302
-137 106 976050.1600000302
-137 106 976050.1600000302
-150 228 976050.1600000302
-150 228 976050.1600000302
-51 152 976050.1600000302
-51 152 976050.1600000302
-138 206 976050.1600000302
-138 206 976050.1600000302
-143 267 976050.1600000302
-143 267 976050.1600000302
-136 164 976050.1600000302
-136 164 976050.1600000302
31 334 976050.1600000302
-56 86 976050.1600000302
-56 86 976050.1600000302
-34 58 976050.1600000302
-34 58 976050.1600000302
-93 93 976050.1600000302
-93 93 976050.1600000302
-73 26 976050.1600000302
-73 26 976050.1600000302
131 381 976050.1600000302
-85 270 976050.1600000302
-85 270 976050.1600000302
-108 75 976050.1600000302
-108 75 976050.1600000302
-60 255 976050.1600000302
-60 255 976050.1600000302
-103 130 976050.1600000302
-103 130 976050.1600000302
62 350 976050.1600000302
-72 208 976050.1600000302
-72 208 976050.1600000302
-135 145 976050.1600000302
-135 145 976050.1600000302
146 455 976050.1600000302
36 349 976050.1600000302
-60 82 976050.1600000302
-60 82 976050.1600000302
-115 31 976050.1600000302
-115 31 976050.1600000302
24 419 976050.1600000302
-138 88 976050.1600000302
-138 88 976050.1600000302
-138 263 976050.1600000302
-138 263 976050.1600000302
22 376 976050.1600000302
-132 11 976050.1600000302
-132 11 976050.1600000302
-70 276 976050.1600000302
-70 276 976050.1600000302
42 466 976050.1600000302
109 462 976050.1600000302
-107 120 976050.1600000302
-107 120 976050.1600000302
-71 181 976050.1600000302
-71 181 976050.1600000302
15 340 976050.1600000302
-17 44 976050.1600000302
-17 44 976050.1600000302
-116 103 976050.1600000302
-116 103 976050.1600000302
-107 192 976050.1600000302
-107 192 976050.1600000302
46 331 976050.1600000302
-14 51 976050.1600000302
-14 51 976050.1600000302
-155 53 976050.1600000302
-155 53 976050.1600000302
-25 19 976050.1600000302
-25 19 976050.1600000302
-132 189 976050.1600000302
-132 189 976050.1600000302
-126 75 976050.1600000302
-126 75 976050.1600000302
-96 123 976050.1600000302
-96 123 976050.1600000302
105 378 976050.1600000302
-79 61 976050.1600000302
-79 61 976050.1600000302
34 424 976050.1600000302
-148 303 976050.1600000302
-148 -10 976050.1600000302
-148 303 976050.1600000302
-148 -10 976050.1600000302
-28 181 976050.1600000302
-28 181 976050.1600000302
-145 0 976050.1600000302
-145 0 976050.1600000302
49 429 976050.1600000302
-104 279 976050.1600000302
-104 279 976050.1600000302
-151 178 976050.1600000302
-151 178 976050.1600000302
0 364 976050.1600000302
-117 258 976050.1600000302
-117 258 976050.1600000302
91 413 976050.1600000302
72 360 976050.1600000302
-88 252 976050.1600000302
-88 252 976050.1600000302
95 451 976050.1600000302
98 395 976050.1600000302
70 447 976050.1600000302
-114 137 976050.1600000302
-114 137 976050.1600000302
-92 233 976050.1600000302
-92 233 976050.1600000302
126 460 976050.1600000302
-39 221 976050.1600000302
-39 221 976050.1600000302
114 401 976050.1600000302
-64 115 976050.1600000302
-64 115 976050.1600000302
-55 111 976050.1600000302
-55 111 976050.1600000302
7 344 976050.1600000302
79 412 976050.1600000302
122 365 976050.1600000302
-8.970000000000027 10.930000000000037 976050.1600000302
-8.970000000000027 10.930000000000037 976050.1600000302
-8.930000000000064 10.890000000000082 976050.1600000302
-8.930000000000064 10.890000000000082 976050.1600000302
-8.8900000000001 10.85000000000011 976050.1600000302
-8.8900000000001 10.85000000000011 976050.1600000302
-8.870000000000118 10.830000000000146 976050.1600000302
-8.870000000000118 10.830000000000146 976050.1600000302
-8.830000000000155 10.790000000000164 976050.1600000302
-8.830000000000155 10.790000000000164 976050.1600000302
-8.77000000000021 10.730000000000201 976050.1600000302
-8.77000000000021 10.730000000000201 976050.1600000302
-8.760000000000218 10.700000000000198 976050.1600000302
-8.760000000000218 10.700000000000198 976050.1600000302
-8.720000000000255 10.660000000000226 976050.1600000302
-8.720000000000255 10.660000000000226 976050.1600000302
-8.700000000000273 10.640000000000262 976050.1600000302
-8.700000000000273 10.640000000000262 976050.1600000302
-8.640000000000327 10.58000000000029 976050.1600000302
-8.640000000000327 10.58000000000029 976050.1600000302
-8.570000000000391 10.510000000000279 976050.1600000302
-8.570000000000391 10.510000000000279 976050.1600000302
-8.55000000000041 10.490000000000284 976050.1600000302
-8.55000000000041 10.490000000000284 976050.1600000302
-8.470000000000482 10.410000000000313 976050.1600000302
-8.470000000000482 10.410000000000313 976050.1600000302
-8.430000000000518 10.370000000000328 976050.1600000302
-8.430000000000518 10.370000000000328 976050.1600000302
-8.410000000000537 10.350000000000355 976050.1600000302
-8.410000000000537 10.350000000000355 976050.1600000302
-8.290000000000646 10.230000000000375 976050.1600000302
-8.290000000000646 10.230000000000375 976050.1600000302
-8.260000000000673 10.200000000000369 976050.1600000302
-8.260000000000673 10.200000000000369 976050.1600000302
-8.22000000000071 10.160000000000396 976050.1600000302
-8.22000000000071 10.160000000000396 976050.1600000302
-8.170000000000755 10.11000000000046 976050.1600000302
-8.170000000000755 10.11000000000046 976050.1600000302
-8.1200000000008 10.060000000000505 976050.1600000302
-8.1200000000008 10.060000000000505 976050.1600000302
-8.090000000000828 10.030000000000523 976050.1600000302
-8.090000000000828 10.030000000000523 976050.1600000302
-8.050000000000864 9.99000000000055 976050.1600000302
-8.050000000000864 9.99000000000055 976050.1600000302
-8.030000000000882 9.970000000000587 976050.1600000302
-8.030000000000882 9.970000000000587 976050.1600000302
-7.940000000000964 9.920000000000597 976050.1600000302
-7.940000000000964 9.920000000000597 976050.1600000302
-7.840000000001055 9.820000000000595 976050.1600000302
-7.840000000001055 9.820000000000595 976050.1600000302
-7.800000000001091 9.780000000000628 976050.1600000302
-7.800000000001091 9.780000000000628 976050.1600000302
-20.950000000000045 217.97000000000003 976050.1600000302
-20.950000000000045 217.97000000000003 976050.1600000302
-7.760000000001128 9.720000000000692 976050.1600000302
-7.760000000001128 9.720000000000692 976050.1600000302
-7.720000000001164 9.680000000000728 976050.1600000302
-7.720000000001164 9.680000000000728 976050.1600000302
-7.690000000001191 9.650000000000755 976050.1600000302
-7.690000000001191 9.650000000000755 976050.1600000302
-7.660000000001219 9.6000000000008 976050.1600000302
-7.660000000001219 9.6000000000008 976050.1600000302
-7.640000000001237 9.580000000000828 976050.1600000302
-7.640000000001237 9.580000000000828 976050.1600000302
-7.600000000001273 9.540000000000855 976050.1600000302
-7.600000000001273 9.540000000000855 976050.1600000302
-7.5800000000012915 9.520000000000882 976050.1600000302
-7.5800000000012915 9.520000000000882 976050.1600000302
-7.540000000001328 9.480000000000901 976050.1600000302
-7.540000000001328 9.480000000000901 976050.1600000302
-7.520000000001346 9.460000000000937 976050.1600000302
-7.520000000001346 9.460000000000937 976050.1600000302
-7.500000000001364 9.440000000000955 976050.1600000302
-7.500000000001364 9.440000000000955 976050.1600000302
-7.430000000001428 9.370000000001001 976050.1600000302
-7.430000000001428 9.370000000001001 976050.1600000302
-7.390000000001464 9.330000000001037 976050.1600000302
-7.390000000001464 9.330000000001037 976050.1600000302
-7.320000000001528 9.260000000001074 976050.1600000302
-7.320000000001528 9.260000000001074 976050.1600000302
-7.290000000001555 9.23000000000108 976050.1600000302
-7.290000000001555 9.23000000000108 976050.1600000302
-7.270000000001573 9.210000000001108 976050.1600000302
-7.270000000001573 9.210000000001108 976050.1600000302
-7.250000000001592 9.190000000001126 976050.1600000302
-7.250000000001592 9.190000000001126 976050.1600000302
-7.190000000001646 9.130000000001154 976050.1600000302
-7.190000000001646 9.130000000001154 976050.1600000302
-7.1600000000016735 9.100000000001142 976050.1600000302
-7.1600000000016735 9.100000000001142 976050.1600000302
-7.140000000001692 9.080000000001169 976050.1600000302
-7.140000000001692 9.080000000001169 976050.1600000302
-7.100000000001728 9.040000000001196 976050.1600000302
-7.100000000001728 9.040000000001196 976050.1600000302
-7.030000000001792 8.970000000001212 976050.1600000302
-7.030000000001792 8.970000000001212 976050.1600000302
-7.710000000001173 9.570000000000846 976050.1600000302
-7.710000000001173 9.570000000000846 976050.1600000302
-7.01000000000181 8.95000000000123 976050.1600000302
-7.01000000000181 8.95000000000123 976050.1600000302
-7.870000000001028 9.990000000000604 976050.1600000302
-7.870000000001028 9.990000000000604 976050.1600000302
-91.95000000000005 6.810000000000173 976050.1600000302
-91.95000000000005 6.810000000000173 976050.1600000302
21.970000000000027 468.97 976050.1600000302
-6.960000000001855 8.900000000001267 976050.1600000302
-6.960000000001855 8.900000000001267 976050.1600000302
-6.940000000001874 8.880000000001294 976050.1600000302
-6.940000000001874 8.880000000001294 976050.1600000302
-7.760000000000218 138.19999999999982 976050.1600000302
-7.760000000000218 138.19999999999982 976050.1600000302
-9.8900000000001 106.94999999999997 976050.1600000302
-9.8900000000001 106.94999999999997 976050.1600000302
-56.159999999999854 12.22000000000071 976050.1600000302
-56.159999999999854 12.22000000000071 976050.1600000302
-6.910000000001901 8.850000000001312 976050.1600000302
-6.910000000001901 8.850000000001312 976050.1600000302
-112.95000000000005 311.2499999999998 976050.1600000302
-112.95000000000005 -1.7500000000002274 976050.1600000302
-112.95000000000005 311.2499999999998 976050.1600000302
-112.95000000000005 -1.7500000000002274 976050.1600000302
45.18999999999996 323.61000000000035 976050.1600000302
-9.139999999999873 10.120000000000744 976050.1600000302
-9.139999999999873 10.120000000000744 976050.1600000302
5.130000000000791 376.15 976050.1600000302
93.26000000000013 248.9000000000001 976050.1600000302
43.74000000000005 323.62000000000035 976050.1600000302
-8.040000000000873 11.560000000000006 976050.1600000302
-8.040000000000873 11.560000000000006 976050.1600000302
50.05999999999999 170.01999999999998 976050.1600000302
-114.02999999999997 1.9700000000000273 976050.1600000302
-114.02999999999997 1.9700000000000273 976050.1600000302
6.139999999999997 62.580000000000084 976050.1600000302
4.8400000000019645 384.86000000000047 976050.1600000302
1.8600000000010368 444.3200000000006 976050.1600000302
30.440000000000225 301.9599999999982 976050.1600000302
-99.96000000000004 1.6200000000003456 976050.1600000302
-99.96000000000004 1.6200000000003456 976050.1600000302
67.5999999999998 310.8000000000029 976050.1600000302
0.3100000000000092 50.970000000000006 976050.1600000302
33.070000000000185 228.60999999999763 976050.1600000302
-79.53000000000134 311.5499999999977 976050.1600000302
-79.53000000000134 -1.4500000000023192 976050.1600000302
-79.53000000000134 311.5499999999977 976050.1600000302
-79.53000000000134 -1.4500000000023192 976050.1600000302
42.80999999999944 220.97000000000003 976050.1600000302
4.339999999999971 115.87999999999994 976050.1600000302
48.439999999999515 291.0799999999999 976050.1600000302
1.909999999999092 258.46999999999866 976050.1600000302
23.940000000000303 62.120000000000175 976050.1600000302
40.16000000000017 159.13999999999896 976050.1600000302
46.83000000000023 170.99 976050.1600000302
-4.810000000000173 283.16999999999985 976050.1600000302
-4.810000000000173 283.16999999999985 976050.1600000302
-1.8900000000010095 302.8899999999992 976050.1600000302
-1.8900000000010095 302.8899999999992 976050.1600000302
25.340000000000053 275.52000000000226 976050.1600000302
38.479999999999905 275.1200000000008 976050.1600000302
1.1600000000016735 429.28000000000014 976050.1600000302
5.689999999999985 50.01 976050.1600000302
23.689999999999795 211.38999999999874 976050.1600000302
84.80999999999939 251.04999999999995 976050.1600000302
28.769999999999964 188.81000000000017 976050.1600000302
-2.700000000002092 189.07999999999993 976050.1600000302
-2.700000000002092 189.07999999999993 976050.1600000302
96.28999999999964 321.63000000000125 976050.1600000302
19.99 198.25000000000068 976050.1600000302
87.6199999999993 244.30000000000155 976050.1600000302
1.7000000000011823 411.5999999999998 976050.1600000302
23.31000000000005 144.24999999999977 976050.1600000302
10.990000000000064 205.5299999999986 976050.1600000302
64.24999999999973 179.8900000000001 976050.1600000302
28.140000000000022 289.9200000000001 976050.1600000302
23.019999999999847 104.15999999999906 976050.1600000302
72.58000000000132 298.4000000000033 976050.1600000302
3.8599999999999817 133.27999999999884 976050.1600000302
16.99 300.3299999999988 976050.1600000302
32.70999999999986 213.99 976050.1600000302
4.789999999999962 97.56999999999927 976050.1600000302
-11.360000000001492 168.9000000000001 976050.1600000302
-11.360000000001492 168.9000000000001 976050.1600000302
103.43000000000022 295.29000000000156 976050.1600000302
96.71000000000087 254.94999999999732 976050.1600000302
15.04000000000002 129.30000000000064 976050.1600000302
-7.01000000000181 8.990000000001224 976050.1600000302
-7.01000000000181 8.990000000001224 976050.1600000302
43.46999999999991 191.9699999999982 976050.1600000302
-6.880000000001928 8.820000000001349 976050.1600000302
-6.880000000001928 8.820000000001349 976050.1600000302
40.86000000000023 151.8000000000011 976050.1600000302
6.6799999999999855 296.9200000000001 976050.1600000302
88.12999999999955 259.54999999999586 976050.1600000302
22.620000000000253 130.10000000000082 976050.1600000302
60.43000000000051 261.8699999999983 976050.1600000302
45.260000000000545 258.780000000002 976050.1600000302
6.480000000000011 72.46000000000075 976050.1600000302
17.749999999999805 279.3700000000006 976050.1600000302
4.669999999999986 280.29000000000065 976050.1600000302
54.570000000000285 241.01 976050.1600000302
35.960000000000406 177.38000000000147 976050.1600000302
-28.8799999999992 310.0799999999972 976050.1600000302
-28.8799999999992 -2.9200000000028012 976050.1600000302
-28.8799999999992 310.0799999999972 976050.1600000302
-28.8799999999992 -2.9200000000028012 976050.1600000302
6.230000000000016 30.68999999999995 976050.1600000302
72.40000000000123 264.13999999999714 976050.1600000302
53.86000000000003 185.48000000000047 976050.1600000302
70.84999999999941 232.3299999999988 976050.1600000302
4.289999999999994 247.02999999999906 976050.1600000302
34.65999999999987 109.91999999999945 976050.1600000302
65.09000000000056 259.95000000000005 976050.1600000302
63.99 219.97000000000003 976050.1600000302
77.5500000000008 227.71000000000026 976050.1600000302
29.240000000000194 202.94000000000005 976050.1600000302
-150.29999999999973 0.18000000000074579 976050.1600000302
-150.29999999999973 0.18000000000074579 976050.1600000302
54.779999999999646 168.40000000000055 976050.1600000302
56.54999999999969 153.60999999999945 976050.1600000302
16.690000000000023 245.28999999999792 976050.1600000302
11.169999999999996 227.15000000000168 976050.1600000302
56.24999999999975 191.9899999999982 976050.1600000302
40.920000000000215 132.01999999999998 976050.1600000302
12.840000000000003 185.44000000000233 976050.1600000302
16.160000000000004 72.00000000000153 976050.1600000302
58.5099999999999 209.07000000000176 976050.1600000302
50.329999999999934 145.0100000000009 976050.1600000302
5.800000000000004 242.62000000000126 976050.1600000302
19.539999999999615 158.49999999999773 976050.1600000302
334 131 976050.1600000302
334 444 976050.1600000302
347 226 976050.1600000302
347 226 976050.1600000302
281 363 976050.1600000302
281 363 976050.1600000302
454 240 976050.1600000302
454 240 976050.1600000302
279 443 976050.1600000302
279 443 976050.1600000302
269 400 976050.1600000302
269 400 976050.1600000302
420 159 976050.1600000302
420 159 976050.1600000302
356 389 976050.1600000302
264 440 976050.1600000302
264 440 976050.1600000302
402 218 976050.1600000302
402 218 976050.1600000302
447 276 976050.1600000302
447 276 976050.1600000302
448 279 976050.1600000302
448 279 976050.1600000302
373 395 976050.1600000302
464 254 976050.1600000302
464 254 976050.1600000302
377 220 976050.1600000302
377 220 976050.1600000302
384 338 976050.1600000302
419 153 976050.1600000302
419 466 976050.1600000302
368 153 976050.1600000302
368 466 976050.1600000302
355 365 976050.1600000302
442 183 976050.1600000302
442 183 976050.1600000302
402 255 976050.1600000302
402 255 976050.1600000302
423 212 976050.1600000302
423 212 976050.1600000302
325 243 976050.1600000302
325 243 976050.1600000302
201 446 976050.1600000302
201 446 976050.1600000302
273 339 976050.1600000302
273 339 976050.1600000302
318 363 976050.1600000302
352 353 976050.1600000302
363 146 976050.1600000302
363 459 976050.1600000302
210 353 976050.1600000302
210 353 976050.1600000302
351 276 976050.1600000302
351 276 976050.1600000302
199 423 976050.1600000302
199 423 976050.1600000302
377 260 976050.1600000302
377 260 976050.1600000302
443 426 976050.1600000302
164 391 976050.1600000302
164 391 976050.1600000302
276 389 976050.1600000302
276 389 976050.1600000302
449 283 976050.1600000302
449 283 976050.1600000302
326 188 976050.1600000302
326 188 976050.1600000302
356 190 976050.1600000302
356 190 976050.1600000302
379 134 976050.1600000302
379 447 976050.1600000302
446 367 976050.1600000302
224 394 976050.1600000302
224 394 976050.1600000302
436 175 976050.1600000302
436 175 976050.1600000302
146 322 976050.1600000302
459 322 976050.1600000302
234 337 976050.1600000302
234 337 976050.1600000302
328 355 976050.1600000302
460 143 976050.1600000302
460 456 976050.1600000302
267 415 976050.1600000302
267 415 976050.1600000302
385 422 976050.1600000302
345 214 976050.1600000302
345 214 976050.1600000302
409 145 976050.1600000302
409 458 976050.1600000302
438 228 976050.1600000302
438 228 976050.1600000302
299 407 976050.1600000302
299 407 976050.1600000302
361 261 976050.1600000302
361 261 976050.1600000302
336 144 976050.1600000302
336 457 976050.1600000302
457 444 976050.1600000302
455 254 976050.1600000302
455 254 976050.1600000302
444 368 976050.1600000302
156 337 976050.1600000302
469 337 976050.1600000302
430 182 976050.1600000302
430 182 976050.1600000302
366 169 976050.1600000302
366 169 976050.1600000302
408 243 976050.1600000302
408 243 976050.1600000302
411 142 976050.1600000302
411 455 976050.1600000302
328 382 976050.1600000302
365 379 976050.1600000302
207 469 976050.1600000302
207 469 976050.1600000302
138 340 976050.1600000302
451 340 976050.1600000302
354 158 976050.1600000302
354 158 976050.1600000302
203 428 976050.1600000302
203 428 976050.1600000302
338 210 976050.1600000302
338 210 976050.1600000302
382 401 976050.1600000302
169 315 976050.1600000302
169 315 976050.1600000302
361 353 976050.1600000302
379 349 976050.1600000302
329 130 976050.1600000302
329 443 976050.1600000302
163 340 976050.1600000302
163 340 976050.1600000302
463 397 976050.1600000302
198 452 976050.1600000302
198 452 976050.1600000302
413 337 976050.1600000302
209 346 976050.1600000302
209 346 976050.1600000302
185 357 976050.1600000302
185 357 976050.1600000302
442 346 976050.1600000302
399 251 976050.1600000302
399 251 976050.1600000302
162 327 976050.1600000302
162 327 976050.1600000302
192 461 976050.1600000302
192 461 976050.1600000302
158 375 976050.1600000302
158 375 976050.1600000302
366 124 976050.1600000302
366 437 976050.1600000302
338 278 976050.1600000302
338 278 976050.1600000302
189 390 976050.1600000302
189 390 976050.1600000302
226 367 976050.1600000302
226 367 976050.1600000302
355 132 976050.1600000302
355 445 976050.1600000302
405 411 976050.1600000302
418 181 976050.1600000302
418 181 976050.1600000302
280 344 976050.1600000302
280 344 976050.1600000302
197 417 976050.1600000302
197 417 976050.1600000302
333 199 976050.1600000302
333 199 976050.1600000302
237 463 976050.1600000302
237 463 976050.1600000302
400 197 976050.1600000302
400 197 976050.1600000302
187 342 976050.1600000302
187 342 976050.1600000302
183 347 976050.1600000302
183 347 976050.1600000302
351 179 976050.1600000302
351 179 976050.1600000302
446 363 976050.1600000302
237 439 976050.1600000302
237 439 976050.1600000302
253 353 976050.1600000302
253 353 976050.1600000302
431 138 976050.1600000302
431 451 976050.1600000302
361 171 976050.1600000302
361 171 976050.1600000302
432 258 976050.1600000302
432 258 976050.1600000302
402 246 976050.1600000302
402 246 976050.1600000302
319 244 976050.1600000302
319 244 976050.1600000302
432 389 976050.1600000302
332 280 976050.1600000302
332 280 976050.1600000302
185 409 976050.1600000302
185 409 976050.1600000302
426 175 976050.1600000302
426 175 976050.1600000302
221 368 976050.1600000302
221 368 976050.1600000302
403 371 976050.1600000302
284 422 976050.1600000302
284 422 976050.1600000302
266 446 976050.1600000302
266 446 976050.1600000302
437 348 976050.1600000302
190 433 976050.1600000302
190 433 976050.1600000302
240 357 976050.1600000302
240 357 976050.1600000302
341 290 976050.1600000302
341 290 976050.1600000302
412 138 976050.1600000302
412 451 976050.1600000302
181 447 976050.1600000302
181 447 976050.1600000302
285 386 976050.1600000302
285 386 976050.1600000302
372 387 976050.1600000302
170 426 976050.1600000302
170 426 976050.1600000302
247 335 976050.1600000302
247 335 976050.1600000302
467 163 976050.1600000302
467 163 976050.1600000302
221 424 976050.1600000302
221 424 976050.1600000302
176 419 976050.1600000302
176 419 976050.1600000302
262 465 976050.1600000302
262 465 976050.1600000302
344 334 976050.1600000302
453 218 976050.1600000302
453 218 976050.1600000302
257 399 976050.1600000302
257 399 976050.1600000302
399 178 976050.1600000302
399 178 976050.1600000302
279 371 976050.1600000302
279 371 976050.1600000302
341 203 976050.1600000302
341 203 976050.1600000302
369 241 976050.1600000302
369 241 976050.1600000302
220 406 976050.1600000302
220 406 976050.1600000302
240 339 976050.1600000302
240 339 976050.1600000302
444 381 976050.1600000302
205 388 976050.1600000302
205 388 976050.1600000302
375 180 976050.1600000302
375 180 976050.1600000302
418 174 976050.1600000302
418 174 976050.1600000302
210 443 976050.1600000302
210 443 976050.1600000302
375 350 976050.1600000302
178 458 976050.1600000302
178 458 976050.1600000302
453 160 976050.1600000302
453 160 976050.1600000302
459 142 976050.1600000302
459 455 976050.1600000302
449 172 976050.1600000302
449 172 976050.1600000302
152 363 976050.1600000302
465 363 976050.1600000302
349 349 976050.1600000302
253 395 976050.1600000302
253 395 976050.1600000302
371 211 976050.1600000302
371 211 976050.1600000302
198 344 976050.1600000302
198 344 976050.1600000302
342 189 976050.1600000302
342 189 976050.1600000302
385 231 976050.1600000302
385 231 976050.1600000302
337 106 976050.1600000302
337 419 976050.1600000302
175 401 976050.1600000302
175 401 976050.1600000302
383 261 976050.1600000302
383 261 976050.1600000302
390 165 976050.1600000302
390 165 976050.1600000302
335 376 976050.1600000302
181 324 976050.1600000302
181 324 976050.1600000302
355 153 976050.1600000302
355 466 976050.1600000302
467 313 976050.1600000302
422 149 976050.1600000302
422 462 976050.1600000302
457 290 976050.1600000302
457 290 976050.1600000302
206 433 976050.1600000302
206 433 976050.1600000302
328 340 976050.1600000302
363 170 976050.1600000302
363 170 976050.1600000302
296 357 976050.1600000302
296 357 976050.1600000302
197 416 976050.1600000302
197 416 976050.1600000302
416 297 976050.1600000302
416 297 976050.1600000302
359 331 976050.1600000302
299 364 976050.1600000302
299 364 976050.1600000302
158 366 976050.1600000302
158 366 976050.1600000302
288 332 976050.1600000302
288 332 976050.1600000302
187 388 976050.1600000302
187 388 976050.1600000302
424 180 976050.1600000302
424 180 976050.1600000302
427 215 976050.1600000302
427 215 976050.1600000302
217 436 976050.1600000302
217 436 976050.1600000302
389 228 976050.1600000302
389 228 976050.1600000302
418 378 976050.1600000302
234 374 976050.1600000302
234 374 976050.1600000302
347 111 976050.1600000302
347 424 976050.1600000302
353 221 976050.1600000302
353 221 976050.1600000302
362 116 976050.1600000302
362 429 976050.1600000302
410 176 976050.1600000302
410 176 976050.1600000302
463 280 976050.1600000302
463 280 976050.1600000302
313 364 976050.1600000302
421 206 976050.1600000302
421 206 976050.1600000302
404 413 976050.1600000302
376 260 976050.1600000302
376 260 976050.1600000302
385 360 976050.1600000302
422 252 976050.1600000302
422 252 976050.1600000302
408 252 976050.1600000302
408 252 976050.1600000302
408 138 976050.1600000302
408 451 976050.1600000302
466 292 976050.1600000302
466 292 976050.1600000302
411 395 976050.1600000302
406 249 976050.1600000302
406 249 976050.1600000302
443 168 976050.1600000302
443 168 976050.1600000302
383 134 976050.1600000302
383 447 976050.1600000302
199 450 976050.1600000302
199 450 976050.1600000302
439 147 976050.1600000302
439 460 976050.1600000302
359 291 976050.1600000302
359 291 976050.1600000302
368 190 976050.1600000302
368 190 976050.1600000302
464 157 976050.1600000302
464 157 976050.1600000302
427 401 976050.1600000302
249 428 976050.1600000302
249 428 976050.1600000302
258 424 976050.1600000302
258 424 976050.1600000302
320 344 976050.1600000302
392 412 976050.1600000302
435 365 976050.1600000302
367 186 976050.1600000302
367 186 976050.1600000302
305.2899999999988 322.57000000000085 976050.1600000302
305.2899999999988 322.57000000000085 976050.1600000302
305.129999999999 322.9900000000006 976050.1600000302
305.129999999999 322.9900000000006 976050.1600000302
221.04999999999995 319.8100000000002 976050.1600000302
221.04999999999995 319.8100000000002 976050.1600000302
334.97 155.97000000000003 976050.1600000302
334.97 468.97 976050.1600000302
305.2399999999998 451.1999999999998 976050.1600000302
305.2399999999998 451.1999999999998 976050.1600000302
303.1099999999999 419.95 976050.1600000302
303.1099999999999 419.95 976050.1600000302
256.84000000000015 325.2200000000007 976050.1600000302
256.84000000000015 325.2200000000007 976050.1600000302
358.18999999999994 323.61000000000035 976050.1600000302
303.8600000000001 323.12000000000074 976050.1600000302
303.8600000000001 323.12000000000074 976050.1600000302
190.12999999999988 312.890000000001 976050.1600000302
322.5800000000013 228.98000000000002 976050.1600000302
322.5800000000013 228.98000000000002 976050.1600000302
184.10000000000082 309.800000000002 976050.1600000302
318.1300000000008 376.15 976050.1600000302
356.74000000000007 323.62000000000035 976050.1600000302
304.9599999999991 324.56 976050.1600000302
304.9599999999991 324.56 976050.1600000302
318.97000000000014 297.16999999999985 976050.1600000302
318.97000000000014 297.16999999999985 976050.1600000302
240.46999999999775 298.12999999999715 976050.1600000302
198.91000000000008 136.95000000000005 976050.1600000302
341.89 300.82999999999925 976050.1600000302
341.89 300.82999999999925 976050.1600000302
164.98000000000002 280.03999999999996 976050.1600000302
198.97000000000003 314.97 976050.1600000302
198.97000000000003 314.97 976050.1600000302
257.2399999999998 158.37999999999965 976050.1600000302
107.36000000000018 159.7599999999993 976050.1600000302
122.95999999999998 174.98000000000002 976050.1600000302
151.0 156.4400000000005 976050.1600000302
109.61000000000031 148.4500000000005 976050.1600000302
317.84000000000196 384.86000000000047 976050.1600000302
314.86000000000104 131.32000000000062 976050.1600000302
314.86000000000104 444.3200000000006 976050.1600000302
213.03999999999996 314.62000000000035 976050.1600000302
213.03999999999996 314.62000000000035 976050.1600000302
329.98 300.3399999999988 976050.1600000302
329.98 300.3399999999988 976050.1600000302
104.26999999999963 182.5299999999986 976050.1600000302
240.59000000000037 274.04999999999995 976050.1600000302
208.0200000000009 276.9000000000019 976050.1600000302
206.02999999999997 120.3900000000002 976050.1600000302
168.74999999999932 311.9900000000009 976050.1600000302
132.03999999999905 69.58000000000081 976050.1600000302
40.9800000000002 52.4999999999999 976050.1600000302
213.38999999999965 304.5700000000013 976050.1600000302
159.65000000000214 184.2899999999961 976050.1600000302
196.01999999999998 259.4399999999987 976050.1600000302
382.99 304.209999999998 976050.1600000302
382.99 304.209999999998 976050.1600000302
96.74999999999936 80.66999999999932 976050.1600000302
245.65999999999758 277.5199999999986 976050.1600000302
228.64000000000033 276.35999999999876 976050.1600000302
234.04000000000087 291.5600000000004 976050.1600000302
134.44999999999868 55.04999999999979 976050.1600000302
232.82999999999925 269.83000000000106 976050.1600000302
139.91000000000008 159.25000000000068 976050.1600000302
107.96999999999896 213.82999999999834 976050.1600000302
150.0 278.50000000000136 976050.1600000302
176.49999999999864 260.6600000000021 976050.1600000302
198.94000000000005 110.0 976050.1600000302
162.41999999999962 176.70000000000118 976050.1600000302
296.50000000000136 267.21999999999707 976050.1600000302
116.12000000000108 214.92000000000007 976050.1600000302
252.98000000000002 78.35999999999814 976050.1600000302
225.28999999999883 80.88999999999994 976050.1600000302
15.01 25.109999999999705 976050.1600000302
76.97999999999999 163.82000000000107 976050.1600000302
117.51000000000026 183.84999999999832 976050.1600000302
269.03999999999905 173.94000000000005 976050.1600000302
48.9899999999998 40.129999999999974 976050.1600000302
178.9799999999973 282.0999999999999 976050.1600000302
108.91999999999996 252.4399999999996 976050.1600000302
198.24999999999886 100.6499999999988 976050.1600000302
198.51999999999953 140.1999999999989 976050.1600000302
47.36999999999973 19.09000000000017 976050.1600000302
222.24999999999886 109.92999999999945 976050.1600000302
140.910000000001 254.08999999999992 976050.1600000302
105.66999999999983 153.2099999999998 976050.1600000302
289.7399999999984 193.81999999999925 976050.1600000302
126.63000000000032 147.40999999999963 976050.1600000302
314.1600000000017 116.28000000000014 976050.1600000302
314.1600000000017 429.28000000000014 976050.1600000302
200.04999999999995 309.4300000000014 976050.1600000302
52.70999999999986 64.20999999999908 976050.1600000302
185.03999999999996 95.91999999999996 976050.1600000302
203.1199999999999 115.02000000000001 976050.1600000302
53.76999999999985 123.92999999999996 976050.1600000302
409.2899999999996 321.63000000000125 976050.1600000302
268.05999999999904 101.81999999999991 976050.1600000302
165.9799999999991 301.42000000000144 976050.1600000302
169.8800000000001 114.04000000000053 976050.1600000302
168.0200000000018 265.920000000001 976050.1600000302
104.96999999999998 173.1100000000008 976050.1600000302
166.590000000004 204.02999999999997 976050.1600000302
221.03999999999996 233.27999999999975 976050.1600000302
211.29000000000337 225.8300000000038 976050.1600000302
174.66000000000122 104.8199999999994 976050.1600000302
314.7000000000012 98.5999999999998 976050.1600000302
314.7000000000012 411.5999999999998 976050.1600000302
158.06999999999994 146.95000000000005 976050.1600000302
129.0000000000009 166.5600000000013 976050.1600000302
307.1100000000008 189.92999999999915 976050.1600000302
158.85000000000014 283.99 976050.1600000302
264.8600000000001 227.94000000000005 976050.1600000302
282.59999999999945 165.1400000000035 976050.1600000302
148.03999999999905 142.42000000000053 976050.1600000302
270.03999999999905 87.88000000000045 976050.1600000302
93.71000000000139 105.05000000000258 976050.1600000302
85.0299999999995 178.46999999999957 976050.1600000302
252.01 175.81000000000017 976050.1600000302
150.27000000000157 48.570000000000285 976050.1600000302
65.14999999999957 134.14999999999986 976050.1600000302
166.97000000000003 143.3500000000006 976050.1600000302
255.58999999999764 253.41000000000145 976050.1600000302
67.97000000000101 35.970000000000006 976050.1600000302
186.48000000000047 71.099999999998 976050.1600000302
198.17000000000075 289.7499999999993 976050.1600000302
58.55000000000029 84.31000000000118 976050.1600000302
165.16999999999803 229.28999999999883 976050.1600000302
313.9200000000028 244.38000000000147 976050.1600000302
313.9200000000028 244.38000000000147 976050.1600000302
326.50000000000045 204.19999999999982 976050.1600000302
326.50000000000045 204.19999999999982 976050.1600000302
295.23999999999705 219.15999999999894 976050.1600000302
38.170000000000165 41.08999999999978 976050.1600000302
119.77999999999886 51.28000000000014 976050.1600000302
151.23000000000252 309.97000000000276 976050.1600000302
170.3299999999997 277.93000000000006 976050.1600000302
129.96000000000004 110.77999999999886 976050.1600000302
314.0400000000027 281.1999999999998 976050.1600000302
314.0400000000027 281.1999999999998 976050.1600000302
158.8899999999992 63.08999999999978 976050.1600000302
189.3400000000006 120.0 976050.1600000302
98.15000000000008 142.01 976050.1600000302
258.3399999999997 184.35999999999694 976050.1600000302
143.08000000000084 129.70000000000118 976050.1600000302
110.99 180.5499999999995 976050.1600000302
137.91999999999825 173.29999999999882 976050.1600000302
178.05999999999904 165.39999999999873 976050.1600000302
285.06999999999994 181.08999999999992 976050.1600000302
189.18999999999983 79.11000000000108 976050.1600000302
124.06999999999952 229.62999999999852 976050.1600000302
284.3399999999997 109.5800000000003 976050.1600000302
108.29000000000015 203.9100000000019 976050.1600000302
305.9899999999982 321.9900000000012 976050.1600000302
305.9899999999982 321.9900000000012 976050.1600000302
187.58999999999583 208.12999999999715 976050.1600000302
143.99000000000183 141.95000000000005 976050.1600000302
174.37000000000057 88.05000000000003 976050.1600000302
97.17000000000111 240.09000000000265 976050.1600000302
306.1199999999981 321.82000000000136 976050.1600000302
306.1199999999981 321.82000000000136 976050.1600000302
301.97000000000094 108.3700000000007 976050.1600000302
16.45000000000005 42.269999999999946 976050.1600000302
255.06000000000176 88.50000000000128 976050.1600000302
225.9000000000019 268.3800000000015 976050.1600000302
101.04000000000104 135.0200000000027 976050.1600000302
156.910000000001 119.14999999999957 976050.1600000302
93.6599999999988 147.13999999999805 976050.1600000302
89.53999999999976 58.019999999999996 976050.1600000302
153.10999999999808 253.71000000000026 976050.1600000302
92.81999999999888 135.54000000000224 976050.1600000302
257.97 110.72999999999986 976050.1600000302
205.01999999999998 73.93999999999946 976050.1600000302
221.109999999999 94.03000000000053 976050.1600000302
279.0500000000027 199.02999999999906 976050.1600000302
260.78999999999473 266.00999999999726 976050.1600000302
236.07000000000085 148.55000000000132 976050.1600000302
119.5800000000003 259.1799999999989 976050.1600000302
175.2099999999998 206.78999999999928 976050.1600000302
72.3900000000002 49.04999999999959 976050.1600000302
141.109999999999 214.9300000000028 976050.1600000302
71.93999999999997 110.40000000000072 976050.1600000302
133.35999999999967 48.420000000000314 976050.1600000302
49.229999999999954 112.84999999999839 976050.1600000302
275.3499999999988 221.24999999999977 976050.1600000302
232.83999999999924 225.76000000000113 976050.1600000302
154.5599999999995 163.79999999999927 976050.1600000302
208.59999999999854 158.9799999999973 976050.1600000302
131.28999999999792 187.10999999999626 976050.1600000302
247.28000000000065 163.96000000000004 976050.1600000302
217.79999999999927 122.85999999999993 976050.1600000302
40.79000000000044 78.5500000000013 976050.1600000302
212.9699999999973 133.24999999999704 976050.1600000302
316.5600000000022 297.37999999999965 976050.1600000302
316.5600000000022 297.37999999999965 976050.1600000302
224.76000000000022 251.98000000000002 976050.1600000302
134.3500000000006 279.2099999999998 976050.1600000302
281.03999999999814 130.69999999999936 976050.1600000302
245.4099999999969 289.06999999999994 976050.1600000302
252.45999999999958 234.84000000000106 976050.1600000302
309.9400000000019 257.05999999999995 976050.1600000302
218.29999999999973 287.3599999999997 976050.1600000302
182.68999999999846 186.9100000000019 976050.1600000302
200.27000000000066 131.7900000000011 976050.1600000302
78.47999999999973 98.97999999999999 976050.1600000302
289.44000000000324 250.74000000000296 976050.1600000302
70.72000000000088 87.03999999999951 976050.1600000302
85.84999999999941 197.26999999999975 976050.1600000302
160.39999999999782 51.96000000000021 976050.1600000302
140.94000000000005 239.80000000000018 976050.1600000302
236.85000000000014 127.51000000000077 976050.1600000302
264.94000000000096 135.13999999999805 976050.1600000302
286.7399999999984 305.8000000000011 976050.1600000302
162.70000000000027 313.18000000000075 976050.1600000302
162.70000000000027 313.18000000000075 976050.1600000302
197.04999999999995 104.53000000000027 976050.1600000302
92.15000000000008 96.38999999999918 976050.1600000302
241.1099999999999 206.890000000001 976050.1600000302
208.48999999999774 191.81000000000017 976050.1600000302
192.1099999999999 149.6499999999985 976050.1600000302
60.43000000000031 37.30999999999994 976050.1600000302
247.03000000000088 263.29000000000065 976050.1600000302
298.9100000000001 91.8499999999989 976050.1600000302
29.51999999999977 18.81999999999966 976050.1600000302
163.93000000000006 77.76999999999988 976050.1600000302
300.4599999999996 167.2400000000016 976050.1600000302
232.94000000000278 165.23999999999887 976050.1600000302
118.09000000000005 134.73000000000297 976050.1600000302
147.95000000000186 86.59000000000133 976050.1600000302
178.02999999999997 145.08999999999992 976050.1600000302
232.68999999999937 308.3100000000006 976050.1600000302
113.26000000000013 174.0200000000009 976050.1600000302
105.08000000000004 64.23999999999961 976050.1600000302
130.86000000000467 287.57999999999583 976050.1600000302
130.0000000000009 55.4999999999999 976050.1600000302
89.92000000000047 217.96000000000004 976050.1600000302
35.28000000000014 34.4800000000003 976050.1600000302
180.62000000000035 132.86000000000104 976050.1600000302
73.00000000000153 134.07999999999993 976050.1600000302
72.34000000000069 22.139999999999553 976050.1600000302
95.96999999999947 175.53000000000043 976050.1600000302
61.14999999999957 72.88999999999943 976050.1600000302
119.01 76.01 976050.1600000302
152.93000000000006 292.82999999999925 976050.1600000302
198.83000000000197 242.9100000000019 976050.1600000302
132.76000000000113 273.6600000000021 976050.1600000302
114.90000000000046 90.26000000000116 976050.1600000302
272.41000000000236 309.09000000000447 976050.1600000302
302.74000000000206 140.15999999999804 976050.1600000302
264.1999999999998 125.31999999999914 976050.1600000302
263.0099999999991 150.1300000000017 976050.1600000302
246.5900000000022 113.66999999999932 976050.1600000302
243.33000000000152 242.28999999999974 976050.1600000302
285.3300000000024 289.0300000000036 976050.1600000302
238.74000000000296 182.89999999999827 976050.1600000302
142.94000000000096 291.4199999999987 976050.1600000302
34 -87 976050.1600000302
347 -87 976050.1600000302
34 -87 976050.1600000302
347 -87 976050.1600000302
-32 -263 976050.1600000302
-32 -263 976050.1600000302
141 -73 976050.1600000302
454 -73 976050.1600000302
141 -73 976050.1600000302
454 -73 976050.1600000302
-34 -183 976050.1600000302
-34 -183 976050.1600000302
-44 -226 976050.1600000302
-44 -226 976050.1600000302
107 -154 976050.1600000302
420 -154 976050.1600000302
107 -154 976050.1600000302
420 -154 976050.1600000302
255 -50 976050.1600000302
255 -50 976050.1600000302
215 -83 976050.1600000302
215 -83 976050.1600000302
183 -108 976050.1600000302
183 -108 976050.1600000302
258 -132 976050.1600000302
258 -132 976050.1600000302
-49 -186 976050.1600000302
-49 -186 976050.1600000302
89 -95 976050.1600000302
402 -95 976050.1600000302
89 -95 976050.1600000302
402 -95 976050.1600000302
134 -37 976050.1600000302
447 -37 976050.1600000302
134 -37 976050.1600000302
447 -37 976050.1600000302
135 -34 976050.1600000302
448 -34 976050.1600000302
135 -34 976050.1600000302
448 -34 976050.1600000302
201 -68 976050.1600000302
201 -68 976050.1600000302
252 -137 976050.1600000302
252 -137 976050.1600000302
199 -24 976050.1600000302
199 -24 976050.1600000302
151 -59 976050.1600000302
464 -59 976050.1600000302
151 -59 976050.1600000302
464 -59 976050.1600000302
64 -93 976050.1600000302
377 -93 976050.1600000302
64 -93 976050.1600000302
377 -93 976050.1600000302
384 25 976050.1600000302
355 52 976050.1600000302
129 -130 976050.1600000302
442 -130 976050.1600000302
129 -130 976050.1600000302
442 -130 976050.1600000302
298 -49 976050.1600000302
-15 -49 976050.1600000302
298 -49 976050.1600000302
-15 -49 976050.1600000302
89 -58 976050.1600000302
402 -58 976050.1600000302
89 -58 976050.1600000302
402 -58 976050.1600000302
110 -101 976050.1600000302
423 -101 976050.1600000302
110 -101 976050.1600000302
423 -101 976050.1600000302
12 -70 976050.1600000302
325 -70 976050.1600000302
12 -70 976050.1600000302
325 -70 976050.1600000302
235 -21 976050.1600000302
235 -21 976050.1600000302
-40 -287 976050.1600000302
-40 -287 976050.1600000302
318 50 976050.1600000302
232 -86 976050.1600000302
232 -86 976050.1600000302
352 40 976050.1600000302
-103 -273 976050.1600000302
-103 -273 976050.1600000302
38 -37 976050.1600000302
351 -37 976050.1600000302
38 -37 976050.1600000302
351 -37 976050.1600000302
64 -53 976050.1600000302
377 -53 976050.1600000302
64 -53 976050.1600000302
377 -53 976050.1600000302
-37 -237 976050.1600000302
-37 -237 976050.1600000302
136 -30 976050.1600000302
449 -30 976050.1600000302
136 -30 976050.1600000302
449 -30 976050.1600000302
13 -125 976050.1600000302
326 -125 976050.1600000302
13 -125 976050.1600000302
326 -125 976050.1600000302
43 -123 976050.1600000302
356 -123 976050.1600000302
43 -123 976050.1600000302
356 -123 976050.1600000302
232 -42 976050.1600000302
232 -42 976050.1600000302
446 54 976050.1600000302
248 -149 976050.1600000302
248 -149 976050.1600000302
-89 -232 976050.1600000302
-89 -232 976050.1600000302
123 -138 976050.1600000302
436 -138 976050.1600000302
123 -138 976050.1600000302
436 -138 976050.1600000302
459 9 976050.1600000302
-79 -289 976050.1600000302
-79 -289 976050.1600000302
328 42 976050.1600000302
218 -26 976050.1600000302
218 -26 976050.1600000302
-46 -211 976050.1600000302
-46 -211 976050.1600000302
176 -31 976050.1600000302
176 -31 976050.1600000302
32 -99 976050.1600000302
345 -99 976050.1600000302
32 -99 976050.1600000302
345 -99 976050.1600000302
125 -85 976050.1600000302
438 -85 976050.1600000302
125 -85 976050.1600000302
438 -85 976050.1600000302
-14 -219 976050.1600000302
-14 -219 976050.1600000302
48 -52 976050.1600000302
361 -52 976050.1600000302
48 -52 976050.1600000302
361 -52 976050.1600000302
241 -39 976050.1600000302
241 -39 976050.1600000302
170 -35 976050.1600000302
170 -35 976050.1600000302
162 -133 976050.1600000302
162 -133 976050.1600000302
142 -59 976050.1600000302
455 -59 976050.1600000302
142 -59 976050.1600000302
455 -59 976050.1600000302
444 55 976050.1600000302
229 -38 976050.1600000302
229 -38 976050.1600000302
469 24 976050.1600000302
117 -131 976050.1600000302
430 -131 976050.1600000302
117 -131 976050.1600000302
430 -131 976050.1600000302
53 -144 976050.1600000302
366 -144 976050.1600000302
53 -144 976050.1600000302
366 -144 976050.1600000302
95 -70 976050.1600000302
408 -70 976050.1600000302
95 -70 976050.1600000302
408 -70 976050.1600000302
213 -7 976050.1600000302
213 -7 976050.1600000302
365 66 976050.1600000302
282 -115 976050.1600000302
-31 -115 976050.1600000302
282 -115 976050.1600000302
-31 -115 976050.1600000302
451 27 976050.1600000302
41 -155 976050.1600000302
354 -155 976050.1600000302
41 -155 976050.1600000302
354 -155 976050.1600000302
248 -49 976050.1600000302
248 -49 976050.1600000302
25 -103 976050.1600000302
338 -103 976050.1600000302
25 -103 976050.1600000302
338 -103 976050.1600000302
361 40 976050.1600000302
379 36 976050.1600000302
463 84 976050.1600000302
413 24 976050.1600000302
-104 -280 976050.1600000302
-104 -280 976050.1600000302
288 -20 976050.1600000302
288 -20 976050.1600000302
442 33 976050.1600000302
86 -62 976050.1600000302
399 -62 976050.1600000302
86 -62 976050.1600000302
399 -62 976050.1600000302
171 -109 976050.1600000302
171 -109 976050.1600000302
236 -149 976050.1600000302
236 -149 976050.1600000302
288 -120 976050.1600000302
-25 -120 976050.1600000302
288 -120 976050.1600000302
-25 -120 976050.1600000302
25 -35 976050.1600000302
338 -35 976050.1600000302
25 -35 976050.1600000302
338 -35 976050.1600000302
-87 -259 976050.1600000302
-87 -259 976050.1600000302
105 -132 976050.1600000302
418 -132 976050.1600000302
105 -132 976050.1600000302
418 -132 976050.1600000302
-33 -282 976050.1600000302
-33 -282 976050.1600000302
20 -114 976050.1600000302
333 -114 976050.1600000302
20 -114 976050.1600000302
333 -114 976050.1600000302
87 -116 976050.1600000302
400 -116 976050.1600000302
87 -116 976050.1600000302
400 -116 976050.1600000302
257 -155 976050.1600000302
-56 -155 976050.1600000302
257 -155 976050.1600000302
-56 -155 976050.1600000302
38 -134 976050.1600000302
351 -134 976050.1600000302
38 -134 976050.1600000302
351 -134 976050.1600000302
165 -33 976050.1600000302
165 -33 976050.1600000302
446 50 976050.1600000302
159 -29 976050.1600000302
159 -29 976050.1600000302
-60 -273 976050.1600000302
-60 -273 976050.1600000302
252 -77 976050.1600000302
252 -77 976050.1600000302
48 -142 976050.1600000302
361 -142 976050.1600000302
48 -142 976050.1600000302
361 -142 976050.1600000302
119 -55 976050.1600000302
432 -55 976050.1600000302
119 -55 976050.1600000302
432 -55 976050.1600000302
89 -67 976050.1600000302
402 -67 976050.1600000302
89 -67 976050.1600000302
402 -67 976050.1600000302
6 -69 976050.1600000302
319 -69 976050.1600000302
6 -69 976050.1600000302
319 -69 976050.1600000302
432 76 976050.1600000302
19 -33 976050.1600000302
332 -33 976050.1600000302
19 -33 976050.1600000302
332 -33 976050.1600000302
113 -138 976050.1600000302
426 -138 976050.1600000302
113 -138 976050.1600000302
426 -138 976050.1600000302
268 -139 976050.1600000302
-45 -139 976050.1600000302
268 -139 976050.1600000302
-45 -139 976050.1600000302
-92 -258 976050.1600000302
-92 -258 976050.1600000302
403 58 976050.1600000302
245 -71 976050.1600000302
245 -71 976050.1600000302
282 -144 976050.1600000302
-31 -144 976050.1600000302
282 -144 976050.1600000302
-31 -144 976050.1600000302
265 -85 976050.1600000302
265 -85 976050.1600000302
-29 -204 976050.1600000302
-29 -204 976050.1600000302
242 -24 976050.1600000302
242 -24 976050.1600000302
-47 -180 976050.1600000302
-47 -180 976050.1600000302
437 35 976050.1600000302
-73 -269 976050.1600000302
-73 -269 976050.1600000302
28 -23 976050.1600000302
341 -23 976050.1600000302
28 -23 976050.1600000302
341 -23 976050.1600000302
-28 -240 976050.1600000302
-28 -240 976050.1600000302
372 74 976050.1600000302
238 -18 976050.1600000302
238 -18 976050.1600000302
-66 -291 976050.1600000302
-66 -291 976050.1600000302
154 -150 976050.1600000302
467 -150 976050.1600000302
154 -150 976050.1600000302
467 -150 976050.1600000302
293 -59 976050.1600000302
-20 -59 976050.1600000302
293 -59 976050.1600000302
-20 -59 976050.1600000302
163 -85 976050.1600000302
163 -85 976050.1600000302
-51 -161 976050.1600000302
-51 -161 976050.1600000302
175 -107 976050.1600000302
175 -107 976050.1600000302
170 -46 976050.1600000302
170 -46 976050.1600000302
177 -149 976050.1600000302
177 -149 976050.1600000302
344 21 976050.1600000302
140 -95 976050.1600000302
453 -95 976050.1600000302
140 -95 976050.1600000302
453 -95 976050.1600000302
-56 -227 976050.1600000302
-56 -227 976050.1600000302
86 -135 976050.1600000302
399 -135 976050.1600000302
86 -135 976050.1600000302
399 -135 976050.1600000302
-34 -255 976050.1600000302
-34 -255 976050.1600000302
28 -110 976050.1600000302
341 -110 976050.1600000302
28 -110 976050.1600000302
341 -110 976050.1600000302
56 -72 976050.1600000302
369 -72 976050.1600000302
56 -72 976050.1600000302
369 -72 976050.1600000302
-73 -287 976050.1600000302
-73 -287 976050.1600000302
444 68 976050.1600000302
228 -43 976050.1600000302
228 -43 976050.1600000302
62 -133 976050.1600000302
375 -133 976050.1600000302
62 -133 976050.1600000302
375 -133 976050.1600000302
253 -58 976050.1600000302
253 -58 976050.1600000302
105 -139 976050.1600000302
418 -139 976050.1600000302
105 -139 976050.1600000302
418 -139 976050.1600000302
375 37 976050.1600000302
241 -105 976050.1600000302
241 -105 976050.1600000302
140 -153 976050.1600000302
453 -153 976050.1600000302
140 -153 976050.1600000302
453 -153 976050.1600000302
136 -141 976050.1600000302
449 -141 976050.1600000302
136 -141 976050.1600000302
449 -141 976050.1600000302
465 50 976050.1600000302
349 36 976050.1600000302
-60 -231 976050.1600000302
-60 -231 976050.1600000302
58 -102 976050.1600000302
371 -102 976050.1600000302
58 -102 976050.1600000302
371 -102 976050.1600000302
29 -124 976050.1600000302
342 -124 976050.1600000302
29 -124 976050.1600000302
342 -124 976050.1600000302
72 -82 976050.1600000302
385 -82 976050.1600000302
72 -82 976050.1600000302
385 -82 976050.1600000302
70 -52 976050.1600000302
383 -52 976050.1600000302
70 -52 976050.1600000302
383 -52 976050.1600000302
77 -148 976050.1600000302
390 -148 976050.1600000302
77 -148 976050.1600000302
390 -148 976050.1600000302
175 -50 976050.1600000302
175 -50 976050.1600000302
335 63 976050.1600000302
243 -37 976050.1600000302
243 -37 976050.1600000302
467 0 976050.1600000302
144 -23 976050.1600000302
457 -23 976050.1600000302
144 -23 976050.1600000302
457 -23 976050.1600000302
242 -132 976050.1600000302
242 -132 976050.1600000302
328 27 976050.1600000302
50 -143 976050.1600000302
363 -143 976050.1600000302
50 -143 976050.1600000302
363 -143 976050.1600000302
-17 -269 976050.1600000302
-17 -269 976050.1600000302
103 -16 976050.1600000302
416 -16 976050.1600000302
103 -16 976050.1600000302
416 -16 976050.1600000302
206 -121 976050.1600000302
206 -121 976050.1600000302
359 18 976050.1600000302
-14 -262 976050.1600000302
-14 -262 976050.1600000302
-25 -294 976050.1600000302
-25 -294 976050.1600000302
181 -124 976050.1600000302
181 -124 976050.1600000302
111 -133 976050.1600000302
424 -133 976050.1600000302
111 -133 976050.1600000302
424 -133 976050.1600000302
114 -98 976050.1600000302
427 -98 976050.1600000302
114 -98 976050.1600000302
427 -98 976050.1600000302
76 -85 976050.1600000302
389 -85 976050.1600000302
76 -85 976050.1600000302
389 -85 976050.1600000302
418 65 976050.1600000302
-79 -252 976050.1600000302
-79 -252 976050.1600000302
165 -10 976050.1600000302
165 -10 976050.1600000302
285 -132 976050.1600000302
-28 -132 976050.1600000302
285 -132 976050.1600000302
-28 -132 976050.1600000302
40 -92 976050.1600000302
353 -92 976050.1600000302
40 -92 976050.1600000302
353 -92 976050.1600000302
97 -137 976050.1600000302
410 -137 976050.1600000302
97 -137 976050.1600000302
410 -137 976050.1600000302
209 -34 976050.1600000302
209 -34 976050.1600000302
162 -135 976050.1600000302
162 -135 976050.1600000302
150 -33 976050.1600000302
463 -33 976050.1600000302
150 -33 976050.1600000302
463 -33 976050.1600000302
108 -107 976050.1600000302
421 -107 976050.1600000302
108 -107 976050.1600000302
421 -107 976050.1600000302
196 -55 976050.1600000302
196 -55 976050.1600000302
63 -53 976050.1600000302
376 -53 976050.1600000302
63 -53 976050.1600000302
376 -53 976050.1600000302
385 47 976050.1600000302
109 -61 976050.1600000302
422 -61 976050.1600000302
109 -61 976050.1600000302
422 -61 976050.1600000302
225 -61 976050.1600000302
225 -61 976050.1600000302
95 -61 976050.1600000302
408 -61 976050.1600000302
95 -61 976050.1600000302
408 -61 976050.1600000302
153 -21 976050.1600000302
466 -21 976050.1600000302
153 -21 976050.1600000302
466 -21 976050.1600000302
411 82 976050.1600000302
93 -64 976050.1600000302
406 -64 976050.1600000302
93 -64 976050.1600000302
406 -64 976050.1600000302
130 -145 976050.1600000302
443 -145 976050.1600000302
130 -145 976050.1600000302
443 -145 976050.1600000302
221 -80 976050.1600000302
221 -80 976050.1600000302
274 -92 976050.1600000302
274 -92 976050.1600000302
46 -22 976050.1600000302
359 -22 976050.1600000302
46 -22 976050.1600000302
359 -22 976050.1600000302
55 -123 976050.1600000302
368 -123 976050.1600000302
55 -123 976050.1600000302
368 -123 976050.1600000302
151 -156 976050.1600000302
464 -156 976050.1600000302
151 -156 976050.1600000302
464 -156 976050.1600000302
-64 -198 976050.1600000302
-64 -198 976050.1600000302
-55 -202 976050.1600000302
-55 -202 976050.1600000302
320 31 976050.1600000302
435 52 976050.1600000302
54 -127 976050.1600000302
367 -127 976050.1600000302
54 -127 976050.1600000302
367 -127 976050.1600000302
5.620000000000337 -15.920000000000073 976050.1600000302
5.620000000000337 -15.920000000000073 976050.1600000302
5.240000000000682 -15.800000000000182 976050.1600000302
5.240000000000682 -15.800000000000182 976050.1600000302
292.04999999999995 -95.02999999999997 976050.1600000302
-20.950000000000045 -95.02999999999997 976050.1600000302
292.04999999999995 -95.02999999999997 976050.1600000302
-20.950000000000045 -95.02999999999997 976050.1600000302
4.22000000000161 -15.680000000000291 976050.1600000302
4.22000000000161 -15.680000000000291 976050.1600000302
4.190000000001637 -15.6700000000003 976050.1600000302
4.190000000001637 -15.6700000000003 976050.1600000302
-7.710000000001173 -303.42999999999915 976050.1600000302
-7.710000000001173 -303.42999999999915 976050.1600000302
-7.870000000001028 -303.0099999999994 976050.1600000302
-7.870000000001028 -303.0099999999994 976050.1600000302
3.8100000000020007 -15.650000000000318 976050.1600000302
3.8100000000020007 -15.650000000000318 976050.1600000302
-91.95000000000005 -306.1899999999998 976050.1600000302
-91.95000000000005 -306.1899999999998 976050.1600000302
-7.760000000000218 -174.80000000000018 976050.1600000302
-7.760000000000218 -174.80000000000018 976050.1600000302
-9.8900000000001 -206.05 976050.1600000302
-9.8900000000001 -206.05 976050.1600000302
-56.159999999999854 -300.7799999999993 976050.1600000302
-56.159999999999854 -300.7799999999993 976050.1600000302
200.04999999999995 -1.7500000000002274 976050.1600000302
200.04999999999995 -1.7500000000002274 976050.1600000302
358.18999999999994 10.610000000000355 976050.1600000302
-9.139999999999873 -302.87999999999926 976050.1600000302
-9.139999999999873 -302.87999999999926 976050.1600000302
9.580000000001291 -84.01999999999998 976050.1600000302
322.5800000000013 -84.01999999999998 976050.1600000302
9.580000000001291 -84.01999999999998 976050.1600000302
322.5800000000013 -84.01999999999998 976050.1600000302
318.1300000000008 63.14999999999997 976050.1600000302
356.74000000000007 10.620000000000346 976050.1600000302
185.06999999999994 0.3099999999990906 976050.1600000302
-8.040000000000873 -301.44 976050.1600000302
-8.040000000000873 -301.44 976050.1600000302
5.970000000000169 -15.830000000000155 976050.1600000302
318.97000000000014 -15.830000000000155 976050.1600000302
5.970000000000169 -15.830000000000155 976050.1600000302
318.97000000000014 -15.830000000000155 976050.1600000302
28.889999999999983 -12.170000000000755 976050.1600000302
341.89 -12.170000000000755 976050.1600000302
28.889999999999983 -12.170000000000755 976050.1600000302
341.89 -12.170000000000755 976050.1600000302
-114.02999999999997 -311.03 976050.1600000302
-114.02999999999997 -311.03 976050.1600000302
239.99 44.04999999999999 976050.1600000302
116.1800000000006 3.0799999999990693 976050.1600000302
-99.96000000000004 -311.37999999999965 976050.1600000302
-99.96000000000004 -311.37999999999965 976050.1600000302
16.979999999999997 -12.660000000001219 976050.1600000302
329.98 -12.660000000001219 976050.1600000302
16.979999999999997 -12.660000000001219 976050.1600000302
329.98 -12.660000000001219 976050.1600000302
167.98000000000002 0.0400000000000091 976050.1600000302
233.46999999999866 -1.4500000000023192 976050.1600000302
233.46999999999866 -1.4500000000023192 976050.1600000302
69.99 -8.79000000000201 976050.1600000302
382.99 -8.79000000000201 976050.1600000302
69.99 -8.79000000000201 976050.1600000302
382.99 -8.79000000000201 976050.1600000302
162.07999999999993 13.98 976050.1600000302
181.7900000000011 34.9899999999998 976050.1600000302
143.65000000000214 9.149999999999997 976050.1600000302
311.86000000000286 27.32000000000005 976050.1600000302
153.98000000000002 1.1200000000000099 976050.1600000302
187.08999999999992 27.249999999999726 976050.1600000302
271.3500000000015 25.969999999999995 976050.1600000302
231.9100000000019 23.92999999999999 976050.1600000302
180.91000000000008 12.189999999999975 976050.1600000302
255.21999999999798 41.379999999999725 976050.1600000302
308.1899999999998 -29.830000000000155 976050.1600000302
-4.810000000000173 -29.830000000000155 976050.1600000302
308.1899999999998 -29.830000000000155 976050.1600000302
-4.810000000000173 -29.830000000000155 976050.1600000302
311.109999999999 -10.11000000000081 976050.1600000302
-1.8900000000010095 -10.11000000000081 976050.1600000302
311.109999999999 -10.11000000000081 976050.1600000302
-1.8900000000010095 -10.11000000000081 976050.1600000302
154.73000000000116 24.030000000000005 976050.1600000302
287.7700000000002 17.889999999999826 976050.1600000302
310.2999999999979 -123.92000000000007 976050.1600000302
-2.700000000002092 -123.92000000000007 976050.1600000302
310.2999999999979 -123.92000000000007 976050.1600000302
-2.700000000002092 -123.92000000000007 976050.1600000302
409.2899999999996 8.630000000001246 976050.1600000302
210.83999999999833 30.880000000000024 976050.1600000302
0.9200000000028012 -68.61999999999853 976050.1600000302
313.9200000000028 -68.61999999999853 976050.1600000302
0.9200000000028012 -68.61999999999853 976050.1600000302
313.9200000000028 -68.61999999999853 976050.1600000302
13.500000000000455 -108.80000000000018 976050.1600000302
326.50000000000045 -108.80000000000018 976050.1600000302
13.500000000000455 -108.80000000000018 976050.1600000302
326.50000000000045 -108.80000000000018 976050.1600000302
301.6399999999985 -144.0999999999999 976050.1600000302
-11.360000000001492 -144.0999999999999 976050.1600000302
301.6399999999985 -144.0999999999999 976050.1600000302
-11.360000000001492 -144.0999999999999 976050.1600000302
1.040000000002692 -31.800000000000182 976050.1600000302
314.0400000000027 -31.800000000000182 976050.1600000302
1.040000000002692 -31.800000000000182 976050.1600000302
314.0400000000027 -31.800000000000182 976050.1600000302
247.28999999999974 21.649999999999945 976050.1600000302
138.52999999999952 26.74999999999996 976050.1600000302
-7.01000000000181 -304.0099999999988 976050.1600000302
-7.01000000000181 -304.0099999999988 976050.1600000302
209.28000000000065 41.55999999999969 976050.1600000302
-6.880000000001928 -304.17999999999864 976050.1600000302
-6.880000000001928 -304.17999999999864 976050.1600000302
240.0 26.180000000000028 976050.1600000302
303.96000000000004 10.280000000000015 976050.1600000302
169.36999999999966 3.0499999999999776 976050.1600000302
164.91999999999825 27.880000000000138 976050.1600000302
284.1200000000008 -2.9200000000028012 976050.1600000302
284.1200000000008 -2.9200000000028012 976050.1600000302
3.560000000002219 -15.620000000000346 976050.1600000302
316.5600000000022 -15.620000000000346 976050.1600000302
3.560000000002219 -15.620000000000346 976050.1600000302
316.5600000000022 -15.620000000000346 976050.1600000302
94.55999999999875 9.440000000000012 976050.1600000302
197.9000000000001 30.459999999999916 976050.1600000302
280.28000000000065 49.10000000000018 976050.1600000302
44.329999999999934 8.330000000000057 976050.1600000302
311.2200000000016 50.90000000000002 976050.1600000302
211.92000000000098 3.599999999999966 976050.1600000302
298.96000000000004 53.239999999999554 976050.1600000302
198.92000000000007 4.499999999999947 976050.1600000302
258.16999999999894 10.63000000000005 976050.1600000302
296.03 41.45000000000051 976050.1600000302
221.3199999999997 8.679999999999964 976050.1600000302
281.069999999999 31.790000000000123 976050.1600000302
356 76 976050.1600000302
373 82 976050.1600000302
443 113 976050.1600000302
385 109 976050.1600000302
457 131 976050.1600000302
328 69 976050.1600000302
382 88 976050.1600000302
405 98 976050.1600000302
404 100 976050.1600000302
427 88 976050.1600000302
392 99 976050.1600000302
317.84000000000196 71.86000000000044 976050.1600000302
287.5299999999977 72.99 976050.1600000302
226.3399999999997 52.94000000000021 976050.1600000302
128.91000000000008 32.270000000000145 976050.1600000302
218.30000000000246 56.19999999999976 976050.1600000302
277.18000000000166 59.079999999999785 976050.1600000302
274.2500000000016 75.0099999999995 976050.1600000302
236.5199999999977 62.75999999999965 976050.1600000302
120.71999999999832 34.820000000000036 976050.1600000302
99.97999999999999 26.700000000000422 976050.1600000302
185.13999999999987 47.039999999999395 976050.1600000302
-58 -50 976050.1600000302
-58 -50 976050.1600000302
-98 -83 976050.1600000302
-98 -83 976050.1600000302
-130 -108 976050.1600000302
-130 -108 976050.1600000302
-55 -132 976050.1600000302
-55 -132 976050.1600000302
-112 -68 976050.1600000302
-112 -68 976050.1600000302
-61 -137 976050.1600000302
-61 -137 976050.1600000302
-112 -180 976050.1600000302
-112 -180 976050.1600000302
-81 -86 976050.1600000302
-81 -86 976050.1600000302
-114 -203 976050.1600000302
-114 -203 976050.1600000302
-149 -235 976050.1600000302
-149 -235 976050.1600000302
-81 -42 976050.1600000302
-81 -42 976050.1600000302
-65 -149 976050.1600000302
-65 -149 976050.1600000302
-146 -169 976050.1600000302
-146 -169 976050.1600000302
-72 -39 976050.1600000302
-72 -39 976050.1600000302
-151 -133 976050.1600000302
-151 -133 976050.1600000302
-84 -38 976050.1600000302
-84 -38 976050.1600000302
-155 -166 976050.1600000302
-155 -166 976050.1600000302
-106 -157 976050.1600000302
-106 -157 976050.1600000302
-110 -198 976050.1600000302
-110 -198 976050.1600000302
-65 -49 976050.1600000302
-65 -49 976050.1600000302
-144 -311 976050.1600000302
-144 -311 976050.1600000302
-150 -286 976050.1600000302
-150 -286 976050.1600000302
-115 -174 976050.1600000302
-115 -174 976050.1600000302
-155 -193 976050.1600000302
-155 -193 976050.1600000302
-25 -20 976050.1600000302
-25 -20 976050.1600000302
-128 -269 976050.1600000302
-128 -269 976050.1600000302
-151 -299 976050.1600000302
-151 -299 976050.1600000302
-142 -109 976050.1600000302
-142 -109 976050.1600000302
-77 -149 976050.1600000302
-77 -149 976050.1600000302
-121 -165 976050.1600000302
-121 -165 976050.1600000302
-155 -251 976050.1600000302
-155 -251 976050.1600000302
-124 -236 976050.1600000302
-124 -236 976050.1600000302
-116 -209 976050.1600000302
-116 -209 976050.1600000302
-76 -163 976050.1600000302
-76 -163 976050.1600000302
-126 -284 976050.1600000302
-126 -284 976050.1600000302
-130 -279 976050.1600000302
-130 -279 976050.1600000302
-76 -187 976050.1600000302
-76 -187 976050.1600000302
-61 -77 976050.1600000302
-61 -77 976050.1600000302
-128 -217 976050.1600000302
-128 -217 976050.1600000302
-68 -71 976050.1600000302
-68 -71 976050.1600000302
-48 -85 976050.1600000302
-48 -85 976050.1600000302
-71 -24 976050.1600000302
-71 -24 976050.1600000302
-123 -193 976050.1600000302
-123 -193 976050.1600000302
-132 -179 976050.1600000302
-132 -179 976050.1600000302
-143 -200 976050.1600000302
-143 -200 976050.1600000302
-92 -202 976050.1600000302
-92 -202 976050.1600000302
-137 -207 976050.1600000302
-137 -207 976050.1600000302
-150 -85 976050.1600000302
-150 -85 976050.1600000302
-138 -107 976050.1600000302
-138 -107 976050.1600000302
-143 -46 976050.1600000302
-143 -46 976050.1600000302
-136 -149 976050.1600000302
-136 -149 976050.1600000302
-93 -220 976050.1600000302
-93 -220 976050.1600000302
-85 -43 976050.1600000302
-85 -43 976050.1600000302
-108 -238 976050.1600000302
-108 -238 976050.1600000302
-60 -58 976050.1600000302
-60 -58 976050.1600000302
-103 -183 976050.1600000302
-103 -183 976050.1600000302
-72 -105 976050.1600000302
-72 -105 976050.1600000302
-135 -168 976050.1600000302
-135 -168 976050.1600000302
-115 -282 976050.1600000302
-115 -282 976050.1600000302
-138 -225 976050.1600000302
-138 -225 976050.1600000302
-138 -50 976050.1600000302
-138 -50 976050.1600000302
-132 -302 976050.1600000302
-132 -302 976050.1600000302
-70 -37 976050.1600000302
-70 -37 976050.1600000302
-107 -193 976050.1600000302
-107 -193 976050.1600000302
-71 -132 976050.1600000302
-71 -132 976050.1600000302
-116 -210 976050.1600000302
-116 -210 976050.1600000302
-107 -121 976050.1600000302
-107 -121 976050.1600000302
-155 -260 976050.1600000302
-155 -260 976050.1600000302
-132 -124 976050.1600000302
-132 -124 976050.1600000302
-126 -238 976050.1600000302
-126 -238 976050.1600000302
-96 -190 976050.1600000302
-96 -190 976050.1600000302
-145 -313 976050.1600000302
-145 -313 976050.1600000302
-104 -34 976050.1600000302
-104 -34 976050.1600000302
-151 -135 976050.1600000302
-151 -135 976050.1600000302
-117 -55 976050.1600000302
-117 -55 976050.1600000302
-88 -61 976050.1600000302
-88 -61 976050.1600000302
-114 -176 976050.1600000302
-114 -176 976050.1600000302
-92 -80 976050.1600000302
-92 -80 976050.1600000302
-39 -92 976050.1600000302
-39 -92 976050.1600000302
-150.29999999999973 -312.81999999999925 976050.1600000302
-150.29999999999973 -312.81999999999925 976050.1600000302
-114 -24 976050.1600000302
-114 -24 976050.1600000302
-78 -21 976050.1600000302
-78 -21 976050.1600000302
-95 -26 976050.1600000302
-95 -26 976050.1600000302
-137 -31 976050.1600000302
-137 -31 976050.1600000302
-143 -35 976050.1600000302
-143 -35 976050.1600000302
-148 -33 976050.1600000302
-148 -33 976050.1600000302
-75 -18 976050.1600000302
-75 -18 976050.1600000302
