239 -36
239 -36
160 343
160 343
359 16
46 329
359 329
175 -114
175 -114
396 55
83 368
396 368
403 298
90 -15
403 -15
403 298
90 -15
403 -15
397 282
84 -31
397 -31
397 282
84 -31
397 -31
461 122
148 435
461 435
253 -33
253 -33
398 10
85 323
398 323
296 461
296 461
469 189
156 -124
469 -124
469 189
156 -124
469 -124
264 425
264 425
224 -57
224 -57
203 406
203 406
178 422
178 422
402 110
89 423
402 423
254 373
254 373
291 412
291 412
421 25
108 338
421 338
186 389
186 389
180 438
180 438
263 -65
263 -65
376 131
63 444
376 444
225 336
225 336
204 -30
204 -30
387 60
74 373
387 373
421 221
108 -92
421 -92
421 221
108 -92
421 -92
438 289
125 -24
438 -24
438 289
125 -24
438 -24
320 94
320 407
423 241
110 -72
423 -72
423 241
110 -72
423 -72
360 47
47 360
360 360
464 148
151 461
464 461
455 270
142 -43
455 -43
455 270
142 -43
455 -43
164 -142
164 -142
447 178
134 -135
447 -135
447 178
134 -135
447 -135
242 -64
242 -64
440 240
127 -73
440 -73
440 240
127 -73
440 -73
364 247
51 -66
364 -66
364 247
51 -66
364 -66
204 450
204 450
247 -43
247 -43
248 -101
248 -101
266 -58
266 -58
442 76
129 389
442 389
427 12
114 325
427 325
400 238
87 -75
400 -75
400 238
87 -75
400 -75
205 -150
205 -150
267 430
267 430
353 235
40 -78
353 -78
353 235
40 -78
353 -78
411 253
98 -60
411 -60
411 253
98 -60
411 -60
346 246
33 -67
346 -67
346 246
33 -67
346 -67
253 -138
253 -138
274 444
274 444
225 378
225 378
407 165
94 -148
407 -148
407 165
94 -148
407 -148
259 -64
259 -64
271 424
271 424
345 36
345 349
221 390
221 390
204 -147
204 -147
189 -51
189 -51
239 -21
239 -21
419 86
106 399
419 399
204 455
204 455
335 278
22 -35
335 -35
335 278
22 -35
335 -35
288 -37
288 -37
287 -154
287 -154
166 346
166 346
244 -109
244 -109
447 36
134 349
447 349
353 72
40 385
353 385
433 137
120 450
433 450
365 43
52 356
365 356
204 458
204 458
206 381
206 381
258 428
258 428
282 -115
282 -115
356 0
356 313
426 43
113 356
426 356
366 146
53 459
366 459
232 377
232 377
231 325
231 325
264 419
264 419
167 452
167 452
408 79
95 392
408 392
188 406
188 406
372 172
59 -141
372 -141
372 172
59 -141
372 -141
189 -125
189 -125
308 410
308 410
180 442
180 442
288 -111
288 -111
415 186
102 -127
415 -127
415 186
102 -127
415 -127
370 49
57 362
370 362
347 179
347 -134
347 179
347 -134
346 172
346 -141
346 172
346 -141
466 194
153 -119
466 -119
466 194
153 -119
466 -119
350 20
37 333
350 333
172 455
172 455
456 241
143 -72
456 -72
456 241
143 -72
456 -72
460 29
147 342
460 342
300 -21
300 -21
458 211
145 -102
458 -102
458 211
145 -102
458 -102
456 260
143 -53
456 -53
456 260
143 -53
456 -53
261 -41
261 -41
239 349
239 349
224 -22
224 -22
395 140
82 453
395 453
422 125
109 438
422 438
343 289
30 -24
343 -24
343 289
30 -24
343 -24
342 156
342 469
424 111
111 424
424 424
296 -148
296 -148
184 331
184 331
425 293
112 -20
425 -20
425 293
112 -20
425 -20
157 -94
157 -94
353 108
353 421
211 -14
211 -14
188 -149
188 -149
429 175
116 -138
429 -138
429 175
116 -138
429 -138
263 -123
263 -123
250 379
250 379
157 -126
157 -126
370 189
57 -124
370 -124
370 189
57 -124
370 -124
280 374
280 374
259 440
259 440
245 332
245 332
383 289
70 -24
383 -24
383 289
70 -24
383 -24
385 168
72 -145
385 -145
385 168
72 -145
385 -145
251 -76
251 -76
244 -88
244 -88
415 301
102 -12
415 -12
415 301
102 -12
415 -12
172 -125
172 -125
353 230
40 -83
353 -83
353 230
40 -83
353 -83
379 166
66 -147
379 -147
379 166
66 -147
379 -147
158 371
158 371
342 182
342 -131
342 182
342 -131
292 330
292 330
390 196
77 -117
390 -117
390 196
77 -117
390 -117
186 345
186 345
415 222
102 -91
415 -91
415 222
102 -91
415 -91
266 -68
266 -68
181 468
181 468
442 290
129 -23
442 -23
442 290
129 -23
442 -23
303 325
303 325
288 -156
288 -156
441 111
128 424
441 424
293 438
293 438
196 -143
196 -143
201 383
201 383
174 315
174 315
407 18
94 331
407 331
236 -96
236 -96
337 194
337 -119
337 194
337 -119
178 428
178 428
437 293
124 -20
437 -20
437 293
124 -20
437 -20
246 -97
246 -97
412 274
99 -39
412 -39
412 274
99 -39
412 -39
203 -96
203 -96
279 344
279 344
416 112
103 425
416 425
294 350
294 350
188 416
188 416
425 299
112 -14
425 -14
425 299
112 -14
425 -14
433 226
120 -87
433 -87
433 226
120 -87
433 -87
172 -134
172 -134
353 53
40 366
353 366
383 279
70 -34
383 -34
383 279
70 -34
383 -34
411 133
98 446
411 446
212 -98
212 -98
202 -108
202 -108
410 217
97 -96
410 -96
410 217
97 -96
410 -96
292 351
292 351
220 -100
220 -100
240 -104
240 -104
386 240
73 -73
386 -73
386 240
73 -73
386 -73
163 402
163 402
203 318
203 318
215 343
215 343
172 355
172 355
158 -77
158 -77
428 68
115 381
428 381
415 222
102 -91
415 -91
415 222
102 -91
415 -91
412 155
99 468
412 468
352 261
39 -52
352 -52
352 261
39 -52
352 -52
377 90
64 403
377 403
419 75
106 388
419 388
268 -44
268 -44
164 460
164 460
219 427
219 427
274 -45
274 -45
407 300
94 -13
407 -13
407 300
94 -13
407 -13
335 279
22 -34
335 -34
335 279
22 -34
335 -34
354 39
41 352
354 352
265 409
265 409
278 329
278 329
206 -58
206 -58
276 334
276 334
197 -18
197 -18
384 50
71 363
384 363
427 159
114 -154
427 -154
427 159
114 -154
427 -154
203 -31
203 -31
292 370
292 370
167 362
167 362
223 -62
223 -62
343 139
343 452
262 -106
262 -106
357 311
44 -2
357 -2
357 311
44 -2
357 -2
412 208
99 -105
412 -105
412 208
99 -105
412 -105
443 124
130 437
443 437
356 240
43 -73
356 -73
356 240
43 -73
356 -73
293 -37
293 -37
213 -41
213 -41
230 -82
230 -82
388 238
75 -75
388 -75
388 238
75 -75
388 -75
232 -155
232 -155
413 289
100 -24
413 -24
413 289
100 -24
413 -24
419 293
106 -20
419 -20
419 293
106 -20
419 -20
426 221
113 -92
426 -92
426 221
113 -92
426 -92
284 -77
284 -77
235 391
235 391
289 407
289 407
389 93
76 406
389 406
208 -109
208 -109
372 48
59 361
372 361
178 336
178 336
360 211
47 -102
360 -102
360 211
47 -102
360 -102
307 340
307 340
328 300
15 -13
328 -13
328 300
15 -13
328 -13
217 372
217 372
250 343
250 343
396 246
83 -67
396 -67
396 246
83 -67
396 -67
268 -21
268 -21
221 -84
221 -84
284 452
284 452
375 79
62 392
375 392
397 284
84 -29
397 -29
397 284
84 -29
397 -29
369 222
56 -91
369 -91
369 222
56 -91
369 -91
461 117
148 430
461 430
450 65
137 378
450 378
167 432
167 432
409 222
96 -91
409 -91
409 222
96 -91
409 -91
254 403
254 403
271 329
271 329
296 -125
296 -125
393 279
80 -34
393 -34
393 279
80 -34
393 -34
170 -49
170 -49
194 331
194 331
404 226
91 -87
404 -87
404 226
91 -87
404 -87
407 163
94 -150
407 -150
407 163
94 -150
407 -150
389 190
76 -123
389 -123
389 190
76 -123
389 -123
339 176
339 -137
339 176
339 -137
182 -106
182 -106
432 179
119 -134
432 -134
432 179
119 -134
432 -134
409 223
96 -90
409 -90
409 223
96 -90
409 -90
434 62
121 375
434 375
313 -148
313 -148
193 369
193 369
250 -65
250 -65
174 336
174 336
436 111
123 424
436 424
365 268
52 -45
365 -45
365 268
52 -45
365 -45
411 84
98 397
411 397
268 -155
268 -155
380 233
67 -80
380 -80
380 233
67 -80
380 -80
214 -59
214 -59
426 84
113 397
426 397
424 297
111 -16
424 -16
424 297
111 -16
424 -16
307 336
307 336
6.993000000000085 -5.997000000000071
6.993000000000085 -5.997000000000071
6.983000000000177 -5.991000000000213
6.983000000000177 -5.991000000000213
6.976000000000196 -5.984000000000378
6.976000000000196 -5.984000000000378
320.004 307.0119999999997
7.004000000000001 -5.988000000000284
320.004 -5.988000000000284
320.004 307.0119999999997
7.004000000000001 -5.988000000000284
320.004 -5.988000000000284
6.973000000000193 -5.981000000000449
6.973000000000193 -5.981000000000449
322.99300000000017 142.00500000000002
322.99300000000017 455.005
407.0 308.0039999999999
94.0 -4.996000000000095
407.0 -4.996000000000095
407.0 308.0039999999999
94.0 -4.996000000000095
407.0 -4.996000000000095
302.0169999999996 377.991
302.0169999999996 377.991
6.970000000000207 -5.97800000000052
6.970000000000207 -5.97800000000052
317.98600000000033 136.00800000000004
317.98600000000033 449.00800000000004
455.998 21.954000000001088
142.998 334.9540000000011
455.998 334.9540000000011
319.9670000000007 306.9910000000002
6.9670000000007235 -6.008999999999787
319.9670000000007 -6.008999999999787
319.9670000000007 306.9910000000002
6.9670000000007235 -6.008999999999787
319.9670000000007 -6.008999999999787
271.98900000000026 -13.971000000000686
271.98900000000026 -13.971000000000686
320.9750000000006 54.999
320.9750000000006 367.999
250.98399999999992 329.95600000000104
250.98399999999992 329.95600000000104
316.93500000000154 294.0089999999998
316.93500000000154 -18.991000000000213
316.93500000000154 294.0089999999998
316.93500000000154 -18.991000000000213
319.96800000000025 307.02399999999943
6.968000000000221 -5.9760000000005675
319.96800000000025 -5.9760000000005675
319.96800000000025 307.02399999999943
6.968000000000221 -5.9760000000005675
319.96800000000025 -5.9760000000005675
431.00300000000004 12.979000000000497
118.00300000000001 325.9790000000005
431.00300000000004 325.9790000000005
318.93900000000144 60.989000000000026
318.93900000000144 373.98900000000003
248.07600000000036 212.0
440.0450000000002 13.919000000001915
127.04500000000021 326.9190000000019
440.0450000000002 326.9190000000019
42.97100000000007 312.9670000000008
263.9960000000001 112.0
316.9540000000011 11.992000000000004
316.9540000000011 324.992
307.16299999999615 -156.11100000000053
307.16299999999615 -156.11100000000053
111.01800000000009 296.99400000000014
306.30299999999284 427.0530000000002
306.30299999999284 427.0530000000002
322.9880000000003 68.01000000000005
322.9880000000003 381.01000000000005
263.0179999999996 248.00400000000002
189.9779999999999 -6.940000000001419
189.9779999999999 -6.940000000001419
198.97499999999988 313.789000000005
198.97499999999988 313.789000000005
83.98999999999995 284.1059999999975
325.053 3.9390000000014425
325.053 316.93900000000144
294.07399999999825 36.97000000000007
403.9549999999998 1.9330000000015843
90.95499999999979 314.9330000000016
403.9549999999998 314.9330000000016
223.01200000000006 250.82199999999915
309.02799999999934 -24.01399999999967
309.02799999999934 -24.01399999999967
225.00300000000001 65.00900000000004
84.13900000000066 281.8510000000035
99.98199999999991 288.9240000000018
148.002 122.27600000000132
56.90100000000023 49.138999999999676
96.01400000000007 223.09400000000045
43.001 240.02900000000014
304.0549999999987 350.999
304.0549999999987 350.999
310.832000000004 279.00199999999995
106.00400000000002 292.9920000000002
106.00200000000001 86.13000000000062
235.87799999999942 217.0
234.00900000000004 319.79900000000475
234.00900000000004 319.79900000000475
79.89699999999951 278.7970000000048
52.0849999999998 42.79300000000048
178.0 23.004000000000005
75.07300000000035 237.80699999999908
112.03300000000016 292.80300000000466
270.7330000000063 15.737000000000146
313.89200000000255 95.97599999999989
313.89200000000255 408.9759999999999
171.99599999999998 188.01000000000005
118.09200000000044 12.992000000000004
311.11999999999716 443.9359999999997
311.11999999999716 443.9359999999997
174.92499999999964 199.001
47.00899999999998 47.06899999999984
155.98899999999995 189.02900000000014
267.0799999999981 117.1060000000005
412.0820000000004 307.1299999999969
99.08200000000039 -5.870000000003074
412.0820000000004 -5.870000000003074
412.0820000000004 307.1299999999969
99.08200000000039 -5.870000000003074
412.0820000000004 -5.870000000003074
306.95900000000097 22.96699999999996
302.9790000000005 11.979000000000012
306.0969999999977 356.999
306.0969999999977 356.999
345.89500000000027 311.2449999999942
32.895000000000245 -1.7550000000057935
345.89500000000027 -1.7550000000057935
345.89500000000027 311.2449999999942
32.895000000000245 -1.7550000000057935
345.89500000000027 -1.7550000000057935
263.7920000000049 105.91399999999959
244.05200000000025 225.03000000000014
180.15100000000072 124.9149999999996
252.998 280.1899999999955
156.8979999999995 186.75199999999882
198.9159999999996 1.0619999999999932
293.17199999999593 275.8940000000025
166.01400000000007 33.00799999999998
159.91199999999958 29.905999999999885
177.8979999999995 108.84599999999926
115.01200000000006 68.01800000000009
96.84499999999926 216.92499999999964
83.5040000000024 54.7840000000005
94.01800000000009 299.9840000000004
180.99499999999998 154.96699999999984
251.24000000000115 16.791999999999746
172.1690000000008 178.94099999999972
301.99800000000005 65.28800000000138
213.99599999999998 253.92399999999964
297.8090000000045 316.7410000000061
297.8090000000045 316.7410000000061
291.95200000000114 56.98400000000004
304.00199999999995 37.99000000000002
299.7670000000055 292.210999999995
113.12200000000058 220.83599999999922
244.9169999999996 19.003000000000004
278.80300000000466 31.25500000000031
250.00800000000004 248.04800000000023
291.9610000000009 16.996999999999996
158.52900000000253 236.13300000000064
251.0830000000004 236.90299999999954
82.99699999999999 246.28900000000138
305.89600000000246 1.0699999999999923
39.783000000000506 53.1289999999997
93.97399999999988 307.99800000000005
121.05400000000026 61.71800000000066
172.14300000000068 41.99500000000001
33.20999999999951 171.76399999999887
98.01000000000005 253.17200000000082
98.97199999999987 207.7719999999989
220.96399999999983 77.25400000000121
108.0 220.99199999999996
71.02600000000012 49.646000000000825
267.00699999999983 315.5190000000114
267.00699999999983 315.5190000000114
150.5199999999977 148.23800000000114
235.00700000000003 78.36300000000173
101.99299999999997 186.04700000000022
306.98100000000045 27.095000000000116
204.03300000000016 141.99299999999997
93.96999999999986 18.23600000000029
238.92399999999964 36.24599999999943
112.8729999999994 43.048999999999886
56.91100000000021 189.0610000000003
102.92299999999963 111.96699999999984
266.1429999999966 244.71499999999864
305.999 313.789000000005
305.999 313.789000000005
284.0049999999999 236.1690000000008
12.127999999999929 4.066000000000022
43.126999999999704 0.2630000000000002
271.23399999999447 110.9779999999999
91.0 2.0219999999999976
65.99699999999999 165.84099999999924
289.1489999999965 -93.08700000000042
289.1489999999965 -93.08700000000042
220.82799999999918 229.0860000000004
163.95499999999979 147.1250000000006
41.006999999999984 38.96900000000007
216.9589999999998 58.689000000000725
93.90799999999956 162.88999999999947
312.74900000000594 165.15100000000072
189.04600000000022 187.99399999999997
307.0049999999999 156.90099999999953
265.2039999999952 95.71999999999866
312.29299999999307 340.20500000000027
312.29299999999307 340.20500000000027
230.0430000000002 231.08700000000042
66.99299999999997 232.82899999999918
260.98500000000035 271.97300000000064
187.96399999999983 92.90199999999953
234.02700000000013 6.736999999999912
319.9500000000012 300.00199999999995
6.950000000001182 -12.998000000000047
319.9500000000012 -12.998000000000047
319.9500000000012 300.00199999999995
6.950000000001182 -12.998000000000047
319.9500000000012 -12.998000000000047
119.05000000000024 179.5000000000024
266.15399999999636 255.00400000000002
186.15200000000073 32.19199999999955
29.95199999999994 138.60799999999813
28.895999999999873 182.11000000000053
32.28800000000166 245.998
152.96299999999982 194.209000000001
93.96099999999981 165.40700000000194
184.03100000000015 17.890999999999867
99.00700000000003 154.77499999999893
200.9159999999996 70.01600000000008
384.94799999999975 302.13399999999683
71.94799999999975 -10.866000000003169
384.94799999999975 -10.866000000003169
384.94799999999975 302.13399999999683
71.94799999999975 -10.866000000003169
384.94799999999975 -10.866000000003169
34.26599999999938 179.11000000000053
25.727999999999668 175.90199999999953
94.67799999999846 78.7279999999987
162.6659999999984 88.99399999999997
305.9920000000002 44.16599999999961
39.826000000000406 235.0
28.938999999999925 156.00300000000001
113.25800000000123 84.12200000000058
273.9670000000008 131.01300000000006
243.72099999999867 203.3909999999971
112.05900000000028 299.2449999999942
263.0889999999979 189.9349999999997
204.40900000000195 166.55300000000264
133.9149999999996 36.09499999999978
71.88699999999946 302.042999999999
163.77799999999894 170.8119999999991
241.85899999999933 249.01500000000007
142.07300000000035 270.3349999999921
307.85400000000345 97.05600000000027
250.30400000000145 30.182000000000222
253.82599999999917 90.01400000000007
304.36499999999137 -123.90499999999955
304.36499999999137 -123.90499999999955
52.942000000000135 146.13200000000063
157.791999999999 58.079999999999814
10.25199999999986 68.18400000000088
281.7510000000059 197.90899999999957
90.82199999999915 225.9559999999998
203.0830000000004 5.133000000000044
69.789999999999 289.0879999999979
274.1849999999956 267.9410000000014
76.13000000000062 93.03000000000014
166.791999999999 138.789999999999
203.2300000000011 93.06000000000029
206.06800000000032 67.98999999999995
178.13700000000065 115.05500000000026
4.15100000000005 12.086999999999952
310.69000000000733 130.96999999999986
254.15000000000072 59.53600000000108
99.2520000000012 273.704000000007
144.6009999999981 210.8929999999995
279.67600000000766 61.24999999999942
102.01300000000006 222.0830000000004
305.6009999999858 -57.167000000000826
305.6009999999858 -57.167000000000826
111.06600000000032 110.89199999999948
147.00500000000002 29.27100000000033
56.00899999999998 221.9769999999999
172.15500000000074 142.00500000000002
268.1109999999974 292.2369999999944
188.18500000000088 103.13900000000066
247.03000000000014 269.88400000000274
157.20500000000098 219.01700000000008
122.8749999999994 110.89699999999951
219.26900000000128 114.01100000000005
39.92300000000018 108.06700000000032
213.0620000000003 271.9920000000002
73.999 60.228999999999466
291.788000000005 38.03999999999991
169.90099999999953 264.3169999999925
31.593999999999504 36.0
196.581999999998 294.9840000000004
173.78199999999896 2.2859999999999685
113.79799999999904 11.884000000000064
127.1690000000008 13.835000000000091
286.77800000000525 159.37000000000177
124.0 293.17999999999574
313.9650000000008 22.980999999999977
313.9650000000008 335.981
38.92400000000018 261.00599999999986
293.32799999999224 226.07600000000036
97.95299999999978 132.99099999999996
52.001 268.09499999999775
181.999 207.4630000000022
258.9070000000022 249.0630000000003
114.1880000000009 158.90599999999955
30.350000000000428 289.0639999999985
165.54799999999784 318.3780000000147
165.54799999999784 318.3780000000147
246.07800000000037 216.07200000000034
59.3429999999992 47.76900000000054
130.04800000000023 124.0840000000004
201.81699999999913 204.9389999999997
102.04600000000022 301.08199999999806
97.88199999999944 84.18600000000089
288.3899999999908 202.22000000000105
210.09000000000043 311.80000000000473
224.99499999999998 23.04900000000006
105.92199999999963 74.82399999999916
188.80799999999908 261.8060000000046
127.01400000000007 240.12200000000058
120.13800000000066 137.24200000000116
283.9880000000003 139.05000000000024
72.28200000000135 168.0
185.72399999999868 75.95399999999978
46.53999999999874 16.084000000000103
115.95599999999979 174.8339999999992
239.20300000000097 292.3549999999916
278.0939999999978 15.736000000000146
124.83599999999922 288.7220000000066
250.1060000000005 66.2940000000014
87.07600000000036 238.00400000000002
143.0 240.92399999999964
230.92499999999964 12.004999999999997
220.28400000000136 212.57599999999798
238.77399999999892 276.9500000000012
69.8309999999992 278.7710000000054
175.001 313.41500000001383
175.001 313.41500000001383
63.745000000000594 90.29900000000143
257.6060000000093 115.00400000000002
202.59199999999805 217.45400000000217
194.16400000000078 18.062000000000076
296.03999999999905 147.90399999999954
166.81899999999914 118.94299999999973
293.24299999999425 -86.99499999999998
293.24299999999425 -86.99499999999998
202.54299999999782 281.87500000000296
167.17400000000083 49.2999999999993
296.0119999999997 165.12200000000058
58.783000000000506 171.99099999999996
61.96900000000007 78.87099999999938
208.21800000000104 203.65599999999836
110.13200000000063 241.24800000000118
180.1230000000006 129.1690000000008
267.7810000000052 157.91299999999958
196.00700000000003 170.06900000000033
290.98500000000035 99.3150000000015
210.1660000000008 -0.6900000000073305
210.1660000000008 -0.6900000000073305
287.7770000000053 276.05299999999875
204.05000000000024 145.3120000000015
143.07000000000033 21.497999999999386
211.0410000000002 299.0169999999996
268.0 269.0159999999996
23.504999999999395 194.9030000000043
129.27900000000133 76.37500000000179
252.73599999999874 174.99199999999996
187.84699999999927 164.04500000000021
120.39400000000188 225.79799999999904
76.05900000000028 189.71699999999865
46.860000000000326 210.80399999999906
232.0600000000003 63.800000000000466
51.24499999999943 247.1270000000006
224.05700000000027 291.0089999999998
95.98899999999995 221.99099999999996
212.0 215.07000000000033
76.98699999999994 196.53100000000254
293.04099999999903 124.78899999999899
62.93900000000014 130.57099999999795
287.9610000000009 156.8309999999992
81.94099999999972 140.0410000000002
109.01900000000009 124.98099999999991
288.95100000000116 93.46899999999746
275.91700000000196 21.137000000000167
204.05100000000024 136.56899999999794
44.01699999999996 310.4330000000134
204.18100000000086 283.0289999999993
148.00800000000004 116.52999999999776
205.65799999999837 254.7459999999988
304.83800000000383 255.795999999999
311.3729999999912 -34.14299999999662
311.3729999999912 -34.14299999999662
88.7269999999987 110.05100000000024
239.9399999999997 208.99199999999996
224.1650000000008 256.26499999999373
8.255999999999858 54.788000000000494
258.39800000001424 127.47800000000228
84.44299999999734 10.268999999999851
39.43300000000132 229.5389999999978
39.830000000000396 72.26200000000125
142.96299999999982 259.92100000000187
458.00700000000006 21.97500000000059
145.00700000000003 334.9750000000006
458.00700000000006 334.9750000000006
89.82899999999918 297.9950000000001
289.03599999999915 219.63599999999826
130.04200000000498 290.3939999999907
134.10100000000048 177.86299999999935
192.999 55.81700000000043
72.81899999999914 240.29700000000142
128.3760000000018 110.64999999999833
296.1949999999954 187.9609999999998
231.97299999999987 157.8129999999991
205.12900000000062 162.78499999999897
137.18400000000088 64.94599999999974
214.7249999999987 30.175000000000214
107.98999999999995 25.14800000000018
262.22699999999463 207.21500000000103
36.80300000000046 19.98499999999998
173.79999999999905 22.889999999999866
-74 277
-74 -36
-74 277
-74 -36
-153 30
-153 -283
-153 30
-153 -283
-138 199
-138 -114
-138 199
-138 -114
-60 -33
-60 -33
-17 -165
-17 -165
-49 112
-49 -201
-49 112
-49 -201
-89 256
-89 -57
-89 256
-89 -57
-110 93
-110 -220
-110 93
-110 -220
-135 109
-135 -204
-135 109
-135 -204
-59 60
-59 -253
-59 60
-59 -253
-22 -214
-22 -214
-127 76
-127 -237
-127 76
-127 -237
-133 125
-133 -188
-133 125
-133 -188
-50 -65
-50 -65
-88 23
-88 -290
-88 23
-88 -290
-109 283
-109 -30
-109 283
-109 -30
-149 171
-149 -142
-149 171
-149 -142
-71 249
-71 -64
-71 249
-71 -64
-109 137
-109 -176
-109 137
-109 -176
-66 -43
-66 -43
-65 212
-65 -101
-65 212
-65 -101
-47 -58
-47 -58
-108 163
-108 -150
-108 163
-108 -150
-46 117
-46 -196
-46 117
-46 -196
-60 175
-60 -138
-60 175
-60 -138
-39 131
-39 -182
-39 131
-39 -182
-88 65
-88 -248
-88 65
-88 -248
-54 -64
-54 -64
-42 111
-42 -202
-42 111
-42 -202
-92 77
-92 -236
-92 77
-92 -236
-109 166
-109 -147
-109 166
-109 -147
-124 262
-124 -51
-124 262
-124 -51
-74 -21
-74 -21
-109 142
-109 -171
-109 142
-109 -171
-25 -37
-25 -37
-26 -154
-26 -154
-147 33
-147 -280
-147 33
-147 -280
-69 204
-69 -109
-69 204
-69 -109
-109 145
-109 -168
-109 145
-109 -168
-107 68
-107 -245
-107 68
-107 -245
-55 115
-55 -198
-55 115
-55 -198
-31 -115
-31 -115
-81 64
-81 -249
-81 64
-81 -249
-82 12
-82 -301
-82 12
-82 -301
-49 106
-49 -207
-49 106
-49 -207
-146 139
-146 -174
-146 139
-146 -174
-125 93
-125 -220
-125 93
-125 -220
-124 188
-124 -125
-124 188
-124 -125
-133 129
-133 -184
-133 129
-133 -184
-25 -111
-25 -111
-141 142
-141 -171
-141 142
-141 -171
-13 -21
-13 -21
-52 -41
-52 -41
-74 36
-74 -277
-74 36
-74 -277
-89 291
-89 -22
-89 291
-89 -22
-17 -148
-17 -148
-129 18
-129 -295
-129 18
-129 -295
-156 219
-156 -94
-156 219
-156 -94
-102 299
-102 -14
-102 299
-102 -14
-125 164
-125 -149
-125 164
-125 -149
-50 -123
-50 -123
-63 66
-63 -247
-63 66
-63 -247
-156 187
-156 -126
-156 187
-156 -126
-33 61
-33 -252
-33 61
-33 -252
-54 127
-54 -186
-54 127
-54 -186
-68 19
-68 -294
-68 19
-68 -294
-62 -76
-62 -76
-69 225
-69 -88
-69 225
-69 -88
-141 188
-141 -125
-141 188
-141 -125
-155 58
-155 -255
-155 58
-155 -255
-21 17
-21 17
-127 32
-127 -281
-127 32
-127 -281
-47 -68
-47 -68
-132 155
-132 -158
-132 155
-132 -158
-10 12
-10 12
-25 -156
-25 -156
-20 -188
-20 -188
-117 170
-117 -143
-117 170
-117 -143
-112 70
-112 -243
-112 70
-112 -243
-139 2
-139 -311
-139 2
-139 -311
-77 217
-77 -96
-77 217
-77 -96
-135 115
-135 -198
-135 115
-135 -198
-67 216
-67 -97
-67 216
-67 -97
-110 217
-110 -96
-110 217
-110 -96
-34 31
-34 -282
-34 31
-34 -282
-19 37
-19 37
-125 103
-125 -210
-125 103
-125 -210
-141 179
-141 -134
-141 179
-141 -134
-101 215
-101 -98
-101 215
-101 -98
-111 205
-111 -108
-111 205
-111 -108
-21 38
-21 38
-93 213
-93 -100
-93 213
-93 -100
-73 209
-73 -104
-73 209
-73 -104
-150 89
-150 -224
-150 89
-150 -224
-110 5
-110 -308
-110 5
-110 -308
-98 30
-98 -283
-98 30
-98 -283
-141 42
-141 -271
-141 42
-141 -271
-155 236
-155 -77
-155 236
-155 -77
-45 -44
-45 -44
-149 147
-149 -166
-149 147
-149 -166
-94 114
-94 -199
-94 114
-94 -199
-39 -45
-39 -45
-48 96
-48 -217
-48 96
-48 -217
-35 16
-35 -297
-35 16
-35 -297
-107 255
-107 -58
-107 255
-107 -58
-37 21
-37 -292
-37 21
-37 -292
-116 295
-116 -18
-116 295
-116 -18
-110 282
-110 -31
-110 282
-110 -31
-21 57
-21 57
-146 49
-146 -264
-146 49
-146 -264
-90 251
-90 -62
-90 251
-90 -62
-51 -106
-51 -106
-20 -37
-20 -37
-100 272
-100 -41
-100 272
-100 -41
-83 231
-83 -82
-83 231
-83 -82
-81 158
-81 -155
-81 158
-81 -155
-29 -77
-29 -77
-78 78
-78 -235
-78 78
-78 -235
-24 -219
-24 -219
-105 204
-105 -109
-105 204
-105 -109
-135 23
-135 -290
-135 23
-135 -290
-96 59
-96 -254
-96 59
-96 -254
-63 30
-63 -283
-63 30
-63 -283
-45 -21
-45 -21
-92 229
-92 -84
-92 229
-92 -84
-29 -174
-29 -174
-146 119
-146 -194
-146 119
-146 -194
-59 90
-59 -223
-59 90
-59 -223
-42 16
-42 -297
-42 16
-42 -297
-17 -125
-17 -125
-143 264
-143 -49
-143 264
-143 -49
-119 18
-119 -295
-119 18
-119 -295
-131 207
-131 -106
-131 207
-131 -106
-120 56
-120 -257
-120 56
-120 -257
-63 -65
-63 -65
-139 23
-139 -290
-139 23
-139 -290
-45 158
-45 -155
-45 158
-45 -155
-99 254
-99 -59
-99 254
-99 -59
-41.01099999999974 -13.971000000000686
-41.01099999999974 -13.971000000000686
-62.016000000000076 16.95600000000104
-62.016000000000076 -296.04399999999896
-62.016000000000076 16.95600000000104
-62.016000000000076 -296.04399999999896
-123.0220000000001 306.0599999999986
-123.0220000000001 -6.940000000001419
-123.0220000000001 306.0599999999986
-123.0220000000001 -6.940000000001419
-114.02500000000012 0.7890000000049895
-114.02500000000012 -312.210999999995
-114.02500000000012 0.7890000000049895
-114.02500000000012 -312.210999999995
-3.972000000000662 -24.01399999999967
-3.972000000000662 -24.01399999999967
-78.99099999999996 6.799000000004753
-78.99099999999996 -306.20099999999525
-78.99099999999996 6.799000000004753
-78.99099999999996 -306.20099999999525
-15.190999999995483 3.7410000000061245
-15.190999999995483 3.7410000000061245
-45.993000000000166 2.519000000011374
-45.993000000000166 -310.4809999999886
-45.993000000000166 2.519000000011374
-45.993000000000166 -310.4809999999886
-7.000999999999976 0.7890000000049895
-7.000999999999976 0.7890000000049895
-23.851000000003523 -93.08700000000042
-23.851000000003523 -93.08700000000042
-7.399000000014212 -57.167000000000826
-7.399000000014212 -57.167000000000826
-147.45200000000216 5.378000000014708
-147.45200000000216 -307.6219999999853
-147.45200000000216 5.378000000014708
-147.45200000000216 -307.6219999999853
-137.999 0.4150000000138334
-137.999 -312.58499999998617
-137.999 0.4150000000138334
-137.999 -312.58499999998617
-19.757000000005746 -86.99499999999998
-19.757000000005746 -86.99499999999998
-102.83399999999921 312.30999999999267
-102.83399999999921 -0.6900000000073305
-102.83399999999921 312.30999999999267
-102.83399999999921 -0.6900000000073305
-17 148
-17 148
7 407
32 349
-25 276
-25 276
-26 159
-26 159
-31 198
-31 198
-5 97
-5 97
-25 202
-25 202
-13 292
-13 292
29 469
-17 165
-17 165
40 421
-25 157
-25 157
-20 125
-20 125
-45 269
-45 269
-39 268
-39 268
30 452
-20 276
-20 276
-29 236
-29 236
-45 292
-45 292
-17 188
-17 188
9.993000000000166 455.005
-10.983000000000402 64.99099999999996
-10.983000000000402 64.99099999999996
4.986000000000331 449.00800000000004
-41.01099999999974 299.0289999999993
-41.01099999999974 299.0289999999993
7.975000000000591 367.999
5.9390000000014425 373.98900000000003
3.9540000000010878 324.992
-5.837000000003854 156.88899999999947
-5.837000000003854 156.88899999999947
-6.697000000007165 114.05300000000025
-6.697000000007165 114.05300000000025
9.988000000000284 381.01000000000005
21.947999999999936 279.16199999999617
1.045999999999995 96.02400000000011
12.05299999999997 316.93900000000144
-3.972000000000662 288.98600000000033
-3.972000000000662 288.98600000000033
6.967999999999989 307.00199999999995
1.2039999999999775 22.993999999999993
0.8920000000025539 408.9759999999999
-1.8800000000028376 130.9359999999997
-1.8800000000028376 130.9359999999997
-6.903000000002294 43.999
-6.903000000002294 43.999
-23.851000000003523 219.91299999999958
-23.851000000003523 219.91299999999958
-0.7070000000069285 27.20500000000025
-0.7070000000069285 27.20500000000025
4.073000000000024 293.90900000000215
15.23599999999987 300.0219999999995
-8.635000000008631 189.09500000000045
-8.635000000008631 189.09500000000045
-7.399000000014212 255.83299999999917
-7.399000000014212 255.83299999999917
0.4850000000000004 165.1050000000005
21.954999999999945 277.3710000000149
7.7170000000002394 93.99099999999996
0.9650000000008276 335.981
-19.757000000005746 226.00500000000002
-19.757000000005746 226.00500000000002
5.523000000000175 136.001
-1.6270000000088203 278.8570000000034
-1.6270000000088203 278.8570000000034
-60 280
-60 280
-22 99
-22 99
-50 248
-50 248
-66 270
-66 270
-47 255
-47 255
-54 249
-54 249
-74 292
-74 292
-52 272
-52 272
-50 190
-50 190
-62 237
-62 237
-47 245
-47 245
-51 207
-51 207
-24 94
-24 94
-6 27
-6 27
-29 139
-29 139
-63 248
-63 248
-6 23
-6 23
-8.9450000000013 37.999
-8.9450000000013 37.999
-5 -216
-5 -216
-21 -296
-21 -296
-10 -301
-10 -301
-19 -276
-19 -276
-21 -275
-21 -275
-21 -256
-21 -256
-6 -286
-6 -286
0 -148
0 -148
-6 -290
-6 -290
-10.983000000000402 -248.00900000000004
-10.983000000000402 -248.00900000000004
-5.837000000003854 -156.11100000000053
-5.837000000003854 -156.11100000000053
-6.697000000007165 -198.94699999999975
-6.697000000007165 -198.94699999999975
-8.9450000000013 -275.001
-8.9450000000013 -275.001
-1.8800000000028376 -182.0640000000003
-1.8800000000028376 -182.0640000000003
-6.903000000002294 -269.001
-6.903000000002294 -269.001
-15.190999999995483 -309.2589999999939
-15.190999999995483 -309.2589999999939
-7.000999999999976 -312.210999999995
-7.000999999999976 -312.210999999995
-0.7070000000069285 -285.79499999999973
-0.7070000000069285 -285.79499999999973
-8.635000000008631 -123.90499999999955
-8.635000000008631 -123.90499999999955
-1.6270000000088203 -34.14299999999662
-1.6270000000088203 -34.14299999999662
34 -134
34 -134
33 -141
33 -141
29 -131
29 -131
24 -119
24 -119
26 -137
26 -137
3.935000000001537 -18.991000000000213
3.935000000001537 -18.991000000000213
1103709.9959999304