21 444 970437.6999999868
-32 50 970437.6999999868
-32 50 970437.6999999868
-34 130 970437.6999999868
-34 130 970437.6999999868
-44 87 970437.6999999868
-44 87 970437.6999999868
-58 263 970437.6999999868
-58 263 970437.6999999868
-98 230 970437.6999999868
-98 230 970437.6999999868
-130 205 970437.6999999868
-130 205 970437.6999999868
-55 181 970437.6999999868
-55 181 970437.6999999868
43 389 970437.6999999868
-49 127 970437.6999999868
-49 127 970437.6999999868
-112 245 970437.6999999868
-112 245 970437.6999999868
60 395 970437.6999999868
-61 176 970437.6999999868
-61 176 970437.6999999868
-114 289 970437.6999999868
-114 289 970437.6999999868
71 338 970437.6999999868
106 466 970437.6999999868
55 466 970437.6999999868
42 365 970437.6999999868
-15 264 970437.6999999868
-15 264 970437.6999999868
-78 292 970437.6999999868
-78 292 970437.6999999868
-112 133 970437.6999999868
-112 133 970437.6999999868
-40 26 970437.6999999868
-40 26 970437.6999999868
5 363 970437.6999999868
-81 227 970437.6999999868
-81 227 970437.6999999868
39 353 970437.6999999868
50 459 970437.6999999868
-103 40 970437.6999999868
-103 40 970437.6999999868
-114 110 970437.6999999868
-114 110 970437.6999999868
130 426 970437.6999999868
-149 78 970437.6999999868
-149 78 970437.6999999868
-37 76 970437.6999999868
-37 76 970437.6999999868
-81 271 970437.6999999868
-81 271 970437.6999999868
66 447 970437.6999999868
133 367 970437.6999999868
-65 164 970437.6999999868
-65 164 970437.6999999868
-89 81 970437.6999999868
-89 81 970437.6999999868
-79 24 970437.6999999868
-79 24 970437.6999999868
15 355 970437.6999999868
147 456 970437.6999999868
-95 287 970437.6999999868
-95 287 970437.6999999868
-46 102 970437.6999999868
-46 102 970437.6999999868
72 422 970437.6999999868
-137 282 970437.6999999868
-137 282 970437.6999999868
-146 144 970437.6999999868
167 457 970437.6999999868
-146 144 970437.6999999868
167 457 970437.6999999868
96 458 970437.6999999868
-14 94 970437.6999999868
-14 94 970437.6999999868
-72 274 970437.6999999868
-72 274 970437.6999999868
-143 278 970437.6999999868
-143 278 970437.6999999868
-151 180 970437.6999999868
-151 180 970437.6999999868
23 457 970437.6999999868
144 444 970437.6999999868
131 368 970437.6999999868
-84 275 970437.6999999868
-84 275 970437.6999999868
98 455 970437.6999999868
-100 306 970437.6999999868
-100 -7 970437.6999999868
-100 306 970437.6999999868
-100 -7 970437.6999999868
-155 147 970437.6999999868
158 460 970437.6999999868
-155 147 970437.6999999868
158 460 970437.6999999868
15 382 970437.6999999868
52 379 970437.6999999868
-106 156 970437.6999999868
-106 156 970437.6999999868
-31 198 970437.6999999868
-31 198 970437.6999999868
-110 115 970437.6999999868
-110 115 970437.6999999868
-65 264 970437.6999999868
-65 264 970437.6999999868
69 401 970437.6999999868
-144 2 970437.6999999868
-144 2 970437.6999999868
48 353 970437.6999999868
66 349 970437.6999999868
16 443 970437.6999999868
-150 27 970437.6999999868
-150 27 970437.6999999868
150 397 970437.6999999868
-115 139 970437.6999999868
-115 139 970437.6999999868
-155 120 970437.6999999868
158 433 970437.6999999868
-155 120 970437.6999999868
158 433 970437.6999999868
100 337 970437.6999999868
-104 33 970437.6999999868
-104 33 970437.6999999868
-25 293 970437.6999999868
-25 293 970437.6999999868
-128 44 970437.6999999868
-128 44 970437.6999999868
129 346 970437.6999999868
-151 14 970437.6999999868
-151 14 970437.6999999868
-142 204 970437.6999999868
-142 204 970437.6999999868
-77 164 970437.6999999868
-77 164 970437.6999999868
-121 148 970437.6999999868
-121 148 970437.6999999868
-155 62 970437.6999999868
-155 62 970437.6999999868
53 437 970437.6999999868
-25 193 970437.6999999868
-25 193 970437.6999999868
-124 77 970437.6999999868
-124 77 970437.6999999868
-87 54 970437.6999999868
-87 54 970437.6999999868
42 445 970437.6999999868
92 411 970437.6999999868
-33 31 970437.6999999868
-33 31 970437.6999999868
-116 104 970437.6999999868
-116 104 970437.6999999868
-76 150 970437.6999999868
-76 150 970437.6999999868
-126 29 970437.6999999868
-126 29 970437.6999999868
-130 34 970437.6999999868
-130 34 970437.6999999868
-56 158 970437.6999999868
-56 158 970437.6999999868
-148 280 970437.6999999868
-148 280 970437.6999999868
133 363 970437.6999999868
-154 284 970437.6999999868
-154 -29 970437.6999999868
-154 284 970437.6999999868
-154 -29 970437.6999999868
-76 126 970437.6999999868
-76 126 970437.6999999868
-60 40 970437.6999999868
-60 40 970437.6999999868
118 451 970437.6999999868
-61 236 970437.6999999868
-61 236 970437.6999999868
119 389 970437.6999999868
-128 96 970437.6999999868
-128 96 970437.6999999868
-45 174 970437.6999999868
-45 174 970437.6999999868
-92 55 970437.6999999868
-92 55 970437.6999999868
90 371 970437.6999999868
-68 242 970437.6999999868
-68 242 970437.6999999868
-31 169 970437.6999999868
-31 169 970437.6999999868
-48 228 970437.6999999868
-48 228 970437.6999999868
-29 109 970437.6999999868
-29 109 970437.6999999868
-71 289 970437.6999999868
-71 289 970437.6999999868
-47 133 970437.6999999868
-47 133 970437.6999999868
124 348 970437.6999999868
-123 120 970437.6999999868
-123 120 970437.6999999868
-73 44 970437.6999999868
-73 44 970437.6999999868
99 451 970437.6999999868
-132 134 970437.6999999868
-132 134 970437.6999999868
-28 73 970437.6999999868
-28 73 970437.6999999868
59 387 970437.6999999868
-75 295 970437.6999999868
-75 295 970437.6999999868
-143 113 970437.6999999868
-143 113 970437.6999999868
-66 22 970437.6999999868
-66 22 970437.6999999868
-20 254 970437.6999999868
-20 254 970437.6999999868
-92 111 970437.6999999868
-92 111 970437.6999999868
-137 106 970437.6999999868
-137 106 970437.6999999868
-150 228 970437.6999999868
-150 228 970437.6999999868
-51 152 970437.6999999868
-51 152 970437.6999999868
-138 206 970437.6999999868
-138 206 970437.6999999868
-143 267 970437.6999999868
-143 267 970437.6999999868
-136 164 970437.6999999868
-136 164 970437.6999999868
31 334 970437.6999999868
-56 86 970437.6999999868
-56 86 970437.6999999868
-34 58 970437.6999999868
-34 58 970437.6999999868
-93 93 970437.6999999868
-93 93 970437.6999999868
-73 26 970437.6999999868
-73 26 970437.6999999868
131 381 970437.6999999868
-85 270 970437.6999999868
-85 270 970437.6999999868
-108 75 970437.6999999868
-108 75 970437.6999999868
-60 255 970437.6999999868
-60 255 970437.6999999868
-103 130 970437.6999999868
-103 130 970437.6999999868
62 350 970437.6999999868
-72 208 970437.6999999868
-72 208 970437.6999999868
-135 145 970437.6999999868
-135 145 970437.6999999868
146 455 970437.6999999868
36 349 970437.6999999868
-60 82 970437.6999999868
-60 82 970437.6999999868
-115 31 970437.6999999868
-115 31 970437.6999999868
24 419 970437.6999999868
-138 88 970437.6999999868
-138 88 970437.6999999868
-138 263 970437.6999999868
-138 263 970437.6999999868
22 376 970437.6999999868
-132 11 970437.6999999868
-132 11 970437.6999999868
-70 276 970437.6999999868
-70 276 970437.6999999868
42 466 970437.6999999868
109 462 970437.6999999868
-107 120 970437.6999999868
-107 120 970437.6999999868
-71 181 970437.6999999868
-71 181 970437.6999999868
15 340 970437.6999999868
-17 44 970437.6999999868
-17 44 970437.6999999868
-116 103 970437.6999999868
-116 103 970437.6999999868
-107 192 970437.6999999868
-107 192 970437.6999999868
46 331 970437.6999999868
-14 51 970437.6999999868
-14 51 970437.6999999868
-155 53 970437.6999999868
-155 53 970437.6999999868
-25 19 970437.6999999868
-25 19 970437.6999999868
-132 189 970437.6999999868
-132 189 970437.6999999868
-126 75 970437.6999999868
-126 75 970437.6999999868
-96 123 970437.6999999868
-96 123 970437.6999999868
105 378 970437.6999999868
-79 61 970437.6999999868
-79 61 970437.6999999868
34 424 970437.6999999868
-148 303 970437.6999999868
-148 -10 970437.6999999868
-148 303 970437.6999999868
-148 -10 970437.6999999868
-28 181 970437.6999999868
-28 181 970437.6999999868
-145 0 970437.6999999868
-145 0 970437.6999999868
49 429 970437.6999999868
-104 279 970437.6999999868
-104 279 970437.6999999868
-151 178 970437.6999999868
-151 178 970437.6999999868
0 364 970437.6999999868
-117 258 970437.6999999868
-117 258 970437.6999999868
91 413 970437.6999999868
72 360 970437.6999999868
-88 252 970437.6999999868
-88 252 970437.6999999868
95 451 970437.6999999868
98 395 970437.6999999868
70 447 970437.6999999868
-114 137 970437.6999999868
-114 137 970437.6999999868
-92 233 970437.6999999868
-92 233 970437.6999999868
126 460 970437.6999999868
-39 221 970437.6999999868
-39 221 970437.6999999868
114 401 970437.6999999868
-64 115 970437.6999999868
-64 115 970437.6999999868
-55 111 970437.6999999868
-55 111 970437.6999999868
7 344 970437.6999999868
79 412 970437.6999999868
122 365 970437.6999999868
-8.970000000000027 10.930000000000037 970437.6999999868
-8.970000000000027 10.930000000000037 970437.6999999868
-8.930000000000064 10.890000000000082 970437.6999999868
-8.930000000000064 10.890000000000082 970437.6999999868
-8.8900000000001 10.85000000000011 970437.6999999868
-8.8900000000001 10.85000000000011 970437.6999999868
-8.870000000000118 10.830000000000146 970437.6999999868
-8.870000000000118 10.830000000000146 970437.6999999868
-8.830000000000155 10.790000000000164 970437.6999999868
-8.830000000000155 10.790000000000164 970437.6999999868
-8.77000000000021 10.730000000000201 970437.6999999868
-8.77000000000021 10.730000000000201 970437.6999999868
-8.760000000000218 10.700000000000198 970437.6999999868
-8.760000000000218 10.700000000000198 970437.6999999868
-8.720000000000255 10.660000000000226 970437.6999999868
-8.720000000000255 10.660000000000226 970437.6999999868
-8.700000000000273 10.640000000000262 970437.6999999868
-8.700000000000273 10.640000000000262 970437.6999999868
-8.640000000000327 10.58000000000029 970437.6999999868
-8.640000000000327 10.58000000000029 970437.6999999868
-8.570000000000391 10.510000000000279 970437.6999999868
-8.570000000000391 10.510000000000279 970437.6999999868
-8.55000000000041 10.490000000000284 970437.6999999868
-8.55000000000041 10.490000000000284 970437.6999999868
-8.470000000000482 10.410000000000313 970437.6999999868
-8.470000000000482 10.410000000000313 970437.6999999868
-8.430000000000518 10.370000000000328 970437.6999999868
-8.430000000000518 10.370000000000328 970437.6999999868
-8.410000000000537 10.350000000000355 970437.6999999868
-8.410000000000537 10.350000000000355 970437.6999999868
-8.290000000000646 10.230000000000375 970437.6999999868
-8.290000000000646 10.230000000000375 970437.6999999868
-8.260000000000673 10.200000000000369 970437.6999999868
-8.260000000000673 10.200000000000369 970437.6999999868
-8.22000000000071 10.160000000000396 970437.6999999868
-8.22000000000071 10.160000000000396 970437.6999999868
-8.170000000000755 10.11000000000046 970437.6999999868
-8.170000000000755 10.11000000000046 970437.6999999868
-8.1200000000008 10.060000000000505 970437.6999999868
-8.1200000000008 10.060000000000505 970437.6999999868
-8.090000000000828 10.030000000000523 970437.6999999868
-8.090000000000828 10.030000000000523 970437.6999999868
-8.050000000000864 9.99000000000055 970437.6999999868
-8.050000000000864 9.99000000000055 970437.6999999868
-8.030000000000882 9.970000000000587 970437.6999999868
-8.030000000000882 9.970000000000587 970437.6999999868
-7.940000000000964 9.920000000000597 970437.6999999868
-7.940000000000964 9.920000000000597 970437.6999999868
-7.840000000001055 9.820000000000595 970437.6999999868
-7.840000000001055 9.820000000000595 970437.6999999868
-7.800000000001091 9.780000000000628 970437.6999999868
-7.800000000001091 9.780000000000628 970437.6999999868
-20.950000000000045 217.97000000000003 970437.6999999868
-20.950000000000045 217.97000000000003 970437.6999999868
-7.760000000001128 9.720000000000692 970437.6999999868
-7.760000000001128 9.720000000000692 970437.6999999868
-7.720000000001164 9.680000000000728 970437.6999999868
-7.720000000001164 9.680000000000728 970437.6999999868
-7.690000000001191 9.650000000000755 970437.6999999868
-7.690000000001191 9.650000000000755 970437.6999999868
-7.660000000001219 9.6000000000008 970437.6999999868
-7.660000000001219 9.6000000000008 970437.6999999868
-7.640000000001237 9.580000000000828 970437.6999999868
-7.640000000001237 9.580000000000828 970437.6999999868
-7.600000000001273 9.540000000000855 970437.6999999868
-7.600000000001273 9.540000000000855 970437.6999999868
-7.5800000000012915 9.520000000000882 970437.6999999868
-7.5800000000012915 9.520000000000882 970437.6999999868
-7.540000000001328 9.480000000000901 970437.6999999868
-7.540000000001328 9.480000000000901 970437.6999999868
-7.520000000001346 9.460000000000937 970437.6999999868
-7.520000000001346 9.460000000000937 970437.6999999868
-7.500000000001364 9.440000000000955 970437.6999999868
-7.500000000001364 9.440000000000955 970437.6999999868
-7.430000000001428 9.370000000001001 970437.6999999868
-7.430000000001428 9.370000000001001 970437.6999999868
-7.390000000001464 9.330000000001037 970437.6999999868
-7.390000000001464 9.330000000001037 970437.6999999868
-7.320000000001528 9.260000000001074 970437.6999999868
-7.320000000001528 9.260000000001074 970437.6999999868
-7.290000000001555 9.23000000000108 970437.6999999868
-7.290000000001555 9.23000000000108 970437.6999999868
-7.270000000001573 9.210000000001108 970437.6999999868
-7.270000000001573 9.210000000001108 970437.6999999868
-7.250000000001592 9.190000000001126 970437.6999999868
-7.250000000001592 9.190000000001126 970437.6999999868
-7.190000000001646 9.130000000001154 970437.6999999868
-7.190000000001646 9.130000000001154 970437.6999999868
-7.1600000000016735 9.100000000001142 970437.6999999868
-7.1600000000016735 9.100000000001142 970437.6999999868
-7.140000000001692 9.080000000001169 970437.6999999868
-7.140000000001692 9.080000000001169 970437.6999999868
-7.100000000001728 9.040000000001196 970437.6999999868
-7.100000000001728 9.040000000001196 970437.6999999868
-7.030000000001792 8.970000000001212 970437.6999999868
-7.030000000001792 8.970000000001212 970437.6999999868
-7.710000000001173 9.570000000000846 970437.6999999868
-7.710000000001173 9.570000000000846 970437.6999999868
-7.01000000000181 8.95000000000123 970437.6999999868
-7.01000000000181 8.95000000000123 970437.6999999868
21.970000000000027 468.97 970437.6999999868
-6.960000000001855 8.900000000001267 970437.6999999868
-6.960000000001855 8.900000000001267 970437.6999999868
-6.940000000001874 8.880000000001294 970437.6999999868
-6.940000000001874 8.880000000001294 970437.6999999868
-7.760000000000218 138.19999999999982 970437.6999999868
-7.760000000000218 138.19999999999982 970437.6999999868
-6.910000000001901 8.850000000001312 970437.6999999868
-6.910000000001901 8.850000000001312 970437.6999999868
-112.95000000000005 311.2499999999998 970437.6999999868
-112.95000000000005 -1.7500000000002274 970437.6999999868
-112.95000000000005 311.2499999999998 970437.6999999868
-112.95000000000005 -1.7500000000002274 970437.6999999868
-114.02999999999997 1.9700000000000273 970437.6999999868
-114.02999999999997 1.9700000000000273 970437.6999999868
-6.860000000001946 8.800000000001349 970437.6999999868
-6.860000000001946 8.800000000001349 970437.6999999868
-7.850000000001046 9.990000000000604 970437.6999999868
-7.850000000001046 9.990000000000604 970437.6999999868
-9.870000000000118 106.96999999999998 970437.6999999868
-9.870000000000118 106.96999999999998 970437.6999999868
-6.79000000000201 8.730000000001386 970437.6999999868
-6.79000000000201 8.730000000001386 970437.6999999868
-56.18999999999983 12.170000000000755 970437.6999999868
-56.18999999999983 12.170000000000755 970437.6999999868
45.229999999999954 323.5700000000004 970437.6999999868
43.730000000000054 323.61000000000035 970437.6999999868
-150.3199999999997 0.10000000000081855 970437.6999999868
-150.3199999999997 0.10000000000081855 970437.6999999868
-6.750000000002046 8.690000000001392 970437.6999999868
-6.750000000002046 8.690000000001392 970437.6999999868
-91.96000000000004 6.7800000000002 970437.6999999868
-91.96000000000004 6.7800000000002 970437.6999999868
-11.280000000001564 168.9000000000001 970437.6999999868
-11.280000000001564 168.9000000000001 970437.6999999868
1.0700000000017553 429.3500000000002 970437.6999999868
93.30000000000015 248.92000000000007 970437.6999999868
-9.199999999999818 10.060000000000798 970437.6999999868
-9.199999999999818 10.060000000000798 970437.6999999868
5.750000000000005 242.49000000000137 970437.6999999868
96.90000000000097 255.13999999999714 970437.6999999868
0.3100000000000092 50.95000000000001 970437.6999999868
87.52999999999925 244.17000000000166 970437.6999999868
-4.770000000000209 283.16999999999985 970437.6999999868
-4.770000000000209 283.16999999999985 970437.6999999868
-2.5000000000022737 189.0 970437.6999999868
-2.5000000000022737 189.0 970437.6999999868
-6.720000000002074 8.660000000001446 970437.6999999868
-6.720000000002074 8.660000000001446 970437.6999999868
5.799999999999983 50.03999999999999 970437.6999999868
46.75000000000025 171.02999999999997 970437.6999999868
29.300000000000203 203.01999999999998 970437.6999999868
-7.970000000000937 11.570000000000006 970437.6999999868
-7.970000000000937 11.570000000000006 970437.6999999868
50.029999999999994 170.02999999999997 970437.6999999868
17.020000000000003 300.4199999999987 970437.6999999868
42.939999999999415 221.1199999999999 970437.6999999868
-28.949999999999136 310.4299999999969 970437.6999999868
-28.949999999999136 -2.5700000000031196 970437.6999999868
-28.949999999999136 310.4299999999969 970437.6999999868
-28.949999999999136 -2.5700000000031196 970437.6999999868
3.989999999999979 133.48999999999864 970437.6999999868
-1.7900000000011005 302.9899999999991 970437.6999999868
-1.7900000000011005 302.9899999999991 970437.6999999868
17.59999999999978 279.2600000000007 970437.6999999868
-79.39000000000146 311.90999999999735 970437.6999999868
-79.39000000000146 -1.0900000000026466 970437.6999999868
-79.39000000000146 311.90999999999735 970437.6999999868
-79.39000000000146 -1.0900000000026466 970437.6999999868
6.729999999999984 296.8900000000001 970437.6999999868
32.79999999999984 214.03999999999996 970437.6999999868
53.86000000000003 185.38000000000056 970437.6999999868
23.609999999999783 211.50999999999863 970437.6999999868
-99.95000000000005 1.590000000000373 970437.6999999868
-99.95000000000005 1.590000000000373 970437.6999999868
4.289999999999994 247.109999999999 970437.6999999868
60.28000000000054 262.0599999999981 970437.6999999868
45.05000000000059 258.7100000000021 970437.6999999868
56.30999999999974 192.06999999999812 970437.6999999868
6.089999999999998 62.630000000000074 970437.6999999868
64.29999999999976 179.98000000000002 970437.6999999868
40.120000000000175 159.27999999999884 970437.6999999868
15.000000000000021 129.2400000000007 970437.6999999868
6.430000000000012 72.5500000000008 970437.6999999868
54.929999999999616 168.25000000000068 970437.6999999868
5.040000000000873 376.12 970437.6999999868
72.49000000000127 264.3899999999969 970437.6999999868
23.31000000000005 144.24999999999977 970437.6999999868
33.04000000000019 228.81999999999744 970437.6999999868
70.8199999999994 232.57999999999856 970437.6999999868
2.0399999999990914 258.5599999999986 970437.6999999868
58.579999999999885 209.00000000000182 970437.6999999868
103.52000000000027 295.0200000000018 970437.6999999868
4.640000000002146 384.8200000000004 970437.6999999868
19.959999999999994 198.18000000000075 970437.6999999868
1.730000000001155 444.29000000000065 970437.6999999868
6.1300000000000185 30.68999999999995 970437.6999999868
84.64999999999931 250.99 970437.6999999868
16.99000000000007 245.38999999999783 970437.6999999868
38.4999999999999 275.0400000000009 970437.6999999868
34.76999999999985 109.8299999999994 970437.6999999868
40.96000000000021 132.01999999999998 970437.6999999868
4.769999999999984 280.29000000000065 970437.6999999868
5.009999999999957 97.4299999999992 970437.6999999868
35.75000000000045 177.17000000000166 970437.6999999868
28.160000000000025 289.9000000000001 970437.6999999868
64.04000000000002 220.0 970437.6999999868
10.800000000000068 205.67999999999847 970437.6999999868
1.5500000000013188 411.5499999999998 970437.6999999868
50.329999999999934 144.910000000001 970437.6999999868
4.469999999999969 115.92999999999996 970437.6999999868
88.0299999999995 259.90999999999553 970437.6999999868
22.640000000000256 129.96000000000095 970437.6999999868
-6.970000000001846 8.990000000001224 970437.6999999868
-6.970000000001846 8.990000000001224 970437.6999999868
30.620000000000253 302.219999999998 970437.6999999868
22.91999999999983 103.8399999999989 970437.6999999868
96.26999999999963 321.4300000000014 970437.6999999868
19.529999999999614 158.78999999999746 970437.6999999868
72.60000000000133 298.0200000000036 970437.6999999868
48.61999999999948 291.0999999999999 970437.6999999868
12.870000000000003 185.3500000000024 970437.6999999868
25.410000000000064 275.4500000000023 970437.6999999868
54.620000000000275 240.92000000000007 970437.6999999868
28.729999999999958 188.71000000000026 970437.6999999868
56.64999999999967 153.68999999999937 970437.6999999868
65.09000000000056 259.8900000000001 970437.6999999868
11.129999999999997 227.09000000000174 970437.6999999868
40.820000000000235 151.70000000000118 970437.6999999868
77.64000000000084 227.54000000000042 970437.6999999868
43.419999999999916 192.03999999999814 970437.6999999868
16.280000000000022 72.22000000000165 970437.6999999868
67.56999999999978 310.53000000000316 970437.6999999868
334 131 970437.6999999868
334 444 970437.6999999868
347 226 970437.6999999868
347 226 970437.6999999868
281 363 970437.6999999868
281 363 970437.6999999868
454 240 970437.6999999868
454 240 970437.6999999868
279 443 970437.6999999868
279 443 970437.6999999868
269 400 970437.6999999868
269 400 970437.6999999868
420 159 970437.6999999868
420 159 970437.6999999868
356 389 970437.6999999868
264 440 970437.6999999868
264 440 970437.6999999868
402 218 970437.6999999868
402 218 970437.6999999868
447 276 970437.6999999868
447 276 970437.6999999868
448 279 970437.6999999868
448 279 970437.6999999868
373 395 970437.6999999868
464 254 970437.6999999868
464 254 970437.6999999868
377 220 970437.6999999868
377 220 970437.6999999868
384 338 970437.6999999868
419 153 970437.6999999868
419 466 970437.6999999868
368 153 970437.6999999868
368 466 970437.6999999868
355 365 970437.6999999868
442 183 970437.6999999868
442 183 970437.6999999868
402 255 970437.6999999868
402 255 970437.6999999868
423 212 970437.6999999868
423 212 970437.6999999868
325 243 970437.6999999868
325 243 970437.6999999868
201 446 970437.6999999868
201 446 970437.6999999868
273 339 970437.6999999868
273 339 970437.6999999868
318 363 970437.6999999868
352 353 970437.6999999868
363 146 970437.6999999868
363 459 970437.6999999868
210 353 970437.6999999868
210 353 970437.6999999868
351 276 970437.6999999868
351 276 970437.6999999868
199 423 970437.6999999868
199 423 970437.6999999868
377 260 970437.6999999868
377 260 970437.6999999868
443 426 970437.6999999868
164 391 970437.6999999868
164 391 970437.6999999868
276 389 970437.6999999868
276 389 970437.6999999868
449 283 970437.6999999868
449 283 970437.6999999868
326 188 970437.6999999868
326 188 970437.6999999868
356 190 970437.6999999868
356 190 970437.6999999868
379 134 970437.6999999868
379 447 970437.6999999868
446 367 970437.6999999868
224 394 970437.6999999868
224 394 970437.6999999868
436 175 970437.6999999868
436 175 970437.6999999868
146 322 970437.6999999868
459 322 970437.6999999868
234 337 970437.6999999868
234 337 970437.6999999868
328 355 970437.6999999868
460 143 970437.6999999868
460 456 970437.6999999868
267 415 970437.6999999868
267 415 970437.6999999868
385 422 970437.6999999868
345 214 970437.6999999868
345 214 970437.6999999868
409 145 970437.6999999868
409 458 970437.6999999868
438 228 970437.6999999868
438 228 970437.6999999868
299 407 970437.6999999868
299 407 970437.6999999868
361 261 970437.6999999868
361 261 970437.6999999868
336 144 970437.6999999868
336 457 970437.6999999868
457 444 970437.6999999868
455 254 970437.6999999868
455 254 970437.6999999868
444 368 970437.6999999868
156 337 970437.6999999868
469 337 970437.6999999868
430 182 970437.6999999868
430 182 970437.6999999868
366 169 970437.6999999868
366 169 970437.6999999868
408 243 970437.6999999868
408 243 970437.6999999868
411 142 970437.6999999868
411 455 970437.6999999868
328 382 970437.6999999868
365 379 970437.6999999868
207 469 970437.6999999868
207 469 970437.6999999868
138 340 970437.6999999868
451 340 970437.6999999868
354 158 970437.6999999868
354 158 970437.6999999868
203 428 970437.6999999868
203 428 970437.6999999868
338 210 970437.6999999868
338 210 970437.6999999868
382 401 970437.6999999868
169 315 970437.6999999868
169 315 970437.6999999868
361 353 970437.6999999868
379 349 970437.6999999868
329 130 970437.6999999868
329 443 970437.6999999868
163 340 970437.6999999868
163 340 970437.6999999868
463 397 970437.6999999868
198 452 970437.6999999868
198 452 970437.6999999868
413 337 970437.6999999868
209 346 970437.6999999868
209 346 970437.6999999868
185 357 970437.6999999868
185 357 970437.6999999868
442 346 970437.6999999868
399 251 970437.6999999868
399 251 970437.6999999868
162 327 970437.6999999868
162 327 970437.6999999868
192 461 970437.6999999868
192 461 970437.6999999868
158 375 970437.6999999868
158 375 970437.6999999868
366 124 970437.6999999868
366 437 970437.6999999868
338 278 970437.6999999868
338 278 970437.6999999868
189 390 970437.6999999868
189 390 970437.6999999868
226 367 970437.6999999868
226 367 970437.6999999868
355 132 970437.6999999868
355 445 970437.6999999868
405 411 970437.6999999868
418 181 970437.6999999868
418 181 970437.6999999868
280 344 970437.6999999868
280 344 970437.6999999868
197 417 970437.6999999868
197 417 970437.6999999868
333 199 970437.6999999868
333 199 970437.6999999868
237 463 970437.6999999868
237 463 970437.6999999868
400 197 970437.6999999868
400 197 970437.6999999868
187 342 970437.6999999868
187 342 970437.6999999868
183 347 970437.6999999868
183 347 970437.6999999868
351 179 970437.6999999868
351 179 970437.6999999868
446 363 970437.6999999868
237 439 970437.6999999868
237 439 970437.6999999868
253 353 970437.6999999868
253 353 970437.6999999868
431 138 970437.6999999868
431 451 970437.6999999868
361 171 970437.6999999868
361 171 970437.6999999868
432 258 970437.6999999868
432 258 970437.6999999868
402 246 970437.6999999868
402 246 970437.6999999868
319 244 970437.6999999868
319 244 970437.6999999868
432 389 970437.6999999868
332 280 970437.6999999868
332 280 970437.6999999868
185 409 970437.6999999868
185 409 970437.6999999868
426 175 970437.6999999868
426 175 970437.6999999868
221 368 970437.6999999868
221 368 970437.6999999868
403 371 970437.6999999868
284 422 970437.6999999868
284 422 970437.6999999868
266 446 970437.6999999868
266 446 970437.6999999868
437 348 970437.6999999868
190 433 970437.6999999868
190 433 970437.6999999868
240 357 970437.6999999868
240 357 970437.6999999868
341 290 970437.6999999868
341 290 970437.6999999868
412 138 970437.6999999868
412 451 970437.6999999868
181 447 970437.6999999868
181 447 970437.6999999868
285 386 970437.6999999868
285 386 970437.6999999868
372 387 970437.6999999868
170 426 970437.6999999868
170 426 970437.6999999868
247 335 970437.6999999868
247 335 970437.6999999868
467 163 970437.6999999868
467 163 970437.6999999868
221 424 970437.6999999868
221 424 970437.6999999868
176 419 970437.6999999868
176 419 970437.6999999868
262 465 970437.6999999868
262 465 970437.6999999868
344 334 970437.6999999868
453 218 970437.6999999868
453 218 970437.6999999868
257 399 970437.6999999868
257 399 970437.6999999868
399 178 970437.6999999868
399 178 970437.6999999868
279 371 970437.6999999868
279 371 970437.6999999868
341 203 970437.6999999868
341 203 970437.6999999868
369 241 970437.6999999868
369 241 970437.6999999868
220 406 970437.6999999868
220 406 970437.6999999868
240 339 970437.6999999868
240 339 970437.6999999868
444 381 970437.6999999868
205 388 970437.6999999868
205 388 970437.6999999868
375 180 970437.6999999868
375 180 970437.6999999868
418 174 970437.6999999868
418 174 970437.6999999868
210 443 970437.6999999868
210 443 970437.6999999868
375 350 970437.6999999868
178 458 970437.6999999868
178 458 970437.6999999868
453 160 970437.6999999868
453 160 970437.6999999868
459 142 970437.6999999868
459 455 970437.6999999868
449 172 970437.6999999868
449 172 970437.6999999868
152 363 970437.6999999868
465 363 970437.6999999868
349 349 970437.6999999868
253 395 970437.6999999868
253 395 970437.6999999868
371 211 970437.6999999868
371 211 970437.6999999868
198 344 970437.6999999868
198 344 970437.6999999868
342 189 970437.6999999868
342 189 970437.6999999868
385 231 970437.6999999868
385 231 970437.6999999868
337 106 970437.6999999868
337 419 970437.6999999868
175 401 970437.6999999868
175 401 970437.6999999868
383 261 970437.6999999868
383 261 970437.6999999868
390 165 970437.6999999868
390 165 970437.6999999868
335 376 970437.6999999868
181 324 970437.6999999868
181 324 970437.6999999868
355 153 970437.6999999868
355 466 970437.6999999868
467 313 970437.6999999868
422 149 970437.6999999868
422 462 970437.6999999868
457 290 970437.6999999868
457 290 970437.6999999868
206 433 970437.6999999868
206 433 970437.6999999868
328 340 970437.6999999868
363 170 970437.6999999868
363 170 970437.6999999868
296 357 970437.6999999868
296 357 970437.6999999868
197 416 970437.6999999868
197 416 970437.6999999868
359 331 970437.6999999868
299 364 970437.6999999868
299 364 970437.6999999868
158 366 970437.6999999868
158 366 970437.6999999868
288 332 970437.6999999868
288 332 970437.6999999868
187 388 970437.6999999868
187 388 970437.6999999868
424 180 970437.6999999868
424 180 970437.6999999868
427 215 970437.6999999868
427 215 970437.6999999868
217 436 970437.6999999868
217 436 970437.6999999868
389 228 970437.6999999868
389 228 970437.6999999868
418 378 970437.6999999868
234 374 970437.6999999868
234 374 970437.6999999868
347 111 970437.6999999868
347 424 970437.6999999868
353 221 970437.6999999868
353 221 970437.6999999868
362 116 970437.6999999868
362 429 970437.6999999868
410 176 970437.6999999868
410 176 970437.6999999868
463 280 970437.6999999868
463 280 970437.6999999868
313 364 970437.6999999868
421 206 970437.6999999868
421 206 970437.6999999868
404 413 970437.6999999868
376 260 970437.6999999868
376 260 970437.6999999868
385 360 970437.6999999868
422 252 970437.6999999868
422 252 970437.6999999868
408 252 970437.6999999868
408 252 970437.6999999868
408 138 970437.6999999868
408 451 970437.6999999868
466 292 970437.6999999868
466 292 970437.6999999868
411 395 970437.6999999868
406 249 970437.6999999868
406 249 970437.6999999868
443 168 970437.6999999868
443 168 970437.6999999868
383 134 970437.6999999868
383 447 970437.6999999868
199 450 970437.6999999868
199 450 970437.6999999868
439 147 970437.6999999868
439 460 970437.6999999868
359 291 970437.6999999868
359 291 970437.6999999868
368 190 970437.6999999868
368 190 970437.6999999868
464 157 970437.6999999868
464 157 970437.6999999868
427 401 970437.6999999868
249 428 970437.6999999868
249 428 970437.6999999868
258 424 970437.6999999868
258 424 970437.6999999868
320 344 970437.6999999868
392 412 970437.6999999868
435 365 970437.6999999868
367 186 970437.6999999868
367 186 970437.6999999868
305.2899999999988 322.57000000000085 970437.6999999868
305.2899999999988 322.57000000000085 970437.6999999868
334.97 155.97000000000003 970437.6999999868
334.97 468.97 970437.6999999868
305.2399999999998 451.1999999999998 970437.6999999868
305.2399999999998 451.1999999999998 970437.6999999868
198.97000000000003 314.97 970437.6999999868
198.97000000000003 314.97 970437.6999999868
326.50000000000045 204.19999999999982 970437.6999999868
326.50000000000045 204.19999999999982 970437.6999999868
415.99 297.01 970437.6999999868
415.99 297.01 970437.6999999868
318.9900000000002 297.1899999999998 970437.6999999868
318.9900000000002 297.1899999999998 970437.6999999868
305.14999999999895 322.9900000000006 970437.6999999868
305.14999999999895 322.9900000000006 970437.6999999868
303.1299999999999 419.96999999999997 970437.6999999868
303.1299999999999 419.96999999999997 970437.6999999868
256.8100000000002 325.17000000000075 970437.6999999868
256.8100000000002 325.17000000000075 970437.6999999868
240.54000000000042 274.0799999999999 970437.6999999868
358.22999999999996 323.5700000000004 970437.6999999868
356.7300000000001 323.61000000000035 970437.6999999868
162.6800000000003 313.1000000000008 970437.6999999868
162.6800000000003 313.1000000000008 970437.6999999868
110.95999999999998 180.57999999999947 970437.6999999868
221.03999999999996 319.7800000000002 970437.6999999868
221.03999999999996 319.7800000000002 970437.6999999868
382.88999999999993 304.36999999999784 970437.6999999868
382.88999999999993 304.36999999999784 970437.6999999868
198.9000000000001 110.0 970437.6999999868
314.07000000000176 116.35000000000018 970437.6999999868
314.07000000000176 429.3500000000002 970437.6999999868
118.94999999999997 75.99 970437.6999999868
341.9 300.8799999999992 970437.6999999868
341.9 300.8799999999992 970437.6999999868
303.8000000000002 323.0600000000008 970437.6999999868
303.8000000000002 323.0600000000008 970437.6999999868
38.070000000000185 41.16999999999977 970437.6999999868
131.49999999999773 187.2799999999961 970437.6999999868
184.0000000000009 309.6800000000021 970437.6999999868
200.06999999999994 309.2500000000016 970437.6999999868
329.94 300.4599999999987 970437.6999999868
329.94 300.4599999999987 970437.6999999868
198.62999999999943 140.3299999999988 970437.6999999868
158.81000000000017 283.95000000000005 970437.6999999868
105.62999999999981 153.14999999999986 970437.6999999868
129.92000000000098 55.579999999999885 970437.6999999868
190.13999999999987 312.7800000000011 970437.6999999868
198.9000000000001 137.0 970437.6999999868
316.3700000000024 297.4099999999996 970437.6999999868
316.3700000000024 297.4099999999996 970437.6999999868
257.28999999999974 158.38999999999965 970437.6999999868
252.51999999999953 234.72000000000116 970437.6999999868
143.94000000000187 142.03999999999996 970437.6999999868
306.2799999999979 321.66000000000145 970437.6999999868
306.2799999999979 321.66000000000145 970437.6999999868
179.02999999999724 282.0899999999999 970437.6999999868
128.97000000000094 166.51000000000136 970437.6999999868
313.6200000000031 244.20000000000164 970437.6999999868
313.6200000000031 244.20000000000164 970437.6999999868
322.4400000000014 229.05999999999995 970437.6999999868
322.4400000000014 229.05999999999995 970437.6999999868
305.02999999999906 324.57 970437.6999999868
305.02999999999906 324.57 970437.6999999868
151.00000000000273 309.9400000000028 970437.6999999868
134.5399999999986 55.11999999999978 970437.6999999868
141.01999999999998 239.70000000000027 970437.6999999868
245.60999999999672 289.14999999999986 970437.6999999868
132.54000000000133 273.64000000000215 970437.6999999868
233.98000000000093 291.60000000000036 970437.6999999868
203.12999999999988 114.99 970437.6999999868
93.56999999999876 147.26999999999794 970437.6999999868
175.24999999999977 206.9899999999991 970437.6999999868
148.04999999999905 142.43000000000052 970437.6999999868
40.9800000000002 52.53999999999989 970437.6999999868
140.81000000000108 254.06999999999994 970437.6999999868
35.33000000000013 34.23000000000035 970437.6999999868
164.99 280.04999999999995 970437.6999999868
122.99 175.01 970437.6999999868
160.6299999999976 51.970000000000205 970437.6999999868
53.94999999999981 123.90999999999995 970437.6999999868
154.60999999999945 163.82999999999925 970437.6999999868
198.39999999999873 100.37999999999866 970437.6999999868
252.97000000000003 78.22999999999807 970437.6999999868
107.3800000000002 159.8799999999992 970437.6999999868
197.03999999999996 104.56000000000029 970437.6999999868
189.25000000000068 120.09000000000005 970437.6999999868
213.04999999999995 314.5900000000004 970437.6999999868
213.04999999999995 314.5900000000004 970437.6999999868
105.01 173.0100000000009 970437.6999999868
257.99 110.74999999999987 970437.6999999868
84.94999999999946 178.56999999999948 970437.6999999868
206.1199999999999 120.36000000000018 970437.6999999868
213.30999999999972 304.39000000000146 970437.6999999868
232.83999999999924 225.6800000000012 970437.6999999868
98.14000000000007 142.0 970437.6999999868
174.3400000000006 88.0 970437.6999999868
170.35999999999967 277.98 970437.6999999868
133.34999999999968 48.29000000000034 970437.6999999868
70.69000000000086 86.98999999999948 970437.6999999868
68.22000000000114 36.0 970437.6999999868
208.65999999999758 191.96000000000004 970437.6999999868
162.56999999999948 176.65000000000123 970437.6999999868
166.00999999999908 301.2500000000016 970437.6999999868
198.07000000000085 289.6699999999994 970437.6999999868
264.86000000000104 135.35999999999785 970437.6999999868
153.0 292.91999999999916 970437.6999999868
232.68999999999937 308.3300000000006 970437.6999999868
60.38000000000032 37.23999999999995 970437.6999999868
49.13999999999997 112.6799999999983 970437.6999999868
272.2400000000025 308.90000000000464 970437.6999999868
168.82999999999925 311.890000000001 970437.6999999868
307.0200000000009 190.05999999999904 970437.6999999868
142.900000000001 291.5599999999986 970437.6999999868
289.8899999999983 193.92999999999915 970437.6999999868
225.72000000000207 268.28000000000156 970437.6999999868
108.27000000000014 203.77000000000203 970437.6999999868
116.21000000000113 214.8900000000001 970437.6999999868
318.0400000000009 376.12 970437.6999999868
107.80999999999888 213.92999999999824 970437.6999999868
78.44999999999972 98.90999999999995 970437.6999999868
97.37000000000121 239.85000000000286 970437.6999999868
169.85000000000014 114.05000000000054 970437.6999999868
238.44000000000324 183.199999999998 970437.6999999868
138.00999999999817 173.34999999999877 970437.6999999868
318.2300000000007 297.2099999999998 970437.6999999868
318.2300000000007 297.2099999999998 970437.6999999868
225.4399999999987 80.83999999999992 970437.6999999868
129.7900000000002 110.62999999999879 970437.6999999868
132.03999999999905 69.70000000000087 970437.6999999868
221.1199999999999 233.29999999999973 970437.6999999868
72.47000000000075 21.909999999999517 970437.6999999868
243.1400000000017 242.27999999999975 970437.6999999868
217.81999999999925 122.91999999999996 970437.6999999868
285.2700000000025 288.9300000000037 970437.6999999868
278.8400000000029 199.13999999999896 970437.6999999868
280.9999999999982 130.79999999999927 970437.6999999868
176.5499999999986 260.53000000000225 970437.6999999868
268.079999999999 101.71999999999986 970437.6999999868
95.93999999999946 175.42000000000053 970437.6999999868
317.64000000000215 384.8200000000004 970437.6999999868
207.92000000000098 276.74000000000206 970437.6999999868
198.62000000000216 242.88000000000193 970437.6999999868
178.16999999999894 165.5299999999986 970437.6999999868
284.4499999999996 109.71000000000036 970437.6999999868
189.25999999999976 79.24000000000115 970437.6999999868
167.810000000002 265.930000000001 970437.6999999868
104.17999999999958 182.69999999999845 970437.6999999868
200.1300000000008 131.59000000000128 970437.6999999868
143.04000000000087 129.66000000000122 970437.6999999868
314.73000000000116 131.29000000000065 970437.6999999868
314.73000000000116 444.29000000000065 970437.6999999868
245.80999999999744 277.58999999999855 970437.6999999868
261.07999999999447 266.1999999999971 970437.6999999868
158.95999999999913 63.13999999999977 970437.6999999868
264.83000000000015 227.97000000000003 970437.6999999868
221.22999999999888 94.07000000000055 970437.6999999868
156.82000000000107 119.03999999999951 970437.6999999868
208.57999999999856 159.1999999999971 970437.6999999868
187.86999999999557 208.36999999999694 970437.6999999868
282.5699999999995 164.8300000000038 970437.6999999868
269.0199999999991 173.92000000000007 970437.6999999868
101.19000000000112 134.75000000000296 970437.6999999868
113.33000000000017 173.95000000000095 970437.6999999868
300.5199999999995 167.22000000000162 970437.6999999868
313.8000000000029 281.2399999999998 970437.6999999868
313.8000000000029 281.2399999999998 970437.6999999868
263.109999999999 150.0100000000018 970437.6999999868
73.22000000000165 134.05999999999995 970437.6999999868
185.0 95.91999999999996 970437.6999999868
29.40999999999975 18.68999999999964 970437.6999999868
236.9000000000001 127.5600000000008 970437.6999999868
163.98000000000002 77.75999999999988 970437.6999999868
65.05999999999952 134.15999999999985 970437.6999999868
204.99 73.90999999999944 970437.6999999868
118.18000000000009 134.54000000000315 970437.6999999868
235.900000000001 148.3400000000015 970437.6999999868
89.43999999999971 57.820000000000036 970437.6999999868
150.28000000000156 48.34000000000033 970437.6999999868
40.610000000000475 78.71000000000139 970437.6999999868
264.0999999999999 125.19999999999908 970437.6999999868
139.86000000000013 159.20000000000073 970437.6999999868
182.8799999999983 186.74000000000206 970437.6999999868
165.3099999999979 229.3099999999988 970437.6999999868
252.03999999999996 175.80000000000018 970437.6999999868
72.42000000000021 49.19999999999956 970437.6999999868
49.05999999999979 40.15999999999997 970437.6999999868
246.97000000000094 263.1500000000008 970437.6999999868
295.55999999999676 219.15999999999894 970437.6999999868
192.04999999999995 149.80999999999835 970437.6999999868
309.820000000002 257.1399999999999 970437.6999999868
314.5500000000013 98.54999999999977 970437.6999999868
314.5500000000013 411.5499999999998 970437.6999999868
180.48000000000047 132.74000000000115 970437.6999999868
158.04999999999995 146.99 970437.6999999868
96.57999999999927 80.59999999999928 970437.6999999868
258.4499999999996 184.60999999999672 970437.6999999868
296.42000000000144 267.47999999999683 970437.6999999868
186.41000000000054 70.92999999999792 970437.6999999868
218.30999999999972 287.4099999999996 970437.6999999868
130.490000000005 287.90999999999553 970437.6999999868
147.93000000000188 86.7300000000014 970437.6999999868
85.69999999999933 197.41999999999962 970437.6999999868
114.9800000000005 90.32000000000119 970437.6999999868
47.5099999999997 19.130000000000177 970437.6999999868
178.1099999999999 145.14999999999986 970437.6999999868
285.1299999999999 181.06999999999994 970437.6999999868
151.01999999999998 156.4400000000005 970437.6999999868
92.68999999999882 135.2500000000025 970437.6999999868
119.71999999999883 51.16000000000017 970437.6999999868
77.04000000000002 163.60000000000127 970437.6999999868
166.40000000000418 203.82000000000016 970437.6999999868
306.02999999999815 321.9900000000012 970437.6999999868
306.02999999999815 321.9900000000012 970437.6999999868
228.5700000000004 276.46999999999866 970437.6999999868
92.21000000000011 96.36999999999917 970437.6999999868
104.96999999999998 64.0299999999995 970437.6999999868
119.63000000000032 259.1899999999989 970437.6999999868
159.3600000000024 184.63999999999578 970437.6999999868
289.22000000000344 250.4800000000032 970437.6999999868
195.97000000000003 259.5299999999986 970437.6999999868
255.8499999999974 253.21000000000163 970437.6999999868
61.31999999999954 72.79999999999939 970437.6999999868
124.0099999999995 229.66999999999848 970437.6999999868
52.829999999999835 64.06999999999901 970437.6999999868
286.80999999999835 305.6900000000012 970437.6999999868
141.00999999999908 214.85000000000286 970437.6999999868
247.30000000000064 164.01999999999998 970437.6999999868
15.069999999999999 24.909999999999673 970437.6999999868
90.02000000000052 217.94000000000005 970437.6999999868
126.73000000000037 147.40999999999963 970437.6999999868
254.97000000000185 88.67000000000137 970437.6999999868
409.26999999999964 321.4300000000014 970437.6999999868
134.3400000000006 279.27999999999975 970437.6999999868
232.66000000000304 165.39999999999873 970437.6999999868
71.88999999999994 110.47000000000075 970437.6999999868
241.02999999999997 206.85000000000105 970437.6999999868
167.0 143.3400000000006 970437.6999999868
298.95000000000005 91.76999999999886 970437.6999999868
246.52000000000226 113.59999999999928 970437.6999999868
302.62000000000216 140.25999999999794 970437.6999999868
23.98000000000031 61.96000000000021 970437.6999999868
174.63000000000125 104.78999999999938 970437.6999999868
16.53000000000006 42.24999999999995 970437.6999999868
109.68000000000035 148.28000000000065 970437.6999999868
58.35000000000033 84.49000000000127 970437.6999999868
270.129999999999 87.95000000000049 970437.6999999868
153.209999999998 253.71000000000026 970437.6999999868
240.67999999999756 298.35999999999694 970437.6999999868
275.58999999999855 221.40999999999963 970437.6999999868
149.94000000000005 278.3800000000015 970437.6999999868
301.84000000000106 108.44000000000074 970437.6999999868
224.6700000000003 251.97000000000003 970437.6999999868
108.99 252.46999999999957 970437.6999999868
93.82000000000144 105.30000000000271 970437.6999999868
232.8799999999992 269.7600000000011 970437.6999999868
210.97000000000367 225.51000000000408 970437.6999999868
117.51000000000026 183.9899999999982 970437.6999999868
222.23999999999887 109.79999999999939 970437.6999999868
213.04999999999723 133.34999999999695 970437.6999999868
34 -87 970437.6999999868
347 -87 970437.6999999868
34 -87 970437.6999999868
347 -87 970437.6999999868
-32 -263 970437.6999999868
-32 -263 970437.6999999868
141 -73 970437.6999999868
454 -73 970437.6999999868
141 -73 970437.6999999868
454 -73 970437.6999999868
-34 -183 970437.6999999868
-34 -183 970437.6999999868
-44 -226 970437.6999999868
-44 -226 970437.6999999868
107 -154 970437.6999999868
420 -154 970437.6999999868
107 -154 970437.6999999868
420 -154 970437.6999999868
255 -50 970437.6999999868
255 -50 970437.6999999868
215 -83 970437.6999999868
215 -83 970437.6999999868
183 -108 970437.6999999868
183 -108 970437.6999999868
258 -132 970437.6999999868
258 -132 970437.6999999868
-49 -186 970437.6999999868
-49 -186 970437.6999999868
89 -95 970437.6999999868
402 -95 970437.6999999868
89 -95 970437.6999999868
402 -95 970437.6999999868
134 -37 970437.6999999868
447 -37 970437.6999999868
134 -37 970437.6999999868
447 -37 970437.6999999868
135 -34 970437.6999999868
448 -34 970437.6999999868
135 -34 970437.6999999868
448 -34 970437.6999999868
201 -68 970437.6999999868
201 -68 970437.6999999868
252 -137 970437.6999999868
252 -137 970437.6999999868
199 -24 970437.6999999868
199 -24 970437.6999999868
151 -59 970437.6999999868
464 -59 970437.6999999868
151 -59 970437.6999999868
464 -59 970437.6999999868
64 -93 970437.6999999868
377 -93 970437.6999999868
64 -93 970437.6999999868
377 -93 970437.6999999868
384 25 970437.6999999868
355 52 970437.6999999868
129 -130 970437.6999999868
442 -130 970437.6999999868
129 -130 970437.6999999868
442 -130 970437.6999999868
298 -49 970437.6999999868
-15 -49 970437.6999999868
298 -49 970437.6999999868
-15 -49 970437.6999999868
89 -58 970437.6999999868
402 -58 970437.6999999868
89 -58 970437.6999999868
402 -58 970437.6999999868
110 -101 970437.6999999868
423 -101 970437.6999999868
110 -101 970437.6999999868
423 -101 970437.6999999868
12 -70 970437.6999999868
325 -70 970437.6999999868
12 -70 970437.6999999868
325 -70 970437.6999999868
235 -21 970437.6999999868
235 -21 970437.6999999868
-40 -287 970437.6999999868
-40 -287 970437.6999999868
318 50 970437.6999999868
232 -86 970437.6999999868
232 -86 970437.6999999868
352 40 970437.6999999868
-103 -273 970437.6999999868
-103 -273 970437.6999999868
38 -37 970437.6999999868
351 -37 970437.6999999868
38 -37 970437.6999999868
351 -37 970437.6999999868
64 -53 970437.6999999868
377 -53 970437.6999999868
64 -53 970437.6999999868
377 -53 970437.6999999868
-37 -237 970437.6999999868
-37 -237 970437.6999999868
136 -30 970437.6999999868
449 -30 970437.6999999868
136 -30 970437.6999999868
449 -30 970437.6999999868
13 -125 970437.6999999868
326 -125 970437.6999999868
13 -125 970437.6999999868
326 -125 970437.6999999868
43 -123 970437.6999999868
356 -123 970437.6999999868
43 -123 970437.6999999868
356 -123 970437.6999999868
232 -42 970437.6999999868
232 -42 970437.6999999868
446 54 970437.6999999868
248 -149 970437.6999999868
248 -149 970437.6999999868
-89 -232 970437.6999999868
-89 -232 970437.6999999868
123 -138 970437.6999999868
436 -138 970437.6999999868
123 -138 970437.6999999868
436 -138 970437.6999999868
459 9 970437.6999999868
-79 -289 970437.6999999868
-79 -289 970437.6999999868
328 42 970437.6999999868
218 -26 970437.6999999868
218 -26 970437.6999999868
-46 -211 970437.6999999868
-46 -211 970437.6999999868
176 -31 970437.6999999868
176 -31 970437.6999999868
32 -99 970437.6999999868
345 -99 970437.6999999868
32 -99 970437.6999999868
345 -99 970437.6999999868
125 -85 970437.6999999868
438 -85 970437.6999999868
125 -85 970437.6999999868
438 -85 970437.6999999868
-14 -219 970437.6999999868
-14 -219 970437.6999999868
48 -52 970437.6999999868
361 -52 970437.6999999868
48 -52 970437.6999999868
361 -52 970437.6999999868
241 -39 970437.6999999868
241 -39 970437.6999999868
170 -35 970437.6999999868
170 -35 970437.6999999868
162 -133 970437.6999999868
162 -133 970437.6999999868
142 -59 970437.6999999868
455 -59 970437.6999999868
142 -59 970437.6999999868
455 -59 970437.6999999868
444 55 970437.6999999868
229 -38 970437.6999999868
229 -38 970437.6999999868
469 24 970437.6999999868
117 -131 970437.6999999868
430 -131 970437.6999999868
117 -131 970437.6999999868
430 -131 970437.6999999868
53 -144 970437.6999999868
366 -144 970437.6999999868
53 -144 970437.6999999868
366 -144 970437.6999999868
95 -70 970437.6999999868
408 -70 970437.6999999868
95 -70 970437.6999999868
408 -70 970437.6999999868
213 -7 970437.6999999868
213 -7 970437.6999999868
365 66 970437.6999999868
282 -115 970437.6999999868
-31 -115 970437.6999999868
282 -115 970437.6999999868
-31 -115 970437.6999999868
451 27 970437.6999999868
41 -155 970437.6999999868
354 -155 970437.6999999868
41 -155 970437.6999999868
354 -155 970437.6999999868
248 -49 970437.6999999868
248 -49 970437.6999999868
25 -103 970437.6999999868
338 -103 970437.6999999868
25 -103 970437.6999999868
338 -103 970437.6999999868
361 40 970437.6999999868
379 36 970437.6999999868
463 84 970437.6999999868
413 24 970437.6999999868
-104 -280 970437.6999999868
-104 -280 970437.6999999868
288 -20 970437.6999999868
288 -20 970437.6999999868
442 33 970437.6999999868
86 -62 970437.6999999868
399 -62 970437.6999999868
86 -62 970437.6999999868
399 -62 970437.6999999868
171 -109 970437.6999999868
171 -109 970437.6999999868
236 -149 970437.6999999868
236 -149 970437.6999999868
288 -120 970437.6999999868
-25 -120 970437.6999999868
288 -120 970437.6999999868
-25 -120 970437.6999999868
25 -35 970437.6999999868
338 -35 970437.6999999868
25 -35 970437.6999999868
338 -35 970437.6999999868
-87 -259 970437.6999999868
-87 -259 970437.6999999868
105 -132 970437.6999999868
418 -132 970437.6999999868
105 -132 970437.6999999868
418 -132 970437.6999999868
-33 -282 970437.6999999868
-33 -282 970437.6999999868
20 -114 970437.6999999868
333 -114 970437.6999999868
20 -114 970437.6999999868
333 -114 970437.6999999868
87 -116 970437.6999999868
400 -116 970437.6999999868
87 -116 970437.6999999868
400 -116 970437.6999999868
257 -155 970437.6999999868
-56 -155 970437.6999999868
257 -155 970437.6999999868
-56 -155 970437.6999999868
38 -134 970437.6999999868
351 -134 970437.6999999868
38 -134 970437.6999999868
351 -134 970437.6999999868
165 -33 970437.6999999868
165 -33 970437.6999999868
446 50 970437.6999999868
159 -29 970437.6999999868
159 -29 970437.6999999868
-60 -273 970437.6999999868
-60 -273 970437.6999999868
252 -77 970437.6999999868
252 -77 970437.6999999868
48 -142 970437.6999999868
361 -142 970437.6999999868
48 -142 970437.6999999868
361 -142 970437.6999999868
119 -55 970437.6999999868
432 -55 970437.6999999868
119 -55 970437.6999999868
432 -55 970437.6999999868
89 -67 970437.6999999868
402 -67 970437.6999999868
89 -67 970437.6999999868
402 -67 970437.6999999868
6 -69 970437.6999999868
319 -69 970437.6999999868
6 -69 970437.6999999868
319 -69 970437.6999999868
432 76 970437.6999999868
19 -33 970437.6999999868
332 -33 970437.6999999868
19 -33 970437.6999999868
332 -33 970437.6999999868
113 -138 970437.6999999868
426 -138 970437.6999999868
113 -138 970437.6999999868
426 -138 970437.6999999868
268 -139 970437.6999999868
-45 -139 970437.6999999868
268 -139 970437.6999999868
-45 -139 970437.6999999868
-92 -258 970437.6999999868
-92 -258 970437.6999999868
403 58 970437.6999999868
245 -71 970437.6999999868
245 -71 970437.6999999868
282 -144 970437.6999999868
-31 -144 970437.6999999868
282 -144 970437.6999999868
-31 -144 970437.6999999868
265 -85 970437.6999999868
265 -85 970437.6999999868
-29 -204 970437.6999999868
-29 -204 970437.6999999868
242 -24 970437.6999999868
242 -24 970437.6999999868
-47 -180 970437.6999999868
-47 -180 970437.6999999868
437 35 970437.6999999868
-73 -269 970437.6999999868
-73 -269 970437.6999999868
28 -23 970437.6999999868
341 -23 970437.6999999868
28 -23 970437.6999999868
341 -23 970437.6999999868
-28 -240 970437.6999999868
-28 -240 970437.6999999868
372 74 970437.6999999868
238 -18 970437.6999999868
238 -18 970437.6999999868
-66 -291 970437.6999999868
-66 -291 970437.6999999868
154 -150 970437.6999999868
467 -150 970437.6999999868
154 -150 970437.6999999868
467 -150 970437.6999999868
293 -59 970437.6999999868
-20 -59 970437.6999999868
293 -59 970437.6999999868
-20 -59 970437.6999999868
163 -85 970437.6999999868
163 -85 970437.6999999868
-51 -161 970437.6999999868
-51 -161 970437.6999999868
175 -107 970437.6999999868
175 -107 970437.6999999868
170 -46 970437.6999999868
170 -46 970437.6999999868
177 -149 970437.6999999868
177 -149 970437.6999999868
344 21 970437.6999999868
140 -95 970437.6999999868
453 -95 970437.6999999868
140 -95 970437.6999999868
453 -95 970437.6999999868
-56 -227 970437.6999999868
-56 -227 970437.6999999868
86 -135 970437.6999999868
399 -135 970437.6999999868
86 -135 970437.6999999868
399 -135 970437.6999999868
-34 -255 970437.6999999868
-34 -255 970437.6999999868
28 -110 970437.6999999868
341 -110 970437.6999999868
28 -110 970437.6999999868
341 -110 970437.6999999868
56 -72 970437.6999999868
369 -72 970437.6999999868
56 -72 970437.6999999868
369 -72 970437.6999999868
-73 -287 970437.6999999868
-73 -287 970437.6999999868
444 68 970437.6999999868
228 -43 970437.6999999868
228 -43 970437.6999999868
62 -133 970437.6999999868
375 -133 970437.6999999868
62 -133 970437.6999999868
375 -133 970437.6999999868
253 -58 970437.6999999868
253 -58 970437.6999999868
105 -139 970437.6999999868
418 -139 970437.6999999868
105 -139 970437.6999999868
418 -139 970437.6999999868
375 37 970437.6999999868
241 -105 970437.6999999868
241 -105 970437.6999999868
140 -153 970437.6999999868
453 -153 970437.6999999868
140 -153 970437.6999999868
453 -153 970437.6999999868
136 -141 970437.6999999868
449 -141 970437.6999999868
136 -141 970437.6999999868
449 -141 970437.6999999868
465 50 970437.6999999868
349 36 970437.6999999868
-60 -231 970437.6999999868
-60 -231 970437.6999999868
58 -102 970437.6999999868
371 -102 970437.6999999868
58 -102 970437.6999999868
371 -102 970437.6999999868
29 -124 970437.6999999868
342 -124 970437.6999999868
29 -124 970437.6999999868
342 -124 970437.6999999868
72 -82 970437.6999999868
385 -82 970437.6999999868
72 -82 970437.6999999868
385 -82 970437.6999999868
70 -52 970437.6999999868
383 -52 970437.6999999868
70 -52 970437.6999999868
383 -52 970437.6999999868
77 -148 970437.6999999868
390 -148 970437.6999999868
77 -148 970437.6999999868
390 -148 970437.6999999868
175 -50 970437.6999999868
175 -50 970437.6999999868
335 63 970437.6999999868
243 -37 970437.6999999868
243 -37 970437.6999999868
467 0 970437.6999999868
144 -23 970437.6999999868
457 -23 970437.6999999868
144 -23 970437.6999999868
457 -23 970437.6999999868
242 -132 970437.6999999868
242 -132 970437.6999999868
328 27 970437.6999999868
50 -143 970437.6999999868
363 -143 970437.6999999868
50 -143 970437.6999999868
363 -143 970437.6999999868
-17 -269 970437.6999999868
-17 -269 970437.6999999868
206 -121 970437.6999999868
206 -121 970437.6999999868
359 18 970437.6999999868
-14 -262 970437.6999999868
-14 -262 970437.6999999868
-25 -294 970437.6999999868
-25 -294 970437.6999999868
181 -124 970437.6999999868
181 -124 970437.6999999868
111 -133 970437.6999999868
424 -133 970437.6999999868
111 -133 970437.6999999868
424 -133 970437.6999999868
114 -98 970437.6999999868
427 -98 970437.6999999868
114 -98 970437.6999999868
427 -98 970437.6999999868
76 -85 970437.6999999868
389 -85 970437.6999999868
76 -85 970437.6999999868
389 -85 970437.6999999868
418 65 970437.6999999868
-79 -252 970437.6999999868
-79 -252 970437.6999999868
165 -10 970437.6999999868
165 -10 970437.6999999868
285 -132 970437.6999999868
-28 -132 970437.6999999868
285 -132 970437.6999999868
-28 -132 970437.6999999868
40 -92 970437.6999999868
353 -92 970437.6999999868
40 -92 970437.6999999868
353 -92 970437.6999999868
97 -137 970437.6999999868
410 -137 970437.6999999868
97 -137 970437.6999999868
410 -137 970437.6999999868
209 -34 970437.6999999868
209 -34 970437.6999999868
162 -135 970437.6999999868
162 -135 970437.6999999868
150 -33 970437.6999999868
463 -33 970437.6999999868
150 -33 970437.6999999868
463 -33 970437.6999999868
108 -107 970437.6999999868
421 -107 970437.6999999868
108 -107 970437.6999999868
421 -107 970437.6999999868
196 -55 970437.6999999868
196 -55 970437.6999999868
63 -53 970437.6999999868
376 -53 970437.6999999868
63 -53 970437.6999999868
376 -53 970437.6999999868
385 47 970437.6999999868
109 -61 970437.6999999868
422 -61 970437.6999999868
109 -61 970437.6999999868
422 -61 970437.6999999868
225 -61 970437.6999999868
225 -61 970437.6999999868
95 -61 970437.6999999868
408 -61 970437.6999999868
95 -61 970437.6999999868
408 -61 970437.6999999868
153 -21 970437.6999999868
466 -21 970437.6999999868
153 -21 970437.6999999868
466 -21 970437.6999999868
411 82 970437.6999999868
93 -64 970437.6999999868
406 -64 970437.6999999868
93 -64 970437.6999999868
406 -64 970437.6999999868
130 -145 970437.6999999868
443 -145 970437.6999999868
130 -145 970437.6999999868
443 -145 970437.6999999868
221 -80 970437.6999999868
221 -80 970437.6999999868
274 -92 970437.6999999868
274 -92 970437.6999999868
46 -22 970437.6999999868
359 -22 970437.6999999868
46 -22 970437.6999999868
359 -22 970437.6999999868
55 -123 970437.6999999868
368 -123 970437.6999999868
55 -123 970437.6999999868
368 -123 970437.6999999868
151 -156 970437.6999999868
464 -156 970437.6999999868
151 -156 970437.6999999868
464 -156 970437.6999999868
-64 -198 970437.6999999868
-64 -198 970437.6999999868
-55 -202 970437.6999999868
-55 -202 970437.6999999868
320 31 970437.6999999868
435 52 970437.6999999868
54 -127 970437.6999999868
367 -127 970437.6999999868
54 -127 970437.6999999868
367 -127 970437.6999999868
5.620000000000337 -15.920000000000073 970437.6999999868
5.620000000000337 -15.920000000000073 970437.6999999868
292.04999999999995 -95.02999999999997 970437.6999999868
-20.950000000000045 -95.02999999999997 970437.6999999868
292.04999999999995 -95.02999999999997 970437.6999999868
-20.950000000000045 -95.02999999999997 970437.6999999868
4.22000000000161 -15.680000000000291 970437.6999999868
4.22000000000161 -15.680000000000291 970437.6999999868
4.190000000001637 -15.6700000000003 970437.6999999868
4.190000000001637 -15.6700000000003 970437.6999999868
-7.710000000001173 -303.42999999999915 970437.6999999868
-7.710000000001173 -303.42999999999915 970437.6999999868
3.8100000000020007 -15.650000000000318 970437.6999999868
3.8100000000020007 -15.650000000000318 970437.6999999868
-7.760000000000218 -174.80000000000018 970437.6999999868
-7.760000000000218 -174.80000000000018 970437.6999999868
200.04999999999995 -1.7500000000002274 970437.6999999868
200.04999999999995 -1.7500000000002274 970437.6999999868
-114.02999999999997 -311.03 970437.6999999868
-114.02999999999997 -311.03 970437.6999999868
13.500000000000455 -108.80000000000018 970437.6999999868
326.50000000000045 -108.80000000000018 970437.6999999868
13.500000000000455 -108.80000000000018 970437.6999999868
326.50000000000045 -108.80000000000018 970437.6999999868
102.99 -15.990000000000009 970437.6999999868
415.99 -15.990000000000009 970437.6999999868
102.99 -15.990000000000009 970437.6999999868
415.99 -15.990000000000009 970437.6999999868
5.990000000000169 -15.810000000000173 970437.6999999868
318.9900000000002 -15.810000000000173 970437.6999999868
5.990000000000169 -15.810000000000173 970437.6999999868
318.9900000000002 -15.810000000000173 970437.6999999868
-7.850000000001046 -303.0099999999994 970437.6999999868
-7.850000000001046 -303.0099999999994 970437.6999999868
-9.870000000000118 -206.03000000000003 970437.6999999868
-9.870000000000118 -206.03000000000003 970437.6999999868
167.99 0.010000000000009094 970437.6999999868
-56.18999999999983 -300.82999999999925 970437.6999999868
-56.18999999999983 -300.82999999999925 970437.6999999868
358.22999999999996 10.570000000000391 970437.6999999868
356.7300000000001 10.610000000000355 970437.6999999868
221.24999999999977 8.789999999999962 970437.6999999868
-91.96000000000004 -306.2199999999998 970437.6999999868
-91.96000000000004 -306.2199999999998 970437.6999999868
69.88999999999994 -8.630000000002156 970437.6999999868
382.88999999999993 -8.630000000002156 970437.6999999868
69.88999999999994 -8.630000000002156 970437.6999999868
382.88999999999993 -8.630000000002156 970437.6999999868
211.87000000000103 3.6299999999999653 970437.6999999868
301.71999999999844 -144.0999999999999 970437.6999999868
-11.280000000001564 -144.0999999999999 970437.6999999868
301.71999999999844 -144.0999999999999 970437.6999999868
-11.280000000001564 -144.0999999999999 970437.6999999868
28.899999999999984 -12.1200000000008 970437.6999999868
341.9 -12.1200000000008 970437.6999999868
28.899999999999984 -12.1200000000008 970437.6999999868
341.9 -12.1200000000008 970437.6999999868
185.01 0.3899999999990907 970437.6999999868
-9.199999999999818 -302.9399999999992 970437.6999999868
-9.199999999999818 -302.9399999999992 970437.6999999868
16.93999999999999 -12.540000000001328 970437.6999999868
329.94 -12.540000000001328 970437.6999999868
16.93999999999999 -12.540000000001328 970437.6999999868
329.94 -12.540000000001328 970437.6999999868
308.2299999999998 -29.830000000000155 970437.6999999868
-4.770000000000209 -29.830000000000155 970437.6999999868
308.2299999999998 -29.830000000000155 970437.6999999868
-4.770000000000209 -29.830000000000155 970437.6999999868
281.089999999999 31.850000000000133 970437.6999999868
153.96000000000004 1.18000000000001 970437.6999999868
310.4999999999977 -124.0 970437.6999999868
-2.5000000000022737 -124.0 970437.6999999868
310.4999999999977 -124.0 970437.6999999868
-2.5000000000022737 -124.0 970437.6999999868
3.370000000002392 -15.590000000000373 970437.6999999868
316.3700000000024 -15.590000000000373 970437.6999999868
3.370000000002392 -15.590000000000373 970437.6999999868
316.3700000000024 -15.590000000000373 970437.6999999868
-6.720000000002074 -304.33999999999855 970437.6999999868
-6.720000000002074 -304.33999999999855 970437.6999999868
198.9000000000001 4.6999999999999424 970437.6999999868
0.6200000000030741 -68.79999999999836 970437.6999999868
313.6200000000031 -68.79999999999836 970437.6999999868
0.6200000000030741 -68.79999999999836 970437.6999999868
313.6200000000031 -68.79999999999836 970437.6999999868
9.440000000001419 -83.94000000000005 970437.6999999868
322.4400000000014 -83.94000000000005 970437.6999999868
9.440000000001419 -83.94000000000005 970437.6999999868
322.4400000000014 -83.94000000000005 970437.6999999868
-7.970000000000937 -301.43 970437.6999999868
-7.970000000000937 -301.43 970437.6999999868
284.05000000000086 -2.5700000000031196 970437.6999999868
284.05000000000086 -2.5700000000031196 970437.6999999868
311.2099999999989 -10.0100000000009 970437.6999999868
-1.7900000000011005 -10.0100000000009 970437.6999999868
311.2099999999989 -10.0100000000009 970437.6999999868
-1.7900000000011005 -10.0100000000009 970437.6999999868
233.60999999999854 -1.0900000000026466 970437.6999999868
233.60999999999854 -1.0900000000026466 970437.6999999868
303.95000000000005 10.190000000000017 970437.6999999868
240.01 26.150000000000023 970437.6999999868
298.9000000000001 53.31999999999954 970437.6999999868
-99.95000000000005 -311.4099999999996 970437.6999999868
-99.95000000000005 -311.4099999999996 970437.6999999868
154.74000000000115 24.06000000000001 970437.6999999868
164.93999999999824 27.96000000000015 970437.6999999868
180.86000000000013 12.159999999999975 970437.6999999868
240.05999999999995 44.079999999999984 970437.6999999868
210.8599999999983 30.840000000000018 970437.6999999868
318.0400000000009 63.119999999999976 970437.6999999868
231.71000000000208 23.92999999999999 970437.6999999868
296.0 41.34000000000053 970437.6999999868
5.2300000000006825 -15.790000000000191 970437.6999999868
318.2300000000007 -15.790000000000191 970437.6999999868
5.2300000000006825 -15.790000000000191 970437.6999999868
318.2300000000007 -15.790000000000191 970437.6999999868
280.2600000000007 49.06000000000019 970437.6999999868
162.07999999999993 13.940000000000001 970437.6999999868
287.9200000000001 17.91999999999983 970437.6999999868
181.76000000000113 35.05999999999979 970437.6999999868
0.8000000000029104 -31.76000000000022 970437.6999999868
313.8000000000029 -31.76000000000022 970437.6999999868
0.8000000000029104 -31.76000000000022 970437.6999999868
313.8000000000029 -31.76000000000022 970437.6999999868
258.109999999999 10.410000000000055 970437.6999999868
247.3399999999997 21.759999999999962 970437.6999999868
187.08999999999992 27.049999999999695 970437.6999999868
169.4499999999996 3.0499999999999776 970437.6999999868
143.45000000000232 9.089999999999998 970437.6999999868
44.33999999999993 8.080000000000062 970437.6999999868
255.16999999999803 41.38999999999972 970437.6999999868
-6.970000000001846 -304.0099999999988 970437.6999999868
-6.970000000001846 -304.0099999999988 970437.6999999868
409.26999999999964 8.430000000001428 970437.6999999868
311.1200000000017 50.86000000000003 970437.6999999868
94.28999999999861 9.410000000000013 970437.6999999868
138.41999999999962 26.719999999999956 970437.6999999868
311.54000000000315 27.400000000000063 970437.6999999868
116.13000000000058 3.4499999999990614 970437.6999999868
197.87000000000012 30.42999999999991 970437.6999999868
271.2200000000016 25.919999999999987 970437.6999999868
209.07000000000085 41.74999999999965 970437.6999999868
356 76 970437.6999999868
373 82 970437.6999999868
443 113 970437.6999999868
385 109 970437.6999999868
457 131 970437.6999999868
328 69 970437.6999999868
382 88 970437.6999999868
405 98 970437.6999999868
404 100 970437.6999999868
427 88 970437.6999999868
392 99 970437.6999999868
274.1000000000017 74.97999999999948 970437.6999999868
128.8800000000001 32.24000000000015 970437.6999999868
218.10000000000264 56.23999999999975 970437.6999999868
226.3199999999997 52.86000000000023 970437.6999999868
317.64000000000215 71.82000000000042 970437.6999999868
99.87999999999994 26.920000000000456 970437.6999999868
185.30999999999972 47.20999999999936 970437.6999999868
277.0400000000018 59.13999999999977 970437.6999999868
287.6299999999976 73.03000000000002 970437.6999999868
236.69999999999754 62.839999999999634 970437.6999999868
120.4899999999982 34.69000000000006 970437.6999999868
-58 -50 970437.6999999868
-58 -50 970437.6999999868
-98 -83 970437.6999999868
-98 -83 970437.6999999868
-130 -108 970437.6999999868
-130 -108 970437.6999999868
-55 -132 970437.6999999868
-55 -132 970437.6999999868
-112 -68 970437.6999999868
-112 -68 970437.6999999868
-61 -137 970437.6999999868
-61 -137 970437.6999999868
-112 -180 970437.6999999868
-112 -180 970437.6999999868
-81 -86 970437.6999999868
-81 -86 970437.6999999868
-114 -203 970437.6999999868
-114 -203 970437.6999999868
-149 -235 970437.6999999868
-149 -235 970437.6999999868
-81 -42 970437.6999999868
-81 -42 970437.6999999868
-65 -149 970437.6999999868
-65 -149 970437.6999999868
-146 -169 970437.6999999868
-146 -169 970437.6999999868
-72 -39 970437.6999999868
-72 -39 970437.6999999868
-151 -133 970437.6999999868
-151 -133 970437.6999999868
-84 -38 970437.6999999868
-84 -38 970437.6999999868
-155 -166 970437.6999999868
-155 -166 970437.6999999868
-106 -157 970437.6999999868
-106 -157 970437.6999999868
-110 -198 970437.6999999868
-110 -198 970437.6999999868
-65 -49 970437.6999999868
-65 -49 970437.6999999868
-144 -311 970437.6999999868
-144 -311 970437.6999999868
-150 -286 970437.6999999868
-150 -286 970437.6999999868
-115 -174 970437.6999999868
-115 -174 970437.6999999868
-155 -193 970437.6999999868
-155 -193 970437.6999999868
-25 -20 970437.6999999868
-25 -20 970437.6999999868
-128 -269 970437.6999999868
-128 -269 970437.6999999868
-151 -299 970437.6999999868
-151 -299 970437.6999999868
-142 -109 970437.6999999868
-142 -109 970437.6999999868
-77 -149 970437.6999999868
-77 -149 970437.6999999868
-121 -165 970437.6999999868
-121 -165 970437.6999999868
-155 -251 970437.6999999868
-155 -251 970437.6999999868
-124 -236 970437.6999999868
-124 -236 970437.6999999868
-116 -209 970437.6999999868
-116 -209 970437.6999999868
-76 -163 970437.6999999868
-76 -163 970437.6999999868
-126 -284 970437.6999999868
-126 -284 970437.6999999868
-130 -279 970437.6999999868
-130 -279 970437.6999999868
-76 -187 970437.6999999868
-76 -187 970437.6999999868
-61 -77 970437.6999999868
-61 -77 970437.6999999868
-128 -217 970437.6999999868
-128 -217 970437.6999999868
-68 -71 970437.6999999868
-68 -71 970437.6999999868
-48 -85 970437.6999999868
-48 -85 970437.6999999868
-71 -24 970437.6999999868
-71 -24 970437.6999999868
-123 -193 970437.6999999868
-123 -193 970437.6999999868
-132 -179 970437.6999999868
-132 -179 970437.6999999868
-143 -200 970437.6999999868
-143 -200 970437.6999999868
-92 -202 970437.6999999868
-92 -202 970437.6999999868
-137 -207 970437.6999999868
-137 -207 970437.6999999868
-150 -85 970437.6999999868
-150 -85 970437.6999999868
-138 -107 970437.6999999868
-138 -107 970437.6999999868
-143 -46 970437.6999999868
-143 -46 970437.6999999868
-136 -149 970437.6999999868
-136 -149 970437.6999999868
-93 -220 970437.6999999868
-93 -220 970437.6999999868
-85 -43 970437.6999999868
-85 -43 970437.6999999868
-108 -238 970437.6999999868
-108 -238 970437.6999999868
-60 -58 970437.6999999868
-60 -58 970437.6999999868
-103 -183 970437.6999999868
-103 -183 970437.6999999868
-72 -105 970437.6999999868
-72 -105 970437.6999999868
-135 -168 970437.6999999868
-135 -168 970437.6999999868
-115 -282 970437.6999999868
-115 -282 970437.6999999868
-138 -225 970437.6999999868
-138 -225 970437.6999999868
-138 -50 970437.6999999868
-138 -50 970437.6999999868
-132 -302 970437.6999999868
-132 -302 970437.6999999868
-70 -37 970437.6999999868
-70 -37 970437.6999999868
-107 -193 970437.6999999868
-107 -193 970437.6999999868
-71 -132 970437.6999999868
-71 -132 970437.6999999868
-116 -210 970437.6999999868
-116 -210 970437.6999999868
-107 -121 970437.6999999868
-107 -121 970437.6999999868
-155 -260 970437.6999999868
-155 -260 970437.6999999868
-132 -124 970437.6999999868
-132 -124 970437.6999999868
-126 -238 970437.6999999868
-126 -238 970437.6999999868
-96 -190 970437.6999999868
-96 -190 970437.6999999868
-145 -313 970437.6999999868
-145 -313 970437.6999999868
-104 -34 970437.6999999868
-104 -34 970437.6999999868
-151 -135 970437.6999999868
-151 -135 970437.6999999868
-117 -55 970437.6999999868
-117 -55 970437.6999999868
-88 -61 970437.6999999868
-88 -61 970437.6999999868
-114 -176 970437.6999999868
-114 -176 970437.6999999868
-92 -80 970437.6999999868
-92 -80 970437.6999999868
-39 -92 970437.6999999868
-39 -92 970437.6999999868
-150.3199999999997 -312.8999999999992 970437.6999999868
-150.3199999999997 -312.8999999999992 970437.6999999868
-114 -24 970437.6999999868
-114 -24 970437.6999999868
-78 -21 970437.6999999868
-78 -21 970437.6999999868
-95 -26 970437.6999999868
-95 -26 970437.6999999868
-137 -31 970437.6999999868
-137 -31 970437.6999999868
-143 -35 970437.6999999868
-143 -35 970437.6999999868
-148 -33 970437.6999999868
-148 -33 970437.6999999868
-75 -18 970437.6999999868
-75 -18 970437.6999999868
