21 444 966609.1599999858
-32 50 966609.1599999858
-32 50 966609.1599999858
-34 130 966609.1599999858
-34 130 966609.1599999858
-44 87 966609.1599999858
-44 87 966609.1599999858
-58 263 966609.1599999858
-58 263 966609.1599999858
-98 230 966609.1599999858
-98 230 966609.1599999858
-130 205 966609.1599999858
-130 205 966609.1599999858
-55 181 966609.1599999858
-55 181 966609.1599999858
43 389 966609.1599999858
-49 127 966609.1599999858
-49 127 966609.1599999858
-112 245 966609.1599999858
-112 245 966609.1599999858
60 395 966609.1599999858
-61 176 966609.1599999858
-61 176 966609.1599999858
-114 289 966609.1599999858
-114 289 966609.1599999858
71 338 966609.1599999858
106 466 966609.1599999858
55 466 966609.1599999858
42 365 966609.1599999858
-15 264 966609.1599999858
-15 264 966609.1599999858
-78 292 966609.1599999858
-78 292 966609.1599999858
-112 133 966609.1599999858
-112 133 966609.1599999858
-40 26 966609.1599999858
-40 26 966609.1599999858
5 363 966609.1599999858
-81 227 966609.1599999858
-81 227 966609.1599999858
39 353 966609.1599999858
50 459 966609.1599999858
-103 40 966609.1599999858
-103 40 966609.1599999858
-114 110 966609.1599999858
-114 110 966609.1599999858
130 426 966609.1599999858
-149 78 966609.1599999858
-149 78 966609.1599999858
-37 76 966609.1599999858
-37 76 966609.1599999858
-81 271 966609.1599999858
-81 271 966609.1599999858
66 447 966609.1599999858
133 367 966609.1599999858
-65 164 966609.1599999858
-65 164 966609.1599999858
-89 81 966609.1599999858
-89 81 966609.1599999858
-79 24 966609.1599999858
-79 24 966609.1599999858
15 355 966609.1599999858
147 456 966609.1599999858
-95 287 966609.1599999858
-95 287 966609.1599999858
-46 102 966609.1599999858
-46 102 966609.1599999858
72 422 966609.1599999858
-137 282 966609.1599999858
-137 282 966609.1599999858
-146 144 966609.1599999858
167 457 966609.1599999858
-146 144 966609.1599999858
167 457 966609.1599999858
96 458 966609.1599999858
-14 94 966609.1599999858
-14 94 966609.1599999858
-72 274 966609.1599999858
-72 274 966609.1599999858
-143 278 966609.1599999858
-143 278 966609.1599999858
-151 180 966609.1599999858
-151 180 966609.1599999858
23 457 966609.1599999858
144 444 966609.1599999858
131 368 966609.1599999858
-84 275 966609.1599999858
-84 275 966609.1599999858
98 455 966609.1599999858
-100 306 966609.1599999858
-100 -7 966609.1599999858
-100 306 966609.1599999858
-100 -7 966609.1599999858
-155 147 966609.1599999858
158 460 966609.1599999858
-155 147 966609.1599999858
158 460 966609.1599999858
15 382 966609.1599999858
52 379 966609.1599999858
-106 156 966609.1599999858
-106 156 966609.1599999858
-31 198 966609.1599999858
-31 198 966609.1599999858
-110 115 966609.1599999858
-110 115 966609.1599999858
-65 264 966609.1599999858
-65 264 966609.1599999858
69 401 966609.1599999858
-144 2 966609.1599999858
-144 2 966609.1599999858
48 353 966609.1599999858
66 349 966609.1599999858
16 443 966609.1599999858
-150 27 966609.1599999858
-150 27 966609.1599999858
150 397 966609.1599999858
-115 139 966609.1599999858
-115 139 966609.1599999858
-155 120 966609.1599999858
158 433 966609.1599999858
-155 120 966609.1599999858
158 433 966609.1599999858
100 337 966609.1599999858
-104 33 966609.1599999858
-104 33 966609.1599999858
-25 293 966609.1599999858
-25 293 966609.1599999858
-128 44 966609.1599999858
-128 44 966609.1599999858
129 346 966609.1599999858
-151 14 966609.1599999858
-151 14 966609.1599999858
-142 204 966609.1599999858
-142 204 966609.1599999858
-77 164 966609.1599999858
-77 164 966609.1599999858
-121 148 966609.1599999858
-121 148 966609.1599999858
-155 62 966609.1599999858
-155 62 966609.1599999858
53 437 966609.1599999858
-25 193 966609.1599999858
-25 193 966609.1599999858
-124 77 966609.1599999858
-124 77 966609.1599999858
-87 54 966609.1599999858
-87 54 966609.1599999858
42 445 966609.1599999858
92 411 966609.1599999858
-33 31 966609.1599999858
-33 31 966609.1599999858
-116 104 966609.1599999858
-116 104 966609.1599999858
-76 150 966609.1599999858
-76 150 966609.1599999858
-126 29 966609.1599999858
-126 29 966609.1599999858
-130 34 966609.1599999858
-130 34 966609.1599999858
-56 158 966609.1599999858
-56 158 966609.1599999858
-148 280 966609.1599999858
-148 280 966609.1599999858
133 363 966609.1599999858
-154 284 966609.1599999858
-154 -29 966609.1599999858
-154 284 966609.1599999858
-154 -29 966609.1599999858
-76 126 966609.1599999858
-76 126 966609.1599999858
-60 40 966609.1599999858
-60 40 966609.1599999858
118 451 966609.1599999858
-61 236 966609.1599999858
-61 236 966609.1599999858
119 389 966609.1599999858
-128 96 966609.1599999858
-128 96 966609.1599999858
-45 174 966609.1599999858
-45 174 966609.1599999858
-92 55 966609.1599999858
-92 55 966609.1599999858
90 371 966609.1599999858
-68 242 966609.1599999858
-68 242 966609.1599999858
-31 169 966609.1599999858
-31 169 966609.1599999858
-48 228 966609.1599999858
-48 228 966609.1599999858
-29 109 966609.1599999858
-29 109 966609.1599999858
-71 289 966609.1599999858
-71 289 966609.1599999858
-47 133 966609.1599999858
-47 133 966609.1599999858
124 348 966609.1599999858
-123 120 966609.1599999858
-123 120 966609.1599999858
-73 44 966609.1599999858
-73 44 966609.1599999858
99 451 966609.1599999858
-132 134 966609.1599999858
-132 134 966609.1599999858
-28 73 966609.1599999858
-28 73 966609.1599999858
59 387 966609.1599999858
-75 295 966609.1599999858
-75 295 966609.1599999858
-143 113 966609.1599999858
-143 113 966609.1599999858
-66 22 966609.1599999858
-66 22 966609.1599999858
-20 254 966609.1599999858
-20 254 966609.1599999858
-92 111 966609.1599999858
-92 111 966609.1599999858
-137 106 966609.1599999858
-137 106 966609.1599999858
-150 228 966609.1599999858
-150 228 966609.1599999858
-51 152 966609.1599999858
-51 152 966609.1599999858
-138 206 966609.1599999858
-138 206 966609.1599999858
-143 267 966609.1599999858
-143 267 966609.1599999858
-136 164 966609.1599999858
-136 164 966609.1599999858
31 334 966609.1599999858
-56 86 966609.1599999858
-56 86 966609.1599999858
-34 58 966609.1599999858
-34 58 966609.1599999858
-93 93 966609.1599999858
-93 93 966609.1599999858
-73 26 966609.1599999858
-73 26 966609.1599999858
131 381 966609.1599999858
-85 270 966609.1599999858
-85 270 966609.1599999858
-108 75 966609.1599999858
-108 75 966609.1599999858
-60 255 966609.1599999858
-60 255 966609.1599999858
-103 130 966609.1599999858
-103 130 966609.1599999858
62 350 966609.1599999858
-72 208 966609.1599999858
-72 208 966609.1599999858
-135 145 966609.1599999858
-135 145 966609.1599999858
146 455 966609.1599999858
36 349 966609.1599999858
-60 82 966609.1599999858
-60 82 966609.1599999858
-115 31 966609.1599999858
-115 31 966609.1599999858
24 419 966609.1599999858
-138 88 966609.1599999858
-138 88 966609.1599999858
-138 263 966609.1599999858
-138 263 966609.1599999858
22 376 966609.1599999858
-132 11 966609.1599999858
-132 11 966609.1599999858
-70 276 966609.1599999858
-70 276 966609.1599999858
42 466 966609.1599999858
109 462 966609.1599999858
-107 120 966609.1599999858
-107 120 966609.1599999858
-71 181 966609.1599999858
-71 181 966609.1599999858
15 340 966609.1599999858
-17 44 966609.1599999858
-17 44 966609.1599999858
-116 103 966609.1599999858
-116 103 966609.1599999858
-107 192 966609.1599999858
-107 192 966609.1599999858
46 331 966609.1599999858
-14 51 966609.1599999858
-14 51 966609.1599999858
-155 53 966609.1599999858
-155 53 966609.1599999858
-25 19 966609.1599999858
-25 19 966609.1599999858
-132 189 966609.1599999858
-132 189 966609.1599999858
-126 75 966609.1599999858
-126 75 966609.1599999858
-96 123 966609.1599999858
-96 123 966609.1599999858
105 378 966609.1599999858
-79 61 966609.1599999858
-79 61 966609.1599999858
34 424 966609.1599999858
-148 303 966609.1599999858
-148 -10 966609.1599999858
-148 303 966609.1599999858
-148 -10 966609.1599999858
-28 181 966609.1599999858
-28 181 966609.1599999858
-145 0 966609.1599999858
-145 0 966609.1599999858
49 429 966609.1599999858
-104 279 966609.1599999858
-104 279 966609.1599999858
-151 178 966609.1599999858
-151 178 966609.1599999858
0 364 966609.1599999858
-117 258 966609.1599999858
-117 258 966609.1599999858
91 413 966609.1599999858
72 360 966609.1599999858
-88 252 966609.1599999858
-88 252 966609.1599999858
95 451 966609.1599999858
98 395 966609.1599999858
70 447 966609.1599999858
-114 137 966609.1599999858
-114 137 966609.1599999858
-92 233 966609.1599999858
-92 233 966609.1599999858
126 460 966609.1599999858
-39 221 966609.1599999858
-39 221 966609.1599999858
114 401 966609.1599999858
-64 115 966609.1599999858
-64 115 966609.1599999858
-55 111 966609.1599999858
-55 111 966609.1599999858
7 344 966609.1599999858
79 412 966609.1599999858
122 365 966609.1599999858
-8.970000000000027 10.930000000000037 966609.1599999858
-8.970000000000027 10.930000000000037 966609.1599999858
-8.930000000000064 10.890000000000082 966609.1599999858
-8.930000000000064 10.890000000000082 966609.1599999858
-8.8900000000001 10.85000000000011 966609.1599999858
-8.8900000000001 10.85000000000011 966609.1599999858
-8.870000000000118 10.830000000000146 966609.1599999858
-8.870000000000118 10.830000000000146 966609.1599999858
-8.830000000000155 10.790000000000164 966609.1599999858
-8.830000000000155 10.790000000000164 966609.1599999858
-8.77000000000021 10.730000000000201 966609.1599999858
-8.77000000000021 10.730000000000201 966609.1599999858
-8.760000000000218 10.700000000000198 966609.1599999858
-8.760000000000218 10.700000000000198 966609.1599999858
-8.720000000000255 10.660000000000226 966609.1599999858
-8.720000000000255 10.660000000000226 966609.1599999858
-8.700000000000273 10.640000000000262 966609.1599999858
-8.700000000000273 10.640000000000262 966609.1599999858
-8.640000000000327 10.58000000000029 966609.1599999858
-8.640000000000327 10.58000000000029 966609.1599999858
-8.570000000000391 10.510000000000279 966609.1599999858
-8.570000000000391 10.510000000000279 966609.1599999858
-8.55000000000041 10.490000000000284 966609.1599999858
-8.55000000000041 10.490000000000284 966609.1599999858
-8.470000000000482 10.410000000000313 966609.1599999858
-8.470000000000482 10.410000000000313 966609.1599999858
-8.430000000000518 10.370000000000328 966609.1599999858
-8.430000000000518 10.370000000000328 966609.1599999858
-8.410000000000537 10.350000000000355 966609.1599999858
-8.410000000000537 10.350000000000355 966609.1599999858
-8.290000000000646 10.230000000000375 966609.1599999858
-8.290000000000646 10.230000000000375 966609.1599999858
-8.260000000000673 10.200000000000369 966609.1599999858
-8.260000000000673 10.200000000000369 966609.1599999858
-8.22000000000071 10.160000000000396 966609.1599999858
-8.22000000000071 10.160000000000396 966609.1599999858
-8.170000000000755 10.11000000000046 966609.1599999858
-8.170000000000755 10.11000000000046 966609.1599999858
-8.1200000000008 10.060000000000505 966609.1599999858
-8.1200000000008 10.060000000000505 966609.1599999858
-8.090000000000828 10.030000000000523 966609.1599999858
-8.090000000000828 10.030000000000523 966609.1599999858
-8.050000000000864 9.99000000000055 966609.1599999858
-8.050000000000864 9.99000000000055 966609.1599999858
-8.030000000000882 9.970000000000587 966609.1599999858
-8.030000000000882 9.970000000000587 966609.1599999858
-7.940000000000964 9.920000000000597 966609.1599999858
-7.940000000000964 9.920000000000597 966609.1599999858
-7.840000000001055 9.820000000000595 966609.1599999858
-7.840000000001055 9.820000000000595 966609.1599999858
-7.800000000001091 9.780000000000628 966609.1599999858
-7.800000000001091 9.780000000000628 966609.1599999858
-20.950000000000045 217.97000000000003 966609.1599999858
-20.950000000000045 217.97000000000003 966609.1599999858
-7.760000000001128 9.720000000000692 966609.1599999858
-7.760000000001128 9.720000000000692 966609.1599999858
-7.720000000001164 9.680000000000728 966609.1599999858
-7.720000000001164 9.680000000000728 966609.1599999858
-7.690000000001191 9.650000000000755 966609.1599999858
-7.690000000001191 9.650000000000755 966609.1599999858
-7.660000000001219 9.6000000000008 966609.1599999858
-7.660000000001219 9.6000000000008 966609.1599999858
-7.640000000001237 9.580000000000828 966609.1599999858
-7.640000000001237 9.580000000000828 966609.1599999858
-7.600000000001273 9.540000000000855 966609.1599999858
-7.600000000001273 9.540000000000855 966609.1599999858
-7.5800000000012915 9.520000000000882 966609.1599999858
-7.5800000000012915 9.520000000000882 966609.1599999858
-7.540000000001328 9.480000000000901 966609.1599999858
-7.540000000001328 9.480000000000901 966609.1599999858
-7.520000000001346 9.460000000000937 966609.1599999858
-7.520000000001346 9.460000000000937 966609.1599999858
-7.500000000001364 9.440000000000955 966609.1599999858
-7.500000000001364 9.440000000000955 966609.1599999858
-7.430000000001428 9.370000000001001 966609.1599999858
-7.430000000001428 9.370000000001001 966609.1599999858
-7.390000000001464 9.330000000001037 966609.1599999858
-7.390000000001464 9.330000000001037 966609.1599999858
-7.320000000001528 9.260000000001074 966609.1599999858
-7.320000000001528 9.260000000001074 966609.1599999858
-7.290000000001555 9.23000000000108 966609.1599999858
-7.290000000001555 9.23000000000108 966609.1599999858
-7.270000000001573 9.210000000001108 966609.1599999858
-7.270000000001573 9.210000000001108 966609.1599999858
-7.250000000001592 9.190000000001126 966609.1599999858
-7.250000000001592 9.190000000001126 966609.1599999858
-7.190000000001646 9.130000000001154 966609.1599999858
-7.190000000001646 9.130000000001154 966609.1599999858
-7.1600000000016735 9.100000000001142 966609.1599999858
-7.1600000000016735 9.100000000001142 966609.1599999858
-7.140000000001692 9.080000000001169 966609.1599999858
-7.140000000001692 9.080000000001169 966609.1599999858
-7.100000000001728 9.040000000001196 966609.1599999858
-7.100000000001728 9.040000000001196 966609.1599999858
-7.030000000001792 8.970000000001212 966609.1599999858
-7.030000000001792 8.970000000001212 966609.1599999858
-7.710000000001173 9.570000000000846 966609.1599999858
-7.710000000001173 9.570000000000846 966609.1599999858
-7.01000000000181 8.95000000000123 966609.1599999858
-7.01000000000181 8.95000000000123 966609.1599999858
21.970000000000027 468.97 966609.1599999858
-6.960000000001855 8.900000000001267 966609.1599999858
-6.960000000001855 8.900000000001267 966609.1599999858
-6.940000000001874 8.880000000001294 966609.1599999858
-6.940000000001874 8.880000000001294 966609.1599999858
-7.760000000000218 138.19999999999982 966609.1599999858
-7.760000000000218 138.19999999999982 966609.1599999858
-6.910000000001901 8.850000000001312 966609.1599999858
-6.910000000001901 8.850000000001312 966609.1599999858
-6.860000000001946 8.800000000001349 966609.1599999858
-6.860000000001946 8.800000000001349 966609.1599999858
-9.870000000000118 106.96999999999998 966609.1599999858
-9.870000000000118 106.96999999999998 966609.1599999858
-6.79000000000201 8.730000000001386 966609.1599999858
-6.79000000000201 8.730000000001386 966609.1599999858
-6.750000000002046 8.690000000001392 966609.1599999858
-6.750000000002046 8.690000000001392 966609.1599999858
-91.96000000000004 6.7800000000002 966609.1599999858
-91.96000000000004 6.7800000000002 966609.1599999858
-6.970000000001846 8.990000000001224 966609.1599999858
-6.970000000001846 8.990000000001224 966609.1599999858
-4.760000000000218 283.17999999999984 966609.1599999858
-4.760000000000218 283.17999999999984 966609.1599999858
-114.03999999999996 1.9600000000000364 966609.1599999858
-114.03999999999996 1.9600000000000364 966609.1599999858
93.33000000000017 248.95000000000005 966609.1599999858
-6.6300000000021555 8.570000000001457 966609.1599999858
-6.6300000000021555 8.570000000001457 966609.1599999858
-1.730000000001155 303.02999999999906 966609.1599999858
-1.730000000001155 303.02999999999906 966609.1599999858
6.109999999999998 62.630000000000074 966609.1599999858
-112.94000000000005 311.27999999999975 966609.1599999858
-112.94000000000005 -1.7200000000002547 966609.1599999858
-112.94000000000005 311.27999999999975 966609.1599999858
-112.94000000000005 -1.7200000000002547 966609.1599999858
-150.3299999999997 0.05000000000086402 966609.1599999858
-150.3299999999997 0.05000000000086402 966609.1599999858
-2.3100000000024465 189.04999999999995 966609.1599999858
-2.3100000000024465 189.04999999999995 966609.1599999858
19.969999999999995 198.1300000000008 966609.1599999858
4.990000000000919 376.13 966609.1599999858
43.71000000000006 323.5900000000004 966609.1599999858
0.3100000000000092 50.930000000000014 966609.1599999858
45.23999999999995 323.5600000000004 966609.1599999858
-99.95000000000005 1.570000000000391 966609.1599999858
-99.95000000000005 1.570000000000391 966609.1599999858
1.6500000000012278 444.29000000000065 966609.1599999858
-7.840000000001055 10.000000000000604 966609.1599999858
-7.840000000001055 10.000000000000604 966609.1599999858
84.6299999999993 251.02999999999997 966609.1599999858
30.78000000000028 302.2999999999979 966609.1599999858
6.370000000000013 72.5700000000008 966609.1599999858
1.4500000000014097 411.50999999999976 966609.1599999858
50.03999999999999 170.03999999999996 966609.1599999858
70.76999999999937 232.66999999999848 966609.1599999858
14.940000000000023 129.16000000000076 966609.1599999858
32.85999999999983 214.05999999999995 966609.1599999858
22.760000000000275 129.84000000000106 966609.1599999858
4.589999999999966 116.07000000000004 966609.1599999858
4.500000000002274 384.84000000000043 966609.1599999858
53.820000000000036 185.3400000000006 966609.1599999858
3.979999999999979 133.59999999999854 966609.1599999858
-7.930000000000973 11.610000000000005 966609.1599999858
-7.930000000000973 11.610000000000005 966609.1599999858
5.909999999999981 50.04999999999999 966609.1599999858
-6.620000000002165 8.56000000000148 966609.1599999858
-6.620000000002165 8.56000000000148 966609.1599999858
28.79999999999997 188.58000000000038 966609.1599999858
65.15000000000059 259.8900000000001 966609.1599999858
-11.180000000001655 168.92000000000007 966609.1599999858
-11.180000000001655 168.92000000000007 966609.1599999858
16.99 300.4499999999987 966609.1599999858
60.14000000000057 262.0999999999981 966609.1599999858
40.89000000000022 131.99 966609.1599999858
96.26999999999963 321.29000000000156 966609.1599999858
6.8199999999999825 296.9200000000001 966609.1599999858
43.39999999999992 192.0999999999981 966609.1599999858
2.209999999999088 258.6299999999985 966609.1599999858
-9.22999999999979 10.010000000000844 966609.1599999858
-9.22999999999979 10.010000000000844 966609.1599999858
64.3799999999998 180.03999999999996 966609.1599999858
5.780000000000005 242.42000000000144 966609.1599999858
0.9300000000018827 429.43000000000023 966609.1599999858
56.76999999999965 153.6699999999994 966609.1599999858
40.69000000000026 151.61000000000126 966609.1599999858
17.100000000000087 245.5199999999977 966609.1599999858
16.300000000000026 72.24000000000166 966609.1599999858
-28.99999999999909 310.5399999999968 966609.1599999858
-28.99999999999909 -2.4600000000032196 966609.1599999858
-28.99999999999909 310.5399999999968 966609.1599999858
-28.99999999999909 -2.4600000000032196 966609.1599999858
35.73000000000045 177.07000000000176 966609.1599999858
4.339999999999993 247.2199999999989 966609.1599999858
10.610000000000072 205.66999999999848 966609.1599999858
22.819999999999816 103.73999999999884 966609.1599999858
23.240000000000038 144.2199999999998 966609.1599999858
5.029999999999957 97.28999999999913 966609.1599999858
48.85999999999943 291.0 966609.1599999858
19.4399999999996 158.91999999999734 966609.1599999858
-79.28000000000156 312.0999999999972 966609.1599999858
-79.28000000000156 -0.9000000000028194 966609.1599999858
-79.28000000000156 312.0999999999972 966609.1599999858
-79.28000000000156 -0.9000000000028194 966609.1599999858
17.45999999999976 279.1000000000008 966609.1599999858
54.510000000000296 240.87000000000012 966609.1599999858
-56.2199999999998 12.100000000000819 966609.1599999858
-56.2199999999998 12.100000000000819 966609.1599999858
56.35999999999973 192.21999999999798 966609.1599999858
33.05000000000019 229.02999999999724 966609.1599999858
28.170000000000027 289.83000000000015 966609.1599999858
6.030000000000021 30.729999999999958 966609.1599999858
72.61000000000134 264.54999999999677 966609.1599999858
11.149999999999997 226.99000000000183 966609.1599999858
38.529999999999895 274.95000000000095 966609.1599999858
44.9800000000006 258.5600000000022 966609.1599999858
4.829999999999982 280.2500000000007 966609.1599999858
40.120000000000175 159.33999999999878 966609.1599999858
43.06999999999939 221.16999999999985 966609.1599999858
97.05000000000105 255.36999999999694 966609.1599999858
29.370000000000214 202.99 966609.1599999858
87.97999999999948 260.1599999999953 966609.1599999858
55.039999999999594 168.2200000000007 966609.1599999858
46.720000000000255 171.05999999999995 966609.1599999858
103.53000000000027 294.85000000000196 966609.1599999858
58.56999999999989 209.05000000000177 966609.1599999858
50.25999999999995 144.84000000000106 966609.1599999858
77.81000000000093 227.5500000000004 966609.1599999858
34.84999999999983 109.88999999999943 966609.1599999858
25.44000000000007 275.3800000000024 966609.1599999858
72.85000000000146 297.8300000000038 966609.1599999858
87.4399999999992 244.1200000000017 966609.1599999858
67.53999999999976 310.3800000000033 966609.1599999858
64.06000000000003 220.1199999999999 966609.1599999858
23.629999999999786 211.5499999999986 966609.1599999858
12.830000000000004 185.11000000000263 966609.1599999858
334 131 966609.1599999858
334 444 966609.1599999858
347 226 966609.1599999858
347 226 966609.1599999858
281 363 966609.1599999858
281 363 966609.1599999858
454 240 966609.1599999858
454 240 966609.1599999858
279 443 966609.1599999858
279 443 966609.1599999858
269 400 966609.1599999858
269 400 966609.1599999858
420 159 966609.1599999858
420 159 966609.1599999858
356 389 966609.1599999858
264 440 966609.1599999858
264 440 966609.1599999858
402 218 966609.1599999858
402 218 966609.1599999858
447 276 966609.1599999858
447 276 966609.1599999858
448 279 966609.1599999858
448 279 966609.1599999858
373 395 966609.1599999858
464 254 966609.1599999858
464 254 966609.1599999858
377 220 966609.1599999858
377 220 966609.1599999858
384 338 966609.1599999858
419 153 966609.1599999858
419 466 966609.1599999858
368 153 966609.1599999858
368 466 966609.1599999858
355 365 966609.1599999858
442 183 966609.1599999858
442 183 966609.1599999858
402 255 966609.1599999858
402 255 966609.1599999858
423 212 966609.1599999858
423 212 966609.1599999858
325 243 966609.1599999858
325 243 966609.1599999858
201 446 966609.1599999858
201 446 966609.1599999858
273 339 966609.1599999858
273 339 966609.1599999858
318 363 966609.1599999858
352 353 966609.1599999858
363 146 966609.1599999858
363 459 966609.1599999858
210 353 966609.1599999858
210 353 966609.1599999858
351 276 966609.1599999858
351 276 966609.1599999858
199 423 966609.1599999858
199 423 966609.1599999858
377 260 966609.1599999858
377 260 966609.1599999858
443 426 966609.1599999858
164 391 966609.1599999858
164 391 966609.1599999858
276 389 966609.1599999858
276 389 966609.1599999858
449 283 966609.1599999858
449 283 966609.1599999858
326 188 966609.1599999858
326 188 966609.1599999858
356 190 966609.1599999858
356 190 966609.1599999858
379 134 966609.1599999858
379 447 966609.1599999858
446 367 966609.1599999858
224 394 966609.1599999858
224 394 966609.1599999858
436 175 966609.1599999858
436 175 966609.1599999858
146 322 966609.1599999858
459 322 966609.1599999858
234 337 966609.1599999858
234 337 966609.1599999858
328 355 966609.1599999858
460 143 966609.1599999858
460 456 966609.1599999858
267 415 966609.1599999858
267 415 966609.1599999858
385 422 966609.1599999858
345 214 966609.1599999858
345 214 966609.1599999858
409 145 966609.1599999858
409 458 966609.1599999858
438 228 966609.1599999858
438 228 966609.1599999858
299 407 966609.1599999858
299 407 966609.1599999858
361 261 966609.1599999858
361 261 966609.1599999858
336 144 966609.1599999858
336 457 966609.1599999858
457 444 966609.1599999858
455 254 966609.1599999858
455 254 966609.1599999858
444 368 966609.1599999858
156 337 966609.1599999858
469 337 966609.1599999858
430 182 966609.1599999858
430 182 966609.1599999858
366 169 966609.1599999858
366 169 966609.1599999858
408 243 966609.1599999858
408 243 966609.1599999858
411 142 966609.1599999858
411 455 966609.1599999858
328 382 966609.1599999858
365 379 966609.1599999858
207 469 966609.1599999858
207 469 966609.1599999858
138 340 966609.1599999858
451 340 966609.1599999858
354 158 966609.1599999858
354 158 966609.1599999858
203 428 966609.1599999858
203 428 966609.1599999858
338 210 966609.1599999858
338 210 966609.1599999858
382 401 966609.1599999858
169 315 966609.1599999858
169 315 966609.1599999858
361 353 966609.1599999858
379 349 966609.1599999858
329 130 966609.1599999858
329 443 966609.1599999858
163 340 966609.1599999858
163 340 966609.1599999858
463 397 966609.1599999858
198 452 966609.1599999858
198 452 966609.1599999858
413 337 966609.1599999858
209 346 966609.1599999858
209 346 966609.1599999858
185 357 966609.1599999858
185 357 966609.1599999858
442 346 966609.1599999858
399 251 966609.1599999858
399 251 966609.1599999858
162 327 966609.1599999858
162 327 966609.1599999858
192 461 966609.1599999858
192 461 966609.1599999858
158 375 966609.1599999858
158 375 966609.1599999858
366 124 966609.1599999858
366 437 966609.1599999858
338 278 966609.1599999858
338 278 966609.1599999858
189 390 966609.1599999858
189 390 966609.1599999858
226 367 966609.1599999858
226 367 966609.1599999858
355 132 966609.1599999858
355 445 966609.1599999858
405 411 966609.1599999858
418 181 966609.1599999858
418 181 966609.1599999858
280 344 966609.1599999858
280 344 966609.1599999858
197 417 966609.1599999858
197 417 966609.1599999858
333 199 966609.1599999858
333 199 966609.1599999858
237 463 966609.1599999858
237 463 966609.1599999858
400 197 966609.1599999858
400 197 966609.1599999858
187 342 966609.1599999858
187 342 966609.1599999858
183 347 966609.1599999858
183 347 966609.1599999858
351 179 966609.1599999858
351 179 966609.1599999858
446 363 966609.1599999858
237 439 966609.1599999858
237 439 966609.1599999858
253 353 966609.1599999858
253 353 966609.1599999858
431 138 966609.1599999858
431 451 966609.1599999858
361 171 966609.1599999858
361 171 966609.1599999858
432 258 966609.1599999858
432 258 966609.1599999858
402 246 966609.1599999858
402 246 966609.1599999858
319 244 966609.1599999858
319 244 966609.1599999858
432 389 966609.1599999858
332 280 966609.1599999858
332 280 966609.1599999858
185 409 966609.1599999858
185 409 966609.1599999858
426 175 966609.1599999858
426 175 966609.1599999858
221 368 966609.1599999858
221 368 966609.1599999858
403 371 966609.1599999858
284 422 966609.1599999858
284 422 966609.1599999858
266 446 966609.1599999858
266 446 966609.1599999858
437 348 966609.1599999858
190 433 966609.1599999858
190 433 966609.1599999858
240 357 966609.1599999858
240 357 966609.1599999858
341 290 966609.1599999858
341 290 966609.1599999858
412 138 966609.1599999858
412 451 966609.1599999858
181 447 966609.1599999858
181 447 966609.1599999858
285 386 966609.1599999858
285 386 966609.1599999858
372 387 966609.1599999858
170 426 966609.1599999858
170 426 966609.1599999858
247 335 966609.1599999858
247 335 966609.1599999858
467 163 966609.1599999858
467 163 966609.1599999858
221 424 966609.1599999858
221 424 966609.1599999858
176 419 966609.1599999858
176 419 966609.1599999858
262 465 966609.1599999858
262 465 966609.1599999858
344 334 966609.1599999858
453 218 966609.1599999858
453 218 966609.1599999858
257 399 966609.1599999858
257 399 966609.1599999858
399 178 966609.1599999858
399 178 966609.1599999858
279 371 966609.1599999858
279 371 966609.1599999858
341 203 966609.1599999858
341 203 966609.1599999858
369 241 966609.1599999858
369 241 966609.1599999858
220 406 966609.1599999858
220 406 966609.1599999858
240 339 966609.1599999858
240 339 966609.1599999858
444 381 966609.1599999858
205 388 966609.1599999858
205 388 966609.1599999858
375 180 966609.1599999858
375 180 966609.1599999858
418 174 966609.1599999858
418 174 966609.1599999858
210 443 966609.1599999858
210 443 966609.1599999858
375 350 966609.1599999858
178 458 966609.1599999858
178 458 966609.1599999858
453 160 966609.1599999858
453 160 966609.1599999858
459 142 966609.1599999858
459 455 966609.1599999858
449 172 966609.1599999858
449 172 966609.1599999858
152 363 966609.1599999858
465 363 966609.1599999858
349 349 966609.1599999858
253 395 966609.1599999858
253 395 966609.1599999858
371 211 966609.1599999858
371 211 966609.1599999858
198 344 966609.1599999858
198 344 966609.1599999858
342 189 966609.1599999858
342 189 966609.1599999858
385 231 966609.1599999858
385 231 966609.1599999858
337 106 966609.1599999858
337 419 966609.1599999858
175 401 966609.1599999858
175 401 966609.1599999858
383 261 966609.1599999858
383 261 966609.1599999858
390 165 966609.1599999858
390 165 966609.1599999858
335 376 966609.1599999858
181 324 966609.1599999858
181 324 966609.1599999858
355 153 966609.1599999858
355 466 966609.1599999858
467 313 966609.1599999858
422 149 966609.1599999858
422 462 966609.1599999858
457 290 966609.1599999858
457 290 966609.1599999858
206 433 966609.1599999858
206 433 966609.1599999858
328 340 966609.1599999858
363 170 966609.1599999858
363 170 966609.1599999858
296 357 966609.1599999858
296 357 966609.1599999858
197 416 966609.1599999858
197 416 966609.1599999858
359 331 966609.1599999858
299 364 966609.1599999858
299 364 966609.1599999858
158 366 966609.1599999858
158 366 966609.1599999858
288 332 966609.1599999858
288 332 966609.1599999858
187 388 966609.1599999858
187 388 966609.1599999858
424 180 966609.1599999858
424 180 966609.1599999858
427 215 966609.1599999858
427 215 966609.1599999858
217 436 966609.1599999858
217 436 966609.1599999858
389 228 966609.1599999858
389 228 966609.1599999858
418 378 966609.1599999858
234 374 966609.1599999858
234 374 966609.1599999858
347 111 966609.1599999858
347 424 966609.1599999858
353 221 966609.1599999858
353 221 966609.1599999858
362 116 966609.1599999858
362 429 966609.1599999858
410 176 966609.1599999858
410 176 966609.1599999858
463 280 966609.1599999858
463 280 966609.1599999858
313 364 966609.1599999858
421 206 966609.1599999858
421 206 966609.1599999858
404 413 966609.1599999858
376 260 966609.1599999858
376 260 966609.1599999858
385 360 966609.1599999858
422 252 966609.1599999858
422 252 966609.1599999858
408 252 966609.1599999858
408 252 966609.1599999858
408 138 966609.1599999858
408 451 966609.1599999858
466 292 966609.1599999858
466 292 966609.1599999858
411 395 966609.1599999858
406 249 966609.1599999858
406 249 966609.1599999858
443 168 966609.1599999858
443 168 966609.1599999858
383 134 966609.1599999858
383 447 966609.1599999858
199 450 966609.1599999858
199 450 966609.1599999858
439 147 966609.1599999858
439 460 966609.1599999858
359 291 966609.1599999858
359 291 966609.1599999858
368 190 966609.1599999858
368 190 966609.1599999858
464 157 966609.1599999858
464 157 966609.1599999858
427 401 966609.1599999858
249 428 966609.1599999858
249 428 966609.1599999858
258 424 966609.1599999858
258 424 966609.1599999858
320 344 966609.1599999858
392 412 966609.1599999858
435 365 966609.1599999858
367 186 966609.1599999858
367 186 966609.1599999858
305.2899999999988 322.57000000000085 966609.1599999858
305.2899999999988 322.57000000000085 966609.1599999858
334.97 155.97000000000003 966609.1599999858
334.97 468.97 966609.1599999858
305.2399999999998 451.1999999999998 966609.1599999858
305.2399999999998 451.1999999999998 966609.1599999858
415.99 297.01 966609.1599999858
415.99 297.01 966609.1599999858
303.1299999999999 419.96999999999997 966609.1599999858
303.1299999999999 419.96999999999997 966609.1599999858
221.03999999999996 319.7800000000002 966609.1599999858
221.03999999999996 319.7800000000002 966609.1599999858
306.02999999999815 321.9900000000012 966609.1599999858
306.02999999999815 321.9900000000012 966609.1599999858
319.00000000000017 297.1999999999998 966609.1599999858
319.00000000000017 297.1999999999998 966609.1599999858
198.96000000000004 314.96000000000004 966609.1599999858
198.96000000000004 314.96000000000004 966609.1599999858
129.92000000000098 55.59999999999988 966609.1599999858
206.08999999999992 120.41000000000021 966609.1599999858
318.2200000000007 297.2199999999998 966609.1599999858
318.2200000000007 297.2199999999998 966609.1599999858
322.39000000000146 229.04999999999995 966609.1599999858
322.39000000000146 229.04999999999995 966609.1599999858
162.6700000000003 313.05000000000086 966609.1599999858
162.6700000000003 313.05000000000086 966609.1599999858
190.15999999999985 312.7000000000012 966609.1599999858
98.2000000000001 141.96000000000004 966609.1599999858
326.4600000000005 204.23999999999978 966609.1599999858
326.4600000000005 204.23999999999978 966609.1599999858
105.5999999999998 153.0999999999999 966609.1599999858
317.9900000000009 376.13 966609.1599999858
158.7900000000002 283.95000000000005 966609.1599999858
356.71000000000004 323.5900000000004 966609.1599999858
133.39999999999964 48.20000000000036 966609.1599999858
157.99 146.93000000000006 966609.1599999858
110.95999999999998 180.59999999999945 966609.1599999858
154.58999999999946 163.84999999999923 966609.1599999858
71.95999999999998 110.70000000000087 966609.1599999858
358.23999999999995 323.5600000000004 966609.1599999858
109.69000000000035 148.27000000000066 966609.1599999858
213.04999999999995 314.5700000000004 966609.1599999858
213.04999999999995 314.5700000000004 966609.1599999858
314.6500000000012 131.29000000000065 966609.1599999858
314.6500000000012 444.29000000000065 966609.1599999858
104.99 172.97000000000094 966609.1599999858
104.95999999999998 63.9799999999995 966609.1599999858
305.15999999999894 323.0000000000006 966609.1599999858
305.15999999999894 323.0000000000006 966609.1599999858
138.03999999999814 173.4199999999987 966609.1599999858
189.3199999999997 79.28000000000117 966609.1599999858
314.4500000000014 98.50999999999975 966609.1599999858
314.4500000000014 411.50999999999976 966609.1599999858
84.86999999999942 178.62999999999943 966609.1599999858
128.95000000000095 166.37000000000148 966609.1599999858
183.99000000000092 309.5900000000022 966609.1599999858
245.92999999999734 277.68999999999846 966609.1599999858
225.50999999999863 80.82999999999991 966609.1599999858
65.0099999999995 134.18999999999983 966609.1599999858
313.6000000000031 281.27999999999975 966609.1599999858
313.6000000000031 281.27999999999975 966609.1599999858
117.51000000000026 184.04999999999814 966609.1599999858
116.26000000000116 214.94000000000005 966609.1599999858
200.05999999999995 309.18000000000166 966609.1599999858
341.90999999999997 300.9099999999992 966609.1599999858
341.90999999999997 300.9099999999992 966609.1599999858
72.49000000000025 49.289999999999544 966609.1599999858
232.96999999999912 269.75000000000114 966609.1599999858
200.1300000000008 131.55000000000132 966609.1599999858
124.06999999999952 229.80999999999835 966609.1599999858
317.5000000000023 384.84000000000043 966609.1599999858
142.88000000000102 291.5399999999986 966609.1599999858
198.85000000000014 136.99 966609.1599999858
245.7499999999966 289.14999999999986 966609.1599999858
151.01999999999998 156.4600000000005 966609.1599999858
286.8899999999983 305.6700000000012 966609.1599999858
252.0 175.80000000000018 966609.1599999858
129.97000000000003 110.60999999999878 966609.1599999858
52.829999999999835 63.96999999999899 966609.1599999858
208.60999999999854 159.42999999999688 966609.1599999858
198.44999999999868 100.20999999999857 966609.1599999858
169.80000000000018 114.04000000000053 966609.1599999858
305.069999999999 324.61 966609.1599999858
305.069999999999 324.61 966609.1599999858
189.19000000000074 120.07000000000004 966609.1599999858
198.93000000000006 109.94999999999997 966609.1599999858
232.69999999999936 308.3600000000006 966609.1599999858
118.15000000000008 134.4700000000032 966609.1599999858
175.25999999999976 207.07999999999902 966609.1599999858
142.99000000000092 129.59000000000128 966609.1599999858
257.2999999999997 158.49999999999955 966609.1599999858
306.37999999999784 321.5600000000015 966609.1599999858
306.37999999999784 321.5600000000015 966609.1599999858
89.9900000000005 217.8900000000001 966609.1599999858
240.53000000000043 274.06999999999994 966609.1599999858
198.55000000000223 242.83000000000197 966609.1599999858
163.98000000000002 77.7999999999999 966609.1599999858
132.48000000000138 273.5600000000022 966609.1599999858
143.96000000000186 141.92000000000007 966609.1599999858
225.61000000000217 268.1500000000017 966609.1599999858
217.79999999999927 122.93999999999997 966609.1599999858
168.84999999999923 311.870000000001 966609.1599999858
382.87999999999994 304.5199999999977 966609.1599999858
382.87999999999994 304.5199999999977 966609.1599999858
203.18999999999983 115.03000000000002 966609.1599999858
247.2400000000007 163.98000000000002 966609.1599999858
409.26999999999964 321.29000000000156 966609.1599999858
122.99 175.01 966609.1599999858
178.16999999999985 145.18999999999983 966609.1599999858
198.60999999999945 140.3099999999988 966609.1599999858
95.90999999999944 175.41000000000054 966609.1599999858
238.29000000000337 183.32999999999788 966609.1599999858
180.5500000000004 132.73000000000116 966609.1599999858
68.26000000000116 36.019999999999996 966609.1599999858
153.03999999999996 293.0199999999991 966609.1599999858
166.98000000000002 143.32000000000062 966609.1599999858
278.730000000003 199.16999999999894 966609.1599999858
170.39999999999964 277.98 966609.1599999858
275.6699999999985 221.38999999999965 966609.1599999858
303.7700000000002 323.01000000000084 966609.1599999858
303.7700000000002 323.01000000000084 966609.1599999858
89.54999999999977 57.81000000000004 966609.1599999858
313.9300000000019 116.43000000000022 966609.1599999858
313.9300000000019 429.43000000000023 966609.1599999858
107.78999999999887 214.00999999999817 966609.1599999858
72.50000000000077 21.85999999999951 966609.1599999858
264.73000000000025 227.93000000000006 966609.1599999858
165.01 280.0899999999999 966609.1599999858
197.01 104.57000000000029 966609.1599999858
108.27000000000014 203.63000000000216 966609.1599999858
224.5600000000004 251.86000000000013 966609.1599999858
54.0199999999998 123.95999999999998 966609.1599999858
160.67999999999756 51.9800000000002 966609.1599999858
104.16999999999958 182.78999999999837 966609.1599999858
316.2300000000025 297.4299999999996 966609.1599999858
316.2300000000025 297.4299999999996 966609.1599999858
47.55999999999969 19.240000000000194 966609.1599999858
176.5299999999986 260.3900000000024 966609.1599999858
329.94 300.5599999999986 966609.1599999858
329.94 300.5599999999986 966609.1599999858
213.3199999999997 304.2200000000016 966609.1599999858
300.71999999999935 167.18000000000166 966609.1599999858
178.26999999999884 165.40999999999872 966609.1599999858
96.53999999999925 80.57999999999927 966609.1599999858
93.41999999999868 147.35999999999785 966609.1599999858
263.2199999999989 150.00000000000182 966609.1599999858
40.94000000000021 52.65999999999987 966609.1599999858
24.070000000000324 61.89000000000022 966609.1599999858
126.69000000000035 147.40999999999963 966609.1599999858
78.48999999999974 98.90999999999995 966609.1599999858
261.2699999999943 266.3899999999969 966609.1599999858
132.11999999999898 69.7600000000009 966609.1599999858
285.1500000000026 288.630000000004 966609.1599999858
269.04999999999905 173.95000000000005 966609.1599999858
302.4800000000023 140.4199999999978 966609.1599999858
298.9200000000001 91.73999999999884 966609.1599999858
228.5600000000004 276.59999999999854 966609.1599999858
289.9799999999982 194.03999999999905 966609.1599999858
166.03999999999905 301.1600000000017 966609.1599999858
61.46999999999951 72.76999999999937 966609.1599999858
92.55999999999875 135.12000000000262 966609.1599999858
218.29999999999973 287.4399999999996 966609.1599999858
213.05999999999722 133.53999999999678 966609.1599999858
35.23000000000015 34.25000000000035 966609.1599999858
139.8800000000001 159.20000000000073 966609.1599999858
282.6799999999994 164.600000000004 966609.1599999858
221.07999999999993 233.3399999999997 966609.1599999858
37.96000000000021 41.25999999999975 966609.1599999858
140.76000000000113 254.03999999999996 966609.1599999858
246.98000000000093 263.1000000000008 966609.1599999858
97.45000000000125 239.8100000000029 966609.1599999858
232.93999999999915 225.74000000000115 966609.1599999858
166.1600000000044 203.80000000000018 966609.1599999858
301.7100000000012 108.49000000000076 966609.1599999858
107.3900000000002 159.94999999999914 966609.1599999858
92.15000000000008 96.2299999999991 966609.1599999858
246.33000000000243 113.48999999999923 966609.1599999858
256.7800000000002 325.1000000000008 966609.1599999858
256.7800000000002 325.1000000000008 966609.1599999858
234.0000000000009 291.50000000000045 966609.1599999858
222.3099999999988 109.74999999999936 966609.1599999858
150.15000000000168 48.19000000000036 966609.1599999858
281.03999999999814 130.83999999999924 966609.1599999858
150.77000000000294 309.9500000000028 966609.1599999858
268.129999999999 101.64999999999982 966609.1599999858
264.03 125.2299999999991 966609.1599999858
85.6299999999993 197.36999999999966 966609.1599999858
159.09000000000265 184.92999999999552 966609.1599999858
195.8800000000001 259.49999999999864 966609.1599999858
158.96999999999912 63.28999999999974 966609.1599999858
134.27000000000066 279.28999999999974 966609.1599999858
252.48999999999955 234.5700000000013 966609.1599999858
284.4699999999996 109.61000000000031 966609.1599999858
162.59999999999945 176.6800000000012 966609.1599999858
221.29999999999882 94.10000000000056 966609.1599999858
73.45000000000176 134.06999999999994 966609.1599999858
49.15999999999997 112.49999999999821 966609.1599999858
272.07000000000266 308.7300000000048 966609.1599999858
167.810000000002 265.9900000000009 966609.1599999858
296.3200000000015 267.4999999999968 966609.1599999858
208.87999999999738 191.96000000000004 966609.1599999858
49.13999999999977 40.15999999999997 966609.1599999858
270.1999999999989 87.9800000000005 966609.1599999858
141.00999999999908 214.65000000000305 966609.1599999858
14.99 24.809999999999658 966609.1599999858
179.15999999999713 282.0999999999999 966609.1599999858
197.910000000001 289.72999999999934 966609.1599999858
58.270000000000344 84.65000000000136 966609.1599999858
153.2999999999979 253.6600000000003 966609.1599999858
130.33000000000516 288.0299999999954 966609.1599999858
309.6900000000021 257.2099999999998 966609.1599999858
119.7900000000004 259.1899999999989 966609.1599999858
76.95999999999998 163.62000000000126 966609.1599999858
134.60999999999854 55.16999999999977 966609.1599999858
183.01999999999816 186.72000000000207 966609.1599999858
313.33000000000334 243.99000000000183 966609.1599999858
313.33000000000334 243.99000000000183 966609.1599999858
255.9799999999973 253.1400000000017 966609.1599999858
174.6800000000012 104.67999999999932 966609.1599999858
149.95000000000005 278.29000000000156 966609.1599999858
207.7800000000011 276.64000000000215 966609.1599999858
185.01 95.92999999999996 966609.1599999858
119.62999999999879 51.09000000000018 966609.1599999858
243.0100000000018 242.34999999999968 966609.1599999858
16.620000000000076 42.23999999999995 966609.1599999858
186.37000000000057 70.84999999999788 966609.1599999858
141.04999999999995 239.65000000000032 966609.1599999858
118.99 75.96999999999998 966609.1599999858
148.11999999999898 142.42000000000053 966609.1599999858
40.5000000000005 78.86000000000146 966609.1599999858
115.11000000000057 90.43000000000124 966609.1599999858
254.87000000000194 88.7300000000014 966609.1599999858
289.01000000000363 250.45000000000323 966609.1599999858
232.35000000000332 165.62999999999852 966609.1599999858
29.429999999999755 18.669999999999636 966609.1599999858
156.77000000000112 118.90999999999944 966609.1599999858
210.9200000000037 225.30000000000427 966609.1599999858
60.33000000000033 37.18999999999996 966609.1599999858
205.04999999999995 73.92999999999945 966609.1599999858
147.89000000000192 86.87000000000147 966609.1599999858
252.96000000000004 78.03999999999797 966609.1599999858
235.94000000000096 148.32000000000153 966609.1599999858
192.01 149.92999999999824 966609.1599999858
109.0 252.41999999999962 966609.1599999858
113.35000000000018 173.97000000000094 966609.1599999858
94.06000000000157 105.50000000000281 966609.1599999858
236.94000000000005 127.60000000000082 966609.1599999858
188.08999999999537 208.44999999999686 966609.1599999858
240.8699999999974 298.5099999999968 966609.1599999858
101.24000000000115 134.64000000000306 966609.1599999858
258.4699999999996 184.82999999999652 966609.1599999858
257.98 110.73999999999987 966609.1599999858
70.7600000000009 86.97999999999948 966609.1599999858
285.2499999999998 181.04999999999995 966609.1599999858
306.900000000001 189.9799999999991 966609.1599999858
295.58999999999673 219.089999999999 966609.1599999858
264.83000000000106 135.48999999999774 966609.1599999858
131.49999999999773 187.37999999999602 966609.1599999858
165.34999999999786 229.22999999999888 966609.1599999858
174.36000000000058 88.02000000000001 966609.1599999858
241.15999999999985 206.86000000000104 966609.1599999858
34 -87 966609.1599999858
347 -87 966609.1599999858
34 -87 966609.1599999858
347 -87 966609.1599999858
-32 -263 966609.1599999858
-32 -263 966609.1599999858
141 -73 966609.1599999858
454 -73 966609.1599999858
141 -73 966609.1599999858
454 -73 966609.1599999858
-34 -183 966609.1599999858
-34 -183 966609.1599999858
-44 -226 966609.1599999858
-44 -226 966609.1599999858
107 -154 966609.1599999858
420 -154 966609.1599999858
107 -154 966609.1599999858
420 -154 966609.1599999858
255 -50 966609.1599999858
255 -50 966609.1599999858
215 -83 966609.1599999858
215 -83 966609.1599999858
183 -108 966609.1599999858
183 -108 966609.1599999858
258 -132 966609.1599999858
258 -132 966609.1599999858
-49 -186 966609.1599999858
-49 -186 966609.1599999858
89 -95 966609.1599999858
402 -95 966609.1599999858
89 -95 966609.1599999858
402 -95 966609.1599999858
134 -37 966609.1599999858
447 -37 966609.1599999858
134 -37 966609.1599999858
447 -37 966609.1599999858
135 -34 966609.1599999858
448 -34 966609.1599999858
135 -34 966609.1599999858
448 -34 966609.1599999858
201 -68 966609.1599999858
201 -68 966609.1599999858
252 -137 966609.1599999858
252 -137 966609.1599999858
199 -24 966609.1599999858
199 -24 966609.1599999858
151 -59 966609.1599999858
464 -59 966609.1599999858
151 -59 966609.1599999858
464 -59 966609.1599999858
64 -93 966609.1599999858
377 -93 966609.1599999858
64 -93 966609.1599999858
377 -93 966609.1599999858
384 25 966609.1599999858
355 52 966609.1599999858
129 -130 966609.1599999858
442 -130 966609.1599999858
129 -130 966609.1599999858
442 -130 966609.1599999858
298 -49 966609.1599999858
-15 -49 966609.1599999858
298 -49 966609.1599999858
-15 -49 966609.1599999858
89 -58 966609.1599999858
402 -58 966609.1599999858
89 -58 966609.1599999858
402 -58 966609.1599999858
110 -101 966609.1599999858
423 -101 966609.1599999858
110 -101 966609.1599999858
423 -101 966609.1599999858
12 -70 966609.1599999858
325 -70 966609.1599999858
12 -70 966609.1599999858
325 -70 966609.1599999858
235 -21 966609.1599999858
235 -21 966609.1599999858
-40 -287 966609.1599999858
-40 -287 966609.1599999858
318 50 966609.1599999858
232 -86 966609.1599999858
232 -86 966609.1599999858
352 40 966609.1599999858
-103 -273 966609.1599999858
-103 -273 966609.1599999858
38 -37 966609.1599999858
351 -37 966609.1599999858
38 -37 966609.1599999858
351 -37 966609.1599999858
64 -53 966609.1599999858
377 -53 966609.1599999858
64 -53 966609.1599999858
377 -53 966609.1599999858
-37 -237 966609.1599999858
-37 -237 966609.1599999858
136 -30 966609.1599999858
449 -30 966609.1599999858
136 -30 966609.1599999858
449 -30 966609.1599999858
13 -125 966609.1599999858
326 -125 966609.1599999858
13 -125 966609.1599999858
326 -125 966609.1599999858
43 -123 966609.1599999858
356 -123 966609.1599999858
43 -123 966609.1599999858
356 -123 966609.1599999858
232 -42 966609.1599999858
232 -42 966609.1599999858
446 54 966609.1599999858
248 -149 966609.1599999858
248 -149 966609.1599999858
-89 -232 966609.1599999858
-89 -232 966609.1599999858
123 -138 966609.1599999858
436 -138 966609.1599999858
123 -138 966609.1599999858
436 -138 966609.1599999858
459 9 966609.1599999858
-79 -289 966609.1599999858
-79 -289 966609.1599999858
328 42 966609.1599999858
218 -26 966609.1599999858
218 -26 966609.1599999858
-46 -211 966609.1599999858
-46 -211 966609.1599999858
176 -31 966609.1599999858
176 -31 966609.1599999858
32 -99 966609.1599999858
345 -99 966609.1599999858
32 -99 966609.1599999858
345 -99 966609.1599999858
125 -85 966609.1599999858
438 -85 966609.1599999858
125 -85 966609.1599999858
438 -85 966609.1599999858
-14 -219 966609.1599999858
-14 -219 966609.1599999858
48 -52 966609.1599999858
361 -52 966609.1599999858
48 -52 966609.1599999858
361 -52 966609.1599999858
241 -39 966609.1599999858
241 -39 966609.1599999858
170 -35 966609.1599999858
170 -35 966609.1599999858
162 -133 966609.1599999858
162 -133 966609.1599999858
142 -59 966609.1599999858
455 -59 966609.1599999858
142 -59 966609.1599999858
455 -59 966609.1599999858
444 55 966609.1599999858
229 -38 966609.1599999858
229 -38 966609.1599999858
469 24 966609.1599999858
117 -131 966609.1599999858
430 -131 966609.1599999858
117 -131 966609.1599999858
430 -131 966609.1599999858
53 -144 966609.1599999858
366 -144 966609.1599999858
53 -144 966609.1599999858
366 -144 966609.1599999858
95 -70 966609.1599999858
408 -70 966609.1599999858
95 -70 966609.1599999858
408 -70 966609.1599999858
213 -7 966609.1599999858
213 -7 966609.1599999858
365 66 966609.1599999858
282 -115 966609.1599999858
-31 -115 966609.1599999858
282 -115 966609.1599999858
-31 -115 966609.1599999858
451 27 966609.1599999858
41 -155 966609.1599999858
354 -155 966609.1599999858
41 -155 966609.1599999858
354 -155 966609.1599999858
248 -49 966609.1599999858
248 -49 966609.1599999858
25 -103 966609.1599999858
338 -103 966609.1599999858
25 -103 966609.1599999858
338 -103 966609.1599999858
361 40 966609.1599999858
379 36 966609.1599999858
463 84 966609.1599999858
413 24 966609.1599999858
-104 -280 966609.1599999858
-104 -280 966609.1599999858
288 -20 966609.1599999858
288 -20 966609.1599999858
442 33 966609.1599999858
86 -62 966609.1599999858
399 -62 966609.1599999858
86 -62 966609.1599999858
399 -62 966609.1599999858
171 -109 966609.1599999858
171 -109 966609.1599999858
236 -149 966609.1599999858
236 -149 966609.1599999858
288 -120 966609.1599999858
-25 -120 966609.1599999858
288 -120 966609.1599999858
-25 -120 966609.1599999858
25 -35 966609.1599999858
338 -35 966609.1599999858
25 -35 966609.1599999858
338 -35 966609.1599999858
-87 -259 966609.1599999858
-87 -259 966609.1599999858
105 -132 966609.1599999858
418 -132 966609.1599999858
105 -132 966609.1599999858
418 -132 966609.1599999858
-33 -282 966609.1599999858
-33 -282 966609.1599999858
20 -114 966609.1599999858
333 -114 966609.1599999858
20 -114 966609.1599999858
333 -114 966609.1599999858
87 -116 966609.1599999858
400 -116 966609.1599999858
87 -116 966609.1599999858
400 -116 966609.1599999858
257 -155 966609.1599999858
-56 -155 966609.1599999858
257 -155 966609.1599999858
-56 -155 966609.1599999858
38 -134 966609.1599999858
351 -134 966609.1599999858
38 -134 966609.1599999858
351 -134 966609.1599999858
165 -33 966609.1599999858
165 -33 966609.1599999858
446 50 966609.1599999858
159 -29 966609.1599999858
159 -29 966609.1599999858
-60 -273 966609.1599999858
-60 -273 966609.1599999858
252 -77 966609.1599999858
252 -77 966609.1599999858
48 -142 966609.1599999858
361 -142 966609.1599999858
48 -142 966609.1599999858
361 -142 966609.1599999858
119 -55 966609.1599999858
432 -55 966609.1599999858
119 -55 966609.1599999858
432 -55 966609.1599999858
89 -67 966609.1599999858
402 -67 966609.1599999858
89 -67 966609.1599999858
402 -67 966609.1599999858
6 -69 966609.1599999858
319 -69 966609.1599999858
6 -69 966609.1599999858
319 -69 966609.1599999858
432 76 966609.1599999858
19 -33 966609.1599999858
332 -33 966609.1599999858
19 -33 966609.1599999858
332 -33 966609.1599999858
113 -138 966609.1599999858
426 -138 966609.1599999858
113 -138 966609.1599999858
426 -138 966609.1599999858
268 -139 966609.1599999858
-45 -139 966609.1599999858
268 -139 966609.1599999858
-45 -139 966609.1599999858
-92 -258 966609.1599999858
-92 -258 966609.1599999858
403 58 966609.1599999858
245 -71 966609.1599999858
245 -71 966609.1599999858
282 -144 966609.1599999858
-31 -144 966609.1599999858
282 -144 966609.1599999858
-31 -144 966609.1599999858
265 -85 966609.1599999858
265 -85 966609.1599999858
-29 -204 966609.1599999858
-29 -204 966609.1599999858
242 -24 966609.1599999858
242 -24 966609.1599999858
-47 -180 966609.1599999858
-47 -180 966609.1599999858
437 35 966609.1599999858
-73 -269 966609.1599999858
-73 -269 966609.1599999858
28 -23 966609.1599999858
341 -23 966609.1599999858
28 -23 966609.1599999858
341 -23 966609.1599999858
-28 -240 966609.1599999858
-28 -240 966609.1599999858
372 74 966609.1599999858
238 -18 966609.1599999858
238 -18 966609.1599999858
-66 -291 966609.1599999858
-66 -291 966609.1599999858
154 -150 966609.1599999858
467 -150 966609.1599999858
154 -150 966609.1599999858
467 -150 966609.1599999858
293 -59 966609.1599999858
-20 -59 966609.1599999858
293 -59 966609.1599999858
-20 -59 966609.1599999858
163 -85 966609.1599999858
163 -85 966609.1599999858
-51 -161 966609.1599999858
-51 -161 966609.1599999858
175 -107 966609.1599999858
175 -107 966609.1599999858
170 -46 966609.1599999858
170 -46 966609.1599999858
177 -149 966609.1599999858
177 -149 966609.1599999858
344 21 966609.1599999858
140 -95 966609.1599999858
453 -95 966609.1599999858
140 -95 966609.1599999858
453 -95 966609.1599999858
-56 -227 966609.1599999858
-56 -227 966609.1599999858
86 -135 966609.1599999858
399 -135 966609.1599999858
86 -135 966609.1599999858
399 -135 966609.1599999858
-34 -255 966609.1599999858
-34 -255 966609.1599999858
28 -110 966609.1599999858
341 -110 966609.1599999858
28 -110 966609.1599999858
341 -110 966609.1599999858
56 -72 966609.1599999858
369 -72 966609.1599999858
56 -72 966609.1599999858
369 -72 966609.1599999858
-73 -287 966609.1599999858
-73 -287 966609.1599999858
444 68 966609.1599999858
228 -43 966609.1599999858
228 -43 966609.1599999858
62 -133 966609.1599999858
375 -133 966609.1599999858
62 -133 966609.1599999858
375 -133 966609.1599999858
253 -58 966609.1599999858
253 -58 966609.1599999858
105 -139 966609.1599999858
418 -139 966609.1599999858
105 -139 966609.1599999858
418 -139 966609.1599999858
375 37 966609.1599999858
241 -105 966609.1599999858
241 -105 966609.1599999858
140 -153 966609.1599999858
453 -153 966609.1599999858
140 -153 966609.1599999858
453 -153 966609.1599999858
136 -141 966609.1599999858
449 -141 966609.1599999858
136 -141 966609.1599999858
449 -141 966609.1599999858
465 50 966609.1599999858
349 36 966609.1599999858
-60 -231 966609.1599999858
-60 -231 966609.1599999858
58 -102 966609.1599999858
371 -102 966609.1599999858
58 -102 966609.1599999858
371 -102 966609.1599999858
29 -124 966609.1599999858
342 -124 966609.1599999858
29 -124 966609.1599999858
342 -124 966609.1599999858
72 -82 966609.1599999858
385 -82 966609.1599999858
72 -82 966609.1599999858
385 -82 966609.1599999858
70 -52 966609.1599999858
383 -52 966609.1599999858
70 -52 966609.1599999858
383 -52 966609.1599999858
77 -148 966609.1599999858
390 -148 966609.1599999858
77 -148 966609.1599999858
390 -148 966609.1599999858
175 -50 966609.1599999858
175 -50 966609.1599999858
335 63 966609.1599999858
243 -37 966609.1599999858
243 -37 966609.1599999858
467 0 966609.1599999858
144 -23 966609.1599999858
457 -23 966609.1599999858
144 -23 966609.1599999858
457 -23 966609.1599999858
242 -132 966609.1599999858
242 -132 966609.1599999858
328 27 966609.1599999858
50 -143 966609.1599999858
363 -143 966609.1599999858
50 -143 966609.1599999858
363 -143 966609.1599999858
-17 -269 966609.1599999858
-17 -269 966609.1599999858
206 -121 966609.1599999858
206 -121 966609.1599999858
359 18 966609.1599999858
-14 -262 966609.1599999858
-14 -262 966609.1599999858
-25 -294 966609.1599999858
-25 -294 966609.1599999858
181 -124 966609.1599999858
181 -124 966609.1599999858
111 -133 966609.1599999858
424 -133 966609.1599999858
111 -133 966609.1599999858
424 -133 966609.1599999858
114 -98 966609.1599999858
427 -98 966609.1599999858
114 -98 966609.1599999858
427 -98 966609.1599999858
76 -85 966609.1599999858
389 -85 966609.1599999858
76 -85 966609.1599999858
389 -85 966609.1599999858
418 65 966609.1599999858
-79 -252 966609.1599999858
-79 -252 966609.1599999858
165 -10 966609.1599999858
165 -10 966609.1599999858
285 -132 966609.1599999858
-28 -132 966609.1599999858
285 -132 966609.1599999858
-28 -132 966609.1599999858
40 -92 966609.1599999858
353 -92 966609.1599999858
40 -92 966609.1599999858
353 -92 966609.1599999858
97 -137 966609.1599999858
410 -137 966609.1599999858
97 -137 966609.1599999858
410 -137 966609.1599999858
209 -34 966609.1599999858
209 -34 966609.1599999858
162 -135 966609.1599999858
162 -135 966609.1599999858
150 -33 966609.1599999858
463 -33 966609.1599999858
150 -33 966609.1599999858
463 -33 966609.1599999858
108 -107 966609.1599999858
421 -107 966609.1599999858
108 -107 966609.1599999858
421 -107 966609.1599999858
196 -55 966609.1599999858
196 -55 966609.1599999858
63 -53 966609.1599999858
376 -53 966609.1599999858
63 -53 966609.1599999858
376 -53 966609.1599999858
385 47 966609.1599999858
109 -61 966609.1599999858
422 -61 966609.1599999858
109 -61 966609.1599999858
422 -61 966609.1599999858
225 -61 966609.1599999858
225 -61 966609.1599999858
95 -61 966609.1599999858
408 -61 966609.1599999858
95 -61 966609.1599999858
408 -61 966609.1599999858
153 -21 966609.1599999858
466 -21 966609.1599999858
153 -21 966609.1599999858
466 -21 966609.1599999858
411 82 966609.1599999858
93 -64 966609.1599999858
406 -64 966609.1599999858
93 -64 966609.1599999858
406 -64 966609.1599999858
130 -145 966609.1599999858
443 -145 966609.1599999858
130 -145 966609.1599999858
443 -145 966609.1599999858
221 -80 966609.1599999858
221 -80 966609.1599999858
274 -92 966609.1599999858
274 -92 966609.1599999858
46 -22 966609.1599999858
359 -22 966609.1599999858
46 -22 966609.1599999858
359 -22 966609.1599999858
55 -123 966609.1599999858
368 -123 966609.1599999858
55 -123 966609.1599999858
368 -123 966609.1599999858
151 -156 966609.1599999858
464 -156 966609.1599999858
151 -156 966609.1599999858
464 -156 966609.1599999858
-64 -198 966609.1599999858
-64 -198 966609.1599999858
-55 -202 966609.1599999858
-55 -202 966609.1599999858
320 31 966609.1599999858
435 52 966609.1599999858
54 -127 966609.1599999858
367 -127 966609.1599999858
54 -127 966609.1599999858
367 -127 966609.1599999858
5.620000000000337 -15.920000000000073 966609.1599999858
5.620000000000337 -15.920000000000073 966609.1599999858
292.04999999999995 -95.02999999999997 966609.1599999858
-20.950000000000045 -95.02999999999997 966609.1599999858
292.04999999999995 -95.02999999999997 966609.1599999858
-20.950000000000045 -95.02999999999997 966609.1599999858
4.22000000000161 -15.680000000000291 966609.1599999858
4.22000000000161 -15.680000000000291 966609.1599999858
4.190000000001637 -15.6700000000003 966609.1599999858
4.190000000001637 -15.6700000000003 966609.1599999858
-7.710000000001173 -303.42999999999915 966609.1599999858
-7.710000000001173 -303.42999999999915 966609.1599999858
3.8100000000020007 -15.650000000000318 966609.1599999858
3.8100000000020007 -15.650000000000318 966609.1599999858
-7.760000000000218 -174.80000000000018 966609.1599999858
-7.760000000000218 -174.80000000000018 966609.1599999858
102.99 -15.990000000000009 966609.1599999858
415.99 -15.990000000000009 966609.1599999858
102.99 -15.990000000000009 966609.1599999858
415.99 -15.990000000000009 966609.1599999858
-9.870000000000118 -206.03000000000003 966609.1599999858
-9.870000000000118 -206.03000000000003 966609.1599999858
-91.96000000000004 -306.2199999999998 966609.1599999858
-91.96000000000004 -306.2199999999998 966609.1599999858
-6.970000000001846 -304.0099999999988 966609.1599999858
-6.970000000001846 -304.0099999999988 966609.1599999858
6.000000000000169 -15.800000000000182 966609.1599999858
319.00000000000017 -15.800000000000182 966609.1599999858
6.000000000000169 -15.800000000000182 966609.1599999858
319.00000000000017 -15.800000000000182 966609.1599999858
308.2399999999998 -29.820000000000164 966609.1599999858
-4.760000000000218 -29.820000000000164 966609.1599999858
308.2399999999998 -29.820000000000164 966609.1599999858
-4.760000000000218 -29.820000000000164 966609.1599999858
-114.03999999999996 -311.03999999999996 966609.1599999858
-114.03999999999996 -311.03999999999996 966609.1599999858
5.220000000000683 -15.7800000000002 966609.1599999858
318.2200000000007 -15.7800000000002 966609.1599999858
5.220000000000683 -15.7800000000002 966609.1599999858
318.2200000000007 -15.7800000000002 966609.1599999858
9.390000000001464 -83.95000000000005 966609.1599999858
322.39000000000146 -83.95000000000005 966609.1599999858
9.390000000001464 -83.95000000000005 966609.1599999858
322.39000000000146 -83.95000000000005 966609.1599999858
311.26999999999884 -9.970000000000937 966609.1599999858
-1.730000000001155 -9.970000000000937 966609.1599999858
311.26999999999884 -9.970000000000937 966609.1599999858
-1.730000000001155 -9.970000000000937 966609.1599999858
167.99 0.010000000000009094 966609.1599999858
200.05999999999995 -1.7200000000002547 966609.1599999858
200.05999999999995 -1.7200000000002547 966609.1599999858
310.68999999999755 -123.95000000000005 966609.1599999858
-2.3100000000024465 -123.95000000000005 966609.1599999858
310.68999999999755 -123.95000000000005 966609.1599999858
-2.3100000000024465 -123.95000000000005 966609.1599999858
13.460000000000491 -108.76000000000022 966609.1599999858
326.4600000000005 -108.76000000000022 966609.1599999858
13.460000000000491 -108.76000000000022 966609.1599999858
326.4600000000005 -108.76000000000022 966609.1599999858
162.04999999999995 13.930000000000001 966609.1599999858
153.93000000000006 1.31000000000001 966609.1599999858
247.3399999999997 21.779999999999966 966609.1599999858
317.9900000000009 63.129999999999974 966609.1599999858
356.71000000000004 10.590000000000373 966609.1599999858
358.23999999999995 10.5600000000004 966609.1599999858
-99.95000000000005 -311.4299999999996 966609.1599999858
-99.95000000000005 -311.4299999999996 966609.1599999858
-7.840000000001055 -302.9999999999994 966609.1599999858
-7.840000000001055 -302.9999999999994 966609.1599999858
0.6000000000030923 -31.720000000000255 966609.1599999858
313.6000000000031 -31.720000000000255 966609.1599999858
0.6000000000030923 -31.720000000000255 966609.1599999858
313.6000000000031 -31.720000000000255 966609.1599999858
28.909999999999986 -12.090000000000828 966609.1599999858
341.90999999999997 -12.090000000000828 966609.1599999858
28.909999999999986 -12.090000000000828 966609.1599999858
341.90999999999997 -12.090000000000828 966609.1599999858
209.03000000000088 41.889999999999624 966609.1599999858
298.83000000000015 53.42999999999952 966609.1599999858
154.73000000000116 24.07000000000001 966609.1599999858
310.9900000000018 50.870000000000026 966609.1599999858
221.3299999999997 8.90999999999996 966609.1599999858
-7.930000000000973 -301.39 966609.1599999858
-7.930000000000973 -301.39 966609.1599999858
-6.620000000002165 -304.4399999999985 966609.1599999858
-6.620000000002165 -304.4399999999985 966609.1599999858
301.81999999999834 -144.07999999999993 966609.1599999858
-11.180000000001655 -144.07999999999993 966609.1599999858
301.81999999999834 -144.07999999999993 966609.1599999858
-11.180000000001655 -144.07999999999993 966609.1599999858
69.87999999999994 -8.480000000002292 966609.1599999858
382.87999999999994 -8.480000000002292 966609.1599999858
69.87999999999994 -8.480000000002292 966609.1599999858
382.87999999999994 -8.480000000002292 966609.1599999858
409.26999999999964 8.290000000001555 966609.1599999858
211.04999999999814 30.810000000000013 966609.1599999858
187.02999999999997 27.049999999999695 966609.1599999858
180.92000000000007 12.179999999999975 966609.1599999858
169.41999999999962 3.079999999999977 966609.1599999858
94.16999999999855 9.290000000000015 966609.1599999858
211.83000000000106 3.7099999999999635 966609.1599999858
281.03999999999905 31.96000000000015 966609.1599999858
296.06999999999994 41.210000000000555 966609.1599999858
-9.22999999999979 -302.98999999999916 966609.1599999858
-9.22999999999979 -302.98999999999916 966609.1599999858
303.95000000000005 10.05000000000002 966609.1599999858
258.04999999999905 10.270000000000058 966609.1599999858
271.18000000000166 25.87999999999998 966609.1599999858
197.95000000000005 30.469999999999917 966609.1599999858
239.96000000000004 26.160000000000025 966609.1599999858
3.2300000000025193 -15.570000000000391 966609.1599999858
316.2300000000025 -15.570000000000391 966609.1599999858
3.2300000000025193 -15.570000000000391 966609.1599999858
316.2300000000025 -15.570000000000391 966609.1599999858
44.39999999999992 7.960000000000065 966609.1599999858
16.93999999999999 -12.440000000001419 966609.1599999858
329.94 -12.440000000001419 966609.1599999858
16.93999999999999 -12.440000000001419 966609.1599999858
329.94 -12.440000000001419 966609.1599999858
284.0000000000009 -2.4600000000032196 966609.1599999858
284.0000000000009 -2.4600000000032196 966609.1599999858
165.0999999999981 27.96000000000015 966609.1599999858
311.34000000000333 27.420000000000066 966609.1599999858
288.05999999999995 17.759999999999806 966609.1599999858
233.71999999999844 -0.9000000000028194 966609.1599999858
233.71999999999844 -0.9000000000028194 966609.1599999858
-56.2199999999998 -300.8999999999992 966609.1599999858
-56.2199999999998 -300.8999999999992 966609.1599999858
280.1000000000008 49.020000000000195 966609.1599999858
231.5900000000022 23.909999999999986 966609.1599999858
138.51999999999953 26.79999999999997 966609.1599999858
0.33000000000333785 -69.00999999999817 966609.1599999858
313.33000000000334 -69.00999999999817 966609.1599999858
0.33000000000333785 -69.00999999999817 966609.1599999858
313.33000000000334 -69.00999999999817 966609.1599999858
116.1800000000006 3.7199999999990556 966609.1599999858
255.27999999999793 41.379999999999725 966609.1599999858
198.94000000000005 4.81999999999994 966609.1599999858
143.41000000000236 9.01 966609.1599999858
240.06999999999994 44.04999999999999 966609.1599999858
185.0 0.3999999999990907 966609.1599999858
181.6900000000012 35.04999999999979 966609.1599999858
356 76 966609.1599999858
373 82 966609.1599999858
443 113 966609.1599999858
385 109 966609.1599999858
457 131 966609.1599999858
328 69 966609.1599999858
382 88 966609.1599999858
405 98 966609.1599999858
404 100 966609.1599999858
427 88 966609.1599999858
392 99 966609.1599999858
273.98000000000184 74.91999999999945 966609.1599999858
317.5000000000023 71.84000000000043 966609.1599999858
226.3399999999997 52.80000000000024 966609.1599999858
276.9100000000019 59.10999999999978 966609.1599999858
217.94000000000278 56.21999999999976 966609.1599999858
185.23999999999978 47.339999999999336 966609.1599999858
236.82999999999743 62.94999999999961 966609.1599999858
99.87999999999994 27.06000000000048 966609.1599999858
128.9000000000001 32.26000000000015 966609.1599999858
120.36999999999814 34.59000000000008 966609.1599999858
287.7299999999975 73.05000000000003 966609.1599999858
-58 -50 966609.1599999858
-58 -50 966609.1599999858
-98 -83 966609.1599999858
-98 -83 966609.1599999858
-130 -108 966609.1599999858
-130 -108 966609.1599999858
-55 -132 966609.1599999858
-55 -132 966609.1599999858
-112 -68 966609.1599999858
-112 -68 966609.1599999858
-61 -137 966609.1599999858
-61 -137 966609.1599999858
-112 -180 966609.1599999858
-112 -180 966609.1599999858
-81 -86 966609.1599999858
-81 -86 966609.1599999858
-114 -203 966609.1599999858
-114 -203 966609.1599999858
-149 -235 966609.1599999858
-149 -235 966609.1599999858
-81 -42 966609.1599999858
-81 -42 966609.1599999858
-65 -149 966609.1599999858
-65 -149 966609.1599999858
-146 -169 966609.1599999858
-146 -169 966609.1599999858
-72 -39 966609.1599999858
-72 -39 966609.1599999858
-151 -133 966609.1599999858
-151 -133 966609.1599999858
-84 -38 966609.1599999858
-84 -38 966609.1599999858
-155 -166 966609.1599999858
-155 -166 966609.1599999858
-106 -157 966609.1599999858
-106 -157 966609.1599999858
-110 -198 966609.1599999858
-110 -198 966609.1599999858
-65 -49 966609.1599999858
-65 -49 966609.1599999858
-144 -311 966609.1599999858
-144 -311 966609.1599999858
-150 -286 966609.1599999858
-150 -286 966609.1599999858
-115 -174 966609.1599999858
-115 -174 966609.1599999858
-155 -193 966609.1599999858
-155 -193 966609.1599999858
-25 -20 966609.1599999858
-25 -20 966609.1599999858
-128 -269 966609.1599999858
-128 -269 966609.1599999858
-151 -299 966609.1599999858
-151 -299 966609.1599999858
-142 -109 966609.1599999858
-142 -109 966609.1599999858
-77 -149 966609.1599999858
-77 -149 966609.1599999858
-121 -165 966609.1599999858
-121 -165 966609.1599999858
-155 -251 966609.1599999858
-155 -251 966609.1599999858
-124 -236 966609.1599999858
-124 -236 966609.1599999858
-116 -209 966609.1599999858
-116 -209 966609.1599999858
-76 -163 966609.1599999858
-76 -163 966609.1599999858
-126 -284 966609.1599999858
-126 -284 966609.1599999858
-130 -279 966609.1599999858
-130 -279 966609.1599999858
-76 -187 966609.1599999858
-76 -187 966609.1599999858
-61 -77 966609.1599999858
-61 -77 966609.1599999858
-128 -217 966609.1599999858
-128 -217 966609.1599999858
-68 -71 966609.1599999858
-68 -71 966609.1599999858
-48 -85 966609.1599999858
-48 -85 966609.1599999858
-71 -24 966609.1599999858
-71 -24 966609.1599999858
-123 -193 966609.1599999858
-123 -193 966609.1599999858
-132 -179 966609.1599999858
-132 -179 966609.1599999858
-143 -200 966609.1599999858
-143 -200 966609.1599999858
-92 -202 966609.1599999858
-92 -202 966609.1599999858
-137 -207 966609.1599999858
-137 -207 966609.1599999858
-150 -85 966609.1599999858
-150 -85 966609.1599999858
-138 -107 966609.1599999858
-138 -107 966609.1599999858
-143 -46 966609.1599999858
-143 -46 966609.1599999858
-136 -149 966609.1599999858
-136 -149 966609.1599999858
-93 -220 966609.1599999858
-93 -220 966609.1599999858
-85 -43 966609.1599999858
-85 -43 966609.1599999858
-108 -238 966609.1599999858
-108 -238 966609.1599999858
-60 -58 966609.1599999858
-60 -58 966609.1599999858
-103 -183 966609.1599999858
-103 -183 966609.1599999858
-72 -105 966609.1599999858
-72 -105 966609.1599999858
-135 -168 966609.1599999858
-135 -168 966609.1599999858
-115 -282 966609.1599999858
-115 -282 966609.1599999858
-138 -225 966609.1599999858
-138 -225 966609.1599999858
-138 -50 966609.1599999858
-138 -50 966609.1599999858
-132 -302 966609.1599999858
-132 -302 966609.1599999858
-70 -37 966609.1599999858
-70 -37 966609.1599999858
-107 -193 966609.1599999858
-107 -193 966609.1599999858
-71 -132 966609.1599999858
-71 -132 966609.1599999858
-116 -210 966609.1599999858
-116 -210 966609.1599999858
-107 -121 966609.1599999858
-107 -121 966609.1599999858
-155 -260 966609.1599999858
-155 -260 966609.1599999858
-132 -124 966609.1599999858
-132 -124 966609.1599999858
-126 -238 966609.1599999858
-126 -238 966609.1599999858
-96 -190 966609.1599999858
-96 -190 966609.1599999858
-145 -313 966609.1599999858
-145 -313 966609.1599999858
-104 -34 966609.1599999858
-104 -34 966609.1599999858
-151 -135 966609.1599999858
-151 -135 966609.1599999858
-117 -55 966609.1599999858
-117 -55 966609.1599999858
-88 -61 966609.1599999858
-88 -61 966609.1599999858
-114 -176 966609.1599999858
-114 -176 966609.1599999858
-92 -80 966609.1599999858
-92 -80 966609.1599999858
-39 -92 966609.1599999858
-39 -92 966609.1599999858
-150.3299999999997 -312.94999999999914 966609.1599999858
-150.3299999999997 -312.94999999999914 966609.1599999858
-114 -24 966609.1599999858
-114 -24 966609.1599999858
-78 -21 966609.1599999858
-78 -21 966609.1599999858
-95 -26 966609.1599999858
-95 -26 966609.1599999858
-137 -31 966609.1599999858
-137 -31 966609.1599999858
-143 -35 966609.1599999858
-143 -35 966609.1599999858
-148 -33 966609.1599999858
-148 -33 966609.1599999858
-75 -18 966609.1599999858
-75 -18 966609.1599999858
