21 444 964427.3600000434
-32 50 964427.3600000434
-32 50 964427.3600000434
-34 130 964427.3600000434
-34 130 964427.3600000434
-44 87 964427.3600000434
-44 87 964427.3600000434
-58 263 964427.3600000434
-58 263 964427.3600000434
-98 230 964427.3600000434
-98 230 964427.3600000434
-130 205 964427.3600000434
-130 205 964427.3600000434
-55 181 964427.3600000434
-55 181 964427.3600000434
43 389 964427.3600000434
-49 127 964427.3600000434
-49 127 964427.3600000434
-112 245 964427.3600000434
-112 245 964427.3600000434
60 395 964427.3600000434
-61 176 964427.3600000434
-61 176 964427.3600000434
-114 289 964427.3600000434
-114 289 964427.3600000434
71 338 964427.3600000434
106 466 964427.3600000434
55 466 964427.3600000434
42 365 964427.3600000434
-15 264 964427.3600000434
-15 264 964427.3600000434
-78 292 964427.3600000434
-78 292 964427.3600000434
-112 133 964427.3600000434
-112 133 964427.3600000434
-40 26 964427.3600000434
-40 26 964427.3600000434
5 363 964427.3600000434
-81 227 964427.3600000434
-81 227 964427.3600000434
39 353 964427.3600000434
50 459 964427.3600000434
-103 40 964427.3600000434
-103 40 964427.3600000434
-114 110 964427.3600000434
-114 110 964427.3600000434
130 426 964427.3600000434
-149 78 964427.3600000434
-149 78 964427.3600000434
-37 76 964427.3600000434
-37 76 964427.3600000434
-81 271 964427.3600000434
-81 271 964427.3600000434
66 447 964427.3600000434
133 367 964427.3600000434
-65 164 964427.3600000434
-65 164 964427.3600000434
-89 81 964427.3600000434
-89 81 964427.3600000434
-79 24 964427.3600000434
-79 24 964427.3600000434
15 355 964427.3600000434
147 456 964427.3600000434
-95 287 964427.3600000434
-95 287 964427.3600000434
-46 102 964427.3600000434
-46 102 964427.3600000434
72 422 964427.3600000434
-137 282 964427.3600000434
-137 282 964427.3600000434
-146 144 964427.3600000434
167 457 964427.3600000434
-146 144 964427.3600000434
167 457 964427.3600000434
96 458 964427.3600000434
-14 94 964427.3600000434
-14 94 964427.3600000434
-72 274 964427.3600000434
-72 274 964427.3600000434
-143 278 964427.3600000434
-143 278 964427.3600000434
-151 180 964427.3600000434
-151 180 964427.3600000434
23 457 964427.3600000434
144 444 964427.3600000434
131 368 964427.3600000434
-84 275 964427.3600000434
-84 275 964427.3600000434
98 455 964427.3600000434
-100 306 964427.3600000434
-100 -7 964427.3600000434
-100 306 964427.3600000434
-100 -7 964427.3600000434
-155 147 964427.3600000434
158 460 964427.3600000434
-155 147 964427.3600000434
158 460 964427.3600000434
15 382 964427.3600000434
52 379 964427.3600000434
-106 156 964427.3600000434
-106 156 964427.3600000434
-31 198 964427.3600000434
-31 198 964427.3600000434
-110 115 964427.3600000434
-110 115 964427.3600000434
-65 264 964427.3600000434
-65 264 964427.3600000434
69 401 964427.3600000434
-144 2 964427.3600000434
-144 2 964427.3600000434
48 353 964427.3600000434
66 349 964427.3600000434
16 443 964427.3600000434
-150 27 964427.3600000434
-150 27 964427.3600000434
150 397 964427.3600000434
-115 139 964427.3600000434
-115 139 964427.3600000434
-155 120 964427.3600000434
158 433 964427.3600000434
-155 120 964427.3600000434
158 433 964427.3600000434
100 337 964427.3600000434
-104 33 964427.3600000434
-104 33 964427.3600000434
-25 293 964427.3600000434
-25 293 964427.3600000434
-128 44 964427.3600000434
-128 44 964427.3600000434
129 346 964427.3600000434
-151 14 964427.3600000434
-151 14 964427.3600000434
-142 204 964427.3600000434
-142 204 964427.3600000434
-77 164 964427.3600000434
-77 164 964427.3600000434
-121 148 964427.3600000434
-121 148 964427.3600000434
-155 62 964427.3600000434
-155 62 964427.3600000434
53 437 964427.3600000434
-25 193 964427.3600000434
-25 193 964427.3600000434
-124 77 964427.3600000434
-124 77 964427.3600000434
-87 54 964427.3600000434
-87 54 964427.3600000434
42 445 964427.3600000434
92 411 964427.3600000434
-33 31 964427.3600000434
-33 31 964427.3600000434
-116 104 964427.3600000434
-116 104 964427.3600000434
-76 150 964427.3600000434
-76 150 964427.3600000434
-126 29 964427.3600000434
-126 29 964427.3600000434
-130 34 964427.3600000434
-130 34 964427.3600000434
-56 158 964427.3600000434
-56 158 964427.3600000434
-148 280 964427.3600000434
-148 280 964427.3600000434
133 363 964427.3600000434
-154 284 964427.3600000434
-154 -29 964427.3600000434
-154 284 964427.3600000434
-154 -29 964427.3600000434
-76 126 964427.3600000434
-76 126 964427.3600000434
-60 40 964427.3600000434
-60 40 964427.3600000434
118 451 964427.3600000434
-61 236 964427.3600000434
-61 236 964427.3600000434
119 389 964427.3600000434
-128 96 964427.3600000434
-128 96 964427.3600000434
-45 174 964427.3600000434
-45 174 964427.3600000434
-92 55 964427.3600000434
-92 55 964427.3600000434
90 371 964427.3600000434
-68 242 964427.3600000434
-68 242 964427.3600000434
-31 169 964427.3600000434
-31 169 964427.3600000434
-48 228 964427.3600000434
-48 228 964427.3600000434
-29 109 964427.3600000434
-29 109 964427.3600000434
-71 289 964427.3600000434
-71 289 964427.3600000434
-47 133 964427.3600000434
-47 133 964427.3600000434
124 348 964427.3600000434
-123 120 964427.3600000434
-123 120 964427.3600000434
-73 44 964427.3600000434
-73 44 964427.3600000434
99 451 964427.3600000434
-132 134 964427.3600000434
-132 134 964427.3600000434
-28 73 964427.3600000434
-28 73 964427.3600000434
59 387 964427.3600000434
-75 295 964427.3600000434
-75 295 964427.3600000434
-143 113 964427.3600000434
-143 113 964427.3600000434
-66 22 964427.3600000434
-66 22 964427.3600000434
-20 254 964427.3600000434
-20 254 964427.3600000434
-92 111 964427.3600000434
-92 111 964427.3600000434
-137 106 964427.3600000434
-137 106 964427.3600000434
-150 228 964427.3600000434
-150 228 964427.3600000434
-51 152 964427.3600000434
-51 152 964427.3600000434
-138 206 964427.3600000434
-138 206 964427.3600000434
-143 267 964427.3600000434
-143 267 964427.3600000434
-136 164 964427.3600000434
-136 164 964427.3600000434
31 334 964427.3600000434
-56 86 964427.3600000434
-56 86 964427.3600000434
-34 58 964427.3600000434
-34 58 964427.3600000434
-93 93 964427.3600000434
-93 93 964427.3600000434
-73 26 964427.3600000434
-73 26 964427.3600000434
131 381 964427.3600000434
-85 270 964427.3600000434
-85 270 964427.3600000434
-108 75 964427.3600000434
-108 75 964427.3600000434
-60 255 964427.3600000434
-60 255 964427.3600000434
-103 130 964427.3600000434
-103 130 964427.3600000434
62 350 964427.3600000434
-72 208 964427.3600000434
-72 208 964427.3600000434
-135 145 964427.3600000434
-135 145 964427.3600000434
146 455 964427.3600000434
36 349 964427.3600000434
-60 82 964427.3600000434
-60 82 964427.3600000434
-115 31 964427.3600000434
-115 31 964427.3600000434
24 419 964427.3600000434
-138 88 964427.3600000434
-138 88 964427.3600000434
-138 263 964427.3600000434
-138 263 964427.3600000434
22 376 964427.3600000434
-132 11 964427.3600000434
-132 11 964427.3600000434
-70 276 964427.3600000434
-70 276 964427.3600000434
42 466 964427.3600000434
109 462 964427.3600000434
-107 120 964427.3600000434
-107 120 964427.3600000434
-71 181 964427.3600000434
-71 181 964427.3600000434
15 340 964427.3600000434
-17 44 964427.3600000434
-17 44 964427.3600000434
-116 103 964427.3600000434
-116 103 964427.3600000434
-107 192 964427.3600000434
-107 192 964427.3600000434
46 331 964427.3600000434
-14 51 964427.3600000434
-14 51 964427.3600000434
-155 53 964427.3600000434
-155 53 964427.3600000434
-25 19 964427.3600000434
-25 19 964427.3600000434
-132 189 964427.3600000434
-132 189 964427.3600000434
-126 75 964427.3600000434
-126 75 964427.3600000434
-96 123 964427.3600000434
-96 123 964427.3600000434
105 378 964427.3600000434
-79 61 964427.3600000434
-79 61 964427.3600000434
34 424 964427.3600000434
-148 303 964427.3600000434
-148 -10 964427.3600000434
-148 303 964427.3600000434
-148 -10 964427.3600000434
-28 181 964427.3600000434
-28 181 964427.3600000434
-145 0 964427.3600000434
-145 0 964427.3600000434
49 429 964427.3600000434
-104 279 964427.3600000434
-104 279 964427.3600000434
-151 178 964427.3600000434
-151 178 964427.3600000434
0 364 964427.3600000434
-117 258 964427.3600000434
-117 258 964427.3600000434
91 413 964427.3600000434
72 360 964427.3600000434
-88 252 964427.3600000434
-88 252 964427.3600000434
95 451 964427.3600000434
98 395 964427.3600000434
70 447 964427.3600000434
-114 137 964427.3600000434
-114 137 964427.3600000434
-92 233 964427.3600000434
-92 233 964427.3600000434
126 460 964427.3600000434
-39 221 964427.3600000434
-39 221 964427.3600000434
114 401 964427.3600000434
-64 115 964427.3600000434
-64 115 964427.3600000434
-55 111 964427.3600000434
-55 111 964427.3600000434
7 344 964427.3600000434
79 412 964427.3600000434
122 365 964427.3600000434
-8.970000000000027 10.930000000000037 964427.3600000434
-8.970000000000027 10.930000000000037 964427.3600000434
-8.930000000000064 10.890000000000082 964427.3600000434
-8.930000000000064 10.890000000000082 964427.3600000434
-8.8900000000001 10.85000000000011 964427.3600000434
-8.8900000000001 10.85000000000011 964427.3600000434
-8.870000000000118 10.830000000000146 964427.3600000434
-8.870000000000118 10.830000000000146 964427.3600000434
-8.830000000000155 10.790000000000164 964427.3600000434
-8.830000000000155 10.790000000000164 964427.3600000434
-8.77000000000021 10.730000000000201 964427.3600000434
-8.77000000000021 10.730000000000201 964427.3600000434
-8.760000000000218 10.700000000000198 964427.3600000434
-8.760000000000218 10.700000000000198 964427.3600000434
-8.720000000000255 10.660000000000226 964427.3600000434
-8.720000000000255 10.660000000000226 964427.3600000434
-8.700000000000273 10.640000000000262 964427.3600000434
-8.700000000000273 10.640000000000262 964427.3600000434
-8.640000000000327 10.58000000000029 964427.3600000434
-8.640000000000327 10.58000000000029 964427.3600000434
-8.570000000000391 10.510000000000279 964427.3600000434
-8.570000000000391 10.510000000000279 964427.3600000434
-8.55000000000041 10.490000000000284 964427.3600000434
-8.55000000000041 10.490000000000284 964427.3600000434
-8.470000000000482 10.410000000000313 964427.3600000434
-8.470000000000482 10.410000000000313 964427.3600000434
-8.430000000000518 10.370000000000328 964427.3600000434
-8.430000000000518 10.370000000000328 964427.3600000434
-8.410000000000537 10.350000000000355 964427.3600000434
-8.410000000000537 10.350000000000355 964427.3600000434
-8.290000000000646 10.230000000000375 964427.3600000434
-8.290000000000646 10.230000000000375 964427.3600000434
-8.260000000000673 10.200000000000369 964427.3600000434
-8.260000000000673 10.200000000000369 964427.3600000434
-8.22000000000071 10.160000000000396 964427.3600000434
-8.22000000000071 10.160000000000396 964427.3600000434
-8.170000000000755 10.11000000000046 964427.3600000434
-8.170000000000755 10.11000000000046 964427.3600000434
-8.1200000000008 10.060000000000505 964427.3600000434
-8.1200000000008 10.060000000000505 964427.3600000434
-8.090000000000828 10.030000000000523 964427.3600000434
-8.090000000000828 10.030000000000523 964427.3600000434
-8.050000000000864 9.99000000000055 964427.3600000434
-8.050000000000864 9.99000000000055 964427.3600000434
-8.030000000000882 9.970000000000587 964427.3600000434
-8.030000000000882 9.970000000000587 964427.3600000434
-7.940000000000964 9.920000000000597 964427.3600000434
-7.940000000000964 9.920000000000597 964427.3600000434
-7.840000000001055 9.820000000000595 964427.3600000434
-7.840000000001055 9.820000000000595 964427.3600000434
-7.800000000001091 9.780000000000628 964427.3600000434
-7.800000000001091 9.780000000000628 964427.3600000434
-20.950000000000045 217.97000000000003 964427.3600000434
-20.950000000000045 217.97000000000003 964427.3600000434
-7.760000000001128 9.720000000000692 964427.3600000434
-7.760000000001128 9.720000000000692 964427.3600000434
-7.720000000001164 9.680000000000728 964427.3600000434
-7.720000000001164 9.680000000000728 964427.3600000434
-7.690000000001191 9.650000000000755 964427.3600000434
-7.690000000001191 9.650000000000755 964427.3600000434
-7.660000000001219 9.6000000000008 964427.3600000434
-7.660000000001219 9.6000000000008 964427.3600000434
-7.640000000001237 9.580000000000828 964427.3600000434
-7.640000000001237 9.580000000000828 964427.3600000434
-7.600000000001273 9.540000000000855 964427.3600000434
-7.600000000001273 9.540000000000855 964427.3600000434
-7.5800000000012915 9.520000000000882 964427.3600000434
-7.5800000000012915 9.520000000000882 964427.3600000434
-7.540000000001328 9.480000000000901 964427.3600000434
-7.540000000001328 9.480000000000901 964427.3600000434
-7.520000000001346 9.460000000000937 964427.3600000434
-7.520000000001346 9.460000000000937 964427.3600000434
-7.500000000001364 9.440000000000955 964427.3600000434
-7.500000000001364 9.440000000000955 964427.3600000434
-7.430000000001428 9.370000000001001 964427.3600000434
-7.430000000001428 9.370000000001001 964427.3600000434
-7.390000000001464 9.330000000001037 964427.3600000434
-7.390000000001464 9.330000000001037 964427.3600000434
-7.320000000001528 9.260000000001074 964427.3600000434
-7.320000000001528 9.260000000001074 964427.3600000434
-7.290000000001555 9.23000000000108 964427.3600000434
-7.290000000001555 9.23000000000108 964427.3600000434
-7.270000000001573 9.210000000001108 964427.3600000434
-7.270000000001573 9.210000000001108 964427.3600000434
-7.250000000001592 9.190000000001126 964427.3600000434
-7.250000000001592 9.190000000001126 964427.3600000434
-7.190000000001646 9.130000000001154 964427.3600000434
-7.190000000001646 9.130000000001154 964427.3600000434
-7.1600000000016735 9.100000000001142 964427.3600000434
-7.1600000000016735 9.100000000001142 964427.3600000434
-7.140000000001692 9.080000000001169 964427.3600000434
-7.140000000001692 9.080000000001169 964427.3600000434
-7.100000000001728 9.040000000001196 964427.3600000434
-7.100000000001728 9.040000000001196 964427.3600000434
-7.030000000001792 8.970000000001212 964427.3600000434
-7.030000000001792 8.970000000001212 964427.3600000434
-7.01000000000181 8.95000000000123 964427.3600000434
-7.01000000000181 8.95000000000123 964427.3600000434
21.970000000000027 468.97 964427.3600000434
-6.960000000001855 8.900000000001267 964427.3600000434
-6.960000000001855 8.900000000001267 964427.3600000434
-6.940000000001874 8.880000000001294 964427.3600000434
-6.940000000001874 8.880000000001294 964427.3600000434
-7.760000000000218 138.19999999999982 964427.3600000434
-7.760000000000218 138.19999999999982 964427.3600000434
-6.910000000001901 8.850000000001312 964427.3600000434
-6.910000000001901 8.850000000001312 964427.3600000434
-6.860000000001946 8.800000000001349 964427.3600000434
-6.860000000001946 8.800000000001349 964427.3600000434
-6.79000000000201 8.730000000001386 964427.3600000434
-6.79000000000201 8.730000000001386 964427.3600000434
-6.750000000002046 8.690000000001392 964427.3600000434
-6.750000000002046 8.690000000001392 964427.3600000434
-6.970000000001846 8.990000000001224 964427.3600000434
-6.970000000001846 8.990000000001224 964427.3600000434
-114.03999999999996 1.9600000000000364 964427.3600000434
-114.03999999999996 1.9600000000000364 964427.3600000434
-6.6300000000021555 8.570000000001457 964427.3600000434
-6.6300000000021555 8.570000000001457 964427.3600000434
43.71000000000006 323.5900000000004 964427.3600000434
45.23999999999995 323.5600000000004 964427.3600000434
-7.830000000001064 9.990000000000604 964427.3600000434
-7.830000000001064 9.990000000000604 964427.3600000434
-6.57000000000221 8.51000000000149 964427.3600000434
-6.57000000000221 8.51000000000149 964427.3600000434
-6.550000000002228 8.490000000001478 964427.3600000434
-6.550000000002228 8.490000000001478 964427.3600000434
-4.750000000000227 283.1899999999998 964427.3600000434
-4.750000000000227 283.1899999999998 964427.3600000434
5.92999999999998 50.04999999999999 964427.3600000434
96.24999999999962 321.2500000000016 964427.3600000434
-56.23999999999978 12.080000000000837 964427.3600000434
-56.23999999999978 12.080000000000837 964427.3600000434
-99.94000000000005 1.5600000000004002 964427.3600000434
-99.94000000000005 1.5600000000004002 964427.3600000434
1.6000000000012733 444.30000000000064 964427.3600000434
1.410000000001446 411.4899999999997 964427.3600000434
-9.840000000000146 106.97999999999999 964427.3600000434
-9.840000000000146 106.97999999999999 964427.3600000434
0.8800000000019281 429.46000000000026 964427.3600000434
-91.95000000000005 6.770000000000209 964427.3600000434
-91.95000000000005 6.770000000000209 964427.3600000434
4.410000000002356 384.87000000000046 964427.3600000434
-7.9000000000010004 11.640000000000004 964427.3600000434
-7.9000000000010004 11.640000000000004 964427.3600000434
6.799999999999983 296.9200000000001 964427.3600000434
65.1700000000006 259.9100000000001 964427.3600000434
-11.1300000000017 168.91000000000008 964427.3600000434
-11.1300000000017 168.91000000000008 964427.3600000434
4.319999999999993 247.25999999999885 964427.3600000434
-9.269999999999754 9.97000000000088 964427.3600000434
-9.269999999999754 9.97000000000088 964427.3600000434
93.33000000000017 248.99 964427.3600000434
-7.720000000001164 9.560000000000855 964427.3600000434
-7.720000000001164 9.560000000000855 964427.3600000434
4.950000000000955 376.15 964427.3600000434
2.2799999999990863 258.6799999999985 964427.3600000434
29.35000000000021 203.01 964427.3600000434
5.720000000000006 242.40000000000146 964427.3600000434
32.89999999999982 214.01999999999998 964427.3600000434
20.050000000000008 198.07000000000085 964427.3600000434
64.07000000000004 220.14999999999986 964427.3600000434
-112.94000000000005 311.3199999999997 964427.3600000434
-112.94000000000005 -1.680000000000291 964427.3600000434
-112.94000000000005 311.3199999999997 964427.3600000434
-112.94000000000005 -1.680000000000291 964427.3600000434
-6.540000000002237 8.460000000001505 964427.3600000434
-6.540000000002237 8.460000000001505 964427.3600000434
30.85000000000029 302.3299999999979 964427.3600000434
12.840000000000003 185.0400000000027 964427.3600000434
22.890000000000295 129.6900000000012 964427.3600000434
55.04999999999959 168.25000000000068 964427.3600000434
0.3000000000000092 50.90000000000002 964427.3600000434
38.59999999999988 274.94000000000096 964427.3600000434
56.80999999999964 153.74999999999932 964427.3600000434
-6.550000000002228 8.450000000001523 964427.3600000434
-6.550000000002228 8.450000000001523 964427.3600000434
6.079999999999998 62.64000000000007 964427.3600000434
28.709999999999955 188.51000000000045 964427.3600000434
14.950000000000022 129.15000000000077 964427.3600000434
67.54999999999977 310.2900000000034 964427.3600000434
50.019999999999996 170.03999999999996 964427.3600000434
50.25999999999995 144.8000000000011 964427.3600000434
40.60000000000028 151.60000000000127 964427.3600000434
10.560000000000073 205.67999999999847 964427.3600000434
-1.6900000000011914 303.069999999999 964427.3600000434
-1.6900000000011914 303.069999999999 964427.3600000434
4.93999999999998 280.28000000000065 964427.3600000434
70.75999999999937 232.7599999999984 964427.3600000434
46.68000000000026 171.07999999999993 964427.3600000434
6.410000000000013 72.61000000000082 964427.3600000434
-2.2300000000025193 189.02999999999997 964427.3600000434
-2.2300000000025193 189.02999999999997 964427.3600000434
-79.25000000000159 312.22999999999706 964427.3600000434
-79.25000000000159 -0.7700000000029377 964427.3600000434
-79.25000000000159 312.22999999999706 964427.3600000434
-79.25000000000159 -0.7700000000029377 964427.3600000434
3.979999999999979 133.6599999999985 964427.3600000434
4.609999999999966 116.03000000000002 964427.3600000434
34.84999999999983 109.88999999999943 964427.3600000434
60.02000000000059 262.13999999999805 964427.3600000434
84.53999999999925 250.98000000000002 964427.3600000434
56.43999999999971 192.2999999999979 964427.3600000434
16.979999999999997 300.4399999999987 964427.3600000434
87.36999999999917 244.0300000000018 964427.3600000434
53.79000000000004 185.3300000000006 964427.3600000434
97.13000000000109 255.5299999999968 964427.3600000434
16.26000000000002 72.30000000000169 964427.3600000434
23.64999999999979 211.56999999999857 964427.3600000434
40.80000000000024 132.01999999999998 964427.3600000434
40.04000000000019 159.4199999999987 964427.3600000434
43.329999999999934 192.04999999999814 964427.3600000434
72.9300000000015 297.75000000000387 964427.3600000434
87.97999999999948 260.2599999999952 964427.3600000434
-29.049999999999045 310.6499999999967 964427.3600000434
-29.049999999999045 -2.3500000000033197 964427.3600000434
-29.049999999999045 310.6499999999967 964427.3600000434
-29.049999999999045 -2.3500000000033197 964427.3600000434
58.5199999999999 208.96000000000186 964427.3600000434
5.980000000000022 30.73999999999996 964427.3600000434
28.210000000000033 289.7900000000002 964427.3600000434
5.069999999999956 97.2299999999991 964427.3600000434
25.480000000000075 275.3400000000024 964427.3600000434
64.43999999999983 180.0 964427.3600000434
77.87000000000096 227.5500000000004 964427.3600000434
48.92999999999942 291.01 964427.3600000434
22.809999999999814 103.78999999999887 964427.3600000434
23.19000000000003 144.18999999999983 964427.3600000434
43.15999999999937 221.25999999999976 964427.3600000434
72.69000000000138 264.6299999999967 964427.3600000434
19.30999999999958 159.00999999999726 964427.3600000434
17.1900000000001 245.56999999999766 964427.3600000434
33.14000000000017 229.13999999999714 964427.3600000434
17.359999999999744 279.1000000000008 964427.3600000434
35.68000000000046 177.0200000000018 964427.3600000434
44.94000000000061 258.40000000000236 964427.3600000434
54.45000000000031 240.91000000000008 964427.3600000434
11.189999999999996 226.99000000000183 964427.3600000434
103.51000000000026 294.87000000000194 964427.3600000434
-150.36999999999966 0.0100000000009004 964427.3600000434
-150.36999999999966 0.0100000000009004 964427.3600000434
334 131 964427.3600000434
334 444 964427.3600000434
347 226 964427.3600000434
347 226 964427.3600000434
281 363 964427.3600000434
281 363 964427.3600000434
454 240 964427.3600000434
454 240 964427.3600000434
279 443 964427.3600000434
279 443 964427.3600000434
269 400 964427.3600000434
269 400 964427.3600000434
420 159 964427.3600000434
420 159 964427.3600000434
356 389 964427.3600000434
264 440 964427.3600000434
264 440 964427.3600000434
402 218 964427.3600000434
402 218 964427.3600000434
447 276 964427.3600000434
447 276 964427.3600000434
448 279 964427.3600000434
448 279 964427.3600000434
373 395 964427.3600000434
464 254 964427.3600000434
464 254 964427.3600000434
377 220 964427.3600000434
377 220 964427.3600000434
384 338 964427.3600000434
419 153 964427.3600000434
419 466 964427.3600000434
368 153 964427.3600000434
368 466 964427.3600000434
355 365 964427.3600000434
442 183 964427.3600000434
442 183 964427.3600000434
402 255 964427.3600000434
402 255 964427.3600000434
423 212 964427.3600000434
423 212 964427.3600000434
325 243 964427.3600000434
325 243 964427.3600000434
201 446 964427.3600000434
201 446 964427.3600000434
273 339 964427.3600000434
273 339 964427.3600000434
318 363 964427.3600000434
352 353 964427.3600000434
363 146 964427.3600000434
363 459 964427.3600000434
210 353 964427.3600000434
210 353 964427.3600000434
351 276 964427.3600000434
351 276 964427.3600000434
199 423 964427.3600000434
199 423 964427.3600000434
377 260 964427.3600000434
377 260 964427.3600000434
443 426 964427.3600000434
164 391 964427.3600000434
164 391 964427.3600000434
276 389 964427.3600000434
276 389 964427.3600000434
449 283 964427.3600000434
449 283 964427.3600000434
326 188 964427.3600000434
326 188 964427.3600000434
356 190 964427.3600000434
356 190 964427.3600000434
379 134 964427.3600000434
379 447 964427.3600000434
446 367 964427.3600000434
224 394 964427.3600000434
224 394 964427.3600000434
436 175 964427.3600000434
436 175 964427.3600000434
146 322 964427.3600000434
459 322 964427.3600000434
234 337 964427.3600000434
234 337 964427.3600000434
328 355 964427.3600000434
460 143 964427.3600000434
460 456 964427.3600000434
267 415 964427.3600000434
267 415 964427.3600000434
385 422 964427.3600000434
345 214 964427.3600000434
345 214 964427.3600000434
409 145 964427.3600000434
409 458 964427.3600000434
438 228 964427.3600000434
438 228 964427.3600000434
299 407 964427.3600000434
299 407 964427.3600000434
361 261 964427.3600000434
361 261 964427.3600000434
336 144 964427.3600000434
336 457 964427.3600000434
457 444 964427.3600000434
455 254 964427.3600000434
455 254 964427.3600000434
444 368 964427.3600000434
156 337 964427.3600000434
469 337 964427.3600000434
430 182 964427.3600000434
430 182 964427.3600000434
366 169 964427.3600000434
366 169 964427.3600000434
408 243 964427.3600000434
408 243 964427.3600000434
411 142 964427.3600000434
411 455 964427.3600000434
328 382 964427.3600000434
365 379 964427.3600000434
207 469 964427.3600000434
207 469 964427.3600000434
138 340 964427.3600000434
451 340 964427.3600000434
354 158 964427.3600000434
354 158 964427.3600000434
203 428 964427.3600000434
203 428 964427.3600000434
338 210 964427.3600000434
338 210 964427.3600000434
382 401 964427.3600000434
169 315 964427.3600000434
169 315 964427.3600000434
361 353 964427.3600000434
379 349 964427.3600000434
329 130 964427.3600000434
329 443 964427.3600000434
163 340 964427.3600000434
163 340 964427.3600000434
463 397 964427.3600000434
198 452 964427.3600000434
198 452 964427.3600000434
413 337 964427.3600000434
209 346 964427.3600000434
209 346 964427.3600000434
185 357 964427.3600000434
185 357 964427.3600000434
442 346 964427.3600000434
399 251 964427.3600000434
399 251 964427.3600000434
162 327 964427.3600000434
162 327 964427.3600000434
192 461 964427.3600000434
192 461 964427.3600000434
158 375 964427.3600000434
158 375 964427.3600000434
366 124 964427.3600000434
366 437 964427.3600000434
338 278 964427.3600000434
338 278 964427.3600000434
189 390 964427.3600000434
189 390 964427.3600000434
226 367 964427.3600000434
226 367 964427.3600000434
355 132 964427.3600000434
355 445 964427.3600000434
405 411 964427.3600000434
418 181 964427.3600000434
418 181 964427.3600000434
280 344 964427.3600000434
280 344 964427.3600000434
197 417 964427.3600000434
197 417 964427.3600000434
333 199 964427.3600000434
333 199 964427.3600000434
237 463 964427.3600000434
237 463 964427.3600000434
400 197 964427.3600000434
400 197 964427.3600000434
187 342 964427.3600000434
187 342 964427.3600000434
183 347 964427.3600000434
183 347 964427.3600000434
351 179 964427.3600000434
351 179 964427.3600000434
446 363 964427.3600000434
237 439 964427.3600000434
237 439 964427.3600000434
253 353 964427.3600000434
253 353 964427.3600000434
431 138 964427.3600000434
431 451 964427.3600000434
361 171 964427.3600000434
361 171 964427.3600000434
432 258 964427.3600000434
432 258 964427.3600000434
402 246 964427.3600000434
402 246 964427.3600000434
319 244 964427.3600000434
319 244 964427.3600000434
432 389 964427.3600000434
332 280 964427.3600000434
332 280 964427.3600000434
185 409 964427.3600000434
185 409 964427.3600000434
426 175 964427.3600000434
426 175 964427.3600000434
221 368 964427.3600000434
221 368 964427.3600000434
403 371 964427.3600000434
284 422 964427.3600000434
284 422 964427.3600000434
266 446 964427.3600000434
266 446 964427.3600000434
437 348 964427.3600000434
190 433 964427.3600000434
190 433 964427.3600000434
240 357 964427.3600000434
240 357 964427.3600000434
341 290 964427.3600000434
341 290 964427.3600000434
412 138 964427.3600000434
412 451 964427.3600000434
181 447 964427.3600000434
181 447 964427.3600000434
285 386 964427.3600000434
285 386 964427.3600000434
372 387 964427.3600000434
170 426 964427.3600000434
170 426 964427.3600000434
247 335 964427.3600000434
247 335 964427.3600000434
467 163 964427.3600000434
467 163 964427.3600000434
221 424 964427.3600000434
221 424 964427.3600000434
176 419 964427.3600000434
176 419 964427.3600000434
262 465 964427.3600000434
262 465 964427.3600000434
344 334 964427.3600000434
453 218 964427.3600000434
453 218 964427.3600000434
257 399 964427.3600000434
257 399 964427.3600000434
399 178 964427.3600000434
399 178 964427.3600000434
279 371 964427.3600000434
279 371 964427.3600000434
341 203 964427.3600000434
341 203 964427.3600000434
369 241 964427.3600000434
369 241 964427.3600000434
220 406 964427.3600000434
220 406 964427.3600000434
240 339 964427.3600000434
240 339 964427.3600000434
444 381 964427.3600000434
205 388 964427.3600000434
205 388 964427.3600000434
375 180 964427.3600000434
375 180 964427.3600000434
418 174 964427.3600000434
418 174 964427.3600000434
210 443 964427.3600000434
210 443 964427.3600000434
375 350 964427.3600000434
178 458 964427.3600000434
178 458 964427.3600000434
453 160 964427.3600000434
453 160 964427.3600000434
459 142 964427.3600000434
459 455 964427.3600000434
449 172 964427.3600000434
449 172 964427.3600000434
152 363 964427.3600000434
465 363 964427.3600000434
349 349 964427.3600000434
253 395 964427.3600000434
253 395 964427.3600000434
371 211 964427.3600000434
371 211 964427.3600000434
198 344 964427.3600000434
198 344 964427.3600000434
342 189 964427.3600000434
342 189 964427.3600000434
385 231 964427.3600000434
385 231 964427.3600000434
337 106 964427.3600000434
337 419 964427.3600000434
175 401 964427.3600000434
175 401 964427.3600000434
383 261 964427.3600000434
383 261 964427.3600000434
390 165 964427.3600000434
390 165 964427.3600000434
335 376 964427.3600000434
181 324 964427.3600000434
181 324 964427.3600000434
355 153 964427.3600000434
355 466 964427.3600000434
467 313 964427.3600000434
422 149 964427.3600000434
422 462 964427.3600000434
457 290 964427.3600000434
457 290 964427.3600000434
206 433 964427.3600000434
206 433 964427.3600000434
328 340 964427.3600000434
363 170 964427.3600000434
363 170 964427.3600000434
296 357 964427.3600000434
296 357 964427.3600000434
197 416 964427.3600000434
197 416 964427.3600000434
359 331 964427.3600000434
299 364 964427.3600000434
299 364 964427.3600000434
158 366 964427.3600000434
158 366 964427.3600000434
288 332 964427.3600000434
288 332 964427.3600000434
187 388 964427.3600000434
187 388 964427.3600000434
424 180 964427.3600000434
424 180 964427.3600000434
427 215 964427.3600000434
427 215 964427.3600000434
217 436 964427.3600000434
217 436 964427.3600000434
389 228 964427.3600000434
389 228 964427.3600000434
418 378 964427.3600000434
234 374 964427.3600000434
234 374 964427.3600000434
347 111 964427.3600000434
347 424 964427.3600000434
353 221 964427.3600000434
353 221 964427.3600000434
362 116 964427.3600000434
362 429 964427.3600000434
410 176 964427.3600000434
410 176 964427.3600000434
463 280 964427.3600000434
463 280 964427.3600000434
313 364 964427.3600000434
421 206 964427.3600000434
421 206 964427.3600000434
404 413 964427.3600000434
376 260 964427.3600000434
376 260 964427.3600000434
385 360 964427.3600000434
422 252 964427.3600000434
422 252 964427.3600000434
408 252 964427.3600000434
408 252 964427.3600000434
408 138 964427.3600000434
408 451 964427.3600000434
466 292 964427.3600000434
466 292 964427.3600000434
411 395 964427.3600000434
406 249 964427.3600000434
406 249 964427.3600000434
443 168 964427.3600000434
443 168 964427.3600000434
383 134 964427.3600000434
383 447 964427.3600000434
199 450 964427.3600000434
199 450 964427.3600000434
439 147 964427.3600000434
439 460 964427.3600000434
359 291 964427.3600000434
359 291 964427.3600000434
368 190 964427.3600000434
368 190 964427.3600000434
464 157 964427.3600000434
464 157 964427.3600000434
427 401 964427.3600000434
249 428 964427.3600000434
249 428 964427.3600000434
258 424 964427.3600000434
258 424 964427.3600000434
320 344 964427.3600000434
392 412 964427.3600000434
435 365 964427.3600000434
367 186 964427.3600000434
367 186 964427.3600000434
334.97 155.97000000000003 964427.3600000434
334.97 468.97 964427.3600000434
305.2399999999998 451.1999999999998 964427.3600000434
305.2399999999998 451.1999999999998 964427.3600000434
306.02999999999815 321.9900000000012 964427.3600000434
306.02999999999815 321.9900000000012 964427.3600000434
319.00000000000017 297.1999999999998 964427.3600000434
319.00000000000017 297.1999999999998 964427.3600000434
198.96000000000004 314.96000000000004 964427.3600000434
198.96000000000004 314.96000000000004 964427.3600000434
318.2200000000007 297.2199999999998 964427.3600000434
318.2200000000007 297.2199999999998 964427.3600000434
356.71000000000004 323.5900000000004 964427.3600000434
358.23999999999995 323.5600000000004 964427.3600000434
305.16999999999894 322.9900000000006 964427.3600000434
305.16999999999894 322.9900000000006 964427.3600000434
104.99 172.95000000000095 964427.3600000434
409.2499999999996 321.2500000000016 964427.3600000434
416.0 297.02 964427.3600000434
416.0 297.02 964427.3600000434
190.14999999999986 312.6900000000012 964427.3600000434
189.16000000000076 120.10000000000005 964427.3600000434
256.7600000000002 325.08000000000084 964427.3600000434
256.7600000000002 325.08000000000084 964427.3600000434
213.05999999999995 314.5600000000004 964427.3600000434
213.05999999999995 314.5600000000004 964427.3600000434
314.6000000000013 131.30000000000064 964427.3600000434
314.6000000000013 444.30000000000064 964427.3600000434
314.41000000000145 98.48999999999974 964427.3600000434
314.41000000000145 411.4899999999997 964427.3600000434
168.8799999999992 311.84000000000106 964427.3600000434
258.50999999999954 184.90999999999644 964427.3600000434
303.15999999999985 419.98 964427.3600000434
303.15999999999985 419.98 964427.3600000434
313.8800000000019 116.46000000000024 964427.3600000434
313.8800000000019 429.46000000000026 964427.3600000434
221.04999999999995 319.7700000000002 964427.3600000434
221.04999999999995 319.7700000000002 964427.3600000434
382.88999999999993 304.56999999999766 964427.3600000434
382.88999999999993 304.56999999999766 964427.3600000434
317.41000000000236 384.87000000000046 964427.3600000434
139.91000000000008 159.17000000000075 964427.3600000434
158.85000000000014 283.9100000000001 964427.3600000434
143.95000000000186 141.87000000000012 964427.3600000434
198.94000000000005 109.91999999999996 964427.3600000434
305.099999999999 324.64 964427.3600000434
305.099999999999 324.64 964427.3600000434
122.99 175.02999999999997 964427.3600000434
134.66999999999848 55.18999999999976 964427.3600000434
217.8799999999992 122.97999999999999 964427.3600000434
203.18999999999983 115.01 964427.3600000434
98.2000000000001 141.98000000000002 964427.3600000434
148.17999999999893 142.38000000000056 964427.3600000434
47.579999999999686 19.22000000000019 964427.3600000434
198.83000000000015 136.95000000000005 964427.3600000434
303.73000000000025 322.9700000000009 964427.3600000434
303.73000000000025 322.9700000000009 964427.3600000434
126.74000000000038 147.41999999999962 964427.3600000434
305.27999999999884 322.56000000000085 964427.3600000434
305.27999999999884 322.56000000000085 964427.3600000434
107.3900000000002 159.9899999999991 964427.3600000434
104.13999999999956 182.8599999999983 964427.3600000434
128.98000000000093 166.3400000000015 964427.3600000434
129.97000000000094 55.629999999999875 964427.3600000434
254.790000000002 88.81000000000144 964427.3600000434
317.95000000000095 376.15 964427.3600000434
233.00999999999908 269.73000000000116 964427.3600000434
224.48000000000047 251.84000000000015 964427.3600000434
154.58999999999946 163.84999999999923 964427.3600000434
241.00999999999726 298.6099999999967 964427.3600000434
322.3500000000015 229.06999999999994 964427.3600000434
322.3500000000015 229.06999999999994 964427.3600000434
117.46000000000024 184.0999999999981 964427.3600000434
90.02000000000052 217.84000000000015 964427.3600000434
133.4299999999996 48.15000000000037 964427.3600000434
118.99 75.94999999999997 964427.3600000434
40.4900000000005 78.99000000000153 964427.3600000434
77.0 163.62000000000126 964427.3600000434
329.94 300.6199999999985 964427.3600000434
329.94 300.6199999999985 964427.3600000434
218.26999999999975 287.4499999999996 964427.3600000434
153.06999999999994 293.0099999999991 964427.3600000434
326.4200000000005 204.23999999999978 964427.3600000434
326.4200000000005 204.23999999999978 964427.3600000434
247.20000000000073 164.03999999999996 964427.3600000434
252.49999999999955 234.5600000000013 964427.3600000434
221.1099999999999 233.4299999999996 964427.3600000434
242.96000000000186 242.37999999999965 964427.3600000434
213.3299999999997 304.1300000000017 964427.3600000434
232.69999999999936 308.3200000000006 964427.3600000434
228.54000000000042 276.6199999999985 964427.3600000434
150.06000000000176 48.18000000000036 964427.3600000434
104.99 63.9899999999995 964427.3600000434
232.9799999999991 225.74000000000115 964427.3600000434
271.96000000000276 308.56000000000495 964427.3600000434
225.53000000000225 268.09000000000174 964427.3600000434
35.20000000000016 34.18000000000036 964427.3600000434
191.99 150.00999999999817 964427.3600000434
301.6700000000012 108.51000000000077 964427.3600000434
157.98000000000002 146.92000000000007 964427.3600000434
306.4499999999978 321.4500000000015 964427.3600000434
306.4499999999978 321.4500000000015 964427.3600000434
183.93000000000097 309.53000000000225 964427.3600000434
225.45999999999867 80.73999999999987 964427.3600000434
134.19000000000074 279.3299999999997 964427.3600000434
309.65000000000214 257.16999999999985 964427.3600000434
246.30000000000246 113.49999999999923 964427.3600000434
92.18000000000009 96.17999999999907 964427.3600000434
115.13000000000058 90.5300000000013 964427.3600000434
130.33000000000516 288.10999999999535 964427.3600000434
313.2400000000034 243.98000000000184 964427.3600000434
313.2400000000034 243.98000000000184 964427.3600000434
14.99 24.729999999999645 964427.3600000434
197.01 104.55000000000028 964427.3600000434
142.82000000000107 291.59999999999854 964427.3600000434
166.97000000000003 143.3300000000006 964427.3600000434
105.6099999999998 153.12999999999988 964427.3600000434
281.0599999999981 130.79999999999927 964427.3600000434
233.96000000000095 291.50000000000045 964427.3600000434
316.11000000000263 297.4699999999996 964427.3600000434
316.11000000000263 297.4699999999996 964427.3600000434
108.25000000000013 203.51000000000226 964427.3600000434
198.47999999999865 100.13999999999854 964427.3600000434
71.99 110.81000000000093 964427.3600000434
206.1099999999999 120.47000000000024 964427.3600000434
29.39999999999975 18.69999999999964 964427.3600000434
257.36999999999966 158.56999999999948 964427.3600000434
54.03999999999979 123.93999999999997 964427.3600000434
162.6499999999994 176.73000000000116 964427.3600000434
116.32000000000119 214.92000000000007 964427.3600000434
178.13999999999987 145.27999999999975 964427.3600000434
183.0999999999981 186.72000000000207 964427.3600000434
175.24999999999977 207.04999999999905 964427.3600000434
289.9699999999982 194.16999999999894 964427.3600000434
213.14999999999714 133.64999999999668 964427.3600000434
68.30000000000118 35.980000000000004 964427.3600000434
188.1599999999953 208.47999999999683 964427.3600000434
313.45000000000323 281.26999999999975 964427.3600000434
313.45000000000323 281.26999999999975 964427.3600000434
178.26999999999884 165.50999999999863 964427.3600000434
170.38999999999965 278.01 964427.3600000434
198.6699999999994 140.36999999999875 964427.3600000434
200.05999999999995 309.08000000000175 964427.3600000434
252.99 78.02999999999797 964427.3600000434
263.35999999999876 149.96000000000186 964427.3600000434
58.24000000000035 84.66000000000136 964427.3600000434
72.45000000000023 49.42999999999952 964427.3600000434
238.19000000000347 183.34999999999786 964427.3600000434
236.99 127.61000000000082 964427.3600000434
288.9600000000037 250.40000000000327 964427.3600000434
158.9300000000028 185.0499999999954 964427.3600000434
195.95000000000005 259.58999999999855 964427.3600000434
197.83000000000106 289.7499999999993 964427.3600000434
241.17999999999984 206.88000000000102 964427.3600000434
93.2599999999986 147.43999999999778 964427.3600000434
158.89999999999918 63.31999999999974 964427.3600000434
180.5600000000004 132.74000000000115 964427.3600000434
73.56000000000182 134.05999999999995 964427.3600000434
268.109999999999 101.64999999999982 964427.3600000434
95.90999999999944 175.4500000000005 964427.3600000434
109.0 252.41999999999962 964427.3600000434
132.18999999999892 69.7700000000009 964427.3600000434
49.14999999999977 40.10999999999998 964427.3600000434
270.16999999999894 87.9900000000005 964427.3600000434
166.1500000000044 203.7900000000002 964427.3600000434
257.94000000000005 110.75999999999988 964427.3600000434
264.84000000000106 135.55999999999767 964427.3600000434
174.3500000000006 88.09000000000005 964427.3600000434
176.57999999999856 260.3400000000024 964427.3600000434
295.67999999999665 219.11999999999898 964427.3600000434
205.1099999999999 73.96999999999947 964427.3600000434
101.26000000000116 134.54000000000315 964427.3600000434
119.55999999999875 51.08000000000018 964427.3600000434
147.88000000000193 87.04000000000156 964427.3600000434
302.43000000000234 140.60999999999763 964427.3600000434
185.05999999999995 95.87999999999994 964427.3600000434
246.97000000000094 263.0100000000009 964427.3600000434
264.1099999999999 125.16999999999906 964427.3600000434
269.069999999999 173.93000000000006 964427.3600000434
78.44999999999972 98.90999999999995 964427.3600000434
285.0600000000027 288.44000000000415 964427.3600000434
96.47999999999922 80.53999999999925 964427.3600000434
143.0100000000009 129.61000000000126 964427.3600000434
92.51999999999873 135.08000000000266 964427.3600000434
200.17000000000075 131.53000000000134 964427.3600000434
16.660000000000082 42.23999999999995 964427.3600000434
341.90999999999997 300.92999999999915 964427.3600000434
341.90999999999997 300.92999999999915 964427.3600000434
140.72000000000116 254.07999999999993 964427.3600000434
261.42999999999415 266.5099999999968 964427.3600000434
222.29999999999882 109.79999999999939 964427.3600000434
94.20000000000164 105.70000000000292 964427.3600000434
64.94999999999946 134.2299999999998 964427.3600000434
40.94000000000021 52.679999999999865 964427.3600000434
284.4399999999996 109.5800000000003 964427.3600000434
300.72999999999934 167.11000000000172 964427.3600000434
156.6900000000012 118.84999999999941 964427.3600000434
208.5499999999986 159.5099999999968 964427.3600000434
138.11999999999807 173.47999999999865 964427.3600000434
245.86999999999648 289.16999999999985 964427.3600000434
165.34999999999786 229.26999999999884 964427.3600000434
163.94000000000005 77.91999999999996 964427.3600000434
141.0999999999999 239.6600000000003 964427.3600000434
235.88000000000102 148.26000000000158 964427.3600000434
70.81000000000093 87.0099999999995 964427.3600000434
264.7000000000003 227.86000000000013 964427.3600000434
149.99 278.19000000000165 964427.3600000434
119.7800000000004 259.25999999999885 964427.3600000434
164.99 280.14999999999986 964427.3600000434
37.94000000000021 41.25999999999975 964427.3600000434
129.97000000000003 110.70999999999883 964427.3600000434
296.2300000000016 267.44999999999686 964427.3600000434
84.8199999999994 178.63999999999942 964427.3600000434
89.46999999999973 57.81000000000004 964427.3600000434
198.49000000000228 242.810000000002 964427.3600000434
179.21999999999707 282.0799999999999 964427.3600000434
275.68999999999846 221.28999999999974 964427.3600000434
167.790000000002 266.0100000000009 964427.3600000434
166.109999999999 301.1300000000017 964427.3600000434
132.44000000000142 273.5000000000023 964427.3600000434
72.5600000000008 21.819999999999503 964427.3600000434
232.23000000000343 165.68999999999846 964427.3600000434
306.880000000001 190.05999999999904 964427.3600000434
209.00999999999726 191.85000000000014 964427.3600000434
246.02999999999724 277.7299999999984 964427.3600000434
221.29999999999882 94.00000000000051 964427.3600000434
49.15999999999997 112.4799999999982 964427.3600000434
118.06000000000003 134.30000000000337 964427.3600000434
24.160000000000338 61.86000000000023 964427.3600000434
285.2399999999998 181.05999999999995 964427.3600000434
60.29000000000034 37.129999999999974 964427.3600000434
240.5700000000004 274.06999999999994 964427.3600000434
256.02999999999724 253.09000000000174 964427.3600000434
251.98000000000002 175.72000000000025 964427.3600000434
107.67999999999881 214.05999999999813 964427.3600000434
278.710000000003 199.2099999999989 964427.3600000434
189.36999999999966 79.31000000000118 964427.3600000434
131.56999999999766 187.5099999999959 964427.3600000434
150.76000000000295 309.9200000000028 964427.3600000434
174.6800000000012 104.69999999999933 964427.3600000434
282.7599999999993 164.52000000000407 964427.3600000434
61.44999999999951 72.72999999999935 964427.3600000434
286.92999999999824 305.63000000000125 964427.3600000434
169.84000000000015 114.12000000000057 964427.3600000434
153.4099999999978 253.63000000000034 964427.3600000434
186.40000000000055 70.77999999999784 964427.3600000434
210.88000000000375 225.2800000000043 964427.3600000434
97.5400000000013 239.78000000000293 964427.3600000434
113.35000000000018 173.95000000000095 964427.3600000434
298.96000000000004 91.77999999999886 964427.3600000434
52.85999999999983 63.97999999999899 964427.3600000434
109.74000000000038 148.16000000000076 964427.3600000434
207.70000000000118 276.64000000000215 964427.3600000434
110.95999999999998 180.63999999999942 964427.3600000434
160.8699999999974 51.93000000000021 964427.3600000434
151.04999999999995 156.47000000000048 964427.3600000434
162.63000000000034 313.0100000000009 964427.3600000434
162.63000000000034 313.0100000000009 964427.3600000434
85.60999999999929 197.36999999999966 964427.3600000434
123.99999999999949 229.8599999999983 964427.3600000434
141.12999999999897 214.55000000000314 964427.3600000434
34 -87 964427.3600000434
347 -87 964427.3600000434
34 -87 964427.3600000434
347 -87 964427.3600000434
-32 -263 964427.3600000434
-32 -263 964427.3600000434
141 -73 964427.3600000434
454 -73 964427.3600000434
141 -73 964427.3600000434
454 -73 964427.3600000434
-34 -183 964427.3600000434
-34 -183 964427.3600000434
-44 -226 964427.3600000434
-44 -226 964427.3600000434
107 -154 964427.3600000434
420 -154 964427.3600000434
107 -154 964427.3600000434
420 -154 964427.3600000434
255 -50 964427.3600000434
255 -50 964427.3600000434
215 -83 964427.3600000434
215 -83 964427.3600000434
183 -108 964427.3600000434
183 -108 964427.3600000434
258 -132 964427.3600000434
258 -132 964427.3600000434
-49 -186 964427.3600000434
-49 -186 964427.3600000434
89 -95 964427.3600000434
402 -95 964427.3600000434
89 -95 964427.3600000434
402 -95 964427.3600000434
134 -37 964427.3600000434
447 -37 964427.3600000434
134 -37 964427.3600000434
447 -37 964427.3600000434
135 -34 964427.3600000434
448 -34 964427.3600000434
135 -34 964427.3600000434
448 -34 964427.3600000434
201 -68 964427.3600000434
201 -68 964427.3600000434
252 -137 964427.3600000434
252 -137 964427.3600000434
199 -24 964427.3600000434
199 -24 964427.3600000434
151 -59 964427.3600000434
464 -59 964427.3600000434
151 -59 964427.3600000434
464 -59 964427.3600000434
64 -93 964427.3600000434
377 -93 964427.3600000434
64 -93 964427.3600000434
377 -93 964427.3600000434
384 25 964427.3600000434
355 52 964427.3600000434
129 -130 964427.3600000434
442 -130 964427.3600000434
129 -130 964427.3600000434
442 -130 964427.3600000434
298 -49 964427.3600000434
-15 -49 964427.3600000434
298 -49 964427.3600000434
-15 -49 964427.3600000434
89 -58 964427.3600000434
402 -58 964427.3600000434
89 -58 964427.3600000434
402 -58 964427.3600000434
110 -101 964427.3600000434
423 -101 964427.3600000434
110 -101 964427.3600000434
423 -101 964427.3600000434
12 -70 964427.3600000434
325 -70 964427.3600000434
12 -70 964427.3600000434
325 -70 964427.3600000434
235 -21 964427.3600000434
235 -21 964427.3600000434
-40 -287 964427.3600000434
-40 -287 964427.3600000434
318 50 964427.3600000434
232 -86 964427.3600000434
232 -86 964427.3600000434
352 40 964427.3600000434
-103 -273 964427.3600000434
-103 -273 964427.3600000434
38 -37 964427.3600000434
351 -37 964427.3600000434
38 -37 964427.3600000434
351 -37 964427.3600000434
64 -53 964427.3600000434
377 -53 964427.3600000434
64 -53 964427.3600000434
377 -53 964427.3600000434
-37 -237 964427.3600000434
-37 -237 964427.3600000434
136 -30 964427.3600000434
449 -30 964427.3600000434
136 -30 964427.3600000434
449 -30 964427.3600000434
13 -125 964427.3600000434
326 -125 964427.3600000434
13 -125 964427.3600000434
326 -125 964427.3600000434
43 -123 964427.3600000434
356 -123 964427.3600000434
43 -123 964427.3600000434
356 -123 964427.3600000434
232 -42 964427.3600000434
232 -42 964427.3600000434
446 54 964427.3600000434
248 -149 964427.3600000434
248 -149 964427.3600000434
-89 -232 964427.3600000434
-89 -232 964427.3600000434
123 -138 964427.3600000434
436 -138 964427.3600000434
123 -138 964427.3600000434
436 -138 964427.3600000434
459 9 964427.3600000434
-79 -289 964427.3600000434
-79 -289 964427.3600000434
328 42 964427.3600000434
218 -26 964427.3600000434
218 -26 964427.3600000434
-46 -211 964427.3600000434
-46 -211 964427.3600000434
176 -31 964427.3600000434
176 -31 964427.3600000434
32 -99 964427.3600000434
345 -99 964427.3600000434
32 -99 964427.3600000434
345 -99 964427.3600000434
125 -85 964427.3600000434
438 -85 964427.3600000434
125 -85 964427.3600000434
438 -85 964427.3600000434
-14 -219 964427.3600000434
-14 -219 964427.3600000434
48 -52 964427.3600000434
361 -52 964427.3600000434
48 -52 964427.3600000434
361 -52 964427.3600000434
241 -39 964427.3600000434
241 -39 964427.3600000434
170 -35 964427.3600000434
170 -35 964427.3600000434
162 -133 964427.3600000434
162 -133 964427.3600000434
142 -59 964427.3600000434
455 -59 964427.3600000434
142 -59 964427.3600000434
455 -59 964427.3600000434
444 55 964427.3600000434
229 -38 964427.3600000434
229 -38 964427.3600000434
469 24 964427.3600000434
117 -131 964427.3600000434
430 -131 964427.3600000434
117 -131 964427.3600000434
430 -131 964427.3600000434
53 -144 964427.3600000434
366 -144 964427.3600000434
53 -144 964427.3600000434
366 -144 964427.3600000434
95 -70 964427.3600000434
408 -70 964427.3600000434
95 -70 964427.3600000434
408 -70 964427.3600000434
213 -7 964427.3600000434
213 -7 964427.3600000434
365 66 964427.3600000434
282 -115 964427.3600000434
-31 -115 964427.3600000434
282 -115 964427.3600000434
-31 -115 964427.3600000434
451 27 964427.3600000434
41 -155 964427.3600000434
354 -155 964427.3600000434
41 -155 964427.3600000434
354 -155 964427.3600000434
248 -49 964427.3600000434
248 -49 964427.3600000434
25 -103 964427.3600000434
338 -103 964427.3600000434
25 -103 964427.3600000434
338 -103 964427.3600000434
361 40 964427.3600000434
379 36 964427.3600000434
463 84 964427.3600000434
413 24 964427.3600000434
-104 -280 964427.3600000434
-104 -280 964427.3600000434
288 -20 964427.3600000434
288 -20 964427.3600000434
442 33 964427.3600000434
86 -62 964427.3600000434
399 -62 964427.3600000434
86 -62 964427.3600000434
399 -62 964427.3600000434
171 -109 964427.3600000434
171 -109 964427.3600000434
236 -149 964427.3600000434
236 -149 964427.3600000434
288 -120 964427.3600000434
-25 -120 964427.3600000434
288 -120 964427.3600000434
-25 -120 964427.3600000434
25 -35 964427.3600000434
338 -35 964427.3600000434
25 -35 964427.3600000434
338 -35 964427.3600000434
-87 -259 964427.3600000434
-87 -259 964427.3600000434
105 -132 964427.3600000434
418 -132 964427.3600000434
105 -132 964427.3600000434
418 -132 964427.3600000434
-33 -282 964427.3600000434
-33 -282 964427.3600000434
20 -114 964427.3600000434
333 -114 964427.3600000434
20 -114 964427.3600000434
333 -114 964427.3600000434
87 -116 964427.3600000434
400 -116 964427.3600000434
87 -116 964427.3600000434
400 -116 964427.3600000434
257 -155 964427.3600000434
-56 -155 964427.3600000434
257 -155 964427.3600000434
-56 -155 964427.3600000434
38 -134 964427.3600000434
351 -134 964427.3600000434
38 -134 964427.3600000434
351 -134 964427.3600000434
165 -33 964427.3600000434
165 -33 964427.3600000434
446 50 964427.3600000434
159 -29 964427.3600000434
159 -29 964427.3600000434
-60 -273 964427.3600000434
-60 -273 964427.3600000434
252 -77 964427.3600000434
252 -77 964427.3600000434
48 -142 964427.3600000434
361 -142 964427.3600000434
48 -142 964427.3600000434
361 -142 964427.3600000434
119 -55 964427.3600000434
432 -55 964427.3600000434
119 -55 964427.3600000434
432 -55 964427.3600000434
89 -67 964427.3600000434
402 -67 964427.3600000434
89 -67 964427.3600000434
402 -67 964427.3600000434
6 -69 964427.3600000434
319 -69 964427.3600000434
6 -69 964427.3600000434
319 -69 964427.3600000434
432 76 964427.3600000434
19 -33 964427.3600000434
332 -33 964427.3600000434
19 -33 964427.3600000434
332 -33 964427.3600000434
113 -138 964427.3600000434
426 -138 964427.3600000434
113 -138 964427.3600000434
426 -138 964427.3600000434
268 -139 964427.3600000434
-45 -139 964427.3600000434
268 -139 964427.3600000434
-45 -139 964427.3600000434
-92 -258 964427.3600000434
-92 -258 964427.3600000434
403 58 964427.3600000434
245 -71 964427.3600000434
245 -71 964427.3600000434
282 -144 964427.3600000434
-31 -144 964427.3600000434
282 -144 964427.3600000434
-31 -144 964427.3600000434
265 -85 964427.3600000434
265 -85 964427.3600000434
-29 -204 964427.3600000434
-29 -204 964427.3600000434
242 -24 964427.3600000434
242 -24 964427.3600000434
-47 -180 964427.3600000434
-47 -180 964427.3600000434
437 35 964427.3600000434
-73 -269 964427.3600000434
-73 -269 964427.3600000434
28 -23 964427.3600000434
341 -23 964427.3600000434
28 -23 964427.3600000434
341 -23 964427.3600000434
-28 -240 964427.3600000434
-28 -240 964427.3600000434
372 74 964427.3600000434
238 -18 964427.3600000434
238 -18 964427.3600000434
-66 -291 964427.3600000434
-66 -291 964427.3600000434
154 -150 964427.3600000434
467 -150 964427.3600000434
154 -150 964427.3600000434
467 -150 964427.3600000434
293 -59 964427.3600000434
-20 -59 964427.3600000434
293 -59 964427.3600000434
-20 -59 964427.3600000434
163 -85 964427.3600000434
163 -85 964427.3600000434
-51 -161 964427.3600000434
-51 -161 964427.3600000434
175 -107 964427.3600000434
175 -107 964427.3600000434
170 -46 964427.3600000434
170 -46 964427.3600000434
177 -149 964427.3600000434
177 -149 964427.3600000434
344 21 964427.3600000434
140 -95 964427.3600000434
453 -95 964427.3600000434
140 -95 964427.3600000434
453 -95 964427.3600000434
-56 -227 964427.3600000434
-56 -227 964427.3600000434
86 -135 964427.3600000434
399 -135 964427.3600000434
86 -135 964427.3600000434
399 -135 964427.3600000434
-34 -255 964427.3600000434
-34 -255 964427.3600000434
28 -110 964427.3600000434
341 -110 964427.3600000434
28 -110 964427.3600000434
341 -110 964427.3600000434
56 -72 964427.3600000434
369 -72 964427.3600000434
56 -72 964427.3600000434
369 -72 964427.3600000434
-73 -287 964427.3600000434
-73 -287 964427.3600000434
444 68 964427.3600000434
228 -43 964427.3600000434
228 -43 964427.3600000434
62 -133 964427.3600000434
375 -133 964427.3600000434
62 -133 964427.3600000434
375 -133 964427.3600000434
253 -58 964427.3600000434
253 -58 964427.3600000434
105 -139 964427.3600000434
418 -139 964427.3600000434
105 -139 964427.3600000434
418 -139 964427.3600000434
375 37 964427.3600000434
241 -105 964427.3600000434
241 -105 964427.3600000434
140 -153 964427.3600000434
453 -153 964427.3600000434
140 -153 964427.3600000434
453 -153 964427.3600000434
136 -141 964427.3600000434
449 -141 964427.3600000434
136 -141 964427.3600000434
449 -141 964427.3600000434
465 50 964427.3600000434
349 36 964427.3600000434
-60 -231 964427.3600000434
-60 -231 964427.3600000434
58 -102 964427.3600000434
371 -102 964427.3600000434
58 -102 964427.3600000434
371 -102 964427.3600000434
29 -124 964427.3600000434
342 -124 964427.3600000434
29 -124 964427.3600000434
342 -124 964427.3600000434
72 -82 964427.3600000434
385 -82 964427.3600000434
72 -82 964427.3600000434
385 -82 964427.3600000434
70 -52 964427.3600000434
383 -52 964427.3600000434
70 -52 964427.3600000434
383 -52 964427.3600000434
77 -148 964427.3600000434
390 -148 964427.3600000434
77 -148 964427.3600000434
390 -148 964427.3600000434
175 -50 964427.3600000434
175 -50 964427.3600000434
335 63 964427.3600000434
243 -37 964427.3600000434
243 -37 964427.3600000434
467 0 964427.3600000434
144 -23 964427.3600000434
457 -23 964427.3600000434
144 -23 964427.3600000434
457 -23 964427.3600000434
242 -132 964427.3600000434
242 -132 964427.3600000434
328 27 964427.3600000434
50 -143 964427.3600000434
363 -143 964427.3600000434
50 -143 964427.3600000434
363 -143 964427.3600000434
-17 -269 964427.3600000434
-17 -269 964427.3600000434
206 -121 964427.3600000434
206 -121 964427.3600000434
359 18 964427.3600000434
-14 -262 964427.3600000434
-14 -262 964427.3600000434
-25 -294 964427.3600000434
-25 -294 964427.3600000434
181 -124 964427.3600000434
181 -124 964427.3600000434
111 -133 964427.3600000434
424 -133 964427.3600000434
111 -133 964427.3600000434
424 -133 964427.3600000434
114 -98 964427.3600000434
427 -98 964427.3600000434
114 -98 964427.3600000434
427 -98 964427.3600000434
76 -85 964427.3600000434
389 -85 964427.3600000434
76 -85 964427.3600000434
389 -85 964427.3600000434
418 65 964427.3600000434
-79 -252 964427.3600000434
-79 -252 964427.3600000434
165 -10 964427.3600000434
165 -10 964427.3600000434
285 -132 964427.3600000434
-28 -132 964427.3600000434
285 -132 964427.3600000434
-28 -132 964427.3600000434
40 -92 964427.3600000434
353 -92 964427.3600000434
40 -92 964427.3600000434
353 -92 964427.3600000434
97 -137 964427.3600000434
410 -137 964427.3600000434
97 -137 964427.3600000434
410 -137 964427.3600000434
209 -34 964427.3600000434
209 -34 964427.3600000434
162 -135 964427.3600000434
162 -135 964427.3600000434
150 -33 964427.3600000434
463 -33 964427.3600000434
150 -33 964427.3600000434
463 -33 964427.3600000434
108 -107 964427.3600000434
421 -107 964427.3600000434
108 -107 964427.3600000434
421 -107 964427.3600000434
196 -55 964427.3600000434
196 -55 964427.3600000434
63 -53 964427.3600000434
376 -53 964427.3600000434
63 -53 964427.3600000434
376 -53 964427.3600000434
385 47 964427.3600000434
109 -61 964427.3600000434
422 -61 964427.3600000434
109 -61 964427.3600000434
422 -61 964427.3600000434
225 -61 964427.3600000434
225 -61 964427.3600000434
95 -61 964427.3600000434
408 -61 964427.3600000434
95 -61 964427.3600000434
408 -61 964427.3600000434
153 -21 964427.3600000434
466 -21 964427.3600000434
153 -21 964427.3600000434
466 -21 964427.3600000434
411 82 964427.3600000434
93 -64 964427.3600000434
406 -64 964427.3600000434
93 -64 964427.3600000434
406 -64 964427.3600000434
130 -145 964427.3600000434
443 -145 964427.3600000434
130 -145 964427.3600000434
443 -145 964427.3600000434
221 -80 964427.3600000434
221 -80 964427.3600000434
274 -92 964427.3600000434
274 -92 964427.3600000434
46 -22 964427.3600000434
359 -22 964427.3600000434
46 -22 964427.3600000434
359 -22 964427.3600000434
55 -123 964427.3600000434
368 -123 964427.3600000434
55 -123 964427.3600000434
368 -123 964427.3600000434
151 -156 964427.3600000434
464 -156 964427.3600000434
151 -156 964427.3600000434
464 -156 964427.3600000434
-64 -198 964427.3600000434
-64 -198 964427.3600000434
-55 -202 964427.3600000434
-55 -202 964427.3600000434
320 31 964427.3600000434
435 52 964427.3600000434
54 -127 964427.3600000434
367 -127 964427.3600000434
54 -127 964427.3600000434
367 -127 964427.3600000434
5.620000000000337 -15.920000000000073 964427.3600000434
5.620000000000337 -15.920000000000073 964427.3600000434
292.04999999999995 -95.02999999999997 964427.3600000434
-20.950000000000045 -95.02999999999997 964427.3600000434
292.04999999999995 -95.02999999999997 964427.3600000434
-20.950000000000045 -95.02999999999997 964427.3600000434
4.22000000000161 -15.680000000000291 964427.3600000434
4.22000000000161 -15.680000000000291 964427.3600000434
4.190000000001637 -15.6700000000003 964427.3600000434
4.190000000001637 -15.6700000000003 964427.3600000434
3.8100000000020007 -15.650000000000318 964427.3600000434
3.8100000000020007 -15.650000000000318 964427.3600000434
-7.760000000000218 -174.80000000000018 964427.3600000434
-7.760000000000218 -174.80000000000018 964427.3600000434
-6.970000000001846 -304.0099999999988 964427.3600000434
-6.970000000001846 -304.0099999999988 964427.3600000434
6.000000000000169 -15.800000000000182 964427.3600000434
319.00000000000017 -15.800000000000182 964427.3600000434
6.000000000000169 -15.800000000000182 964427.3600000434
319.00000000000017 -15.800000000000182 964427.3600000434
-114.03999999999996 -311.03999999999996 964427.3600000434
-114.03999999999996 -311.03999999999996 964427.3600000434
5.220000000000683 -15.7800000000002 964427.3600000434
318.2200000000007 -15.7800000000002 964427.3600000434
5.220000000000683 -15.7800000000002 964427.3600000434
318.2200000000007 -15.7800000000002 964427.3600000434
356.71000000000004 10.590000000000373 964427.3600000434
358.23999999999995 10.5600000000004 964427.3600000434
-7.830000000001064 -303.0099999999994 964427.3600000434
-7.830000000001064 -303.0099999999994 964427.3600000434
308.2499999999998 -29.810000000000173 964427.3600000434
-4.750000000000227 -29.810000000000173 964427.3600000434
308.2499999999998 -29.810000000000173 964427.3600000434
-4.750000000000227 -29.810000000000173 964427.3600000434
169.4399999999996 3.1399999999999757 964427.3600000434
409.2499999999996 8.250000000001592 964427.3600000434
103.0 -15.980000000000018 964427.3600000434
416.0 -15.980000000000018 964427.3600000434
103.0 -15.980000000000018 964427.3600000434
416.0 -15.980000000000018 964427.3600000434
-56.23999999999978 -300.91999999999916 964427.3600000434
-56.23999999999978 -300.91999999999916 964427.3600000434
-99.94000000000005 -311.4399999999996 964427.3600000434
-99.94000000000005 -311.4399999999996 964427.3600000434
153.8900000000001 1.35000000000001 964427.3600000434
-9.840000000000146 -206.02 964427.3600000434
-9.840000000000146 -206.02 964427.3600000434
-91.95000000000005 -306.2299999999998 964427.3600000434
-91.95000000000005 -306.2299999999998 964427.3600000434
69.88999999999994 -8.430000000002337 964427.3600000434
382.88999999999993 -8.430000000002337 964427.3600000434
69.88999999999994 -8.430000000002337 964427.3600000434
382.88999999999993 -8.430000000002337 964427.3600000434
-7.9000000000010004 -301.36 964427.3600000434
-7.9000000000010004 -301.36 964427.3600000434
301.8699999999983 -144.08999999999992 964427.3600000434
-11.1300000000017 -144.08999999999992 964427.3600000434
301.8699999999983 -144.08999999999992 964427.3600000434
-11.1300000000017 -144.08999999999992 964427.3600000434
-9.269999999999754 -303.0299999999991 964427.3600000434
-9.269999999999754 -303.0299999999991 964427.3600000434
-7.720000000001164 -303.43999999999915 964427.3600000434
-7.720000000001164 -303.43999999999915 964427.3600000434
317.95000000000095 63.14999999999997 964427.3600000434
311.2900000000034 27.430000000000067 964427.3600000434
185.03999999999996 0.43999999999909073 964427.3600000434
9.3500000000015 -83.93000000000006 964427.3600000434
322.3500000000015 -83.93000000000006 964427.3600000434
9.3500000000015 -83.93000000000006 964427.3600000434
322.3500000000015 -83.93000000000006 964427.3600000434
16.93999999999999 -12.380000000001473 964427.3600000434
329.94 -12.380000000001473 964427.3600000434
16.93999999999999 -12.380000000001473 964427.3600000434
329.94 -12.380000000001473 964427.3600000434
13.420000000000528 -108.76000000000022 964427.3600000434
326.4200000000005 -108.76000000000022 964427.3600000434
13.420000000000528 -108.76000000000022 964427.3600000434
326.4200000000005 -108.76000000000022 964427.3600000434
200.05999999999995 -1.680000000000291 964427.3600000434
200.05999999999995 -1.680000000000291 964427.3600000434
168.0 9.093420461070423e-15 964427.3600000434
239.99 26.150000000000023 964427.3600000434
44.39999999999992 7.920000000000066 964427.3600000434
180.8800000000001 12.119999999999976 964427.3600000434
258.04999999999905 10.250000000000059 964427.3600000434
154.74000000000115 24.0 964427.3600000434
198.0 30.47999999999992 964427.3600000434
186.98000000000002 27.01999999999969 964427.3600000434
-6.550000000002228 -304.5499999999985 964427.3600000434
-6.550000000002228 -304.5499999999985 964427.3600000434
143.3700000000024 9.069999999999999 964427.3600000434
298.7900000000002 53.5099999999995 964427.3600000434
211.77000000000112 3.829999999999961 964427.3600000434
0.2400000000034197 -69.01999999999816 964427.3600000434
313.2400000000034 -69.01999999999816 964427.3600000434
0.2400000000034197 -69.01999999999816 964427.3600000434
313.2400000000034 -69.01999999999816 964427.3600000434
247.40999999999963 21.74999999999996 964427.3600000434
311.3099999999988 -9.930000000000973 964427.3600000434
-1.6900000000011914 -9.930000000000973 964427.3600000434
311.3099999999988 -9.930000000000973 964427.3600000434
-1.6900000000011914 -9.930000000000973 964427.3600000434
3.1100000000026284 -15.530000000000427 964427.3600000434
316.11000000000263 -15.530000000000427 964427.3600000434
3.1100000000026284 -15.530000000000427 964427.3600000434
316.11000000000263 -15.530000000000427 964427.3600000434
310.7699999999975 -123.97000000000003 964427.3600000434
-2.2300000000025193 -123.97000000000003 964427.3600000434
310.7699999999975 -123.97000000000003 964427.3600000434
-2.2300000000025193 -123.97000000000003 964427.3600000434
233.7499999999984 -0.7700000000029377 964427.3600000434
233.7499999999984 -0.7700000000029377 964427.3600000434
198.98000000000002 4.919999999999938 964427.3600000434
288.01 17.7299999999998 964427.3600000434
0.4500000000032287 -31.730000000000246 964427.3600000434
313.45000000000323 -31.730000000000246 964427.3600000434
0.4500000000032287 -31.730000000000246 964427.3600000434
313.45000000000323 -31.730000000000246 964427.3600000434
231.53000000000225 23.849999999999977 964427.3600000434
208.99000000000092 41.94999999999961 964427.3600000434
271.08000000000175 25.919999999999987 964427.3600000434
94.0699999999985 9.330000000000014 964427.3600000434
162.05999999999995 13.900000000000002 964427.3600000434
255.23999999999796 41.31999999999974 964427.3600000434
303.96000000000004 10.08000000000002 964427.3600000434
296.01 41.110000000000575 964427.3600000434
283.95000000000095 -2.3500000000033197 964427.3600000434
283.95000000000095 -2.3500000000033197 964427.3600000434
28.909999999999986 -12.070000000000846 964427.3600000434
341.90999999999997 -12.070000000000846 964427.3600000434
28.909999999999986 -12.070000000000846 964427.3600000434
341.90999999999997 -12.070000000000846 964427.3600000434
211.15999999999804 30.900000000000027 964427.3600000434
280.9799999999991 32.04000000000015 964427.3600000434
221.34999999999968 8.949999999999958 964427.3600000434
165.13999999999805 27.980000000000153 964427.3600000434
280.1100000000008 49.0100000000002 964427.3600000434
181.62000000000126 35.09999999999978 964427.3600000434
240.08999999999992 44.04999999999999 964427.3600000434
138.57999999999947 26.73999999999996 964427.3600000434
116.14000000000058 3.879999999999052 964427.3600000434
310.9400000000019 50.84000000000003 964427.3600000434
356 76 964427.3600000434
373 82 964427.3600000434
443 113 964427.3600000434
385 109 964427.3600000434
457 131 964427.3600000434
328 69 964427.3600000434
382 88 964427.3600000434
405 98 964427.3600000434
404 100 964427.3600000434
427 88 964427.3600000434
392 99 964427.3600000434
317.41000000000236 71.87000000000045 964427.3600000434
236.8499999999974 62.929999999999616 964427.3600000434
99.86999999999993 27.07000000000048 964427.3600000434
276.74000000000206 59.25999999999975 964427.3600000434
128.86000000000013 32.20000000000016 964427.3600000434
217.84000000000287 56.179999999999765 964427.3600000434
185.29999999999973 47.47999999999931 964427.3600000434
273.9000000000019 74.95999999999947 964427.3600000434
226.3199999999997 52.720000000000255 964427.3600000434
287.9599999999973 73.08000000000004 964427.3600000434
120.21999999999807 34.580000000000084 964427.3600000434
-58 -50 964427.3600000434
-58 -50 964427.3600000434
-98 -83 964427.3600000434
-98 -83 964427.3600000434
-130 -108 964427.3600000434
-130 -108 964427.3600000434
-55 -132 964427.3600000434
-55 -132 964427.3600000434
-112 -68 964427.3600000434
-112 -68 964427.3600000434
-61 -137 964427.3600000434
-61 -137 964427.3600000434
-112 -180 964427.3600000434
-112 -180 964427.3600000434
-81 -86 964427.3600000434
-81 -86 964427.3600000434
-114 -203 964427.3600000434
-114 -203 964427.3600000434
-149 -235 964427.3600000434
-149 -235 964427.3600000434
-81 -42 964427.3600000434
-81 -42 964427.3600000434
-65 -149 964427.3600000434
-65 -149 964427.3600000434
-146 -169 964427.3600000434
-146 -169 964427.3600000434
-72 -39 964427.3600000434
-72 -39 964427.3600000434
-151 -133 964427.3600000434
-151 -133 964427.3600000434
-84 -38 964427.3600000434
-84 -38 964427.3600000434
-155 -166 964427.3600000434
-155 -166 964427.3600000434
-106 -157 964427.3600000434
-106 -157 964427.3600000434
-110 -198 964427.3600000434
-110 -198 964427.3600000434
-65 -49 964427.3600000434
-65 -49 964427.3600000434
-144 -311 964427.3600000434
-144 -311 964427.3600000434
-150 -286 964427.3600000434
-150 -286 964427.3600000434
-115 -174 964427.3600000434
-115 -174 964427.3600000434
-155 -193 964427.3600000434
-155 -193 964427.3600000434
-25 -20 964427.3600000434
-25 -20 964427.3600000434
-128 -269 964427.3600000434
-128 -269 964427.3600000434
-151 -299 964427.3600000434
-151 -299 964427.3600000434
-142 -109 964427.3600000434
-142 -109 964427.3600000434
-77 -149 964427.3600000434
-77 -149 964427.3600000434
-121 -165 964427.3600000434
-121 -165 964427.3600000434
-155 -251 964427.3600000434
-155 -251 964427.3600000434
-124 -236 964427.3600000434
-124 -236 964427.3600000434
-116 -209 964427.3600000434
-116 -209 964427.3600000434
-76 -163 964427.3600000434
-76 -163 964427.3600000434
-126 -284 964427.3600000434
-126 -284 964427.3600000434
-130 -279 964427.3600000434
-130 -279 964427.3600000434
-76 -187 964427.3600000434
-76 -187 964427.3600000434
-61 -77 964427.3600000434
-61 -77 964427.3600000434
-128 -217 964427.3600000434
-128 -217 964427.3600000434
-68 -71 964427.3600000434
-68 -71 964427.3600000434
-48 -85 964427.3600000434
-48 -85 964427.3600000434
-71 -24 964427.3600000434
-71 -24 964427.3600000434
-123 -193 964427.3600000434
-123 -193 964427.3600000434
-132 -179 964427.3600000434
-132 -179 964427.3600000434
-143 -200 964427.3600000434
-143 -200 964427.3600000434
-92 -202 964427.3600000434
-92 -202 964427.3600000434
-137 -207 964427.3600000434
-137 -207 964427.3600000434
-150 -85 964427.3600000434
-150 -85 964427.3600000434
-138 -107 964427.3600000434
-138 -107 964427.3600000434
-143 -46 964427.3600000434
-143 -46 964427.3600000434
-136 -149 964427.3600000434
-136 -149 964427.3600000434
-93 -220 964427.3600000434
-93 -220 964427.3600000434
-85 -43 964427.3600000434
-85 -43 964427.3600000434
-108 -238 964427.3600000434
-108 -238 964427.3600000434
-60 -58 964427.3600000434
-60 -58 964427.3600000434
-103 -183 964427.3600000434
-103 -183 964427.3600000434
-72 -105 964427.3600000434
-72 -105 964427.3600000434
-135 -168 964427.3600000434
-135 -168 964427.3600000434
-115 -282 964427.3600000434
-115 -282 964427.3600000434
-138 -225 964427.3600000434
-138 -225 964427.3600000434
-138 -50 964427.3600000434
-138 -50 964427.3600000434
-132 -302 964427.3600000434
-132 -302 964427.3600000434
-70 -37 964427.3600000434
-70 -37 964427.3600000434
-107 -193 964427.3600000434
-107 -193 964427.3600000434
-71 -132 964427.3600000434
-71 -132 964427.3600000434
-116 -210 964427.3600000434
-116 -210 964427.3600000434
-107 -121 964427.3600000434
-107 -121 964427.3600000434
-155 -260 964427.3600000434
-155 -260 964427.3600000434
-132 -124 964427.3600000434
-132 -124 964427.3600000434
-126 -238 964427.3600000434
-126 -238 964427.3600000434
-96 -190 964427.3600000434
-96 -190 964427.3600000434
-145 -313 964427.3600000434
-145 -313 964427.3600000434
-104 -34 964427.3600000434
-104 -34 964427.3600000434
-151 -135 964427.3600000434
-151 -135 964427.3600000434
-117 -55 964427.3600000434
-117 -55 964427.3600000434
-88 -61 964427.3600000434
-88 -61 964427.3600000434
-114 -176 964427.3600000434
-114 -176 964427.3600000434
-92 -80 964427.3600000434
-92 -80 964427.3600000434
-39 -92 964427.3600000434
-39 -92 964427.3600000434
-150.36999999999966 -312.9899999999991 964427.3600000434
-150.36999999999966 -312.9899999999991 964427.3600000434
-114 -24 964427.3600000434
-114 -24 964427.3600000434
-78 -21 964427.3600000434
-78 -21 964427.3600000434
-95 -26 964427.3600000434
-95 -26 964427.3600000434
-137 -31 964427.3600000434
-137 -31 964427.3600000434
-143 -35 964427.3600000434
-143 -35 964427.3600000434
-148 -33 964427.3600000434
-148 -33 964427.3600000434
-75 -18 964427.3600000434
-75 -18 964427.3600000434
