239 -36
239 -36
160 343
160 343
359 16
46 329
359 329
175 -114
175 -114
396 55
83 368
396 368
403 298
90 -15
403 -15
403 298
90 -15
403 -15
397 282
84 -31
397 -31
397 282
84 -31
397 -31
461 122
148 435
461 435
253 -33
253 -33
398 10
85 323
398 323
296 461
296 461
469 189
156 -124
469 -124
469 189
156 -124
469 -124
264 425
264 425
224 -57
224 -57
203 406
203 406
178 422
178 422
402 110
89 423
402 423
254 373
254 373
291 412
291 412
421 25
108 338
421 338
186 389
186 389
180 438
180 438
263 -65
263 -65
376 131
63 444
376 444
225 336
225 336
204 -30
204 -30
387 60
74 373
387 373
421 221
108 -92
421 -92
421 221
108 -92
421 -92
438 289
125 -24
438 -24
438 289
125 -24
438 -24
320 94
320 407
423 241
110 -72
423 -72
423 241
110 -72
423 -72
360 47
47 360
360 360
464 148
151 461
464 461
455 270
142 -43
455 -43
455 270
142 -43
455 -43
164 -142
164 -142
447 178
134 -135
447 -135
447 178
134 -135
447 -135
242 -64
242 -64
440 240
127 -73
440 -73
440 240
127 -73
440 -73
364 247
51 -66
364 -66
364 247
51 -66
364 -66
204 450
204 450
247 -43
247 -43
248 -101
248 -101
266 -58
266 -58
442 76
129 389
442 389
400 238
87 -75
400 -75
400 238
87 -75
400 -75
205 -150
205 -150
267 430
267 430
353 235
40 -78
353 -78
353 235
40 -78
353 -78
411 253
98 -60
411 -60
411 253
98 -60
411 -60
346 246
33 -67
346 -67
346 246
33 -67
346 -67
253 -138
253 -138
274 444
274 444
225 378
225 378
407 165
94 -148
407 -148
407 165
94 -148
407 -148
259 -64
259 -64
271 424
271 424
345 36
345 349
221 390
221 390
204 -147
204 -147
189 -51
189 -51
239 -21
239 -21
419 86
106 399
419 399
204 455
204 455
335 278
22 -35
335 -35
335 278
22 -35
335 -35
288 -37
288 -37
287 -154
287 -154
166 346
166 346
244 -109
244 -109
447 36
134 349
447 349
353 72
40 385
353 385
433 137
120 450
433 450
365 43
52 356
365 356
204 458
204 458
206 381
206 381
258 428
258 428
282 -115
282 -115
356 0
356 313
426 43
113 356
426 356
366 146
53 459
366 459
232 377
232 377
231 325
231 325
264 419
264 419
167 452
167 452
408 79
95 392
408 392
188 406
188 406
372 172
59 -141
372 -141
372 172
59 -141
372 -141
189 -125
189 -125
308 410
308 410
180 442
180 442
288 -111
288 -111
415 186
102 -127
415 -127
415 186
102 -127
415 -127
370 49
57 362
370 362
347 179
347 -134
347 179
347 -134
346 172
346 -141
346 172
346 -141
466 194
153 -119
466 -119
466 194
153 -119
466 -119
350 20
37 333
350 333
172 455
172 455
456 241
143 -72
456 -72
456 241
143 -72
456 -72
460 29
147 342
460 342
300 -21
300 -21
458 211
145 -102
458 -102
458 211
145 -102
458 -102
456 260
143 -53
456 -53
456 260
143 -53
456 -53
261 -41
261 -41
239 349
239 349
224 -22
224 -22
395 140
82 453
395 453
422 125
109 438
422 438
343 289
30 -24
343 -24
343 289
30 -24
343 -24
342 156
342 469
424 111
111 424
424 424
296 -148
296 -148
184 331
184 331
425 293
112 -20
425 -20
425 293
112 -20
425 -20
157 -94
157 -94
353 108
353 421
211 -14
211 -14
188 -149
188 -149
429 175
116 -138
429 -138
429 175
116 -138
429 -138
263 -123
263 -123
250 379
250 379
157 -126
157 -126
370 189
57 -124
370 -124
370 189
57 -124
370 -124
280 374
280 374
259 440
259 440
245 332
245 332
383 289
70 -24
383 -24
383 289
70 -24
383 -24
385 168
72 -145
385 -145
385 168
72 -145
385 -145
251 -76
251 -76
244 -88
244 -88
415 301
102 -12
415 -12
415 301
102 -12
415 -12
172 -125
172 -125
353 230
40 -83
353 -83
353 230
40 -83
353 -83
379 166
66 -147
379 -147
379 166
66 -147
379 -147
158 371
158 371
342 182
342 -131
342 182
342 -131
292 330
292 330
390 196
77 -117
390 -117
390 196
77 -117
390 -117
186 345
186 345
415 222
102 -91
415 -91
415 222
102 -91
415 -91
266 -68
266 -68
181 468
181 468
442 290
129 -23
442 -23
442 290
129 -23
442 -23
303 325
303 325
288 -156
288 -156
441 111
128 424
441 424
293 438
293 438
196 -143
196 -143
201 383
201 383
174 315
174 315
407 18
94 331
407 331
236 -96
236 -96
337 194
337 -119
337 194
337 -119
178 428
178 428
437 293
124 -20
437 -20
437 293
124 -20
437 -20
246 -97
246 -97
412 274
99 -39
412 -39
412 274
99 -39
412 -39
203 -96
203 -96
279 344
279 344
416 112
103 425
416 425
294 350
294 350
188 416
188 416
425 299
112 -14
425 -14
425 299
112 -14
425 -14
433 226
120 -87
433 -87
433 226
120 -87
433 -87
172 -134
172 -134
353 53
40 366
353 366
383 279
70 -34
383 -34
383 279
70 -34
383 -34
411 133
98 446
411 446
212 -98
212 -98
202 -108
202 -108
410 217
97 -96
410 -96
410 217
97 -96
410 -96
292 351
292 351
220 -100
220 -100
240 -104
240 -104
386 240
73 -73
386 -73
386 240
73 -73
386 -73
163 402
163 402
203 318
203 318
215 343
215 343
172 355
172 355
158 -77
158 -77
428 68
115 381
428 381
415 222
102 -91
415 -91
415 222
102 -91
415 -91
412 155
99 468
412 468
352 261
39 -52
352 -52
352 261
39 -52
352 -52
377 90
64 403
377 403
419 75
106 388
419 388
268 -44
268 -44
164 460
164 460
219 427
219 427
274 -45
274 -45
407 300
94 -13
407 -13
407 300
94 -13
407 -13
335 279
22 -34
335 -34
335 279
22 -34
335 -34
354 39
41 352
354 352
265 409
265 409
278 329
278 329
206 -58
206 -58
276 334
276 334
197 -18
197 -18
384 50
71 363
384 363
427 159
114 -154
427 -154
427 159
114 -154
427 -154
203 -31
203 -31
292 370
292 370
167 362
167 362
223 -62
223 -62
343 139
343 452
262 -106
262 -106
357 311
44 -2
357 -2
357 311
44 -2
357 -2
412 208
99 -105
412 -105
412 208
99 -105
412 -105
443 124
130 437
443 437
356 240
43 -73
356 -73
356 240
43 -73
356 -73
293 -37
293 -37
213 -41
213 -41
230 -82
230 -82
388 238
75 -75
388 -75
388 238
75 -75
388 -75
232 -155
232 -155
413 289
100 -24
413 -24
413 289
100 -24
413 -24
419 293
106 -20
419 -20
419 293
106 -20
419 -20
426 221
113 -92
426 -92
426 221
113 -92
426 -92
284 -77
284 -77
235 391
235 391
289 407
289 407
389 93
76 406
389 406
208 -109
208 -109
372 48
59 361
372 361
178 336
178 336
360 211
47 -102
360 -102
360 211
47 -102
360 -102
307 340
307 340
328 300
15 -13
328 -13
328 300
15 -13
328 -13
217 372
217 372
250 343
250 343
396 246
83 -67
396 -67
396 246
83 -67
396 -67
268 -21
268 -21
221 -84
221 -84
284 452
284 452
375 79
62 392
375 392
397 284
84 -29
397 -29
397 284
84 -29
397 -29
369 222
56 -91
369 -91
369 222
56 -91
369 -91
461 117
148 430
461 430
450 65
137 378
450 378
167 432
167 432
409 222
96 -91
409 -91
409 222
96 -91
409 -91
254 403
254 403
271 329
271 329
296 -125
296 -125
393 279
80 -34
393 -34
393 279
80 -34
393 -34
170 -49
170 -49
194 331
194 331
404 226
91 -87
404 -87
404 226
91 -87
404 -87
407 163
94 -150
407 -150
407 163
94 -150
407 -150
389 190
76 -123
389 -123
389 190
76 -123
389 -123
339 176
339 -137
339 176
339 -137
182 -106
182 -106
432 179
119 -134
432 -134
432 179
119 -134
432 -134
409 223
96 -90
409 -90
409 223
96 -90
409 -90
434 62
121 375
434 375
313 -148
313 -148
193 369
193 369
250 -65
250 -65
174 336
174 336
436 111
123 424
436 424
365 268
52 -45
365 -45
365 268
52 -45
365 -45
411 84
98 397
411 397
268 -155
268 -155
380 233
67 -80
380 -80
380 233
67 -80
380 -80
214 -59
214 -59
426 84
113 397
426 397
424 297
111 -16
424 -16
424 297
111 -16
424 -16
307 336
307 336
6.993000000000085 -5.997000000000071
6.993000000000085 -5.997000000000071
6.983000000000177 -5.991000000000213
6.983000000000177 -5.991000000000213
6.976000000000196 -5.984000000000378
6.976000000000196 -5.984000000000378
6.973000000000193 -5.981000000000449
6.973000000000193 -5.981000000000449
6.970000000000207 -5.97800000000052
6.970000000000207 -5.97800000000052
317.98600000000033 136.00800000000004
317.98600000000033 449.00800000000004
407.001 308.0049999999999
94.001 -4.995000000000118
407.001 -4.995000000000118
407.001 308.0049999999999
94.001 -4.995000000000118
407.001 -4.995000000000118
6.96400000000022 -5.972000000000662
6.96400000000022 -5.972000000000662
302.01899999999955 377.99299999999994
302.01899999999955 377.99299999999994
42.96900000000007 312.9650000000008
313.9620000000009 22.981999999999978
313.9620000000009 335.98199999999997
304.05799999999863 351.0
304.05799999999863 351.0
95.98899999999995 221.98899999999995
427.0 11.998000000000047
114.0 324.99800000000005
427.0 324.99800000000005
455.996 21.950000000001182
142.99599999999998 334.9500000000012
455.996 334.9500000000012
320.003 307.0129999999997
7.003000000000001 -5.987000000000307
320.003 -5.987000000000307
320.003 307.0129999999997
7.003000000000001 -5.987000000000307
320.003 -5.987000000000307
325.053 3.935000000001537
325.053 316.93500000000154
309.0299999999993 -24.01399999999967
309.0299999999993 -24.01399999999967
316.9490000000012 11.991000000000005
316.9490000000012 324.991
306.0 313.77400000000534
306.0 313.77400000000534
267.00599999999986 315.4680000000126
267.00599999999986 315.4680000000126
316.92600000000175 294.0119999999997
316.92600000000175 -18.988000000000284
316.92600000000175 294.0119999999997
316.92600000000175 -18.988000000000284
189.97199999999987 -6.934000000001561
189.97199999999987 -6.934000000001561
223.02400000000011 250.79999999999905
305.8950000000025 1.0889999999999902
319.9570000000002 307.0349999999992
6.957000000000248 -5.965000000000828
319.9570000000002 -5.965000000000828
319.9570000000002 307.0349999999992
6.957000000000248 -5.965000000000828
319.9570000000002 -5.965000000000828
319.93900000000144 300.00299999999993
6.9390000000014425 -12.997000000000071
319.93900000000144 -12.997000000000071
319.93900000000144 300.00299999999993
6.9390000000014425 -12.997000000000071
319.93900000000144 -12.997000000000071
148.00400000000002 122.31600000000151
313.88300000000277 95.97299999999987
313.88300000000277 408.97299999999984
412.0950000000005 307.1469999999965
99.09500000000045 -5.853000000003476
412.0950000000005 -5.853000000003476
412.0950000000005 307.1469999999965
99.09500000000045 -5.853000000003476
412.0950000000005 -5.853000000003476
302.9710000000007 11.991000000000005
115.02500000000012 68.02300000000011
304.00999999999976 37.99000000000002
184.02700000000013 17.870999999999842
111.02300000000011 296.9910000000002
322.9840000000004 68.01400000000007
322.9840000000004 381.01400000000007
93.89199999999948 162.86999999999938
311.4149999999902 -34.15899999999624
311.4149999999902 -34.15899999999624
173.77999999999895 22.88399999999986
89.81599999999912 297.99400000000014
203.08700000000042 5.145000000000048
98.001 253.19300000000092
91.00600000000003 2.0339999999999963
289.16199999999617 -93.09600000000046
289.16199999999617 -93.09600000000046
291.75700000000575 38.04699999999989
198.90199999999953 1.0739999999999919
246.0840000000004 216.0820000000004
263.99800000000005 111.99799999999999
180.1880000000009 124.89199999999948
310.64700000000835 130.98299999999992
97.94899999999976 132.98699999999994
248.08900000000042 211.99699999999999
312.32699999999227 340.22900000000027
312.32699999999227 340.22900000000027
271.99300000000017 -13.963000000000875
271.99300000000017 -13.963000000000875
294.09099999999785 36.97500000000006
99.98599999999993 288.9060000000022
250.98299999999992 329.9490000000012
250.98299999999992 329.9490000000012
306.10699999999747 356.999
306.10699999999747 356.999
297.7840000000051 316.704000000007
297.7840000000051 316.704000000007
43.00299999999999 240.03500000000017
234.02900000000014 6.7109999999999035
440.04800000000023 13.912000000002081
127.04800000000023 326.9120000000021
440.04800000000023 326.9120000000021
180.12200000000058 129.18000000000086
312.7090000000069 165.17500000000084
210.1900000000009 -0.6480000000083237
210.1900000000009 -0.6480000000083237
105.99199999999996 86.15600000000074
431.00700000000006 12.975000000000591
118.00700000000003 325.9750000000006
431.00700000000006 325.9750000000006
319.9600000000009 306.9880000000003
6.960000000000889 -6.011999999999716
319.9600000000009 -6.011999999999716
319.9600000000009 306.9880000000003
6.960000000000889 -6.011999999999716
319.9600000000009 -6.011999999999716
266.1819999999957 254.99399999999997
102.91299999999958 111.95099999999977
187.8319999999992 164.04800000000023
111.06500000000031 110.8729999999994
172.1650000000008 42.001
93.9589999999998 18.25300000000031
235.002 78.40000000000191
112.04000000000019 292.78200000000516
96.00700000000003 223.11300000000054
307.1769999999958 -156.1250000000006
307.1769999999958 -156.1250000000006
105.9169999999996 74.8129999999991
118.09700000000046 12.995000000000003
224.05800000000028 291.0
163.9579999999998 147.1440000000007
250.01300000000006 248.05100000000024
75.07400000000035 237.77799999999894
41.01399999999997 38.968000000000075
194.19300000000092 18.07300000000009
152.95499999999979 194.22700000000108
124.81899999999914 288.6750000000077
69.791999999999 278.7500000000059
106.001 292.9910000000002
187.96899999999985 92.88499999999945
52.9560000000001 146.16000000000076
293.38299999999094 226.0850000000004
195.998 170.07800000000037
90.80599999999907 225.95399999999978
290.98900000000026 99.36700000000175
220.788999999999 229.09900000000047
39.79700000000047 234.999
73.98999999999995 60.25399999999941
84.15600000000074 281.830000000004
43.15399999999964 0.3120000000000002
47.006999999999984 47.078999999999816
83.99499999999998 284.13699999999676
123.99599999999998 293.2039999999952
271.27699999999345 110.97099999999986
113.31000000000148 84.1460000000007
63.7010000000007 90.35100000000168
230.05400000000026 231.11400000000054
201.79899999999904 204.9189999999996
247.03400000000016 269.872000000003
144.54899999999785 210.88099999999943
96.82899999999918 216.91099999999958
252.7089999999986 175.00300000000001
210.09800000000047 311.7720000000054
147.00800000000004 29.30400000000037
113.77699999999894 11.87500000000007
318.93000000000166 60.98800000000003
318.93000000000166 373.98800000000006
257.5520000000106 114.99199999999996
204.03500000000017 141.99099999999996
243.67899999999847 203.29299999999662
196.53399999999777 294.99400000000014
72.32600000000156 167.99599999999998
186.17300000000083 32.212999999999504
258.8980000000024 249.06600000000032
51.28399999999934 247.13200000000063
278.11699999999723 15.699000000000167
287.95100000000116 156.8089999999991
214.7089999999986 30.203000000000248
79.88399999999945 278.77400000000534
185.67699999999846 75.96099999999981
127.02300000000011 240.1490000000007
235.86999999999938 217.00400000000002
157.76599999999888 58.095999999999776
250.1240000000006 66.33200000000159
56.90100000000023 189.07900000000038
114.22200000000106 158.89999999999952
172.18100000000086 178.92899999999966
56.87900000000028 49.156999999999634
82.98999999999995 246.34200000000163
113.13700000000065 220.81499999999912
52.00399999999999 268.11599999999726
306.9740000000006 27.108000000000132
211.03200000000015 299.0079999999998
250.3550000000017 30.219000000000268
283.9840000000004 139.04800000000023
205.15300000000073 162.75499999999883
232.0600000000003 63.78000000000051
267.99800000000005 269.0259999999994
107.99399999999997 25.182000000000222
174.91999999999962 199.002
202.48499999999754 281.85900000000333
162.61999999999819 89.0
310.8140000000044 278.9840000000004
32.20600000000185 245.99199999999996
173.73899999999875 2.3229999999999644
122.85499999999931 110.88299999999944
244.90799999999956 18.997999999999998
296.23399999999447 187.94799999999975
253.80199999999905 90.00400000000002
44.02999999999993 310.3440000000155
61.95200000000011 78.85799999999932
306.3509999999917 427.06700000000035
306.3509999999917 427.06700000000035
311.13799999999674 443.9319999999997
311.13799999999674 443.9319999999997
166.00900000000004 33.01299999999997
39.75000000000058 53.15799999999963
211.99499999999998 215.07300000000035
76.96799999999985 196.58200000000278
34.2989999999993 179.1250000000006
320.96900000000073 54.99700000000001
320.96900000000073 367.997
56.00299999999999 221.9789999999999
72.79799999999904 240.35000000000167
172.18300000000087 141.999
275.9070000000022 21.151000000000185
143.01100000000005 240.9189999999996
238.7469999999988 276.9450000000013
270.6910000000073 15.699000000000167
251.26700000000127 16.750999999999696
66.00300000000001 165.81899999999914
234.01000000000005 319.7680000000055
234.01000000000005 319.7680000000055
121.05500000000026 61.67700000000075
30.404000000000494 289.06199999999853
216.9399999999997 58.64400000000083
157.24700000000118 219.00900000000004
28.936999999999923 155.99299999999997
58.76100000000056 171.98499999999993
322.9920000000002 142.00600000000003
322.9920000000002 455.00600000000003
299.74800000000596 292.2199999999948
112.08100000000039 299.27299999999354
120.45300000000216 225.78499999999897
224.19800000000095 256.29399999999305
192.99699999999999 55.783000000000506
203.26100000000125 93.07300000000035
254.18400000000088 59.46800000000124
12.145999999999919 4.084000000000028
304.82800000000407 255.75999999999883
213.98999999999995 253.92199999999963
94.01700000000008 299.97700000000054
220.31800000000152 212.52799999999775
119.05600000000027 179.55000000000263
166.8129999999991 118.95099999999977
224.99499999999998 23.047000000000057
296.0589999999986 147.87899999999942
172.00500000000002 187.99499999999998
38.925000000000175 261.01099999999974
202.51399999999768 217.52000000000248
174.99499999999998 313.3270000000159
174.99499999999998 313.3270000000159
267.7590000000057 157.90499999999955
178.16100000000077 115.06500000000031
265.22199999999475 95.69599999999855
83.56800000000271 54.76400000000055
262.2499999999941 207.23400000000112
156.87899999999942 186.71699999999865
127.19900000000095 13.817000000000101
102.00700000000003 222.09500000000045
208.26600000000127 203.59599999999807
28.87799999999985 182.11200000000053
200.89899999999952 70.01500000000007
293.1909999999955 275.8770000000029
137.20300000000097 64.94299999999973
220.96599999999984 77.28800000000138
263.0199999999995 248.0
291.9540000000011 56.99000000000002
301.99800000000005 65.3340000000016
204.04500000000021 145.3550000000017
52.10599999999975 42.75600000000057
129.32400000000155 76.45200000000216
182.0200000000001 207.53400000000255
232.001 157.76499999999888
258.31200000001627 127.54800000000262
267.083999999998 117.1260000000006
296.0089999999998 165.1450000000007
219.29800000000142 113.98399999999992
287.7640000000056 276.06199999999853
148.01200000000006 116.46799999999746
260.97600000000057 271.9700000000007
25.676999999999605 175.88899999999947
198.9559999999998 313.7540000000058
198.9559999999998 313.7540000000058
293.0469999999989 124.74099999999876
102.04700000000022 301.0929999999978
307.00199999999995 156.8959999999995
33.22399999999948 171.74199999999877
284.0219999999995 236.20400000000097
76.13300000000064 93.03300000000016
345.88900000000024 311.2789999999934
32.88900000000026 -1.7210000000065975
345.88900000000024 -1.7210000000065975
345.88900000000024 311.2789999999934
32.88900000000026 -1.7210000000065975
345.88900000000024 -1.7210000000065975
23.404999999999273 195.01700000000486
204.20100000000096 283.0249999999994
293.2759999999935 -86.98999999999995
293.2759999999935 -86.98999999999995
93.96999999999986 307.99800000000005
281.7210000000066 197.8769999999994
115.95199999999977 174.80399999999906
288.9360000000015 93.40799999999717
213.07000000000033 271.9880000000003
230.9179999999996 12.007999999999996
94.6429999999983 78.69099999999852
39.37300000000146 229.48499999999754
81.93499999999969 140.0610000000003
39.946000000000126 108.06000000000029
158.6050000000029 236.1490000000007
205.61299999999815 254.73099999999872
239.24000000000115 292.40799999999035
71.02700000000013 49.58500000000097
458.005 21.96700000000078
145.00500000000002 334.9670000000008
458.005 334.9670000000008
163.7459999999988 170.78199999999896
169.89899999999952 264.3629999999914
142.96999999999986 259.89200000000255
108.00700000000003 220.99699999999999
133.90499999999955 36.104999999999755
384.9359999999997 302.1519999999964
71.9359999999997 -10.848000000003594
384.9359999999997 -10.848000000003594
384.9359999999997 302.1519999999964
71.9359999999997 -10.848000000003594
384.9359999999997 -10.848000000003594
274.2199999999948 267.91400000000203
112.84699999999927 43.074999999999825
266.1649999999961 244.67899999999847
306.9530000000011 22.962999999999955
177.88799999999947 108.82799999999918
84.3289999999968 10.322999999999821
101.99099999999996 186.0610000000003
99.27800000000133 273.662000000008
99.00900000000004 154.74499999999878
155.98899999999995 189.03300000000016
188.21300000000102 103.15900000000076
307.82500000000414 97.05900000000028
304.4109999999903 -123.88699999999946
304.4109999999903 -123.88699999999946
165.48899999999756 318.2970000000166
165.48899999999756 318.2970000000166
69.74299999999877 289.0969999999977
110.11400000000054 241.26400000000126
188.79699999999903 261.78300000000513
268.126999999997 292.27699999999345
159.89199999999948 29.891999999999868
97.87199999999939 84.210000000001
87.09100000000043 238.00700000000003
288.4279999999899 202.2540000000012
239.92699999999965 209.001
291.9540000000011 16.995999999999995
93.96299999999982 165.45700000000218
39.788000000000494 72.30200000000144
166.7669999999989 138.76499999999888
109.02600000000012 124.98199999999991
150.4559999999974 148.26800000000128
278.7630000000056 31.297000000000363
189.06900000000033 188.00700000000003
178.0 23.014000000000017
142.08800000000042 270.36999999999125
120.17000000000081 137.27800000000133
31.53299999999943 36.01299999999997
244.05000000000024 225.0220000000001
273.9670000000008 131.01100000000005
204.07700000000037 136.4969999999976
204.47800000000228 166.63800000000305
130.05300000000025 124.09300000000044
225.0 65.01200000000006
59.39399999999908 47.73400000000062
62.93000000000016 130.51199999999767
98.99399999999997 207.73399999999873
46.839000000000375 210.78099999999895
181.00500000000002 154.9569999999998
167.20500000000098 49.33899999999921
71.87699999999941 302.04499999999894
8.296999999999835 54.771000000000534
403.9469999999998 1.9250000000017735
90.94699999999975 314.9250000000018
403.9469999999998 314.9250000000018
66.99799999999999 232.80799999999908
4.171000000000057 12.098999999999945
76.07900000000038 189.6829999999985
238.92999999999967 36.26599999999938
251.0860000000004 236.88799999999947
253.00500000000002 280.210999999995
241.83699999999922 249.00300000000001
46.61799999999856 16.086000000000105
143.08800000000042 21.423999999999296
279.60500000000934 61.29299999999932
128.42500000000203 110.580999999998
305.9920000000002 44.177999999999585
263.7620000000056 105.89999999999952
286.7580000000057 159.418000000002
263.1059999999975 189.92599999999965
289.0349999999992 219.59699999999808
134.11900000000057 177.8749999999994
130.16500000000556 290.4409999999896
10.285999999999841 68.20200000000096
305.6809999999839 -57.177000000000874
305.6809999999839 -57.177000000000874
29.948999999999938 138.56899999999794
36.775000000000524 19.98499999999998
88.69399999999854 110.05400000000026
206.07700000000037 67.99099999999996
-74 277
-74 -36
-74 277
-74 -36
-153 30
-153 -283
-153 30
-153 -283
-138 199
-138 -114
-138 199
-138 -114
-60 -33
-60 -33
-17 -165
-17 -165
-49 112
-49 -201
-49 112
-49 -201
-89 256
-89 -57
-89 256
-89 -57
-110 93
-110 -220
-110 93
-110 -220
-135 109
-135 -204
-135 109
-135 -204
-59 60
-59 -253
-59 60
-59 -253
-22 -214
-22 -214
-127 76
-127 -237
-127 76
-127 -237
-133 125
-133 -188
-133 125
-133 -188
-50 -65
-50 -65
-88 23
-88 -290
-88 23
-88 -290
-109 283
-109 -30
-109 283
-109 -30
-149 171
-149 -142
-149 171
-149 -142
-71 249
-71 -64
-71 249
-71 -64
-109 137
-109 -176
-109 137
-109 -176
-66 -43
-66 -43
-65 212
-65 -101
-65 212
-65 -101
-47 -58
-47 -58
-108 163
-108 -150
-108 163
-108 -150
-46 117
-46 -196
-46 117
-46 -196
-60 175
-60 -138
-60 175
-60 -138
-39 131
-39 -182
-39 131
-39 -182
-88 65
-88 -248
-88 65
-88 -248
-54 -64
-54 -64
-42 111
-42 -202
-42 111
-42 -202
-92 77
-92 -236
-92 77
-92 -236
-109 166
-109 -147
-109 166
-109 -147
-124 262
-124 -51
-124 262
-124 -51
-74 -21
-74 -21
-109 142
-109 -171
-109 142
-109 -171
-25 -37
-25 -37
-26 -154
-26 -154
-147 33
-147 -280
-147 33
-147 -280
-69 204
-69 -109
-69 204
-69 -109
-109 145
-109 -168
-109 145
-109 -168
-107 68
-107 -245
-107 68
-107 -245
-55 115
-55 -198
-55 115
-55 -198
-31 -115
-31 -115
-81 64
-81 -249
-81 64
-81 -249
-82 12
-82 -301
-82 12
-82 -301
-49 106
-49 -207
-49 106
-49 -207
-146 139
-146 -174
-146 139
-146 -174
-125 93
-125 -220
-125 93
-125 -220
-124 188
-124 -125
-124 188
-124 -125
-133 129
-133 -184
-133 129
-133 -184
-25 -111
-25 -111
-141 142
-141 -171
-141 142
-141 -171
-13 -21
-13 -21
-52 -41
-52 -41
-74 36
-74 -277
-74 36
-74 -277
-89 291
-89 -22
-89 291
-89 -22
-17 -148
-17 -148
-129 18
-129 -295
-129 18
-129 -295
-156 219
-156 -94
-156 219
-156 -94
-102 299
-102 -14
-102 299
-102 -14
-125 164
-125 -149
-125 164
-125 -149
-50 -123
-50 -123
-63 66
-63 -247
-63 66
-63 -247
-156 187
-156 -126
-156 187
-156 -126
-33 61
-33 -252
-33 61
-33 -252
-54 127
-54 -186
-54 127
-54 -186
-68 19
-68 -294
-68 19
-68 -294
-62 -76
-62 -76
-69 225
-69 -88
-69 225
-69 -88
-141 188
-141 -125
-141 188
-141 -125
-155 58
-155 -255
-155 58
-155 -255
-21 17
-21 17
-127 32
-127 -281
-127 32
-127 -281
-47 -68
-47 -68
-132 155
-132 -158
-132 155
-132 -158
-10 12
-10 12
-25 -156
-25 -156
-20 -188
-20 -188
-117 170
-117 -143
-117 170
-117 -143
-112 70
-112 -243
-112 70
-112 -243
-139 2
-139 -311
-139 2
-139 -311
-77 217
-77 -96
-77 217
-77 -96
-135 115
-135 -198
-135 115
-135 -198
-67 216
-67 -97
-67 216
-67 -97
-110 217
-110 -96
-110 217
-110 -96
-34 31
-34 -282
-34 31
-34 -282
-19 37
-19 37
-125 103
-125 -210
-125 103
-125 -210
-141 179
-141 -134
-141 179
-141 -134
-101 215
-101 -98
-101 215
-101 -98
-111 205
-111 -108
-111 205
-111 -108
-21 38
-21 38
-93 213
-93 -100
-93 213
-93 -100
-73 209
-73 -104
-73 209
-73 -104
-150 89
-150 -224
-150 89
-150 -224
-110 5
-110 -308
-110 5
-110 -308
-98 30
-98 -283
-98 30
-98 -283
-141 42
-141 -271
-141 42
-141 -271
-155 236
-155 -77
-155 236
-155 -77
-45 -44
-45 -44
-149 147
-149 -166
-149 147
-149 -166
-94 114
-94 -199
-94 114
-94 -199
-39 -45
-39 -45
-48 96
-48 -217
-48 96
-48 -217
-35 16
-35 -297
-35 16
-35 -297
-107 255
-107 -58
-107 255
-107 -58
-37 21
-37 -292
-37 21
-37 -292
-116 295
-116 -18
-116 295
-116 -18
-110 282
-110 -31
-110 282
-110 -31
-21 57
-21 57
-146 49
-146 -264
-146 49
-146 -264
-90 251
-90 -62
-90 251
-90 -62
-51 -106
-51 -106
-20 -37
-20 -37
-100 272
-100 -41
-100 272
-100 -41
-83 231
-83 -82
-83 231
-83 -82
-81 158
-81 -155
-81 158
-81 -155
-29 -77
-29 -77
-78 78
-78 -235
-78 78
-78 -235
-24 -219
-24 -219
-105 204
-105 -109
-105 204
-105 -109
-135 23
-135 -290
-135 23
-135 -290
-96 59
-96 -254
-96 59
-96 -254
-63 30
-63 -283
-63 30
-63 -283
-45 -21
-45 -21
-92 229
-92 -84
-92 229
-92 -84
-29 -174
-29 -174
-146 119
-146 -194
-146 119
-146 -194
-59 90
-59 -223
-59 90
-59 -223
-42 16
-42 -297
-42 16
-42 -297
-17 -125
-17 -125
-143 264
-143 -49
-143 264
-143 -49
-119 18
-119 -295
-119 18
-119 -295
-131 207
-131 -106
-131 207
-131 -106
-120 56
-120 -257
-120 56
-120 -257
-63 -65
-63 -65
-139 23
-139 -290
-139 23
-139 -290
-45 158
-45 -155
-45 158
-45 -155
-99 254
-99 -59
-99 254
-99 -59
-3.9700000000007094 -24.01399999999967
-3.9700000000007094 -24.01399999999967
-7.0 0.7740000000053442
-7.0 0.7740000000053442
-45.99400000000014 2.46800000001258
-45.99400000000014 -310.5319999999874
-45.99400000000014 2.46800000001258
-45.99400000000014 -310.5319999999874
-123.02800000000013 306.06599999999844
-123.02800000000013 -6.934000000001561
-123.02800000000013 306.06599999999844
-123.02800000000013 -6.934000000001561
-23.83800000000383 -93.09600000000046
-23.83800000000383 -93.09600000000046
-41.006999999999834 -13.963000000000875
-41.006999999999834 -13.963000000000875
-62.01700000000008 16.949000000001206
-62.01700000000008 -296.0509999999988
-62.01700000000008 16.949000000001206
-62.01700000000008 -296.0509999999988
-15.215999999994892 3.7040000000069995
-15.215999999994892 3.7040000000069995
-102.80999999999909 312.3519999999917
-102.80999999999909 -0.6480000000083237
-102.80999999999909 312.3519999999917
-102.80999999999909 -0.6480000000083237
-78.98999999999995 6.768000000005486
-78.98999999999995 -306.2319999999945
-78.98999999999995 6.768000000005486
-78.98999999999995 -306.2319999999945
-138.00500000000002 0.32700000001591434
-138.00500000000002 -312.6729999999841
-138.00500000000002 0.32700000001591434
-138.00500000000002 -312.6729999999841
-114.04400000000021 0.7540000000058171
-114.04400000000021 -312.2459999999942
-114.04400000000021 0.7540000000058171
-114.04400000000021 -312.2459999999942
-19.724000000006527 -86.98999999999995
-19.724000000006527 -86.98999999999995
-147.51100000000244 5.297000000016624
-147.51100000000244 -307.7029999999834
-147.51100000000244 5.297000000016624
-147.51100000000244 -307.7029999999834
-7.3190000000161035 -57.177000000000874
-7.3190000000161035 -57.177000000000874
-17 148
-17 148
7 407
32 349
-25 276
-25 276
-26 159
-26 159
-31 198
-31 198
-5 97
-5 97
-25 202
-25 202
-13 292
-13 292
29 469
-17 165
-17 165
40 421
-25 157
-25 157
-20 125
-20 125
-45 269
-45 269
-39 268
-39 268
30 452
-20 276
-20 276
-29 236
-29 236
-45 292
-45 292
-17 188
-17 188
4.986000000000331 449.00800000000004
-10.98100000000045 64.99299999999997
-10.98100000000045 64.99299999999997
0.9620000000008986 335.98199999999997
12.05299999999997 316.93500000000154
-3.9700000000007094 288.98600000000033
-3.9700000000007094 288.98600000000033
3.949000000001206 324.991
1.235999999999974 22.995999999999995
0.8830000000027667 408.97299999999984
9.984000000000378 381.01400000000007
-1.5850000000098134 278.84100000000376
-1.5850000000098134 278.84100000000376
-23.83800000000383 219.90399999999954
-23.83800000000383 219.90399999999954
-0.6730000000077325 27.22900000000028
-0.6730000000077325 27.22900000000028
-41.006999999999834 299.0369999999991
-41.006999999999834 299.0369999999991
-6.89300000000253 43.999
-6.89300000000253 43.999
1.0559999999999938 96.0220000000001
-5.8230000000041855 156.8749999999994
-5.8230000000041855 156.8749999999994
5.930000000001655 373.98800000000006
15.262999999999854 300.02699999999936
-6.6490000000083 114.06700000000032
-6.6490000000083 114.06700000000032
-1.8620000000032633 130.93199999999968
-1.8620000000032633 130.93199999999968
7.969000000000733 367.997
9.99200000000019 455.00600000000003
4.075000000000025 293.91300000000206
0.5530000000000004 165.10100000000048
21.930999999999916 277.29100000001677
-19.724000000006527 226.01000000000005
-19.724000000006527 226.01000000000005
-8.589000000009719 189.11300000000054
-8.589000000009719 189.11300000000054
7.826000000000276 93.99399999999997
6.958999999999986 306.999
5.617000000000206 135.999
21.94399999999993 279.1859999999956
-7.3190000000161035 255.82299999999913
-7.3190000000161035 255.82299999999913
-60 280
-60 280
-22 99
-22 99
-50 248
-50 248
-66 270
-66 270
-47 255
-47 255
-54 249
-54 249
-74 292
-74 292
-52 272
-52 272
-50 190
-50 190
-62 237
-62 237
-47 245
-47 245
-51 207
-51 207
-24 94
-24 94
-6 27
-6 27
-29 139
-29 139
-63 248
-63 248
-6 23
-6 23
-8.942000000001372 38.0
-8.942000000001372 38.0
-5 -216
-5 -216
-21 -296
-21 -296
-10 -301
-10 -301
-19 -276
-19 -276
-21 -275
-21 -275
-21 -256
-21 -256
-6 -286
-6 -286
0 -148
0 -148
-6 -290
-6 -290
-10.98100000000045 -248.00700000000003
-10.98100000000045 -248.00700000000003
-8.942000000001372 -275.0
-8.942000000001372 -275.0
-7.0 -312.22599999999466
-7.0 -312.22599999999466
-1.5850000000098134 -34.15899999999624
-1.5850000000098134 -34.15899999999624
-0.6730000000077325 -285.77099999999973
-0.6730000000077325 -285.77099999999973
-6.89300000000253 -269.001
-6.89300000000253 -269.001
-15.215999999994892 -309.295999999993
-15.215999999994892 -309.295999999993
-5.8230000000041855 -156.1250000000006
-5.8230000000041855 -156.1250000000006
-6.6490000000083 -198.93299999999968
-6.6490000000083 -198.93299999999968
-1.8620000000032633 -182.06800000000032
-1.8620000000032633 -182.06800000000032
-8.589000000009719 -123.88699999999946
-8.589000000009719 -123.88699999999946
34 -134
34 -134
33 -141
33 -141
29 -131
29 -131
24 -119
24 -119
26 -137
26 -137
3.92600000000175 -18.988000000000284
3.92600000000175 -18.988000000000284
1101596.1140000974