21 444 959381.7800000485
-32 50 959381.7800000485
-32 50 959381.7800000485
-34 130 959381.7800000485
-34 130 959381.7800000485
-44 87 959381.7800000485
-44 87 959381.7800000485
-58 263 959381.7800000485
-58 263 959381.7800000485
-98 230 959381.7800000485
-98 230 959381.7800000485
-130 205 959381.7800000485
-130 205 959381.7800000485
-55 181 959381.7800000485
-55 181 959381.7800000485
43 389 959381.7800000485
-49 127 959381.7800000485
-49 127 959381.7800000485
-112 245 959381.7800000485
-112 245 959381.7800000485
60 395 959381.7800000485
-61 176 959381.7800000485
-61 176 959381.7800000485
-114 289 959381.7800000485
-114 289 959381.7800000485
71 338 959381.7800000485
106 466 959381.7800000485
55 466 959381.7800000485
42 365 959381.7800000485
-15 264 959381.7800000485
-15 264 959381.7800000485
-78 292 959381.7800000485
-78 292 959381.7800000485
-112 133 959381.7800000485
-112 133 959381.7800000485
-40 26 959381.7800000485
-40 26 959381.7800000485
5 363 959381.7800000485
-81 227 959381.7800000485
-81 227 959381.7800000485
39 353 959381.7800000485
50 459 959381.7800000485
-103 40 959381.7800000485
-103 40 959381.7800000485
-114 110 959381.7800000485
-114 110 959381.7800000485
130 426 959381.7800000485
-149 78 959381.7800000485
-149 78 959381.7800000485
-37 76 959381.7800000485
-37 76 959381.7800000485
-81 271 959381.7800000485
-81 271 959381.7800000485
66 447 959381.7800000485
133 367 959381.7800000485
-65 164 959381.7800000485
-65 164 959381.7800000485
-89 81 959381.7800000485
-89 81 959381.7800000485
-79 24 959381.7800000485
-79 24 959381.7800000485
15 355 959381.7800000485
147 456 959381.7800000485
-95 287 959381.7800000485
-95 287 959381.7800000485
-46 102 959381.7800000485
-46 102 959381.7800000485
72 422 959381.7800000485
-137 282 959381.7800000485
-137 282 959381.7800000485
-146 144 959381.7800000485
167 457 959381.7800000485
-146 144 959381.7800000485
167 457 959381.7800000485
96 458 959381.7800000485
-14 94 959381.7800000485
-14 94 959381.7800000485
-72 274 959381.7800000485
-72 274 959381.7800000485
-143 278 959381.7800000485
-143 278 959381.7800000485
-151 180 959381.7800000485
-151 180 959381.7800000485
23 457 959381.7800000485
144 444 959381.7800000485
131 368 959381.7800000485
-84 275 959381.7800000485
-84 275 959381.7800000485
98 455 959381.7800000485
-100 306 959381.7800000485
-100 -7 959381.7800000485
-100 306 959381.7800000485
-100 -7 959381.7800000485
-155 147 959381.7800000485
158 460 959381.7800000485
-155 147 959381.7800000485
158 460 959381.7800000485
15 382 959381.7800000485
52 379 959381.7800000485
-106 156 959381.7800000485
-106 156 959381.7800000485
-31 198 959381.7800000485
-31 198 959381.7800000485
-110 115 959381.7800000485
-110 115 959381.7800000485
-65 264 959381.7800000485
-65 264 959381.7800000485
69 401 959381.7800000485
-144 2 959381.7800000485
-144 2 959381.7800000485
48 353 959381.7800000485
66 349 959381.7800000485
16 443 959381.7800000485
-150 27 959381.7800000485
-150 27 959381.7800000485
150 397 959381.7800000485
-115 139 959381.7800000485
-115 139 959381.7800000485
-155 120 959381.7800000485
158 433 959381.7800000485
-155 120 959381.7800000485
158 433 959381.7800000485
100 337 959381.7800000485
-104 33 959381.7800000485
-104 33 959381.7800000485
-25 293 959381.7800000485
-25 293 959381.7800000485
-128 44 959381.7800000485
-128 44 959381.7800000485
129 346 959381.7800000485
-151 14 959381.7800000485
-151 14 959381.7800000485
-142 204 959381.7800000485
-142 204 959381.7800000485
-77 164 959381.7800000485
-77 164 959381.7800000485
-121 148 959381.7800000485
-121 148 959381.7800000485
-155 62 959381.7800000485
-155 62 959381.7800000485
53 437 959381.7800000485
-25 193 959381.7800000485
-25 193 959381.7800000485
-124 77 959381.7800000485
-124 77 959381.7800000485
-87 54 959381.7800000485
-87 54 959381.7800000485
42 445 959381.7800000485
92 411 959381.7800000485
-33 31 959381.7800000485
-33 31 959381.7800000485
-116 104 959381.7800000485
-116 104 959381.7800000485
-76 150 959381.7800000485
-76 150 959381.7800000485
-126 29 959381.7800000485
-126 29 959381.7800000485
-130 34 959381.7800000485
-130 34 959381.7800000485
-56 158 959381.7800000485
-56 158 959381.7800000485
-148 280 959381.7800000485
-148 280 959381.7800000485
133 363 959381.7800000485
-154 284 959381.7800000485
-154 -29 959381.7800000485
-154 284 959381.7800000485
-154 -29 959381.7800000485
-76 126 959381.7800000485
-76 126 959381.7800000485
-60 40 959381.7800000485
-60 40 959381.7800000485
118 451 959381.7800000485
-61 236 959381.7800000485
-61 236 959381.7800000485
119 389 959381.7800000485
-128 96 959381.7800000485
-128 96 959381.7800000485
-45 174 959381.7800000485
-45 174 959381.7800000485
-92 55 959381.7800000485
-92 55 959381.7800000485
90 371 959381.7800000485
-68 242 959381.7800000485
-68 242 959381.7800000485
-31 169 959381.7800000485
-31 169 959381.7800000485
-48 228 959381.7800000485
-48 228 959381.7800000485
-29 109 959381.7800000485
-29 109 959381.7800000485
-71 289 959381.7800000485
-71 289 959381.7800000485
-47 133 959381.7800000485
-47 133 959381.7800000485
124 348 959381.7800000485
-123 120 959381.7800000485
-123 120 959381.7800000485
-73 44 959381.7800000485
-73 44 959381.7800000485
99 451 959381.7800000485
-132 134 959381.7800000485
-132 134 959381.7800000485
-28 73 959381.7800000485
-28 73 959381.7800000485
59 387 959381.7800000485
-75 295 959381.7800000485
-75 295 959381.7800000485
-143 113 959381.7800000485
-143 113 959381.7800000485
-66 22 959381.7800000485
-66 22 959381.7800000485
-20 254 959381.7800000485
-20 254 959381.7800000485
-92 111 959381.7800000485
-92 111 959381.7800000485
-137 106 959381.7800000485
-137 106 959381.7800000485
-150 228 959381.7800000485
-150 228 959381.7800000485
-51 152 959381.7800000485
-51 152 959381.7800000485
-138 206 959381.7800000485
-138 206 959381.7800000485
-143 267 959381.7800000485
-143 267 959381.7800000485
-136 164 959381.7800000485
-136 164 959381.7800000485
31 334 959381.7800000485
-56 86 959381.7800000485
-56 86 959381.7800000485
-34 58 959381.7800000485
-34 58 959381.7800000485
-93 93 959381.7800000485
-93 93 959381.7800000485
-73 26 959381.7800000485
-73 26 959381.7800000485
131 381 959381.7800000485
-85 270 959381.7800000485
-85 270 959381.7800000485
-108 75 959381.7800000485
-108 75 959381.7800000485
-60 255 959381.7800000485
-60 255 959381.7800000485
-103 130 959381.7800000485
-103 130 959381.7800000485
62 350 959381.7800000485
-72 208 959381.7800000485
-72 208 959381.7800000485
-135 145 959381.7800000485
-135 145 959381.7800000485
146 455 959381.7800000485
36 349 959381.7800000485
-60 82 959381.7800000485
-60 82 959381.7800000485
-115 31 959381.7800000485
-115 31 959381.7800000485
24 419 959381.7800000485
-138 88 959381.7800000485
-138 88 959381.7800000485
-138 263 959381.7800000485
-138 263 959381.7800000485
22 376 959381.7800000485
-132 11 959381.7800000485
-132 11 959381.7800000485
-70 276 959381.7800000485
-70 276 959381.7800000485
42 466 959381.7800000485
109 462 959381.7800000485
-107 120 959381.7800000485
-107 120 959381.7800000485
-71 181 959381.7800000485
-71 181 959381.7800000485
15 340 959381.7800000485
-17 44 959381.7800000485
-17 44 959381.7800000485
-116 103 959381.7800000485
-116 103 959381.7800000485
-107 192 959381.7800000485
-107 192 959381.7800000485
46 331 959381.7800000485
-14 51 959381.7800000485
-14 51 959381.7800000485
-155 53 959381.7800000485
-155 53 959381.7800000485
-25 19 959381.7800000485
-25 19 959381.7800000485
-132 189 959381.7800000485
-132 189 959381.7800000485
-126 75 959381.7800000485
-126 75 959381.7800000485
-96 123 959381.7800000485
-96 123 959381.7800000485
105 378 959381.7800000485
-79 61 959381.7800000485
-79 61 959381.7800000485
34 424 959381.7800000485
-148 303 959381.7800000485
-148 -10 959381.7800000485
-148 303 959381.7800000485
-148 -10 959381.7800000485
-28 181 959381.7800000485
-28 181 959381.7800000485
-145 0 959381.7800000485
-145 0 959381.7800000485
49 429 959381.7800000485
-104 279 959381.7800000485
-104 279 959381.7800000485
-151 178 959381.7800000485
-151 178 959381.7800000485
0 364 959381.7800000485
-117 258 959381.7800000485
-117 258 959381.7800000485
91 413 959381.7800000485
72 360 959381.7800000485
-88 252 959381.7800000485
-88 252 959381.7800000485
95 451 959381.7800000485
98 395 959381.7800000485
70 447 959381.7800000485
-114 137 959381.7800000485
-114 137 959381.7800000485
-92 233 959381.7800000485
-92 233 959381.7800000485
126 460 959381.7800000485
-39 221 959381.7800000485
-39 221 959381.7800000485
114 401 959381.7800000485
-64 115 959381.7800000485
-64 115 959381.7800000485
-55 111 959381.7800000485
-55 111 959381.7800000485
7 344 959381.7800000485
79 412 959381.7800000485
122 365 959381.7800000485
-8.970000000000027 10.930000000000037 959381.7800000485
-8.970000000000027 10.930000000000037 959381.7800000485
-8.930000000000064 10.890000000000082 959381.7800000485
-8.930000000000064 10.890000000000082 959381.7800000485
-8.8900000000001 10.85000000000011 959381.7800000485
-8.8900000000001 10.85000000000011 959381.7800000485
-8.870000000000118 10.830000000000146 959381.7800000485
-8.870000000000118 10.830000000000146 959381.7800000485
-8.830000000000155 10.790000000000164 959381.7800000485
-8.830000000000155 10.790000000000164 959381.7800000485
-8.77000000000021 10.730000000000201 959381.7800000485
-8.77000000000021 10.730000000000201 959381.7800000485
-8.760000000000218 10.700000000000198 959381.7800000485
-8.760000000000218 10.700000000000198 959381.7800000485
-8.720000000000255 10.660000000000226 959381.7800000485
-8.720000000000255 10.660000000000226 959381.7800000485
-8.700000000000273 10.640000000000262 959381.7800000485
-8.700000000000273 10.640000000000262 959381.7800000485
-8.640000000000327 10.58000000000029 959381.7800000485
-8.640000000000327 10.58000000000029 959381.7800000485
-8.570000000000391 10.510000000000279 959381.7800000485
-8.570000000000391 10.510000000000279 959381.7800000485
-8.55000000000041 10.490000000000284 959381.7800000485
-8.55000000000041 10.490000000000284 959381.7800000485
-8.470000000000482 10.410000000000313 959381.7800000485
-8.470000000000482 10.410000000000313 959381.7800000485
-8.430000000000518 10.370000000000328 959381.7800000485
-8.430000000000518 10.370000000000328 959381.7800000485
-8.410000000000537 10.350000000000355 959381.7800000485
-8.410000000000537 10.350000000000355 959381.7800000485
-8.290000000000646 10.230000000000375 959381.7800000485
-8.290000000000646 10.230000000000375 959381.7800000485
-8.260000000000673 10.200000000000369 959381.7800000485
-8.260000000000673 10.200000000000369 959381.7800000485
-8.22000000000071 10.160000000000396 959381.7800000485
-8.22000000000071 10.160000000000396 959381.7800000485
-8.170000000000755 10.11000000000046 959381.7800000485
-8.170000000000755 10.11000000000046 959381.7800000485
-8.1200000000008 10.060000000000505 959381.7800000485
-8.1200000000008 10.060000000000505 959381.7800000485
-8.090000000000828 10.030000000000523 959381.7800000485
-8.090000000000828 10.030000000000523 959381.7800000485
-8.050000000000864 9.99000000000055 959381.7800000485
-8.050000000000864 9.99000000000055 959381.7800000485
-8.030000000000882 9.970000000000587 959381.7800000485
-8.030000000000882 9.970000000000587 959381.7800000485
-7.940000000000964 9.920000000000597 959381.7800000485
-7.940000000000964 9.920000000000597 959381.7800000485
-7.840000000001055 9.820000000000595 959381.7800000485
-7.840000000001055 9.820000000000595 959381.7800000485
-7.800000000001091 9.780000000000628 959381.7800000485
-7.800000000001091 9.780000000000628 959381.7800000485
-20.950000000000045 217.97000000000003 959381.7800000485
-20.950000000000045 217.97000000000003 959381.7800000485
-7.760000000001128 9.720000000000692 959381.7800000485
-7.760000000001128 9.720000000000692 959381.7800000485
-7.720000000001164 9.680000000000728 959381.7800000485
-7.720000000001164 9.680000000000728 959381.7800000485
-7.690000000001191 9.650000000000755 959381.7800000485
-7.690000000001191 9.650000000000755 959381.7800000485
-7.660000000001219 9.6000000000008 959381.7800000485
-7.660000000001219 9.6000000000008 959381.7800000485
-7.640000000001237 9.580000000000828 959381.7800000485
-7.640000000001237 9.580000000000828 959381.7800000485
-7.600000000001273 9.540000000000855 959381.7800000485
-7.600000000001273 9.540000000000855 959381.7800000485
-7.5800000000012915 9.520000000000882 959381.7800000485
-7.5800000000012915 9.520000000000882 959381.7800000485
-7.540000000001328 9.480000000000901 959381.7800000485
-7.540000000001328 9.480000000000901 959381.7800000485
-7.520000000001346 9.460000000000937 959381.7800000485
-7.520000000001346 9.460000000000937 959381.7800000485
-7.500000000001364 9.440000000000955 959381.7800000485
-7.500000000001364 9.440000000000955 959381.7800000485
-7.430000000001428 9.370000000001001 959381.7800000485
-7.430000000001428 9.370000000001001 959381.7800000485
-7.390000000001464 9.330000000001037 959381.7800000485
-7.390000000001464 9.330000000001037 959381.7800000485
-7.320000000001528 9.260000000001074 959381.7800000485
-7.320000000001528 9.260000000001074 959381.7800000485
-7.290000000001555 9.23000000000108 959381.7800000485
-7.290000000001555 9.23000000000108 959381.7800000485
-7.270000000001573 9.210000000001108 959381.7800000485
-7.270000000001573 9.210000000001108 959381.7800000485
-7.250000000001592 9.190000000001126 959381.7800000485
-7.250000000001592 9.190000000001126 959381.7800000485
-7.190000000001646 9.130000000001154 959381.7800000485
-7.190000000001646 9.130000000001154 959381.7800000485
-7.1600000000016735 9.100000000001142 959381.7800000485
-7.1600000000016735 9.100000000001142 959381.7800000485
-7.140000000001692 9.080000000001169 959381.7800000485
-7.140000000001692 9.080000000001169 959381.7800000485
-7.100000000001728 9.040000000001196 959381.7800000485
-7.100000000001728 9.040000000001196 959381.7800000485
-7.030000000001792 8.970000000001212 959381.7800000485
-7.030000000001792 8.970000000001212 959381.7800000485
-7.01000000000181 8.95000000000123 959381.7800000485
-7.01000000000181 8.95000000000123 959381.7800000485
21.970000000000027 468.97 959381.7800000485
-6.960000000001855 8.900000000001267 959381.7800000485
-6.960000000001855 8.900000000001267 959381.7800000485
-6.940000000001874 8.880000000001294 959381.7800000485
-6.940000000001874 8.880000000001294 959381.7800000485
-6.910000000001901 8.850000000001312 959381.7800000485
-6.910000000001901 8.850000000001312 959381.7800000485
-6.860000000001946 8.800000000001349 959381.7800000485
-6.860000000001946 8.800000000001349 959381.7800000485
-6.79000000000201 8.730000000001386 959381.7800000485
-6.79000000000201 8.730000000001386 959381.7800000485
-6.750000000002046 8.690000000001392 959381.7800000485
-6.750000000002046 8.690000000001392 959381.7800000485
-6.970000000001846 8.990000000001224 959381.7800000485
-6.970000000001846 8.990000000001224 959381.7800000485
-114.03999999999996 1.9600000000000364 959381.7800000485
-114.03999999999996 1.9600000000000364 959381.7800000485
-6.6300000000021555 8.570000000001457 959381.7800000485
-6.6300000000021555 8.570000000001457 959381.7800000485
-7.830000000001064 9.990000000000604 959381.7800000485
-7.830000000001064 9.990000000000604 959381.7800000485
-6.57000000000221 8.51000000000149 959381.7800000485
-6.57000000000221 8.51000000000149 959381.7800000485
-6.550000000002228 8.490000000001478 959381.7800000485
-6.550000000002228 8.490000000001478 959381.7800000485
-9.840000000000146 106.97999999999999 959381.7800000485
-9.840000000000146 106.97999999999999 959381.7800000485
-7.720000000001164 9.560000000000855 959381.7800000485
-7.720000000001164 9.560000000000855 959381.7800000485
-6.5200000000022555 8.440000000001506 959381.7800000485
-6.5200000000022555 8.440000000001506 959381.7800000485
-99.90000000000009 1.5200000000004366 959381.7800000485
-99.90000000000009 1.5200000000004366 959381.7800000485
-91.97000000000003 6.750000000000227 959381.7800000485
-91.97000000000003 6.750000000000227 959381.7800000485
-7.750000000000227 138.2099999999998 959381.7800000485
-7.750000000000227 138.2099999999998 959381.7800000485
-4.720000000000255 283.1999999999998 959381.7800000485
-4.720000000000255 283.1999999999998 959381.7800000485
1.310000000001537 411.4899999999997 959381.7800000485
-9.279999999999745 9.940000000000907 959381.7800000485
-9.279999999999745 9.940000000000907 959381.7800000485
-56.22999999999979 12.070000000000846 959381.7800000485
-56.22999999999979 12.070000000000846 959381.7800000485
4.870000000001028 376.15 959381.7800000485
50.0 170.07999999999993 959381.7800000485
-7.820000000001073 11.620000000000005 959381.7800000485
-7.820000000001073 11.620000000000005 959381.7800000485
-6.57000000000221 8.430000000001542 959381.7800000485
-6.57000000000221 8.430000000001542 959381.7800000485
17.400000000000134 245.79999999999745 959381.7800000485
6.01 62.61000000000008 959381.7800000485
28.26000000000004 289.8000000000002 959381.7800000485
-112.94000000000005 311.3399999999997 959381.7800000485
-112.94000000000005 -1.6600000000003092 959381.7800000485
-112.94000000000005 311.3399999999997 959381.7800000485
-112.94000000000005 -1.6600000000003092 959381.7800000485
43.71000000000006 323.5500000000004 959381.7800000485
-6.410000000002356 8.330000000001544 959381.7800000485
-6.410000000002356 8.330000000001544 959381.7800000485
20.01 197.97000000000094 959381.7800000485
4.329999999999993 247.26999999999884 959381.7800000485
93.37000000000019 249.01 959381.7800000485
50.33999999999993 144.72000000000116 959381.7800000485
0.7100000000020827 429.43000000000023 959381.7800000485
0.3200000000000092 50.90000000000002 959381.7800000485
87.20999999999908 243.99000000000183 959381.7800000485
65.1600000000006 259.82000000000016 959381.7800000485
29.47000000000023 202.93000000000006 959381.7800000485
-1.9800000000027467 189.07999999999993 959381.7800000485
-1.9800000000027467 189.07999999999993 959381.7800000485
77.99000000000102 227.59000000000037 959381.7800000485
22.9300000000003 129.6700000000012 959381.7800000485
5.700000000000006 242.20000000000164 959381.7800000485
23.100000000000016 144.15999999999985 959381.7800000485
64.17000000000009 220.01 959381.7800000485
-10.990000000001828 168.95000000000005 959381.7800000485
-10.990000000001828 168.95000000000005 959381.7800000485
14.900000000000023 129.1200000000008 959381.7800000485
28.73999999999996 188.50000000000045 959381.7800000485
25.52000000000008 275.18000000000256 959381.7800000485
35.05999999999979 109.91999999999945 959381.7800000485
96.17999999999958 321.0200000000018 959381.7800000485
53.80000000000004 185.26000000000067 959381.7800000485
17.21999999999972 279.0400000000009 959381.7800000485
19.17999999999956 159.15999999999713 959381.7800000485
32.90999999999982 214.01 959381.7800000485
39.93000000000021 159.46999999999866 959381.7800000485
4.729999999999963 115.96999999999998 959381.7800000485
6.899999999999981 296.94000000000005 959381.7800000485
67.47999999999973 310.0400000000036 959381.7800000485
56.9999999999996 153.81999999999925 959381.7800000485
58.59999999999988 208.74000000000206 959381.7800000485
35.59000000000048 176.95000000000186 959381.7800000485
-6.400000000002365 8.320000000001528 959381.7800000485
-6.400000000002365 8.320000000001528 959381.7800000485
6.059999999999977 50.09999999999998 959381.7800000485
97.28000000000117 255.79999999999654 959381.7800000485
2.4199999999990833 258.7599999999984 959381.7800000485
22.829999999999817 103.66999999999881 959381.7800000485
55.14999999999957 168.27000000000066 959381.7800000485
4.039999999999978 133.77999999999838 959381.7800000485
59.79000000000064 262.229999999998 959381.7800000485
6.400000000000013 72.72000000000088 959381.7800000485
-29.129999999998972 310.9499999999964 959381.7800000485
-29.129999999998972 -2.0500000000035925 959381.7800000485
-29.129999999998972 310.9499999999964 959381.7800000485
-29.129999999998972 -2.0500000000035925 959381.7800000485
56.60999999999968 192.48999999999774 959381.7800000485
1.4600000000014006 444.30000000000064 959381.7800000485
70.73999999999936 232.8799999999983 959381.7800000485
45.279999999999944 323.4800000000005 959381.7800000485
64.47999999999985 179.98000000000002 959381.7800000485
5.069999999999977 280.17000000000075 959381.7800000485
16.350000000000033 72.5300000000018 959381.7800000485
-79.19000000000165 312.5299999999968 959381.7800000485
-79.19000000000165 -0.4700000000032105 959381.7800000485
-79.19000000000165 312.5299999999968 959381.7800000485
-79.19000000000165 -0.4700000000032105 959381.7800000485
49.0099999999994 291.03 959381.7800000485
33.11000000000018 229.38999999999692 959381.7800000485
46.60000000000028 171.0999999999999 959381.7800000485
54.460000000000306 240.84000000000015 959381.7800000485
43.239999999999355 221.17999999999984 959381.7800000485
84.40999999999919 251.01 959381.7800000485
72.81000000000144 264.8699999999965 959381.7800000485
43.35999999999993 192.3199999999979 959381.7800000485
87.95999999999947 260.5799999999949 959381.7800000485
-1.6100000000012642 303.069999999999 959381.7800000485
-1.6100000000012642 303.069999999999 959381.7800000485
40.73000000000025 131.99 959381.7800000485
38.74999999999985 274.910000000001 959381.7800000485
11.119999999999997 226.9200000000019 959381.7800000485
23.619999999999784 211.61999999999853 959381.7800000485
10.480000000000075 205.73999999999842 959381.7800000485
44.910000000000615 258.31000000000245 959381.7800000485
4.220000000002528 384.9600000000005 959381.7800000485
40.60000000000028 151.60000000000127 959381.7800000485
12.700000000000006 184.90000000000282 959381.7800000485
103.49000000000025 294.790000000002 959381.7800000485
5.920000000000023 30.719999999999956 959381.7800000485
16.979999999999997 300.4599999999987 959381.7800000485
30.900000000000297 302.4399999999978 959381.7800000485
5.129999999999955 96.98999999999897 959381.7800000485
73.1300000000016 297.630000000004 959381.7800000485
334 131 959381.7800000485
334 444 959381.7800000485
347 226 959381.7800000485
347 226 959381.7800000485
281 363 959381.7800000485
281 363 959381.7800000485
454 240 959381.7800000485
454 240 959381.7800000485
279 443 959381.7800000485
279 443 959381.7800000485
269 400 959381.7800000485
269 400 959381.7800000485
420 159 959381.7800000485
420 159 959381.7800000485
356 389 959381.7800000485
264 440 959381.7800000485
264 440 959381.7800000485
402 218 959381.7800000485
402 218 959381.7800000485
447 276 959381.7800000485
447 276 959381.7800000485
448 279 959381.7800000485
448 279 959381.7800000485
373 395 959381.7800000485
464 254 959381.7800000485
464 254 959381.7800000485
377 220 959381.7800000485
377 220 959381.7800000485
384 338 959381.7800000485
419 153 959381.7800000485
419 466 959381.7800000485
368 153 959381.7800000485
368 466 959381.7800000485
355 365 959381.7800000485
442 183 959381.7800000485
442 183 959381.7800000485
402 255 959381.7800000485
402 255 959381.7800000485
423 212 959381.7800000485
423 212 959381.7800000485
325 243 959381.7800000485
325 243 959381.7800000485
201 446 959381.7800000485
201 446 959381.7800000485
273 339 959381.7800000485
273 339 959381.7800000485
318 363 959381.7800000485
352 353 959381.7800000485
363 146 959381.7800000485
363 459 959381.7800000485
210 353 959381.7800000485
210 353 959381.7800000485
351 276 959381.7800000485
351 276 959381.7800000485
199 423 959381.7800000485
199 423 959381.7800000485
377 260 959381.7800000485
377 260 959381.7800000485
443 426 959381.7800000485
164 391 959381.7800000485
164 391 959381.7800000485
276 389 959381.7800000485
276 389 959381.7800000485
449 283 959381.7800000485
449 283 959381.7800000485
326 188 959381.7800000485
326 188 959381.7800000485
356 190 959381.7800000485
356 190 959381.7800000485
379 134 959381.7800000485
379 447 959381.7800000485
446 367 959381.7800000485
224 394 959381.7800000485
224 394 959381.7800000485
436 175 959381.7800000485
436 175 959381.7800000485
146 322 959381.7800000485
459 322 959381.7800000485
234 337 959381.7800000485
234 337 959381.7800000485
328 355 959381.7800000485
460 143 959381.7800000485
460 456 959381.7800000485
267 415 959381.7800000485
267 415 959381.7800000485
385 422 959381.7800000485
345 214 959381.7800000485
345 214 959381.7800000485
409 145 959381.7800000485
409 458 959381.7800000485
438 228 959381.7800000485
438 228 959381.7800000485
299 407 959381.7800000485
299 407 959381.7800000485
361 261 959381.7800000485
361 261 959381.7800000485
336 144 959381.7800000485
336 457 959381.7800000485
457 444 959381.7800000485
455 254 959381.7800000485
455 254 959381.7800000485
444 368 959381.7800000485
156 337 959381.7800000485
469 337 959381.7800000485
430 182 959381.7800000485
430 182 959381.7800000485
366 169 959381.7800000485
366 169 959381.7800000485
408 243 959381.7800000485
408 243 959381.7800000485
411 142 959381.7800000485
411 455 959381.7800000485
328 382 959381.7800000485
365 379 959381.7800000485
207 469 959381.7800000485
207 469 959381.7800000485
138 340 959381.7800000485
451 340 959381.7800000485
354 158 959381.7800000485
354 158 959381.7800000485
203 428 959381.7800000485
203 428 959381.7800000485
338 210 959381.7800000485
338 210 959381.7800000485
382 401 959381.7800000485
169 315 959381.7800000485
169 315 959381.7800000485
361 353 959381.7800000485
379 349 959381.7800000485
329 130 959381.7800000485
329 443 959381.7800000485
163 340 959381.7800000485
163 340 959381.7800000485
463 397 959381.7800000485
198 452 959381.7800000485
198 452 959381.7800000485
413 337 959381.7800000485
209 346 959381.7800000485
209 346 959381.7800000485
185 357 959381.7800000485
185 357 959381.7800000485
442 346 959381.7800000485
399 251 959381.7800000485
399 251 959381.7800000485
162 327 959381.7800000485
162 327 959381.7800000485
192 461 959381.7800000485
192 461 959381.7800000485
158 375 959381.7800000485
158 375 959381.7800000485
366 124 959381.7800000485
366 437 959381.7800000485
338 278 959381.7800000485
338 278 959381.7800000485
189 390 959381.7800000485
189 390 959381.7800000485
226 367 959381.7800000485
226 367 959381.7800000485
355 132 959381.7800000485
355 445 959381.7800000485
405 411 959381.7800000485
418 181 959381.7800000485
418 181 959381.7800000485
280 344 959381.7800000485
280 344 959381.7800000485
197 417 959381.7800000485
197 417 959381.7800000485
333 199 959381.7800000485
333 199 959381.7800000485
237 463 959381.7800000485
237 463 959381.7800000485
400 197 959381.7800000485
400 197 959381.7800000485
187 342 959381.7800000485
187 342 959381.7800000485
183 347 959381.7800000485
183 347 959381.7800000485
351 179 959381.7800000485
351 179 959381.7800000485
446 363 959381.7800000485
237 439 959381.7800000485
237 439 959381.7800000485
253 353 959381.7800000485
253 353 959381.7800000485
431 138 959381.7800000485
431 451 959381.7800000485
361 171 959381.7800000485
361 171 959381.7800000485
432 258 959381.7800000485
432 258 959381.7800000485
402 246 959381.7800000485
402 246 959381.7800000485
319 244 959381.7800000485
319 244 959381.7800000485
432 389 959381.7800000485
332 280 959381.7800000485
332 280 959381.7800000485
185 409 959381.7800000485
185 409 959381.7800000485
426 175 959381.7800000485
426 175 959381.7800000485
221 368 959381.7800000485
221 368 959381.7800000485
403 371 959381.7800000485
284 422 959381.7800000485
284 422 959381.7800000485
266 446 959381.7800000485
266 446 959381.7800000485
437 348 959381.7800000485
190 433 959381.7800000485
190 433 959381.7800000485
240 357 959381.7800000485
240 357 959381.7800000485
341 290 959381.7800000485
341 290 959381.7800000485
412 138 959381.7800000485
412 451 959381.7800000485
181 447 959381.7800000485
181 447 959381.7800000485
285 386 959381.7800000485
285 386 959381.7800000485
372 387 959381.7800000485
170 426 959381.7800000485
170 426 959381.7800000485
247 335 959381.7800000485
247 335 959381.7800000485
467 163 959381.7800000485
467 163 959381.7800000485
221 424 959381.7800000485
221 424 959381.7800000485
176 419 959381.7800000485
176 419 959381.7800000485
262 465 959381.7800000485
262 465 959381.7800000485
344 334 959381.7800000485
453 218 959381.7800000485
453 218 959381.7800000485
257 399 959381.7800000485
257 399 959381.7800000485
399 178 959381.7800000485
399 178 959381.7800000485
279 371 959381.7800000485
279 371 959381.7800000485
341 203 959381.7800000485
341 203 959381.7800000485
369 241 959381.7800000485
369 241 959381.7800000485
220 406 959381.7800000485
220 406 959381.7800000485
240 339 959381.7800000485
240 339 959381.7800000485
444 381 959381.7800000485
205 388 959381.7800000485
205 388 959381.7800000485
375 180 959381.7800000485
375 180 959381.7800000485
418 174 959381.7800000485
418 174 959381.7800000485
210 443 959381.7800000485
210 443 959381.7800000485
375 350 959381.7800000485
178 458 959381.7800000485
178 458 959381.7800000485
453 160 959381.7800000485
453 160 959381.7800000485
459 142 959381.7800000485
459 455 959381.7800000485
449 172 959381.7800000485
449 172 959381.7800000485
152 363 959381.7800000485
465 363 959381.7800000485
349 349 959381.7800000485
253 395 959381.7800000485
253 395 959381.7800000485
371 211 959381.7800000485
371 211 959381.7800000485
198 344 959381.7800000485
198 344 959381.7800000485
342 189 959381.7800000485
342 189 959381.7800000485
385 231 959381.7800000485
385 231 959381.7800000485
337 106 959381.7800000485
337 419 959381.7800000485
175 401 959381.7800000485
175 401 959381.7800000485
383 261 959381.7800000485
383 261 959381.7800000485
390 165 959381.7800000485
390 165 959381.7800000485
335 376 959381.7800000485
181 324 959381.7800000485
181 324 959381.7800000485
355 153 959381.7800000485
355 466 959381.7800000485
467 313 959381.7800000485
422 149 959381.7800000485
422 462 959381.7800000485
457 290 959381.7800000485
457 290 959381.7800000485
206 433 959381.7800000485
206 433 959381.7800000485
328 340 959381.7800000485
363 170 959381.7800000485
363 170 959381.7800000485
296 357 959381.7800000485
296 357 959381.7800000485
197 416 959381.7800000485
197 416 959381.7800000485
359 331 959381.7800000485
299 364 959381.7800000485
299 364 959381.7800000485
158 366 959381.7800000485
158 366 959381.7800000485
288 332 959381.7800000485
288 332 959381.7800000485
187 388 959381.7800000485
187 388 959381.7800000485
424 180 959381.7800000485
424 180 959381.7800000485
427 215 959381.7800000485
427 215 959381.7800000485
217 436 959381.7800000485
217 436 959381.7800000485
389 228 959381.7800000485
389 228 959381.7800000485
418 378 959381.7800000485
234 374 959381.7800000485
234 374 959381.7800000485
347 111 959381.7800000485
347 424 959381.7800000485
353 221 959381.7800000485
353 221 959381.7800000485
362 116 959381.7800000485
362 429 959381.7800000485
410 176 959381.7800000485
410 176 959381.7800000485
463 280 959381.7800000485
463 280 959381.7800000485
313 364 959381.7800000485
421 206 959381.7800000485
421 206 959381.7800000485
404 413 959381.7800000485
376 260 959381.7800000485
376 260 959381.7800000485
385 360 959381.7800000485
422 252 959381.7800000485
422 252 959381.7800000485
408 252 959381.7800000485
408 252 959381.7800000485
408 138 959381.7800000485
408 451 959381.7800000485
466 292 959381.7800000485
466 292 959381.7800000485
411 395 959381.7800000485
406 249 959381.7800000485
406 249 959381.7800000485
443 168 959381.7800000485
443 168 959381.7800000485
383 134 959381.7800000485
383 447 959381.7800000485
199 450 959381.7800000485
199 450 959381.7800000485
439 147 959381.7800000485
439 460 959381.7800000485
359 291 959381.7800000485
359 291 959381.7800000485
368 190 959381.7800000485
368 190 959381.7800000485
464 157 959381.7800000485
464 157 959381.7800000485
427 401 959381.7800000485
249 428 959381.7800000485
249 428 959381.7800000485
258 424 959381.7800000485
258 424 959381.7800000485
320 344 959381.7800000485
392 412 959381.7800000485
435 365 959381.7800000485
367 186 959381.7800000485
367 186 959381.7800000485
334.97 155.97000000000003 959381.7800000485
334.97 468.97 959381.7800000485
306.02999999999815 321.9900000000012 959381.7800000485
306.02999999999815 321.9900000000012 959381.7800000485
198.96000000000004 314.96000000000004 959381.7800000485
198.96000000000004 314.96000000000004 959381.7800000485
318.2200000000007 297.2199999999998 959381.7800000485
318.2200000000007 297.2199999999998 959381.7800000485
305.16999999999894 322.9900000000006 959381.7800000485
305.16999999999894 322.9900000000006 959381.7800000485
416.0 297.02 959381.7800000485
416.0 297.02 959381.7800000485
303.15999999999985 419.98 959381.7800000485
303.15999999999985 419.98 959381.7800000485
305.27999999999884 322.56000000000085 959381.7800000485
305.27999999999884 322.56000000000085 959381.7800000485
319.01000000000016 297.2099999999998 959381.7800000485
319.01000000000016 297.2099999999998 959381.7800000485
213.0999999999999 314.52000000000044 959381.7800000485
213.0999999999999 314.52000000000044 959381.7800000485
326.41000000000054 204.24999999999977 959381.7800000485
326.41000000000054 204.24999999999977 959381.7800000485
221.02999999999997 319.7500000000002 959381.7800000485
221.02999999999997 319.7500000000002 959381.7800000485
305.2499999999998 451.2099999999998 959381.7800000485
305.2499999999998 451.2099999999998 959381.7800000485
314.31000000000154 98.48999999999974 959381.7800000485
314.31000000000154 411.4899999999997 959381.7800000485
129.86000000000104 55.71999999999986 959381.7800000485
206.08999999999992 120.55000000000028 959381.7800000485
148.17999999999893 142.3400000000006 959381.7800000485
303.72000000000025 322.9400000000009 959381.7800000485
303.72000000000025 322.9400000000009 959381.7800000485
256.7700000000002 325.07000000000085 959381.7800000485
256.7700000000002 325.07000000000085 959381.7800000485
317.870000000001 376.15 959381.7800000485
149.96000000000004 278.1200000000017 959381.7800000485
305.1799999999989 324.62 959381.7800000485
305.1799999999989 324.62 959381.7800000485
306.4299999999978 321.43000000000154 959381.7800000485
306.4299999999978 321.43000000000154 959381.7800000485
220.97000000000003 233.50999999999954 959381.7800000485
116.51000000000128 214.85000000000014 959381.7800000485
240.5700000000004 274.1099999999999 959381.7800000485
228.53000000000043 276.7499999999984 959381.7800000485
123.01 175.04999999999995 959381.7800000485
356.71000000000004 323.5500000000004 959381.7800000485
68.49000000000127 35.99 959381.7800000485
217.9999999999991 123.0 959381.7800000485
213.34999999999968 304.0100000000018 959381.7800000485
329.93 300.70999999999844 959381.7800000485
329.93 300.70999999999844 959381.7800000485
246.09999999999627 289.2199999999998 959381.7800000485
189.41999999999962 79.28000000000117 959381.7800000485
313.7100000000021 116.43000000000022 959381.7800000485
313.7100000000021 429.43000000000023 959381.7800000485
257.48999999999955 158.62999999999943 959381.7800000485
341.91999999999996 300.9999999999991 959381.7800000485
341.91999999999996 300.9999999999991 959381.7800000485
104.99 63.949999999999505 959381.7800000485
70.91000000000098 87.0099999999995 959381.7800000485
110.94999999999997 180.70999999999935 959381.7800000485
104.97999999999999 172.96000000000095 959381.7800000485
168.91999999999916 311.7800000000011 959381.7800000485
174.26000000000067 88.10000000000005 959381.7800000485
247.20000000000073 164.0 959381.7800000485
237.02999999999997 127.67000000000085 959381.7800000485
159.02999999999906 63.24999999999975 959381.7800000485
271.75000000000296 308.33000000000516 959381.7800000485
264.9000000000001 227.98000000000002 959381.7800000485
178.089999999999 165.50999999999863 959381.7800000485
164.97000000000003 280.14999999999986 959381.7800000485
322.2600000000016 229.01999999999998 959381.7800000485
322.2600000000016 229.01999999999998 959381.7800000485
49.15999999999977 40.19999999999996 959381.7800000485
72.68000000000086 21.639999999999475 959381.7800000485
134.80999999999835 55.20999999999976 959381.7800000485
151.01 156.43000000000052 959381.7800000485
268.15999999999894 101.6199999999998 959381.7800000485
264.1399999999999 125.05999999999901 959381.7800000485
92.21000000000011 96.02999999999899 959381.7800000485
153.1199999999999 293.03999999999905 959381.7800000485
153.61999999999762 253.50000000000045 959381.7800000485
170.4399999999996 278.0 959381.7800000485
189.18000000000075 120.04000000000002 959381.7800000485
167.64000000000215 265.9800000000009 959381.7800000485
302.1500000000026 140.78999999999746 959381.7800000485
222.33999999999878 109.77999999999938 959381.7800000485
76.95999999999998 163.44000000000142 959381.7800000485
105.64999999999982 153.2099999999998 959381.7800000485
163.7900000000002 77.94999999999997 959381.7800000485
309.4900000000023 257.1899999999998 959381.7800000485
140.61000000000126 254.14999999999986 959381.7800000485
150.57000000000312 309.65000000000305 959381.7800000485
185.14999999999986 95.90999999999995 959381.7800000485
126.7900000000004 147.48999999999955 959381.7800000485
251.96000000000004 175.74000000000024 959381.7800000485
409.1799999999996 321.0200000000018 959381.7800000485
40.9800000000002 52.779999999999845 959381.7800000485
285.2199999999998 181.0 959381.7800000485
15.049999999999999 24.529999999999614 959381.7800000485
200.1300000000008 131.4700000000014 959381.7800000485
183.32999999999788 186.61000000000217 959381.7800000485
162.60000000000036 312.94000000000096 959381.7800000485
268.9999999999991 173.94000000000005 959381.7800000485
156.59000000000128 118.78999999999938 959381.7800000485
246.11000000000263 113.36999999999917 959381.7800000485
96.45999999999921 80.45999999999921 959381.7800000485
107.55999999999875 214.15999999999804 959381.7800000485
246.93000000000097 262.9900000000009 959381.7800000485
200.18999999999983 308.97000000000185 959381.7800000485
60.19000000000036 37.029999999999994 959381.7800000485
208.99999999999727 191.9000000000001 959381.7800000485
162.92999999999915 176.6700000000012 959381.7800000485
186.37000000000057 70.46999999999768 959381.7800000485
54.05999999999979 123.89999999999995 959381.7800000485
150.05000000000177 48.09000000000038 959381.7800000485
213.32999999999697 133.78999999999655 959381.7800000485
143.7000000000021 141.9000000000001 959381.7800000485
158.9000000000001 283.98 959381.7800000485
92.2599999999986 134.86000000000286 959381.7800000485
313.20000000000346 281.2399999999998 959381.7800000485
313.20000000000346 281.2399999999998 959381.7800000485
154.62999999999943 163.90999999999917 959381.7800000485
141.01 239.71000000000026 959381.7800000485
232.71999999999935 308.3400000000006 959381.7800000485
142.97000000000094 129.55000000000132 959381.7800000485
290.03999999999814 194.17999999999893 959381.7800000485
306.59999999999764 321.3200000000015 959381.7800000485
306.59999999999764 321.3200000000015 959381.7800000485
264.7700000000011 135.6499999999976 959381.7800000485
179.3999999999969 282.0799999999999 959381.7800000485
233.07999999999902 225.84000000000106 959381.7800000485
158.79000000000292 185.2699999999952 959381.7800000485
263.4499999999987 149.99000000000183 959381.7800000485
165.89000000000465 203.6700000000003 959381.7800000485
24.210000000000345 61.79000000000024 959381.7800000485
132.18999999999892 69.81000000000093 959381.7800000485
117.52000000000027 184.15999999999804 959381.7800000485
95.87999999999943 175.42000000000053 959381.7800000485
296.1400000000017 267.5999999999967 959381.7800000485
197.77000000000112 289.94999999999914 959381.7800000485
175.2099999999998 207.18999999999892 959381.7800000485
49.03999999999999 112.39999999999816 959381.7800000485
382.71999999999986 304.8399999999974 959381.7800000485
382.71999999999986 304.8399999999974 959381.7800000485
301.62000000000126 108.64000000000084 959381.7800000485
198.68999999999846 99.92999999999843 959381.7800000485
210.610000000004 224.9300000000046 959381.7800000485
225.4399999999987 80.69999999999985 959381.7800000485
197.0 104.5800000000003 959381.7800000485
118.05000000000003 133.99000000000365 959381.7800000485
314.4600000000014 131.30000000000064 959381.7800000485
314.4600000000014 444.30000000000064 959381.7800000485
101.44000000000125 134.22000000000344 959381.7800000485
257.97 110.78999999999989 959381.7800000485
281.0599999999981 130.9799999999991 959381.7800000485
93.08999999999851 147.68999999999755 959381.7800000485
98.28000000000014 141.98000000000002 959381.7800000485
134.16000000000076 279.3399999999997 959381.7800000485
270.2299999999989 88.05000000000054 959381.7800000485
37.94000000000021 41.379999999999725 959381.7800000485
119.95000000000049 259.24999999999886 959381.7800000485
109.7700000000004 148.09000000000083 959381.7800000485
358.28 323.4800000000005 959381.7800000485
89.9700000000005 217.8900000000001 959381.7800000485
190.15999999999985 312.5600000000013 959381.7800000485
253.0 77.8999999999979 959381.7800000485
47.789999999999644 19.2900000000002 959381.7800000485
52.81999999999984 63.939999999998996 959381.7800000485
191.95000000000005 150.10999999999808 959381.7800000485
198.67999999999938 140.45999999999867 959381.7800000485
288.78000000000384 250.28000000000338 959381.7800000485
225.40000000000236 267.86000000000195 959381.7800000485
312.8500000000038 243.87000000000194 959381.7800000485
176.61999999999853 260.08000000000266 959381.7800000485
85.41999999999919 197.4399999999996 959381.7800000485
235.87000000000103 148.07000000000176 959381.7800000485
207.61000000000126 276.3900000000024 959381.7800000485
35.170000000000165 34.09000000000038 959381.7800000485
118.96999999999998 76.05000000000003 959381.7800000485
256.13999999999714 252.9000000000019 959381.7800000485
78.33999999999966 98.95999999999998 959381.7800000485
218.2099999999998 287.5299999999995 959381.7800000485
133.47999999999956 48.04000000000039 959381.7800000485
233.98000000000093 291.38000000000056 959381.7800000485
71.92999999999996 110.93000000000099 959381.7800000485
161.00999999999726 51.79000000000024 959381.7800000485
61.72999999999946 72.56999999999927 959381.7800000485
29.189999999999717 18.50999999999961 959381.7800000485
196.02999999999997 259.5699999999986 959381.7800000485
132.41000000000145 273.29000000000246 959381.7800000485
64.92999999999945 134.24999999999977 959381.7800000485
306.930000000001 190.109999999999 959381.7800000485
73.66000000000187 133.98000000000002 959381.7800000485
138.189999999998 173.56999999999857 959381.7800000485
108.29000000000015 203.23000000000252 959381.7800000485
131.70999999999754 187.88999999999555 959381.7800000485
233.02999999999906 269.6900000000012 959381.7800000485
94.44000000000176 106.02000000000308 959381.7800000485
174.62000000000126 104.57999999999927 959381.7800000485
198.84000000000015 109.95999999999998 959381.7800000485
205.28999999999974 74.0099999999995 959381.7800000485
103.96999999999947 183.00999999999817 959381.7800000485
139.87000000000012 159.15000000000077 959381.7800000485
258.5799999999995 185.19999999999618 959381.7800000485
128.99000000000092 166.2500000000016 959381.7800000485
238.0500000000036 183.5299999999977 959381.7800000485
254.5700000000022 88.99000000000153 959381.7800000485
208.6599999999985 159.6399999999967 959381.7800000485
107.48000000000025 160.03999999999905 959381.7800000485
252.4499999999996 234.5700000000013 959381.7800000485
141.28999999999883 214.4700000000032 959381.7800000485
317.2200000000025 384.9600000000005 959381.7800000485
298.9200000000001 91.6599999999988 959381.7800000485
246.1799999999971 277.7599999999984 959381.7800000485
242.790000000002 242.4299999999996 959381.7800000485
130.0500000000054 288.34999999999513 959381.7800000485
287.1099999999981 305.4300000000014 959381.7800000485
89.42999999999971 57.730000000000054 959381.7800000485
278.4000000000033 199.1999999999989 959381.7800000485
198.83000000000015 136.95000000000005 959381.7800000485
300.8499999999992 167.0100000000018 959381.7800000485
315.7900000000029 297.5699999999995 959381.7800000485
315.7900000000029 297.5699999999995 959381.7800000485
284.5599999999995 109.5800000000003 959381.7800000485
130.01 110.54999999999875 959381.7800000485
158.03999999999996 146.8800000000001 959381.7800000485
40.360000000000525 79.10000000000159 959381.7800000485
72.52000000000027 49.47999999999951 959381.7800000485
58.10000000000038 84.84000000000145 959381.7800000485
169.93000000000006 114.29000000000066 959381.7800000485
275.68999999999846 221.36999999999966 959381.7800000485
109.0 252.45999999999958 959381.7800000485
166.109999999999 300.9900000000018 959381.7800000485
97.7500000000014 239.5900000000031 959381.7800000485
284.9200000000028 288.10000000000446 959381.7800000485
183.900000000001 309.3400000000024 959381.7800000485
295.77999999999656 219.25999999999885 959381.7800000485
142.74000000000115 291.69999999999845 959381.7800000485
224.31000000000063 251.83000000000015 959381.7800000485
167.0 143.20000000000073 959381.7800000485
113.31000000000016 173.87000000000103 959381.7800000485
16.750000000000096 42.28999999999994 959381.7800000485
147.82000000000198 87.1400000000016 959381.7800000485
115.11000000000057 90.77000000000142 959381.7800000485
198.31000000000245 242.85000000000196 959381.7800000485
241.11999999999716 298.77999999999656 959381.7800000485
221.4199999999987 93.9800000000005 959381.7800000485
231.86000000000377 165.79999999999836 959381.7800000485
282.7899999999993 164.23000000000434 959381.7800000485
123.89999999999944 229.8599999999983 959381.7800000485
188.3899999999951 208.5099999999968 959381.7800000485
261.63999999999396 266.69999999999663 959381.7800000485
241.05999999999995 206.6800000000012 959381.7800000485
84.85999999999942 178.67999999999938 959381.7800000485
178.1199999999999 145.2199999999998 959381.7800000485
119.34999999999864 51.11000000000018 959381.7800000485
165.45999999999776 229.4399999999987 959381.7800000485
180.51000000000045 132.73000000000116 959381.7800000485
203.2199999999998 114.97999999999999 959381.7800000485
34 -87 959381.7800000485
347 -87 959381.7800000485
34 -87 959381.7800000485
347 -87 959381.7800000485
-32 -263 959381.7800000485
-32 -263 959381.7800000485
141 -73 959381.7800000485
454 -73 959381.7800000485
141 -73 959381.7800000485
454 -73 959381.7800000485
-34 -183 959381.7800000485
-34 -183 959381.7800000485
-44 -226 959381.7800000485
-44 -226 959381.7800000485
107 -154 959381.7800000485
420 -154 959381.7800000485
107 -154 959381.7800000485
420 -154 959381.7800000485
255 -50 959381.7800000485
255 -50 959381.7800000485
215 -83 959381.7800000485
215 -83 959381.7800000485
183 -108 959381.7800000485
183 -108 959381.7800000485
258 -132 959381.7800000485
258 -132 959381.7800000485
-49 -186 959381.7800000485
-49 -186 959381.7800000485
89 -95 959381.7800000485
402 -95 959381.7800000485
89 -95 959381.7800000485
402 -95 959381.7800000485
134 -37 959381.7800000485
447 -37 959381.7800000485
134 -37 959381.7800000485
447 -37 959381.7800000485
135 -34 959381.7800000485
448 -34 959381.7800000485
135 -34 959381.7800000485
448 -34 959381.7800000485
201 -68 959381.7800000485
201 -68 959381.7800000485
252 -137 959381.7800000485
252 -137 959381.7800000485
199 -24 959381.7800000485
199 -24 959381.7800000485
151 -59 959381.7800000485
464 -59 959381.7800000485
151 -59 959381.7800000485
464 -59 959381.7800000485
64 -93 959381.7800000485
377 -93 959381.7800000485
64 -93 959381.7800000485
377 -93 959381.7800000485
384 25 959381.7800000485
355 52 959381.7800000485
129 -130 959381.7800000485
442 -130 959381.7800000485
129 -130 959381.7800000485
442 -130 959381.7800000485
298 -49 959381.7800000485
-15 -49 959381.7800000485
298 -49 959381.7800000485
-15 -49 959381.7800000485
89 -58 959381.7800000485
402 -58 959381.7800000485
89 -58 959381.7800000485
402 -58 959381.7800000485
110 -101 959381.7800000485
423 -101 959381.7800000485
110 -101 959381.7800000485
423 -101 959381.7800000485
12 -70 959381.7800000485
325 -70 959381.7800000485
12 -70 959381.7800000485
325 -70 959381.7800000485
235 -21 959381.7800000485
235 -21 959381.7800000485
-40 -287 959381.7800000485
-40 -287 959381.7800000485
318 50 959381.7800000485
232 -86 959381.7800000485
232 -86 959381.7800000485
352 40 959381.7800000485
-103 -273 959381.7800000485
-103 -273 959381.7800000485
38 -37 959381.7800000485
351 -37 959381.7800000485
38 -37 959381.7800000485
351 -37 959381.7800000485
64 -53 959381.7800000485
377 -53 959381.7800000485
64 -53 959381.7800000485
377 -53 959381.7800000485
-37 -237 959381.7800000485
-37 -237 959381.7800000485
136 -30 959381.7800000485
449 -30 959381.7800000485
136 -30 959381.7800000485
449 -30 959381.7800000485
13 -125 959381.7800000485
326 -125 959381.7800000485
13 -125 959381.7800000485
326 -125 959381.7800000485
43 -123 959381.7800000485
356 -123 959381.7800000485
43 -123 959381.7800000485
356 -123 959381.7800000485
232 -42 959381.7800000485
232 -42 959381.7800000485
446 54 959381.7800000485
248 -149 959381.7800000485
248 -149 959381.7800000485
-89 -232 959381.7800000485
-89 -232 959381.7800000485
123 -138 959381.7800000485
436 -138 959381.7800000485
123 -138 959381.7800000485
436 -138 959381.7800000485
459 9 959381.7800000485
-79 -289 959381.7800000485
-79 -289 959381.7800000485
328 42 959381.7800000485
218 -26 959381.7800000485
218 -26 959381.7800000485
-46 -211 959381.7800000485
-46 -211 959381.7800000485
176 -31 959381.7800000485
176 -31 959381.7800000485
32 -99 959381.7800000485
345 -99 959381.7800000485
32 -99 959381.7800000485
345 -99 959381.7800000485
125 -85 959381.7800000485
438 -85 959381.7800000485
125 -85 959381.7800000485
438 -85 959381.7800000485
-14 -219 959381.7800000485
-14 -219 959381.7800000485
48 -52 959381.7800000485
361 -52 959381.7800000485
48 -52 959381.7800000485
361 -52 959381.7800000485
241 -39 959381.7800000485
241 -39 959381.7800000485
170 -35 959381.7800000485
170 -35 959381.7800000485
162 -133 959381.7800000485
162 -133 959381.7800000485
142 -59 959381.7800000485
455 -59 959381.7800000485
142 -59 959381.7800000485
455 -59 959381.7800000485
444 55 959381.7800000485
229 -38 959381.7800000485
229 -38 959381.7800000485
469 24 959381.7800000485
117 -131 959381.7800000485
430 -131 959381.7800000485
117 -131 959381.7800000485
430 -131 959381.7800000485
53 -144 959381.7800000485
366 -144 959381.7800000485
53 -144 959381.7800000485
366 -144 959381.7800000485
95 -70 959381.7800000485
408 -70 959381.7800000485
95 -70 959381.7800000485
408 -70 959381.7800000485
213 -7 959381.7800000485
213 -7 959381.7800000485
365 66 959381.7800000485
282 -115 959381.7800000485
-31 -115 959381.7800000485
282 -115 959381.7800000485
-31 -115 959381.7800000485
451 27 959381.7800000485
41 -155 959381.7800000485
354 -155 959381.7800000485
41 -155 959381.7800000485
354 -155 959381.7800000485
248 -49 959381.7800000485
248 -49 959381.7800000485
25 -103 959381.7800000485
338 -103 959381.7800000485
25 -103 959381.7800000485
338 -103 959381.7800000485
361 40 959381.7800000485
379 36 959381.7800000485
463 84 959381.7800000485
413 24 959381.7800000485
-104 -280 959381.7800000485
-104 -280 959381.7800000485
288 -20 959381.7800000485
288 -20 959381.7800000485
442 33 959381.7800000485
86 -62 959381.7800000485
399 -62 959381.7800000485
86 -62 959381.7800000485
399 -62 959381.7800000485
171 -109 959381.7800000485
171 -109 959381.7800000485
236 -149 959381.7800000485
236 -149 959381.7800000485
288 -120 959381.7800000485
-25 -120 959381.7800000485
288 -120 959381.7800000485
-25 -120 959381.7800000485
25 -35 959381.7800000485
338 -35 959381.7800000485
25 -35 959381.7800000485
338 -35 959381.7800000485
-87 -259 959381.7800000485
-87 -259 959381.7800000485
105 -132 959381.7800000485
418 -132 959381.7800000485
105 -132 959381.7800000485
418 -132 959381.7800000485
-33 -282 959381.7800000485
-33 -282 959381.7800000485
20 -114 959381.7800000485
333 -114 959381.7800000485
20 -114 959381.7800000485
333 -114 959381.7800000485
87 -116 959381.7800000485
400 -116 959381.7800000485
87 -116 959381.7800000485
400 -116 959381.7800000485
257 -155 959381.7800000485
-56 -155 959381.7800000485
257 -155 959381.7800000485
-56 -155 959381.7800000485
38 -134 959381.7800000485
351 -134 959381.7800000485
38 -134 959381.7800000485
351 -134 959381.7800000485
165 -33 959381.7800000485
165 -33 959381.7800000485
446 50 959381.7800000485
159 -29 959381.7800000485
159 -29 959381.7800000485
-60 -273 959381.7800000485
-60 -273 959381.7800000485
252 -77 959381.7800000485
252 -77 959381.7800000485
48 -142 959381.7800000485
361 -142 959381.7800000485
48 -142 959381.7800000485
361 -142 959381.7800000485
119 -55 959381.7800000485
432 -55 959381.7800000485
119 -55 959381.7800000485
432 -55 959381.7800000485
89 -67 959381.7800000485
402 -67 959381.7800000485
89 -67 959381.7800000485
402 -67 959381.7800000485
6 -69 959381.7800000485
319 -69 959381.7800000485
6 -69 959381.7800000485
319 -69 959381.7800000485
432 76 959381.7800000485
19 -33 959381.7800000485
332 -33 959381.7800000485
19 -33 959381.7800000485
332 -33 959381.7800000485
113 -138 959381.7800000485
426 -138 959381.7800000485
113 -138 959381.7800000485
426 -138 959381.7800000485
268 -139 959381.7800000485
-45 -139 959381.7800000485
268 -139 959381.7800000485
-45 -139 959381.7800000485
-92 -258 959381.7800000485
-92 -258 959381.7800000485
403 58 959381.7800000485
245 -71 959381.7800000485
245 -71 959381.7800000485
282 -144 959381.7800000485
-31 -144 959381.7800000485
282 -144 959381.7800000485
-31 -144 959381.7800000485
265 -85 959381.7800000485
265 -85 959381.7800000485
-29 -204 959381.7800000485
-29 -204 959381.7800000485
242 -24 959381.7800000485
242 -24 959381.7800000485
-47 -180 959381.7800000485
-47 -180 959381.7800000485
437 35 959381.7800000485
-73 -269 959381.7800000485
-73 -269 959381.7800000485
28 -23 959381.7800000485
341 -23 959381.7800000485
28 -23 959381.7800000485
341 -23 959381.7800000485
-28 -240 959381.7800000485
-28 -240 959381.7800000485
372 74 959381.7800000485
238 -18 959381.7800000485
238 -18 959381.7800000485
-66 -291 959381.7800000485
-66 -291 959381.7800000485
154 -150 959381.7800000485
467 -150 959381.7800000485
154 -150 959381.7800000485
467 -150 959381.7800000485
293 -59 959381.7800000485
-20 -59 959381.7800000485
293 -59 959381.7800000485
-20 -59 959381.7800000485
163 -85 959381.7800000485
163 -85 959381.7800000485
-51 -161 959381.7800000485
-51 -161 959381.7800000485
175 -107 959381.7800000485
175 -107 959381.7800000485
170 -46 959381.7800000485
170 -46 959381.7800000485
177 -149 959381.7800000485
177 -149 959381.7800000485
344 21 959381.7800000485
140 -95 959381.7800000485
453 -95 959381.7800000485
140 -95 959381.7800000485
453 -95 959381.7800000485
-56 -227 959381.7800000485
-56 -227 959381.7800000485
86 -135 959381.7800000485
399 -135 959381.7800000485
86 -135 959381.7800000485
399 -135 959381.7800000485
-34 -255 959381.7800000485
-34 -255 959381.7800000485
28 -110 959381.7800000485
341 -110 959381.7800000485
28 -110 959381.7800000485
341 -110 959381.7800000485
56 -72 959381.7800000485
369 -72 959381.7800000485
56 -72 959381.7800000485
369 -72 959381.7800000485
-73 -287 959381.7800000485
-73 -287 959381.7800000485
444 68 959381.7800000485
228 -43 959381.7800000485
228 -43 959381.7800000485
62 -133 959381.7800000485
375 -133 959381.7800000485
62 -133 959381.7800000485
375 -133 959381.7800000485
253 -58 959381.7800000485
253 -58 959381.7800000485
105 -139 959381.7800000485
418 -139 959381.7800000485
105 -139 959381.7800000485
418 -139 959381.7800000485
375 37 959381.7800000485
241 -105 959381.7800000485
241 -105 959381.7800000485
140 -153 959381.7800000485
453 -153 959381.7800000485
140 -153 959381.7800000485
453 -153 959381.7800000485
136 -141 959381.7800000485
449 -141 959381.7800000485
136 -141 959381.7800000485
449 -141 959381.7800000485
465 50 959381.7800000485
349 36 959381.7800000485
-60 -231 959381.7800000485
-60 -231 959381.7800000485
58 -102 959381.7800000485
371 -102 959381.7800000485
58 -102 959381.7800000485
371 -102 959381.7800000485
29 -124 959381.7800000485
342 -124 959381.7800000485
29 -124 959381.7800000485
342 -124 959381.7800000485
72 -82 959381.7800000485
385 -82 959381.7800000485
72 -82 959381.7800000485
385 -82 959381.7800000485
70 -52 959381.7800000485
383 -52 959381.7800000485
70 -52 959381.7800000485
383 -52 959381.7800000485
77 -148 959381.7800000485
390 -148 959381.7800000485
77 -148 959381.7800000485
390 -148 959381.7800000485
175 -50 959381.7800000485
175 -50 959381.7800000485
335 63 959381.7800000485
243 -37 959381.7800000485
243 -37 959381.7800000485
467 0 959381.7800000485
144 -23 959381.7800000485
457 -23 959381.7800000485
144 -23 959381.7800000485
457 -23 959381.7800000485
242 -132 959381.7800000485
242 -132 959381.7800000485
328 27 959381.7800000485
50 -143 959381.7800000485
363 -143 959381.7800000485
50 -143 959381.7800000485
363 -143 959381.7800000485
-17 -269 959381.7800000485
-17 -269 959381.7800000485
206 -121 959381.7800000485
206 -121 959381.7800000485
359 18 959381.7800000485
-14 -262 959381.7800000485
-14 -262 959381.7800000485
-25 -294 959381.7800000485
-25 -294 959381.7800000485
181 -124 959381.7800000485
181 -124 959381.7800000485
111 -133 959381.7800000485
424 -133 959381.7800000485
111 -133 959381.7800000485
424 -133 959381.7800000485
114 -98 959381.7800000485
427 -98 959381.7800000485
114 -98 959381.7800000485
427 -98 959381.7800000485
76 -85 959381.7800000485
389 -85 959381.7800000485
76 -85 959381.7800000485
389 -85 959381.7800000485
418 65 959381.7800000485
-79 -252 959381.7800000485
-79 -252 959381.7800000485
165 -10 959381.7800000485
165 -10 959381.7800000485
285 -132 959381.7800000485
-28 -132 959381.7800000485
285 -132 959381.7800000485
-28 -132 959381.7800000485
40 -92 959381.7800000485
353 -92 959381.7800000485
40 -92 959381.7800000485
353 -92 959381.7800000485
97 -137 959381.7800000485
410 -137 959381.7800000485
97 -137 959381.7800000485
410 -137 959381.7800000485
209 -34 959381.7800000485
209 -34 959381.7800000485
162 -135 959381.7800000485
162 -135 959381.7800000485
150 -33 959381.7800000485
463 -33 959381.7800000485
150 -33 959381.7800000485
463 -33 959381.7800000485
108 -107 959381.7800000485
421 -107 959381.7800000485
108 -107 959381.7800000485
421 -107 959381.7800000485
196 -55 959381.7800000485
196 -55 959381.7800000485
63 -53 959381.7800000485
376 -53 959381.7800000485
63 -53 959381.7800000485
376 -53 959381.7800000485
385 47 959381.7800000485
109 -61 959381.7800000485
422 -61 959381.7800000485
109 -61 959381.7800000485
422 -61 959381.7800000485
225 -61 959381.7800000485
225 -61 959381.7800000485
95 -61 959381.7800000485
408 -61 959381.7800000485
95 -61 959381.7800000485
408 -61 959381.7800000485
153 -21 959381.7800000485
466 -21 959381.7800000485
153 -21 959381.7800000485
466 -21 959381.7800000485
411 82 959381.7800000485
93 -64 959381.7800000485
406 -64 959381.7800000485
93 -64 959381.7800000485
406 -64 959381.7800000485
130 -145 959381.7800000485
443 -145 959381.7800000485
130 -145 959381.7800000485
443 -145 959381.7800000485
221 -80 959381.7800000485
221 -80 959381.7800000485
274 -92 959381.7800000485
274 -92 959381.7800000485
46 -22 959381.7800000485
359 -22 959381.7800000485
46 -22 959381.7800000485
359 -22 959381.7800000485
55 -123 959381.7800000485
368 -123 959381.7800000485
55 -123 959381.7800000485
368 -123 959381.7800000485
151 -156 959381.7800000485
464 -156 959381.7800000485
151 -156 959381.7800000485
464 -156 959381.7800000485
-64 -198 959381.7800000485
-64 -198 959381.7800000485
-55 -202 959381.7800000485
-55 -202 959381.7800000485
320 31 959381.7800000485
435 52 959381.7800000485
54 -127 959381.7800000485
367 -127 959381.7800000485
54 -127 959381.7800000485
367 -127 959381.7800000485
5.620000000000337 -15.920000000000073 959381.7800000485
5.620000000000337 -15.920000000000073 959381.7800000485
292.04999999999995 -95.02999999999997 959381.7800000485
-20.950000000000045 -95.02999999999997 959381.7800000485
292.04999999999995 -95.02999999999997 959381.7800000485
-20.950000000000045 -95.02999999999997 959381.7800000485
4.22000000000161 -15.680000000000291 959381.7800000485
4.22000000000161 -15.680000000000291 959381.7800000485
4.190000000001637 -15.6700000000003 959381.7800000485
4.190000000001637 -15.6700000000003 959381.7800000485
3.8100000000020007 -15.650000000000318 959381.7800000485
3.8100000000020007 -15.650000000000318 959381.7800000485
-6.970000000001846 -304.0099999999988 959381.7800000485
-6.970000000001846 -304.0099999999988 959381.7800000485
-114.03999999999996 -311.03999999999996 959381.7800000485
-114.03999999999996 -311.03999999999996 959381.7800000485
5.220000000000683 -15.7800000000002 959381.7800000485
318.2200000000007 -15.7800000000002 959381.7800000485
5.220000000000683 -15.7800000000002 959381.7800000485
318.2200000000007 -15.7800000000002 959381.7800000485
-7.830000000001064 -303.0099999999994 959381.7800000485
-7.830000000001064 -303.0099999999994 959381.7800000485
103.0 -15.980000000000018 959381.7800000485
416.0 -15.980000000000018 959381.7800000485
103.0 -15.980000000000018 959381.7800000485
416.0 -15.980000000000018 959381.7800000485
-9.840000000000146 -206.02 959381.7800000485
-9.840000000000146 -206.02 959381.7800000485
-7.720000000001164 -303.43999999999915 959381.7800000485
-7.720000000001164 -303.43999999999915 959381.7800000485
6.0100000000001685 -15.790000000000191 959381.7800000485
319.01000000000016 -15.790000000000191 959381.7800000485
6.0100000000001685 -15.790000000000191 959381.7800000485
319.01000000000016 -15.790000000000191 959381.7800000485
167.99 0.010000000000009095 959381.7800000485
-99.90000000000009 -311.47999999999956 959381.7800000485
-99.90000000000009 -311.47999999999956 959381.7800000485
13.410000000000537 -108.75000000000023 959381.7800000485
326.41000000000054 -108.75000000000023 959381.7800000485
13.410000000000537 -108.75000000000023 959381.7800000485
326.41000000000054 -108.75000000000023 959381.7800000485
-91.97000000000003 -306.2499999999998 959381.7800000485
-91.97000000000003 -306.2499999999998 959381.7800000485
-7.750000000000227 -174.7900000000002 959381.7800000485
-7.750000000000227 -174.7900000000002 959381.7800000485
308.27999999999975 -29.800000000000182 959381.7800000485
-4.720000000000255 -29.800000000000182 959381.7800000485
308.27999999999975 -29.800000000000182 959381.7800000485
-4.720000000000255 -29.800000000000182 959381.7800000485
-9.279999999999745 -303.0599999999991 959381.7800000485
-9.279999999999745 -303.0599999999991 959381.7800000485
-56.22999999999979 -300.92999999999915 959381.7800000485
-56.22999999999979 -300.92999999999915 959381.7800000485
317.870000000001 63.14999999999997 959381.7800000485
-7.820000000001073 -301.38 959381.7800000485
-7.820000000001073 -301.38 959381.7800000485
-6.57000000000221 -304.56999999999846 959381.7800000485
-6.57000000000221 -304.56999999999846 959381.7800000485
181.63000000000125 35.18999999999976 959381.7800000485
200.05999999999995 -1.6600000000003092 959381.7800000485
200.05999999999995 -1.6600000000003092 959381.7800000485
356.71000000000004 10.55000000000041 959381.7800000485
169.52999999999952 3.229999999999974 959381.7800000485
16.92999999999999 -12.290000000001555 959381.7800000485
329.93 -12.290000000001555 959381.7800000485
16.92999999999999 -12.290000000001555 959381.7800000485
329.93 -12.290000000001555 959381.7800000485
198.9000000000001 5.039999999999935 959381.7800000485
240.08999999999992 44.10999999999998 959381.7800000485
28.919999999999987 -12.00000000000091 959381.7800000485
341.91999999999996 -12.00000000000091 959381.7800000485
28.919999999999987 -12.00000000000091 959381.7800000485
341.91999999999996 -12.00000000000091 959381.7800000485
185.1099999999999 0.4899999999990908 959381.7800000485
9.260000000001583 -83.98000000000002 959381.7800000485
322.2600000000016 -83.98000000000002 959381.7800000485
9.260000000001583 -83.98000000000002 959381.7800000485
322.2600000000016 -83.98000000000002 959381.7800000485
311.01999999999725 -123.92000000000007 959381.7800000485
-1.9800000000027467 -123.92000000000007 959381.7800000485
311.01999999999725 -123.92000000000007 959381.7800000485
-1.9800000000027467 -123.92000000000007 959381.7800000485
198.01999999999998 30.41999999999991 959381.7800000485
311.11000000000354 27.350000000000055 959381.7800000485
247.52999999999952 21.849999999999977 959381.7800000485
310.820000000002 50.84000000000003 959381.7800000485
302.0099999999982 -144.04999999999995 959381.7800000485
-10.990000000001828 -144.04999999999995 959381.7800000485
302.0099999999982 -144.04999999999995 959381.7800000485
-10.990000000001828 -144.04999999999995 959381.7800000485
409.1799999999996 8.0200000000018 959381.7800000485
143.1400000000026 9.119999999999997 959381.7800000485
281.03999999999905 32.12000000000013 959381.7800000485
221.47999999999956 9.059999999999956 959381.7800000485
186.97000000000003 26.94999999999968 959381.7800000485
231.4800000000023 23.899999999999984 959381.7800000485
0.20000000000345608 -31.76000000000022 959381.7800000485
313.20000000000346 -31.76000000000022 959381.7800000485
0.20000000000345608 -31.76000000000022 959381.7800000485
313.20000000000346 -31.76000000000022 959381.7800000485
138.52999999999952 26.789999999999967 959381.7800000485
154.62000000000126 24.020000000000003 959381.7800000485
-6.400000000002365 -304.6799999999985 959381.7800000485
-6.400000000002365 -304.6799999999985 959381.7800000485
288.05999999999995 17.77999999999981 959381.7800000485
283.870000000001 -2.0500000000035925 959381.7800000485
283.870000000001 -2.0500000000035925 959381.7800000485
116.15000000000059 4.109999999999047 959381.7800000485
69.71999999999986 -8.160000000002583 959381.7800000485
382.71999999999986 -8.160000000002583 959381.7800000485
69.71999999999986 -8.160000000002583 959381.7800000485
382.71999999999986 -8.160000000002583 959381.7800000485
303.9000000000001 10.08000000000002 959381.7800000485
180.95000000000005 12.089999999999977 959381.7800000485
358.28 10.480000000000473 959381.7800000485
233.80999999999835 -0.4700000000032105 959381.7800000485
233.80999999999835 -0.4700000000032105 959381.7800000485
93.8699999999984 9.430000000000012 959381.7800000485
298.83000000000015 53.62999999999948 959381.7800000485
211.6800000000012 4.0399999999999565 959381.7800000485
270.98000000000184 25.899999999999984 959381.7800000485
258.089999999999 10.110000000000062 959381.7800000485
209.0000000000009 42.039999999999594 959381.7800000485
311.38999999999874 -9.930000000000973 959381.7800000485
-1.6100000000012642 -9.930000000000973 959381.7800000485
311.38999999999874 -9.930000000000973 959381.7800000485
-1.6100000000012642 -9.930000000000973 959381.7800000485
296.01 40.9700000000006 959381.7800000485
162.02999999999997 13.830000000000004 959381.7800000485
165.12999999999806 28.050000000000164 959381.7800000485
279.96000000000095 48.96000000000021 959381.7800000485
2.7900000000029195 -15.430000000000518 959381.7800000485
315.7900000000029 -15.430000000000518 959381.7800000485
2.7900000000029195 -15.430000000000518 959381.7800000485
315.7900000000029 -15.430000000000518 959381.7800000485
239.95000000000005 26.170000000000027 959381.7800000485
211.23999999999796 30.78000000000001 959381.7800000485
255.33999999999787 41.45999999999971 959381.7800000485
153.87000000000012 1.4700000000000102 959381.7800000485
44.419999999999916 7.800000000000068 959381.7800000485
356 76 959381.7800000485
373 82 959381.7800000485
443 113 959381.7800000485
385 109 959381.7800000485
457 131 959381.7800000485
328 69 959381.7800000485
382 88 959381.7800000485
405 98 959381.7800000485
404 100 959381.7800000485
427 88 959381.7800000485
392 99 959381.7800000485
128.87000000000012 32.070000000000185 959381.7800000485
288.02999999999724 73.07000000000004 959381.7800000485
119.98999999999795 34.53000000000009 959381.7800000485
273.790000000002 74.98999999999948 959381.7800000485
217.690000000003 56.20999999999976 959381.7800000485
226.2199999999998 52.66000000000027 959381.7800000485
185.23999999999978 47.61999999999928 959381.7800000485
276.6000000000022 59.21999999999976 959381.7800000485
236.9699999999973 62.929999999999616 959381.7800000485
317.2200000000025 71.96000000000049 959381.7800000485
99.94999999999997 27.170000000000496 959381.7800000485
-58 -50 959381.7800000485
-58 -50 959381.7800000485
-98 -83 959381.7800000485
-98 -83 959381.7800000485
-130 -108 959381.7800000485
-130 -108 959381.7800000485
-55 -132 959381.7800000485
-55 -132 959381.7800000485
-112 -68 959381.7800000485
-112 -68 959381.7800000485
-61 -137 959381.7800000485
-61 -137 959381.7800000485
-112 -180 959381.7800000485
-112 -180 959381.7800000485
-81 -86 959381.7800000485
-81 -86 959381.7800000485
-114 -203 959381.7800000485
-114 -203 959381.7800000485
-149 -235 959381.7800000485
-149 -235 959381.7800000485
-81 -42 959381.7800000485
-81 -42 959381.7800000485
-65 -149 959381.7800000485
-65 -149 959381.7800000485
-146 -169 959381.7800000485
-146 -169 959381.7800000485
-72 -39 959381.7800000485
-72 -39 959381.7800000485
-151 -133 959381.7800000485
-151 -133 959381.7800000485
-84 -38 959381.7800000485
-84 -38 959381.7800000485
-155 -166 959381.7800000485
-155 -166 959381.7800000485
-106 -157 959381.7800000485
-106 -157 959381.7800000485
-110 -198 959381.7800000485
-110 -198 959381.7800000485
-65 -49 959381.7800000485
-65 -49 959381.7800000485
-144 -311 959381.7800000485
-144 -311 959381.7800000485
-150 -286 959381.7800000485
-150 -286 959381.7800000485
-115 -174 959381.7800000485
-115 -174 959381.7800000485
-155 -193 959381.7800000485
-155 -193 959381.7800000485
-25 -20 959381.7800000485
-25 -20 959381.7800000485
-128 -269 959381.7800000485
-128 -269 959381.7800000485
-151 -299 959381.7800000485
-151 -299 959381.7800000485
-142 -109 959381.7800000485
-142 -109 959381.7800000485
-77 -149 959381.7800000485
-77 -149 959381.7800000485
-121 -165 959381.7800000485
-121 -165 959381.7800000485
-155 -251 959381.7800000485
-155 -251 959381.7800000485
-124 -236 959381.7800000485
-124 -236 959381.7800000485
-116 -209 959381.7800000485
-116 -209 959381.7800000485
-76 -163 959381.7800000485
-76 -163 959381.7800000485
-126 -284 959381.7800000485
-126 -284 959381.7800000485
-130 -279 959381.7800000485
-130 -279 959381.7800000485
-76 -187 959381.7800000485
-76 -187 959381.7800000485
-61 -77 959381.7800000485
-61 -77 959381.7800000485
-128 -217 959381.7800000485
-128 -217 959381.7800000485
-68 -71 959381.7800000485
-68 -71 959381.7800000485
-48 -85 959381.7800000485
-48 -85 959381.7800000485
-71 -24 959381.7800000485
-71 -24 959381.7800000485
-123 -193 959381.7800000485
-123 -193 959381.7800000485
-132 -179 959381.7800000485
-132 -179 959381.7800000485
-143 -200 959381.7800000485
-143 -200 959381.7800000485
-92 -202 959381.7800000485
-92 -202 959381.7800000485
-137 -207 959381.7800000485
-137 -207 959381.7800000485
-150 -85 959381.7800000485
-150 -85 959381.7800000485
-138 -107 959381.7800000485
-138 -107 959381.7800000485
-143 -46 959381.7800000485
-143 -46 959381.7800000485
-136 -149 959381.7800000485
-136 -149 959381.7800000485
-93 -220 959381.7800000485
-93 -220 959381.7800000485
-85 -43 959381.7800000485
-85 -43 959381.7800000485
-108 -238 959381.7800000485
-108 -238 959381.7800000485
-60 -58 959381.7800000485
-60 -58 959381.7800000485
-103 -183 959381.7800000485
-103 -183 959381.7800000485
-72 -105 959381.7800000485
-72 -105 959381.7800000485
-135 -168 959381.7800000485
-135 -168 959381.7800000485
-115 -282 959381.7800000485
-115 -282 959381.7800000485
-138 -225 959381.7800000485
-138 -225 959381.7800000485
-138 -50 959381.7800000485
-138 -50 959381.7800000485
-132 -302 959381.7800000485
-132 -302 959381.7800000485
-70 -37 959381.7800000485
-70 -37 959381.7800000485
-107 -193 959381.7800000485
-107 -193 959381.7800000485
-71 -132 959381.7800000485
-71 -132 959381.7800000485
-116 -210 959381.7800000485
-116 -210 959381.7800000485
-107 -121 959381.7800000485
-107 -121 959381.7800000485
-155 -260 959381.7800000485
-155 -260 959381.7800000485
-132 -124 959381.7800000485
-132 -124 959381.7800000485
-126 -238 959381.7800000485
-126 -238 959381.7800000485
-96 -190 959381.7800000485
-96 -190 959381.7800000485
-145 -313 959381.7800000485
-145 -313 959381.7800000485
-104 -34 959381.7800000485
-104 -34 959381.7800000485
-151 -135 959381.7800000485
-151 -135 959381.7800000485
-117 -55 959381.7800000485
-117 -55 959381.7800000485
-88 -61 959381.7800000485
-88 -61 959381.7800000485
-114 -176 959381.7800000485
-114 -176 959381.7800000485
-92 -80 959381.7800000485
-92 -80 959381.7800000485
-39 -92 959381.7800000485
-39 -92 959381.7800000485
-114 -24 959381.7800000485
-114 -24 959381.7800000485
-78 -21 959381.7800000485
-78 -21 959381.7800000485
-95 -26 959381.7800000485
-95 -26 959381.7800000485
-137 -31 959381.7800000485
-137 -31 959381.7800000485
-143 -35 959381.7800000485
-143 -35 959381.7800000485
-148 -33 959381.7800000485
-148 -33 959381.7800000485
-75 -18 959381.7800000485
-75 -18 959381.7800000485
