239 -36
239 -36
160 343
160 343
359 16
46 329
359 329
175 -114
175 -114
396 55
83 368
396 368
403 298
90 -15
403 -15
403 298
90 -15
403 -15
397 282
84 -31
397 -31
397 282
84 -31
397 -31
461 122
148 435
461 435
253 -33
253 -33
398 10
85 323
398 323
296 461
296 461
469 189
156 -124
469 -124
469 189
156 -124
469 -124
264 425
264 425
224 -57
224 -57
203 406
203 406
178 422
178 422
402 110
89 423
402 423
254 373
254 373
291 412
291 412
421 25
108 338
421 338
186 389
186 389
180 438
180 438
263 -65
263 -65
376 131
63 444
376 444
225 336
225 336
204 -30
204 -30
387 60
74 373
387 373
421 221
108 -92
421 -92
421 221
108 -92
421 -92
438 289
125 -24
438 -24
438 289
125 -24
438 -24
320 94
320 407
423 241
110 -72
423 -72
423 241
110 -72
423 -72
360 47
47 360
360 360
464 148
151 461
464 461
455 270
142 -43
455 -43
455 270
142 -43
455 -43
164 -142
164 -142
447 178
134 -135
447 -135
447 178
134 -135
447 -135
242 -64
242 -64
440 240
127 -73
440 -73
440 240
127 -73
440 -73
364 247
51 -66
364 -66
364 247
51 -66
364 -66
204 450
204 450
247 -43
247 -43
248 -101
248 -101
266 -58
266 -58
442 76
129 389
442 389
400 238
87 -75
400 -75
400 238
87 -75
400 -75
205 -150
205 -150
267 430
267 430
353 235
40 -78
353 -78
353 235
40 -78
353 -78
411 253
98 -60
411 -60
411 253
98 -60
411 -60
346 246
33 -67
346 -67
346 246
33 -67
346 -67
253 -138
253 -138
274 444
274 444
225 378
225 378
407 165
94 -148
407 -148
407 165
94 -148
407 -148
259 -64
259 -64
271 424
271 424
345 36
345 349
221 390
221 390
204 -147
204 -147
189 -51
189 -51
239 -21
239 -21
419 86
106 399
419 399
204 455
204 455
335 278
22 -35
335 -35
335 278
22 -35
335 -35
288 -37
288 -37
287 -154
287 -154
166 346
166 346
244 -109
244 -109
447 36
134 349
447 349
353 72
40 385
353 385
433 137
120 450
433 450
365 43
52 356
365 356
204 458
204 458
206 381
206 381
258 428
258 428
282 -115
282 -115
356 0
356 313
426 43
113 356
426 356
366 146
53 459
366 459
232 377
232 377
231 325
231 325
264 419
264 419
167 452
167 452
408 79
95 392
408 392
188 406
188 406
372 172
59 -141
372 -141
372 172
59 -141
372 -141
189 -125
189 -125
308 410
308 410
180 442
180 442
288 -111
288 -111
415 186
102 -127
415 -127
415 186
102 -127
415 -127
370 49
57 362
370 362
347 179
347 -134
347 179
347 -134
346 172
346 -141
346 172
346 -141
466 194
153 -119
466 -119
466 194
153 -119
466 -119
350 20
37 333
350 333
172 455
172 455
456 241
143 -72
456 -72
456 241
143 -72
456 -72
460 29
147 342
460 342
300 -21
300 -21
458 211
145 -102
458 -102
458 211
145 -102
458 -102
456 260
143 -53
456 -53
456 260
143 -53
456 -53
261 -41
261 -41
239 349
239 349
224 -22
224 -22
395 140
82 453
395 453
422 125
109 438
422 438
343 289
30 -24
343 -24
343 289
30 -24
343 -24
342 156
342 469
424 111
111 424
424 424
296 -148
296 -148
184 331
184 331
425 293
112 -20
425 -20
425 293
112 -20
425 -20
157 -94
157 -94
353 108
353 421
211 -14
211 -14
188 -149
188 -149
429 175
116 -138
429 -138
429 175
116 -138
429 -138
263 -123
263 -123
250 379
250 379
157 -126
157 -126
370 189
57 -124
370 -124
370 189
57 -124
370 -124
280 374
280 374
259 440
259 440
245 332
245 332
383 289
70 -24
383 -24
383 289
70 -24
383 -24
385 168
72 -145
385 -145
385 168
72 -145
385 -145
251 -76
251 -76
244 -88
244 -88
415 301
102 -12
415 -12
415 301
102 -12
415 -12
172 -125
172 -125
353 230
40 -83
353 -83
353 230
40 -83
353 -83
379 166
66 -147
379 -147
379 166
66 -147
379 -147
158 371
158 371
342 182
342 -131
342 182
342 -131
292 330
292 330
390 196
77 -117
390 -117
390 196
77 -117
390 -117
186 345
186 345
415 222
102 -91
415 -91
415 222
102 -91
415 -91
266 -68
266 -68
181 468
181 468
442 290
129 -23
442 -23
442 290
129 -23
442 -23
303 325
303 325
288 -156
288 -156
441 111
128 424
441 424
293 438
293 438
196 -143
196 -143
201 383
201 383
174 315
174 315
407 18
94 331
407 331
236 -96
236 -96
337 194
337 -119
337 194
337 -119
178 428
178 428
437 293
124 -20
437 -20
437 293
124 -20
437 -20
246 -97
246 -97
412 274
99 -39
412 -39
412 274
99 -39
412 -39
203 -96
203 -96
279 344
279 344
416 112
103 425
416 425
294 350
294 350
188 416
188 416
425 299
112 -14
425 -14
425 299
112 -14
425 -14
433 226
120 -87
433 -87
433 226
120 -87
433 -87
172 -134
172 -134
353 53
40 366
353 366
383 279
70 -34
383 -34
383 279
70 -34
383 -34
411 133
98 446
411 446
212 -98
212 -98
202 -108
202 -108
410 217
97 -96
410 -96
410 217
97 -96
410 -96
292 351
292 351
220 -100
220 -100
240 -104
240 -104
386 240
73 -73
386 -73
386 240
73 -73
386 -73
163 402
163 402
203 318
203 318
215 343
215 343
172 355
172 355
158 -77
158 -77
428 68
115 381
428 381
415 222
102 -91
415 -91
415 222
102 -91
415 -91
412 155
99 468
412 468
352 261
39 -52
352 -52
352 261
39 -52
352 -52
377 90
64 403
377 403
419 75
106 388
419 388
268 -44
268 -44
164 460
164 460
219 427
219 427
274 -45
274 -45
407 300
94 -13
407 -13
407 300
94 -13
407 -13
335 279
22 -34
335 -34
335 279
22 -34
335 -34
354 39
41 352
354 352
265 409
265 409
278 329
278 329
206 -58
206 -58
276 334
276 334
197 -18
197 -18
384 50
71 363
384 363
427 159
114 -154
427 -154
427 159
114 -154
427 -154
203 -31
203 -31
292 370
292 370
167 362
167 362
223 -62
223 -62
343 139
343 452
262 -106
262 -106
357 311
44 -2
357 -2
357 311
44 -2
357 -2
412 208
99 -105
412 -105
412 208
99 -105
412 -105
443 124
130 437
443 437
356 240
43 -73
356 -73
356 240
43 -73
356 -73
293 -37
293 -37
213 -41
213 -41
230 -82
230 -82
388 238
75 -75
388 -75
388 238
75 -75
388 -75
232 -155
232 -155
413 289
100 -24
413 -24
413 289
100 -24
413 -24
419 293
106 -20
419 -20
419 293
106 -20
419 -20
426 221
113 -92
426 -92
426 221
113 -92
426 -92
284 -77
284 -77
235 391
235 391
289 407
289 407
389 93
76 406
389 406
208 -109
208 -109
372 48
59 361
372 361
178 336
178 336
360 211
47 -102
360 -102
360 211
47 -102
360 -102
307 340
307 340
328 300
15 -13
328 -13
328 300
15 -13
328 -13
217 372
217 372
250 343
250 343
396 246
83 -67
396 -67
396 246
83 -67
396 -67
268 -21
268 -21
221 -84
221 -84
284 452
284 452
375 79
62 392
375 392
397 284
84 -29
397 -29
397 284
84 -29
397 -29
369 222
56 -91
369 -91
369 222
56 -91
369 -91
461 117
148 430
461 430
450 65
137 378
450 378
167 432
167 432
409 222
96 -91
409 -91
409 222
96 -91
409 -91
254 403
254 403
271 329
271 329
296 -125
296 -125
393 279
80 -34
393 -34
393 279
80 -34
393 -34
170 -49
170 -49
194 331
194 331
404 226
91 -87
404 -87
404 226
91 -87
404 -87
407 163
94 -150
407 -150
407 163
94 -150
407 -150
389 190
76 -123
389 -123
389 190
76 -123
389 -123
339 176
339 -137
339 176
339 -137
182 -106
182 -106
432 179
119 -134
432 -134
432 179
119 -134
432 -134
409 223
96 -90
409 -90
409 223
96 -90
409 -90
434 62
121 375
434 375
313 -148
313 -148
193 369
193 369
250 -65
250 -65
174 336
174 336
436 111
123 424
436 424
365 268
52 -45
365 -45
365 268
52 -45
365 -45
411 84
98 397
411 397
268 -155
268 -155
380 233
67 -80
380 -80
380 233
67 -80
380 -80
214 -59
214 -59
426 84
113 397
426 397
424 297
111 -16
424 -16
424 297
111 -16
424 -16
307 336
307 336
6.993000000000085 -5.997000000000071
6.993000000000085 -5.997000000000071
6.983000000000177 -5.991000000000213
6.983000000000177 -5.991000000000213
6.976000000000196 -5.984000000000378
6.976000000000196 -5.984000000000378
6.973000000000193 -5.981000000000449
6.973000000000193 -5.981000000000449
6.970000000000207 -5.97800000000052
6.970000000000207 -5.97800000000052
407.001 308.0049999999999
94.001 -4.995000000000118
407.001 -4.995000000000118
407.001 308.0049999999999
94.001 -4.995000000000118
407.001 -4.995000000000118
6.96400000000022 -5.972000000000662
6.96400000000022 -5.972000000000662
302.01899999999955 377.99299999999994
302.01899999999955 377.99299999999994
313.9620000000009 22.981999999999978
313.9620000000009 335.98199999999997
427.0 11.998000000000047
114.0 324.99800000000005
427.0 324.99800000000005
320.003 307.0129999999997
7.003000000000001 -5.987000000000307
320.003 -5.987000000000307
320.003 307.0129999999997
7.003000000000001 -5.987000000000307
320.003 -5.987000000000307
320.96900000000073 54.99700000000001
320.96900000000073 367.997
322.9920000000002 142.00600000000003
322.9920000000002 455.00600000000003
319.93800000000147 300.0039999999999
6.938000000001466 -12.996000000000095
319.93800000000147 -12.996000000000095
319.93800000000147 300.0039999999999
6.938000000001466 -12.996000000000095
319.93800000000147 -12.996000000000095
316.9250000000018 294.01099999999974
316.9250000000018 -18.98900000000026
316.9250000000018 294.01099999999974
316.9250000000018 -18.98900000000026
458.00300000000004 21.965000000000828
145.00300000000001 334.9650000000008
458.00300000000004 334.9650000000008
95.98999999999995 221.98599999999993
322.98100000000045 68.01700000000008
322.98100000000045 381.01700000000005
325.054 3.9340000000015607
325.054 316.93400000000156
317.98500000000035 136.00900000000004
317.98500000000035 449.009
177.99699999999999 23.00900000000001
319.9590000000009 306.98900000000026
6.959000000000913 -6.01099999999974
319.9590000000009 -6.01099999999974
319.9590000000009 306.98900000000026
6.959000000000913 -6.01099999999974
319.9590000000009 -6.01099999999974
271.99300000000017 -13.961000000000922
271.99300000000017 -13.961000000000922
319.95500000000027 307.0369999999991
6.955000000000247 -5.963000000000875
319.95500000000027 -5.963000000000875
319.95500000000027 307.0369999999991
6.955000000000247 -5.963000000000875
319.95500000000027 -5.963000000000875
316.9440000000013 11.992000000000004
316.9440000000013 324.992
309.03199999999924 -24.01599999999962
309.03199999999924 -24.01599999999962
403.9419999999997 1.918000000001939
90.94199999999972 314.91800000000194
403.9419999999997 314.91800000000194
42.96600000000008 312.9620000000009
189.96699999999984 -6.927000000001726
189.96699999999984 -6.927000000001726
440.0510000000003 13.9070000000022
127.05100000000024 326.9070000000022
440.0510000000003 326.9070000000022
84.17500000000084 281.82100000000423
304.06199999999853 350.998
304.06199999999853 350.998
247.03400000000016 269.8640000000032
289.16699999999605 -93.10100000000048
289.16699999999605 -93.10100000000048
250.01400000000007 248.05400000000026
234.00800000000004 319.7540000000058
234.00800000000004 319.7540000000058
93.8949999999995 162.86299999999935
271.2869999999932 110.96299999999982
155.98599999999993 189.03200000000015
43.156999999999634 0.33100000000000024
431.00700000000006 12.973000000000638
118.00700000000003 325.97300000000064
431.00700000000006 325.97300000000064
105.9159999999996 74.79399999999902
263.75200000000586 105.90199999999953
263.02299999999946 247.999
250.9809999999999 329.94700000000125
250.9809999999999 329.94700000000125
345.87800000000027 311.3039999999928
32.878000000000284 -1.6960000000071886
345.87800000000027 -1.6960000000071886
345.87800000000027 311.3039999999928
32.878000000000284 -1.6960000000071886
345.87800000000027 -1.6960000000071886
455.995 21.949000000001206
142.99499999999998 334.9490000000012
455.995 334.9490000000012
258.8860000000027 249.06800000000032
267.9950000000001 269.0209999999995
306.1139999999973 356.994
306.1139999999973 356.994
287.9460000000013 156.79799999999904
312.6870000000074 165.1910000000009
174.92499999999964 198.99299999999997
306.97700000000054 27.113000000000138
28.870999999999842 182.11300000000054
306.9490000000012 22.954999999999945
313.873000000003 95.96899999999985
313.873000000003 408.9689999999998
51.28799999999933 247.15000000000072
44.03099999999993 310.3110000000163
58.740000000000606 171.9819999999999
163.73399999999873 170.77399999999892
115.94699999999975 174.78699999999898
293.05299999999875 124.72099999999867
220.96499999999983 77.30900000000148
230.05800000000028 231.12200000000058
177.87999999999943 108.8119999999991
91.00600000000003 2.035999999999996
172.01000000000005 187.998
412.1030000000005 307.15499999999633
99.10300000000049 -5.845000000003665
412.1030000000005 -5.845000000003665
412.1030000000005 307.15499999999633
99.10300000000049 -5.845000000003665
412.1030000000005 -5.845000000003665
38.92200000000018 261.00599999999986
235.8719999999994 216.99599999999998
152.95499999999979 194.2490000000012
306.37399999999116 427.0660000000003
306.37399999999116 427.0660000000003
71.03700000000018 49.565000000001014
274.22599999999466 267.9120000000021
127.21600000000103 13.810000000000105
253.01200000000006 280.21799999999484
267.0899999999979 117.13000000000062
72.7699999999989 240.3760000000018
59.41499999999903 47.723000000000646
147.00300000000001 29.3270000000004
318.9250000000018 60.98700000000003
318.9250000000018 373.987
263.11999999999716 189.92199999999963
107.99599999999998 25.20600000000025
87.09900000000047 237.999
297.7750000000053 316.68100000000754
297.7750000000053 316.68100000000754
210.207000000001 -0.629000000008773
210.207000000001 -0.629000000008773
304.00999999999976 37.99000000000002
121.05400000000026 61.6580000000008
294.0969999999977 36.977000000000054
273.9740000000006 131.002
72.34600000000165 167.99399999999997
210.1030000000005 311.76500000000556
89.80299999999906 297.9950000000001
23.36899999999923 195.0670000000051
202.4569999999974 281.84900000000357
172.18000000000086 42.00399999999999
307.19299999999544 -156.13500000000064
307.19299999999544 -156.13500000000064
127.0220000000001 240.15800000000075
113.14100000000067 220.80299999999906
232.0620000000003 63.77400000000053
291.957000000001 16.999
291.9620000000009 56.98200000000004
214.6869999999985 30.215000000000263
213.99499999999998 253.92299999999963
250.38100000000182 30.23700000000029
122.83999999999924 110.87599999999941
243.66999999999842 203.25399999999644
94.0200000000001 299.97600000000057
263.999 111.999
230.9149999999996 12.002999999999998
312.34499999999184 340.2430000000003
312.34499999999184 340.2430000000003
204.20600000000098 283.0259999999994
204.0390000000002 141.99699999999999
260.9740000000006 271.9700000000007
112.05100000000024 292.7630000000056
213.07400000000035 271.9920000000002
97.94599999999974 132.98399999999992
56.00399999999999 221.98399999999992
52.109999999999744 42.73400000000062
147.998 122.3360000000016
266.16699999999605 244.65299999999834
278.12499999999704 15.677000000000179
76.0830000000004 189.65699999999836
69.78299999999896 278.747000000006
62.934000000000154 130.4779999999975
384.9349999999997 302.16299999999615
71.93499999999969 -10.837000000003854
384.9349999999997 -10.837000000003854
384.9349999999997 302.16299999999615
71.93499999999969 -10.837000000003854
384.9349999999997 -10.837000000003854
186.1900000000009 32.2159999999995
12.148999999999917 4.083000000000028
166.00500000000002 33.00899999999998
188.24100000000115 103.17100000000082
94.62699999999822 78.67099999999843
206.0830000000004 67.99099999999996
220.76599999999888 229.1040000000005
211.99599999999998 215.07200000000034
167.21900000000105 49.34899999999919
293.19999999999527 275.8680000000031
143.00600000000003 240.9179999999996
166.7469999999988 138.74099999999876
157.75199999999882 58.087999999999795
173.76599999999888 22.879999999999853
239.9179999999996 208.998
180.209000000001 124.88499999999945
134.13400000000064 177.8739999999994
188.78499999999897 261.7750000000053
52.95300000000011 146.15700000000075
310.80300000000466 278.98500000000035
108.00300000000001 220.99499999999998
178.1680000000008 115.06800000000032
248.08900000000042 211.99499999999998
90.789999999999 225.9599999999998
293.294999999993 -86.98499999999993
293.294999999993 -86.98499999999993
311.4429999999895 -34.17299999999591
311.4429999999895 -34.17299999999591
172.18500000000088 178.92499999999964
198.8929999999995 1.0769999999999915
205.16200000000077 162.74199999999877
32.16800000000194 245.98599999999993
224.999 65.00300000000001
120.47600000000227 225.76599999999888
81.91899999999961 140.0610000000003
173.71799999999865 2.3379999999999628
83.98899999999995 284.1489999999965
289.03099999999927 219.57699999999798
246.0850000000004 216.09100000000043
290.98100000000045 99.39100000000187
102.90299999999954 111.94699999999975
302.9750000000006 11.997000000000002
65.99399999999997 165.8139999999991
162.60799999999813 88.99199999999996
305.99300000000017 44.190999999999555
39.74600000000059 53.16799999999961
305.87600000000293 1.1019999999999888
84.30199999999667 10.335999999999814
111.05700000000027 110.86299999999935
41.01599999999996 38.96600000000008
124.80899999999909 288.6570000000081
97.86499999999936 84.2310000000011
76.96399999999983 196.61200000000292
208.27800000000133 203.57799999999799
175.00700000000003 313.28700000001686
175.00700000000003 313.28700000001686
73.98899999999995 60.27899999999935
211.0230000000001 299.01099999999974
203.09400000000045 5.15000000000005
278.74400000000605 31.31000000000038
187.8309999999992 164.0610000000003
47.005999999999986 47.083999999999804
219.32900000000157 113.98499999999993
182.01100000000005 207.57300000000274
137.1900000000009 64.94999999999976
196.50399999999763 295.0
75.08100000000039 237.76299999999887
96.82199999999915 216.90799999999956
251.0810000000004 236.87099999999938
119.05900000000028 179.5870000000028
198.94999999999976 313.7380000000062
198.94999999999976 313.7380000000062
262.2699999999936 207.25800000000123
288.9530000000011 93.36299999999696
159.88699999999946 29.880999999999855
307.80000000000473 97.0640000000003
123.99699999999999 293.21299999999496
43.00299999999999 240.03700000000018
238.92299999999963 36.28899999999933
142.96699999999984 259.9070000000022
66.99799999999999 232.79999999999905
34.32099999999925 179.13300000000064
224.04600000000022 290.9880000000003
102.00900000000004 222.09900000000047
114.23800000000114 158.88799999999947
113.77199999999891 11.868000000000073
102.05300000000025 301.09899999999766
304.82800000000407 255.7559999999988
223.0230000000001 250.790999999999
10.315999999999825 68.210000000001
234.03800000000018 6.7019999999999005
93.96799999999985 308.00199999999995
118.10300000000049 12.997000000000002
200.88199999999944 70.00800000000004
275.9060000000022 21.162000000000198
196.002 170.0840000000004
99.0 207.71199999999862
268.13699999999676 292.2909999999931
99.98599999999993 288.8980000000024
63.67700000000075 90.3770000000018
306.999 156.88699999999946
283.9820000000004 139.05000000000024
253.792999999999 89.99699999999999
112.83899999999923 43.09299999999978
254.20000000000095 59.43400000000132
99.29100000000139 273.64300000000844
28.92699999999991 155.98699999999994
36.76000000000056 19.98399999999998
106.00200000000001 292.9840000000004
286.747000000006 159.4370000000021
115.01800000000009 68.0220000000001
98.0 253.19800000000095
194.19600000000094 18.080000000000098
266.2019999999952 254.998
165.4539999999974 318.24600000001783
165.4539999999974 318.24600000001783
99.01300000000006 154.72099999999867
281.7080000000069 197.86399999999935
306.00199999999995 313.7620000000056
306.00199999999995 313.7620000000056
225.001 23.04900000000006
110.12100000000058 241.26500000000127
158.6490000000031 236.15900000000076
311.1559999999963 443.9199999999996
311.1559999999963 443.9199999999996
192.99299999999997 55.77700000000052
310.62100000000896 130.98699999999994
101.98699999999994 186.0630000000003
250.14200000000068 66.34600000000165
88.67299999999844 110.06100000000029
296.06099999999856 147.8769999999994
296.2409999999943 187.94499999999974
33.23899999999944 171.73499999999873
265.24299999999425 95.67299999999844
144.54799999999784 210.88199999999944
120.18000000000086 137.29000000000138
76.14000000000067 93.03200000000015
83.60500000000289 54.741000000000604
291.73200000000634 38.04599999999989
46.83800000000038 210.75999999999885
109.02900000000014 124.98699999999994
8.308999999999829 54.749000000000585
204.09200000000044 136.46199999999743
238.7299999999987 276.9360000000015
189.06800000000032 188.01400000000007
284.0259999999994 236.2320000000011
239.24600000000117 292.4259999999899
150.42099999999724 148.28500000000136
288.464999999989 202.2750000000013
130.05500000000026 124.09900000000047
79.8739999999994 278.76600000000553
216.9399999999997 58.62200000000088
299.72700000000646 292.2249999999947
204.52000000000248 166.68400000000327
187.97599999999989 92.86999999999938
169.89999999999952 264.3899999999908
224.210000000001 256.3039999999928
148.0210000000001 116.43099999999728
244.90299999999954 19.005000000000006
296.01099999999974 165.15500000000074
111.0220000000001 296.99400000000014
133.90699999999956 36.10699999999975
156.8739999999994 186.69199999999853
4.18000000000006 12.101999999999943
163.94699999999975 147.16100000000077
129.3380000000016 76.47200000000225
93.96499999999983 165.48700000000233
304.4449999999895 -123.87099999999938
304.4449999999895 -123.87099999999938
56.88500000000027 189.07500000000036
232.00900000000004 157.7509999999988
184.03200000000015 17.86199999999983
46.65799999999847 16.088000000000108
202.4759999999975 217.56200000000268
234.998 78.42200000000201
244.05100000000024 225.03100000000015
180.12100000000058 129.19500000000093
56.865000000000315 49.1729999999996
305.71699999998305 -57.17900000000088
305.71699999998305 -57.17900000000088
204.0440000000002 145.3780000000018
39.93600000000015 108.06000000000029
71.86599999999936 302.0499999999988
181.00500000000002 154.9569999999998
267.0 315.4340000000134
267.0 315.4340000000134
157.26600000000127 219.01000000000005
267.73600000000624 157.88799999999947
105.98899999999995 86.16100000000077
112.08600000000041 299.29799999999295
29.95899999999995 138.55299999999787
301.99400000000014 65.3560000000017
270.6670000000079 15.683000000000176
203.2740000000013 93.07800000000037
220.34000000000162 212.49399999999758
279.5850000000098 61.31299999999927
252.69599999999855 175.00800000000004
96.00800000000004 223.12200000000058
201.78599999999898 204.9179999999996
39.7840000000005 72.30200000000144
251.28500000000136 16.734999999999676
287.74900000000594 276.06499999999846
257.52800000001116 114.99799999999999
61.95000000000012 78.84599999999926
52.00499999999999 268.1229999999971
128.4590000000022 110.56699999999793
166.80699999999908 118.96099999999981
241.82199999999915 248.998
185.64899999999832 75.96099999999981
258.2770000000171 127.5870000000028
82.98799999999994 246.36800000000176
113.32500000000155 84.15300000000073
93.94999999999976 18.268000000000328
39.7850000000005 234.99299999999997
69.71999999999866 289.1019999999976
31.504999999999395 36.02099999999995
25.65499999999958 175.8749999999994
205.58799999999803 254.71999999999866
39.337000000001545 229.4529999999974
293.40799999999035 226.0860000000004
130.23200000000588 290.4699999999889
172.19200000000092 142.002
142.08900000000042 270.39099999999075
30.436000000000533 289.06599999999844
143.09200000000044 21.399999999999267
-74 277
-74 -36
-74 277
-74 -36
-153 30
-153 -283
-153 30
-153 -283
-138 199
-138 -114
-138 199
-138 -114
-60 -33
-60 -33
-17 -165
-17 -165
-49 112
-49 -201
-49 112
-49 -201
-89 256
-89 -57
-89 256
-89 -57
-110 93
-110 -220
-110 93
-110 -220
-135 109
-135 -204
-135 109
-135 -204
-59 60
-59 -253
-59 60
-59 -253
-22 -214
-22 -214
-127 76
-127 -237
-127 76
-127 -237
-133 125
-133 -188
-133 125
-133 -188
-50 -65
-50 -65
-88 23
-88 -290
-88 23
-88 -290
-109 283
-109 -30
-109 283
-109 -30
-149 171
-149 -142
-149 171
-149 -142
-71 249
-71 -64
-71 249
-71 -64
-109 137
-109 -176
-109 137
-109 -176
-66 -43
-66 -43
-65 212
-65 -101
-65 212
-65 -101
-47 -58
-47 -58
-108 163
-108 -150
-108 163
-108 -150
-46 117
-46 -196
-46 117
-46 -196
-60 175
-60 -138
-60 175
-60 -138
-39 131
-39 -182
-39 131
-39 -182
-88 65
-88 -248
-88 65
-88 -248
-54 -64
-54 -64
-42 111
-42 -202
-42 111
-42 -202
-92 77
-92 -236
-92 77
-92 -236
-109 166
-109 -147
-109 166
-109 -147
-124 262
-124 -51
-124 262
-124 -51
-74 -21
-74 -21
-109 142
-109 -171
-109 142
-109 -171
-25 -37
-25 -37
-26 -154
-26 -154
-147 33
-147 -280
-147 33
-147 -280
-69 204
-69 -109
-69 204
-69 -109
-109 145
-109 -168
-109 145
-109 -168
-107 68
-107 -245
-107 68
-107 -245
-55 115
-55 -198
-55 115
-55 -198
-31 -115
-31 -115
-81 64
-81 -249
-81 64
-81 -249
-82 12
-82 -301
-82 12
-82 -301
-49 106
-49 -207
-49 106
-49 -207
-146 139
-146 -174
-146 139
-146 -174
-125 93
-125 -220
-125 93
-125 -220
-124 188
-124 -125
-124 188
-124 -125
-133 129
-133 -184
-133 129
-133 -184
-25 -111
-25 -111
-141 142
-141 -171
-141 142
-141 -171
-13 -21
-13 -21
-52 -41
-52 -41
-74 36
-74 -277
-74 36
-74 -277
-89 291
-89 -22
-89 291
-89 -22
-17 -148
-17 -148
-129 18
-129 -295
-129 18
-129 -295
-156 219
-156 -94
-156 219
-156 -94
-102 299
-102 -14
-102 299
-102 -14
-125 164
-125 -149
-125 164
-125 -149
-50 -123
-50 -123
-63 66
-63 -247
-63 66
-63 -247
-156 187
-156 -126
-156 187
-156 -126
-33 61
-33 -252
-33 61
-33 -252
-54 127
-54 -186
-54 127
-54 -186
-68 19
-68 -294
-68 19
-68 -294
-62 -76
-62 -76
-69 225
-69 -88
-69 225
-69 -88
-141 188
-141 -125
-141 188
-141 -125
-155 58
-155 -255
-155 58
-155 -255
-21 17
-21 17
-127 32
-127 -281
-127 32
-127 -281
-47 -68
-47 -68
-132 155
-132 -158
-132 155
-132 -158
-10 12
-10 12
-25 -156
-25 -156
-20 -188
-20 -188
-117 170
-117 -143
-117 170
-117 -143
-112 70
-112 -243
-112 70
-112 -243
-139 2
-139 -311
-139 2
-139 -311
-77 217
-77 -96
-77 217
-77 -96
-135 115
-135 -198
-135 115
-135 -198
-67 216
-67 -97
-67 216
-67 -97
-110 217
-110 -96
-110 217
-110 -96
-34 31
-34 -282
-34 31
-34 -282
-19 37
-19 37
-125 103
-125 -210
-125 103
-125 -210
-141 179
-141 -134
-141 179
-141 -134
-101 215
-101 -98
-101 215
-101 -98
-111 205
-111 -108
-111 205
-111 -108
-21 38
-21 38
-93 213
-93 -100
-93 213
-93 -100
-73 209
-73 -104
-73 209
-73 -104
-150 89
-150 -224
-150 89
-150 -224
-110 5
-110 -308
-110 5
-110 -308
-98 30
-98 -283
-98 30
-98 -283
-141 42
-141 -271
-141 42
-141 -271
-155 236
-155 -77
-155 236
-155 -77
-45 -44
-45 -44
-149 147
-149 -166
-149 147
-149 -166
-94 114
-94 -199
-94 114
-94 -199
-39 -45
-39 -45
-48 96
-48 -217
-48 96
-48 -217
-35 16
-35 -297
-35 16
-35 -297
-107 255
-107 -58
-107 255
-107 -58
-37 21
-37 -292
-37 21
-37 -292
-116 295
-116 -18
-116 295
-116 -18
-110 282
-110 -31
-110 282
-110 -31
-21 57
-21 57
-146 49
-146 -264
-146 49
-146 -264
-90 251
-90 -62
-90 251
-90 -62
-51 -106
-51 -106
-20 -37
-20 -37
-100 272
-100 -41
-100 272
-100 -41
-83 231
-83 -82
-83 231
-83 -82
-81 158
-81 -155
-81 158
-81 -155
-29 -77
-29 -77
-78 78
-78 -235
-78 78
-78 -235
-24 -219
-24 -219
-105 204
-105 -109
-105 204
-105 -109
-135 23
-135 -290
-135 23
-135 -290
-96 59
-96 -254
-96 59
-96 -254
-63 30
-63 -283
-63 30
-63 -283
-45 -21
-45 -21
-92 229
-92 -84
-92 229
-92 -84
-29 -174
-29 -174
-146 119
-146 -194
-146 119
-146 -194
-59 90
-59 -223
-59 90
-59 -223
-42 16
-42 -297
-42 16
-42 -297
-17 -125
-17 -125
-143 264
-143 -49
-143 264
-143 -49
-119 18
-119 -295
-119 18
-119 -295
-131 207
-131 -106
-131 207
-131 -106
-120 56
-120 -257
-120 56
-120 -257
-63 -65
-63 -65
-139 23
-139 -290
-139 23
-139 -290
-45 158
-45 -155
-45 158
-45 -155
-99 254
-99 -59
-99 254
-99 -59
-41.006999999999834 -13.961000000000922
-41.006999999999834 -13.961000000000922
-3.9680000000007567 -24.01599999999962
-3.9680000000007567 -24.01599999999962
-123.03300000000016 306.0729999999983
-123.03300000000016 -6.927000000001726
-123.03300000000016 306.0729999999983
-123.03300000000016 -6.927000000001726
-23.83300000000395 -93.10100000000048
-23.83300000000395 -93.10100000000048
-78.99199999999996 6.754000000005817
-78.99199999999996 -306.2459999999942
-78.99199999999996 6.754000000005817
-78.99199999999996 -306.2459999999942
-62.01900000000009 16.947000000001253
-62.01900000000009 -296.05299999999875
-62.01900000000009 16.947000000001253
-62.01900000000009 -296.05299999999875
-15.22499999999468 3.6810000000075433
-15.22499999999468 3.6810000000075433
-102.79299999999901 312.3709999999912
-102.79299999999901 -0.629000000008773
-102.79299999999901 312.3709999999912
-102.79299999999901 -0.629000000008773
-19.705000000006976 -86.98499999999993
-19.705000000006976 -86.98499999999993
-137.99299999999997 0.2870000000168602
-137.99299999999997 -312.71299999998314
-137.99299999999997 0.2870000000168602
-137.99299999999997 -312.71299999998314
-114.05000000000024 0.7380000000061955
-114.05000000000024 -312.2619999999938
-114.05000000000024 0.7380000000061955
-114.05000000000024 -312.2619999999938
-147.5460000000026 5.24600000001783
-147.5460000000026 -307.75399999998217
-147.5460000000026 5.24600000001783
-147.5460000000026 -307.75399999998217
-6.998000000000047 0.762000000005628
-6.998000000000047 0.762000000005628
-7.283000000016955 -57.17900000000088
-7.283000000016955 -57.17900000000088
-46.0 2.434000000013384
-46.0 -310.5659999999866
-46.0 2.434000000013384
-46.0 -310.5659999999866
-17 148
-17 148
7 407
32 349
-25 276
-25 276
-26 159
-26 159
-31 198
-31 198
-5 97
-5 97
-25 202
-25 202
-13 292
-13 292
29 469
-17 165
-17 165
40 421
-25 157
-25 157
-20 125
-20 125
-45 269
-45 269
-39 268
-39 268
30 452
-20 276
-20 276
-29 236
-29 236
-45 292
-45 292
-17 188
-17 188
-10.98100000000045 64.99299999999997
-10.98100000000045 64.99299999999997
0.9620000000008986 335.98199999999997
7.969000000000733 367.997
9.99200000000019 455.00600000000003
9.98100000000045 381.01700000000005
12.05399999999997 316.93400000000156
4.985000000000355 449.009
-41.006999999999834 299.0389999999991
-41.006999999999834 299.0389999999991
3.9440000000013242 324.992
-3.9680000000007567 288.9840000000004
-3.9680000000007567 288.9840000000004
-23.83300000000395 219.89899999999952
-23.83300000000395 219.89899999999952
-6.886000000002696 43.994000000000014
-6.886000000002696 43.994000000000014
0.8730000000030032 408.9689999999998
-6.626000000008844 114.06600000000032
-6.626000000008844 114.06600000000032
5.9250000000017735 373.987
15.277999999999846 300.0259999999994
4.074000000000025 293.9100000000021
1.2489999999999726 22.996999999999996
-5.807000000004564 156.86499999999936
-5.807000000004564 156.86499999999936
-0.6550000000081582 27.243000000000297
-0.6550000000081582 27.243000000000297
-19.705000000006976 226.01500000000007
-19.705000000006976 226.01500000000007
-1.5570000000104756 278.8270000000041
-1.5570000000104756 278.8270000000041
0.5880000000000004 165.10800000000052
21.937999999999924 279.2039999999952
1.0599999999999934 96.0200000000001
-1.844000000003689 130.91999999999962
-1.844000000003689 130.91999999999962
6.952999999999984 306.999
7.874000000000292 93.99399999999997
21.920999999999903 277.24100000001795
-8.555000000010523 189.12900000000062
-8.555000000010523 189.12900000000062
-7.283000000016955 255.82099999999912
-7.283000000016955 255.82099999999912
5.66000000000022 136.0
-60 280
-60 280
-22 99
-22 99
-50 248
-50 248
-66 270
-66 270
-47 255
-47 255
-54 249
-54 249
-74 292
-74 292
-52 272
-52 272
-50 190
-50 190
-62 237
-62 237
-47 245
-47 245
-51 207
-51 207
-24 94
-24 94
-6 27
-6 27
-29 139
-29 139
-63 248
-63 248
-6 23
-6 23
-8.938000000001466 37.998000000000005
-8.938000000001466 37.998000000000005
-5 -216
-5 -216
-21 -296
-21 -296
-10 -301
-10 -301
-19 -276
-19 -276
-21 -275
-21 -275
-21 -256
-21 -256
-6 -286
-6 -286
0 -148
0 -148
-6 -290
-6 -290
-10.98100000000045 -248.00700000000003
-10.98100000000045 -248.00700000000003
-8.938000000001466 -275.002
-8.938000000001466 -275.002
-6.886000000002696 -269.006
-6.886000000002696 -269.006
-6.626000000008844 -198.93399999999968
-6.626000000008844 -198.93399999999968
-15.22499999999468 -309.31899999999246
-15.22499999999468 -309.31899999999246
-5.807000000004564 -156.13500000000064
-5.807000000004564 -156.13500000000064
-0.6550000000081582 -285.7569999999997
-0.6550000000081582 -285.7569999999997
-1.5570000000104756 -34.17299999999591
-1.5570000000104756 -34.17299999999591
-6.998000000000047 -312.2379999999944
-6.998000000000047 -312.2379999999944
-1.844000000003689 -182.08000000000038
-1.844000000003689 -182.08000000000038
-8.555000000010523 -123.87099999999938
-8.555000000010523 -123.87099999999938
34 -134
34 -134
33 -141
33 -141
29 -131
29 -131
24 -119
24 -119
26 -137
26 -137
3.9250000000017735 -18.98900000000026
3.9250000000017735 -18.98900000000026
1100543.2460001325