21 444 957260.30000008
-32 50 957260.30000008
-32 50 957260.30000008
-34 130 957260.30000008
-34 130 957260.30000008
-44 87 957260.30000008
-44 87 957260.30000008
-58 263 957260.30000008
-58 263 957260.30000008
-98 230 957260.30000008
-98 230 957260.30000008
-130 205 957260.30000008
-130 205 957260.30000008
-55 181 957260.30000008
-55 181 957260.30000008
43 389 957260.30000008
-49 127 957260.30000008
-49 127 957260.30000008
-112 245 957260.30000008
-112 245 957260.30000008
60 395 957260.30000008
-61 176 957260.30000008
-61 176 957260.30000008
-114 289 957260.30000008
-114 289 957260.30000008
71 338 957260.30000008
106 466 957260.30000008
55 466 957260.30000008
42 365 957260.30000008
-15 264 957260.30000008
-15 264 957260.30000008
-78 292 957260.30000008
-78 292 957260.30000008
-112 133 957260.30000008
-112 133 957260.30000008
-40 26 957260.30000008
-40 26 957260.30000008
5 363 957260.30000008
-81 227 957260.30000008
-81 227 957260.30000008
39 353 957260.30000008
50 459 957260.30000008
-103 40 957260.30000008
-103 40 957260.30000008
-114 110 957260.30000008
-114 110 957260.30000008
130 426 957260.30000008
-149 78 957260.30000008
-149 78 957260.30000008
-37 76 957260.30000008
-37 76 957260.30000008
-81 271 957260.30000008
-81 271 957260.30000008
66 447 957260.30000008
133 367 957260.30000008
-65 164 957260.30000008
-65 164 957260.30000008
-89 81 957260.30000008
-89 81 957260.30000008
-79 24 957260.30000008
-79 24 957260.30000008
15 355 957260.30000008
147 456 957260.30000008
-95 287 957260.30000008
-95 287 957260.30000008
-46 102 957260.30000008
-46 102 957260.30000008
72 422 957260.30000008
-137 282 957260.30000008
-137 282 957260.30000008
-146 144 957260.30000008
167 457 957260.30000008
-146 144 957260.30000008
167 457 957260.30000008
96 458 957260.30000008
-14 94 957260.30000008
-14 94 957260.30000008
-72 274 957260.30000008
-72 274 957260.30000008
-143 278 957260.30000008
-143 278 957260.30000008
-151 180 957260.30000008
-151 180 957260.30000008
23 457 957260.30000008
144 444 957260.30000008
131 368 957260.30000008
-84 275 957260.30000008
-84 275 957260.30000008
98 455 957260.30000008
-100 306 957260.30000008
-100 -7 957260.30000008
-100 306 957260.30000008
-100 -7 957260.30000008
-155 147 957260.30000008
158 460 957260.30000008
-155 147 957260.30000008
158 460 957260.30000008
15 382 957260.30000008
52 379 957260.30000008
-106 156 957260.30000008
-106 156 957260.30000008
-31 198 957260.30000008
-31 198 957260.30000008
-110 115 957260.30000008
-110 115 957260.30000008
-65 264 957260.30000008
-65 264 957260.30000008
69 401 957260.30000008
-144 2 957260.30000008
-144 2 957260.30000008
48 353 957260.30000008
66 349 957260.30000008
16 443 957260.30000008
-150 27 957260.30000008
-150 27 957260.30000008
150 397 957260.30000008
-115 139 957260.30000008
-115 139 957260.30000008
-155 120 957260.30000008
158 433 957260.30000008
-155 120 957260.30000008
158 433 957260.30000008
100 337 957260.30000008
-104 33 957260.30000008
-104 33 957260.30000008
-25 293 957260.30000008
-25 293 957260.30000008
-128 44 957260.30000008
-128 44 957260.30000008
129 346 957260.30000008
-151 14 957260.30000008
-151 14 957260.30000008
-142 204 957260.30000008
-142 204 957260.30000008
-77 164 957260.30000008
-77 164 957260.30000008
-121 148 957260.30000008
-121 148 957260.30000008
-155 62 957260.30000008
-155 62 957260.30000008
53 437 957260.30000008
-25 193 957260.30000008
-25 193 957260.30000008
-124 77 957260.30000008
-124 77 957260.30000008
-87 54 957260.30000008
-87 54 957260.30000008
42 445 957260.30000008
92 411 957260.30000008
-33 31 957260.30000008
-33 31 957260.30000008
-116 104 957260.30000008
-116 104 957260.30000008
-76 150 957260.30000008
-76 150 957260.30000008
-126 29 957260.30000008
-126 29 957260.30000008
-130 34 957260.30000008
-130 34 957260.30000008
-56 158 957260.30000008
-56 158 957260.30000008
-148 280 957260.30000008
-148 280 957260.30000008
133 363 957260.30000008
-154 284 957260.30000008
-154 -29 957260.30000008
-154 284 957260.30000008
-154 -29 957260.30000008
-76 126 957260.30000008
-76 126 957260.30000008
-60 40 957260.30000008
-60 40 957260.30000008
118 451 957260.30000008
-61 236 957260.30000008
-61 236 957260.30000008
119 389 957260.30000008
-128 96 957260.30000008
-128 96 957260.30000008
-45 174 957260.30000008
-45 174 957260.30000008
-92 55 957260.30000008
-92 55 957260.30000008
90 371 957260.30000008
-68 242 957260.30000008
-68 242 957260.30000008
-31 169 957260.30000008
-31 169 957260.30000008
-48 228 957260.30000008
-48 228 957260.30000008
-29 109 957260.30000008
-29 109 957260.30000008
-71 289 957260.30000008
-71 289 957260.30000008
-47 133 957260.30000008
-47 133 957260.30000008
124 348 957260.30000008
-123 120 957260.30000008
-123 120 957260.30000008
-73 44 957260.30000008
-73 44 957260.30000008
99 451 957260.30000008
-132 134 957260.30000008
-132 134 957260.30000008
-28 73 957260.30000008
-28 73 957260.30000008
59 387 957260.30000008
-75 295 957260.30000008
-75 295 957260.30000008
-143 113 957260.30000008
-143 113 957260.30000008
-66 22 957260.30000008
-66 22 957260.30000008
-20 254 957260.30000008
-20 254 957260.30000008
-92 111 957260.30000008
-92 111 957260.30000008
-137 106 957260.30000008
-137 106 957260.30000008
-150 228 957260.30000008
-150 228 957260.30000008
-51 152 957260.30000008
-51 152 957260.30000008
-138 206 957260.30000008
-138 206 957260.30000008
-143 267 957260.30000008
-143 267 957260.30000008
-136 164 957260.30000008
-136 164 957260.30000008
31 334 957260.30000008
-56 86 957260.30000008
-56 86 957260.30000008
-34 58 957260.30000008
-34 58 957260.30000008
-93 93 957260.30000008
-93 93 957260.30000008
-73 26 957260.30000008
-73 26 957260.30000008
131 381 957260.30000008
-85 270 957260.30000008
-85 270 957260.30000008
-108 75 957260.30000008
-108 75 957260.30000008
-60 255 957260.30000008
-60 255 957260.30000008
-103 130 957260.30000008
-103 130 957260.30000008
62 350 957260.30000008
-72 208 957260.30000008
-72 208 957260.30000008
-135 145 957260.30000008
-135 145 957260.30000008
146 455 957260.30000008
36 349 957260.30000008
-60 82 957260.30000008
-60 82 957260.30000008
-115 31 957260.30000008
-115 31 957260.30000008
24 419 957260.30000008
-138 88 957260.30000008
-138 88 957260.30000008
-138 263 957260.30000008
-138 263 957260.30000008
22 376 957260.30000008
-132 11 957260.30000008
-132 11 957260.30000008
-70 276 957260.30000008
-70 276 957260.30000008
42 466 957260.30000008
109 462 957260.30000008
-107 120 957260.30000008
-107 120 957260.30000008
-71 181 957260.30000008
-71 181 957260.30000008
15 340 957260.30000008
-17 44 957260.30000008
-17 44 957260.30000008
-116 103 957260.30000008
-116 103 957260.30000008
-107 192 957260.30000008
-107 192 957260.30000008
46 331 957260.30000008
-14 51 957260.30000008
-14 51 957260.30000008
-155 53 957260.30000008
-155 53 957260.30000008
-25 19 957260.30000008
-25 19 957260.30000008
-132 189 957260.30000008
-132 189 957260.30000008
-126 75 957260.30000008
-126 75 957260.30000008
-96 123 957260.30000008
-96 123 957260.30000008
105 378 957260.30000008
-79 61 957260.30000008
-79 61 957260.30000008
34 424 957260.30000008
-148 303 957260.30000008
-148 -10 957260.30000008
-148 303 957260.30000008
-148 -10 957260.30000008
-28 181 957260.30000008
-28 181 957260.30000008
-145 0 957260.30000008
-145 0 957260.30000008
49 429 957260.30000008
-104 279 957260.30000008
-104 279 957260.30000008
-151 178 957260.30000008
-151 178 957260.30000008
0 364 957260.30000008
-117 258 957260.30000008
-117 258 957260.30000008
91 413 957260.30000008
72 360 957260.30000008
-88 252 957260.30000008
-88 252 957260.30000008
95 451 957260.30000008
98 395 957260.30000008
70 447 957260.30000008
-114 137 957260.30000008
-114 137 957260.30000008
-92 233 957260.30000008
-92 233 957260.30000008
126 460 957260.30000008
-39 221 957260.30000008
-39 221 957260.30000008
114 401 957260.30000008
-64 115 957260.30000008
-64 115 957260.30000008
-55 111 957260.30000008
-55 111 957260.30000008
7 344 957260.30000008
79 412 957260.30000008
122 365 957260.30000008
-8.970000000000027 10.930000000000037 957260.30000008
-8.970000000000027 10.930000000000037 957260.30000008
-8.930000000000064 10.890000000000082 957260.30000008
-8.930000000000064 10.890000000000082 957260.30000008
-8.8900000000001 10.85000000000011 957260.30000008
-8.8900000000001 10.85000000000011 957260.30000008
-8.870000000000118 10.830000000000146 957260.30000008
-8.870000000000118 10.830000000000146 957260.30000008
-8.830000000000155 10.790000000000164 957260.30000008
-8.830000000000155 10.790000000000164 957260.30000008
-8.77000000000021 10.730000000000201 957260.30000008
-8.77000000000021 10.730000000000201 957260.30000008
-8.760000000000218 10.700000000000198 957260.30000008
-8.760000000000218 10.700000000000198 957260.30000008
-8.720000000000255 10.660000000000226 957260.30000008
-8.720000000000255 10.660000000000226 957260.30000008
-8.700000000000273 10.640000000000262 957260.30000008
-8.700000000000273 10.640000000000262 957260.30000008
-8.640000000000327 10.58000000000029 957260.30000008
-8.640000000000327 10.58000000000029 957260.30000008
-8.570000000000391 10.510000000000279 957260.30000008
-8.570000000000391 10.510000000000279 957260.30000008
-8.55000000000041 10.490000000000284 957260.30000008
-8.55000000000041 10.490000000000284 957260.30000008
-8.470000000000482 10.410000000000313 957260.30000008
-8.470000000000482 10.410000000000313 957260.30000008
-8.430000000000518 10.370000000000328 957260.30000008
-8.430000000000518 10.370000000000328 957260.30000008
-8.410000000000537 10.350000000000355 957260.30000008
-8.410000000000537 10.350000000000355 957260.30000008
-8.290000000000646 10.230000000000375 957260.30000008
-8.290000000000646 10.230000000000375 957260.30000008
-8.260000000000673 10.200000000000369 957260.30000008
-8.260000000000673 10.200000000000369 957260.30000008
-8.22000000000071 10.160000000000396 957260.30000008
-8.22000000000071 10.160000000000396 957260.30000008
-8.170000000000755 10.11000000000046 957260.30000008
-8.170000000000755 10.11000000000046 957260.30000008
-8.1200000000008 10.060000000000505 957260.30000008
-8.1200000000008 10.060000000000505 957260.30000008
-8.090000000000828 10.030000000000523 957260.30000008
-8.090000000000828 10.030000000000523 957260.30000008
-8.050000000000864 9.99000000000055 957260.30000008
-8.050000000000864 9.99000000000055 957260.30000008
-8.030000000000882 9.970000000000587 957260.30000008
-8.030000000000882 9.970000000000587 957260.30000008
-7.940000000000964 9.920000000000597 957260.30000008
-7.940000000000964 9.920000000000597 957260.30000008
-7.840000000001055 9.820000000000595 957260.30000008
-7.840000000001055 9.820000000000595 957260.30000008
-7.800000000001091 9.780000000000628 957260.30000008
-7.800000000001091 9.780000000000628 957260.30000008
-20.950000000000045 217.97000000000003 957260.30000008
-20.950000000000045 217.97000000000003 957260.30000008
-7.760000000001128 9.720000000000692 957260.30000008
-7.760000000001128 9.720000000000692 957260.30000008
-7.720000000001164 9.680000000000728 957260.30000008
-7.720000000001164 9.680000000000728 957260.30000008
-7.690000000001191 9.650000000000755 957260.30000008
-7.690000000001191 9.650000000000755 957260.30000008
-7.660000000001219 9.6000000000008 957260.30000008
-7.660000000001219 9.6000000000008 957260.30000008
-7.640000000001237 9.580000000000828 957260.30000008
-7.640000000001237 9.580000000000828 957260.30000008
-7.600000000001273 9.540000000000855 957260.30000008
-7.600000000001273 9.540000000000855 957260.30000008
-7.5800000000012915 9.520000000000882 957260.30000008
-7.5800000000012915 9.520000000000882 957260.30000008
-7.540000000001328 9.480000000000901 957260.30000008
-7.540000000001328 9.480000000000901 957260.30000008
-7.520000000001346 9.460000000000937 957260.30000008
-7.520000000001346 9.460000000000937 957260.30000008
-7.500000000001364 9.440000000000955 957260.30000008
-7.500000000001364 9.440000000000955 957260.30000008
-7.430000000001428 9.370000000001001 957260.30000008
-7.430000000001428 9.370000000001001 957260.30000008
-7.390000000001464 9.330000000001037 957260.30000008
-7.390000000001464 9.330000000001037 957260.30000008
-7.320000000001528 9.260000000001074 957260.30000008
-7.320000000001528 9.260000000001074 957260.30000008
-7.290000000001555 9.23000000000108 957260.30000008
-7.290000000001555 9.23000000000108 957260.30000008
-7.270000000001573 9.210000000001108 957260.30000008
-7.270000000001573 9.210000000001108 957260.30000008
-7.250000000001592 9.190000000001126 957260.30000008
-7.250000000001592 9.190000000001126 957260.30000008
-7.190000000001646 9.130000000001154 957260.30000008
-7.190000000001646 9.130000000001154 957260.30000008
-7.1600000000016735 9.100000000001142 957260.30000008
-7.1600000000016735 9.100000000001142 957260.30000008
-7.140000000001692 9.080000000001169 957260.30000008
-7.140000000001692 9.080000000001169 957260.30000008
-7.100000000001728 9.040000000001196 957260.30000008
-7.100000000001728 9.040000000001196 957260.30000008
-7.030000000001792 8.970000000001212 957260.30000008
-7.030000000001792 8.970000000001212 957260.30000008
-7.01000000000181 8.95000000000123 957260.30000008
-7.01000000000181 8.95000000000123 957260.30000008
21.970000000000027 468.97 957260.30000008
-6.960000000001855 8.900000000001267 957260.30000008
-6.960000000001855 8.900000000001267 957260.30000008
-6.940000000001874 8.880000000001294 957260.30000008
-6.940000000001874 8.880000000001294 957260.30000008
-6.910000000001901 8.850000000001312 957260.30000008
-6.910000000001901 8.850000000001312 957260.30000008
-6.860000000001946 8.800000000001349 957260.30000008
-6.860000000001946 8.800000000001349 957260.30000008
-6.79000000000201 8.730000000001386 957260.30000008
-6.79000000000201 8.730000000001386 957260.30000008
-6.750000000002046 8.690000000001392 957260.30000008
-6.750000000002046 8.690000000001392 957260.30000008
-114.03999999999996 1.9600000000000364 957260.30000008
-114.03999999999996 1.9600000000000364 957260.30000008
-6.6300000000021555 8.570000000001457 957260.30000008
-6.6300000000021555 8.570000000001457 957260.30000008
-6.57000000000221 8.51000000000149 957260.30000008
-6.57000000000221 8.51000000000149 957260.30000008
-6.550000000002228 8.490000000001478 957260.30000008
-6.550000000002228 8.490000000001478 957260.30000008
-9.840000000000146 106.97999999999999 957260.30000008
-9.840000000000146 106.97999999999999 957260.30000008
-6.5200000000022555 8.440000000001506 957260.30000008
-6.5200000000022555 8.440000000001506 957260.30000008
-6.57000000000221 8.430000000001542 957260.30000008
-6.57000000000221 8.430000000001542 957260.30000008
-112.94000000000005 311.3399999999997 957260.30000008
-112.94000000000005 -1.6600000000003092 957260.30000008
-112.94000000000005 311.3399999999997 957260.30000008
-112.94000000000005 -1.6600000000003092 957260.30000008
-6.410000000002356 8.330000000001544 957260.30000008
-6.410000000002356 8.330000000001544 957260.30000008
-7.820000000001073 10.000000000000604 957260.30000008
-7.820000000001073 10.000000000000604 957260.30000008
-9.279999999999745 9.920000000000925 957260.30000008
-9.279999999999745 9.920000000000925 957260.30000008
43.720000000000056 323.5400000000004 957260.30000008
-91.98000000000002 6.7400000000002365 957260.30000008
-91.98000000000002 6.7400000000002365 957260.30000008
-6.960000000001855 9.000000000001224 957260.30000008
-6.960000000001855 9.000000000001224 957260.30000008
-7.730000000001155 9.550000000000864 957260.30000008
-7.730000000001155 9.550000000000864 957260.30000008
-6.3200000000024374 8.240000000001539 957260.30000008
-6.3200000000024374 8.240000000001539 957260.30000008
-7.730000000000246 138.2299999999998 957260.30000008
-7.730000000000246 138.2299999999998 957260.30000008
0.34000000000000924 50.920000000000016 957260.30000008
45.269999999999946 323.4700000000005 957260.30000008
-1.5700000000013006 303.089999999999 957260.30000008
-1.5700000000013006 303.089999999999 957260.30000008
65.13000000000058 259.83000000000015 957260.30000008
96.15999999999957 320.9200000000019 957260.30000008
56.61999999999968 192.49999999999773 957260.30000008
-79.12000000000171 312.65999999999667 957260.30000008
-79.12000000000171 -0.34000000000332875 957260.30000008
-79.12000000000171 312.65999999999667 957260.30000008
-79.12000000000171 -0.34000000000332875 957260.30000008
29.47000000000023 202.95000000000005 957260.30000008
23.06000000000001 144.07999999999993 957260.30000008
1.410000000001446 444.29000000000065 957260.30000008
46.570000000000285 171.06999999999994 957260.30000008
12.630000000000008 184.87000000000285 957260.30000008
-10.930000000001883 168.91000000000008 957260.30000008
-10.930000000001883 168.91000000000008 957260.30000008
-56.22999999999979 12.050000000000864 957260.30000008
-56.22999999999979 12.050000000000864 957260.30000008
4.820000000001073 376.17999999999995 957260.30000008
53.81000000000004 185.2300000000007 957260.30000008
50.01 170.1099999999999 957260.30000008
78.05000000000105 227.59000000000037 957260.30000008
50.369999999999926 144.73000000000116 957260.30000008
-99.91000000000008 1.470000000000482 957260.30000008
-99.91000000000008 1.470000000000482 957260.30000008
-6.290000000002465 8.210000000001553 957260.30000008
-6.290000000002465 8.210000000001553 957260.30000008
64.18000000000009 220.01999999999998 957260.30000008
-1.9000000000028194 189.05999999999995 957260.30000008
-1.9000000000028194 189.05999999999995 957260.30000008
87.95999999999947 260.8399999999947 957260.30000008
17.21999999999972 279.08000000000084 957260.30000008
4.719999999999963 116.06000000000003 957260.30000008
22.98000000000031 129.62000000000126 957260.30000008
19.029999999999536 159.1899999999971 957260.30000008
39.94000000000021 159.45999999999867 957260.30000008
57.04999999999959 153.8699999999992 957260.30000008
16.370000000000037 72.63000000000186 957260.30000008
43.35999999999993 192.43999999999778 957260.30000008
5.7400000000000055 242.20000000000164 957260.30000008
72.86000000000146 265.0599999999963 957260.30000008
-7.710000000001173 11.710000000000003 957260.30000008
-7.710000000001173 11.710000000000003 957260.30000008
73.21000000000164 297.4900000000041 957260.30000008
59.80000000000064 262.35999999999785 957260.30000008
23.59999999999978 211.69999999999845 957260.30000008
70.68999999999933 232.94999999999823 957260.30000008
84.37999999999917 251.01999999999998 957260.30000008
33.120000000000175 229.4199999999969 957260.30000008
54.420000000000314 240.80000000000018 957260.30000008
5.109999999999976 280.1300000000008 957260.30000008
2.5499999999990806 258.80999999999835 957260.30000008
58.66999999999987 208.6900000000021 957260.30000008
49.04999999999939 291.03 957260.30000008
40.55000000000029 151.5700000000013 957260.30000008
16.979999999999997 300.47999999999865 957260.30000008
4.369999999999992 247.22999999999888 957260.30000008
55.20999999999956 168.25000000000068 957260.30000008
6.059999999999999 62.64000000000007 957260.30000008
32.95999999999981 213.98000000000002 957260.30000008
43.21999999999936 221.17999999999984 957260.30000008
67.45999999999972 309.9200000000037 957260.30000008
4.200000000002547 384.9800000000005 957260.30000008
87.14999999999905 243.93000000000188 957260.30000008
25.58000000000009 275.0200000000027 957260.30000008
1.2600000000015825 411.47999999999973 957260.30000008
97.3400000000012 255.89999999999645 957260.30000008
5.2299999999999525 97.02999999999899 957260.30000008
28.31000000000005 289.8100000000002 957260.30000008
20.020000000000003 197.96000000000095 957260.30000008
-29.159999999998945 311.09999999999627 957260.30000008
-29.159999999998945 -1.900000000003729 957260.30000008
-29.159999999998945 311.09999999999627 957260.30000008
-29.159999999998945 -1.900000000003729 957260.30000008
14.950000000000022 129.07000000000085 957260.30000008
10.440000000000076 205.7599999999984 957260.30000008
40.80000000000024 131.92000000000007 957260.30000008
22.799999999999812 103.57999999999876 957260.30000008
38.76999999999985 274.910000000001 957260.30000008
64.55999999999989 180.0 957260.30000008
0.6400000000021464 429.46000000000026 957260.30000008
35.59000000000048 176.85000000000196 957260.30000008
44.79000000000064 258.2700000000025 957260.30000008
35.03999999999979 109.91999999999945 957260.30000008
103.45000000000023 294.7100000000021 957260.30000008
6.380000000000013 72.7600000000009 957260.30000008
30.9200000000003 302.5199999999977 957260.30000008
17.50000000000015 245.89999999999736 957260.30000008
6.089999999999977 50.10999999999998 957260.30000008
5.890000000000024 30.709999999999955 957260.30000008
28.779999999999966 188.50000000000045 957260.30000008
6.899999999999981 296.98 957260.30000008
11.129999999999997 226.93000000000188 957260.30000008
93.35000000000018 249.01 957260.30000008
-4.700000000000273 283.2199999999998 957260.30000008
-4.700000000000273 283.2199999999998 957260.30000008
4.039999999999978 133.91999999999825 957260.30000008
334 131 957260.30000008
334 444 957260.30000008
347 226 957260.30000008
347 226 957260.30000008
281 363 957260.30000008
281 363 957260.30000008
454 240 957260.30000008
454 240 957260.30000008
279 443 957260.30000008
279 443 957260.30000008
269 400 957260.30000008
269 400 957260.30000008
420 159 957260.30000008
420 159 957260.30000008
356 389 957260.30000008
264 440 957260.30000008
264 440 957260.30000008
402 218 957260.30000008
402 218 957260.30000008
447 276 957260.30000008
447 276 957260.30000008
448 279 957260.30000008
448 279 957260.30000008
373 395 957260.30000008
464 254 957260.30000008
464 254 957260.30000008
377 220 957260.30000008
377 220 957260.30000008
384 338 957260.30000008
419 153 957260.30000008
419 466 957260.30000008
368 153 957260.30000008
368 466 957260.30000008
355 365 957260.30000008
442 183 957260.30000008
442 183 957260.30000008
402 255 957260.30000008
402 255 957260.30000008
423 212 957260.30000008
423 212 957260.30000008
325 243 957260.30000008
325 243 957260.30000008
201 446 957260.30000008
201 446 957260.30000008
273 339 957260.30000008
273 339 957260.30000008
318 363 957260.30000008
352 353 957260.30000008
363 146 957260.30000008
363 459 957260.30000008
210 353 957260.30000008
210 353 957260.30000008
351 276 957260.30000008
351 276 957260.30000008
199 423 957260.30000008
199 423 957260.30000008
377 260 957260.30000008
377 260 957260.30000008
443 426 957260.30000008
164 391 957260.30000008
164 391 957260.30000008
276 389 957260.30000008
276 389 957260.30000008
449 283 957260.30000008
449 283 957260.30000008
326 188 957260.30000008
326 188 957260.30000008
356 190 957260.30000008
356 190 957260.30000008
379 134 957260.30000008
379 447 957260.30000008
446 367 957260.30000008
224 394 957260.30000008
224 394 957260.30000008
436 175 957260.30000008
436 175 957260.30000008
146 322 957260.30000008
459 322 957260.30000008
234 337 957260.30000008
234 337 957260.30000008
328 355 957260.30000008
460 143 957260.30000008
460 456 957260.30000008
267 415 957260.30000008
267 415 957260.30000008
385 422 957260.30000008
345 214 957260.30000008
345 214 957260.30000008
409 145 957260.30000008
409 458 957260.30000008
438 228 957260.30000008
438 228 957260.30000008
299 407 957260.30000008
299 407 957260.30000008
361 261 957260.30000008
361 261 957260.30000008
336 144 957260.30000008
336 457 957260.30000008
457 444 957260.30000008
455 254 957260.30000008
455 254 957260.30000008
444 368 957260.30000008
156 337 957260.30000008
469 337 957260.30000008
430 182 957260.30000008
430 182 957260.30000008
366 169 957260.30000008
366 169 957260.30000008
408 243 957260.30000008
408 243 957260.30000008
411 142 957260.30000008
411 455 957260.30000008
328 382 957260.30000008
365 379 957260.30000008
207 469 957260.30000008
207 469 957260.30000008
138 340 957260.30000008
451 340 957260.30000008
354 158 957260.30000008
354 158 957260.30000008
203 428 957260.30000008
203 428 957260.30000008
338 210 957260.30000008
338 210 957260.30000008
382 401 957260.30000008
169 315 957260.30000008
169 315 957260.30000008
361 353 957260.30000008
379 349 957260.30000008
329 130 957260.30000008
329 443 957260.30000008
163 340 957260.30000008
163 340 957260.30000008
463 397 957260.30000008
198 452 957260.30000008
198 452 957260.30000008
413 337 957260.30000008
209 346 957260.30000008
209 346 957260.30000008
185 357 957260.30000008
185 357 957260.30000008
442 346 957260.30000008
399 251 957260.30000008
399 251 957260.30000008
162 327 957260.30000008
162 327 957260.30000008
192 461 957260.30000008
192 461 957260.30000008
158 375 957260.30000008
158 375 957260.30000008
366 124 957260.30000008
366 437 957260.30000008
338 278 957260.30000008
338 278 957260.30000008
189 390 957260.30000008
189 390 957260.30000008
226 367 957260.30000008
226 367 957260.30000008
355 132 957260.30000008
355 445 957260.30000008
405 411 957260.30000008
418 181 957260.30000008
418 181 957260.30000008
280 344 957260.30000008
280 344 957260.30000008
197 417 957260.30000008
197 417 957260.30000008
333 199 957260.30000008
333 199 957260.30000008
237 463 957260.30000008
237 463 957260.30000008
400 197 957260.30000008
400 197 957260.30000008
187 342 957260.30000008
187 342 957260.30000008
183 347 957260.30000008
183 347 957260.30000008
351 179 957260.30000008
351 179 957260.30000008
446 363 957260.30000008
237 439 957260.30000008
237 439 957260.30000008
253 353 957260.30000008
253 353 957260.30000008
431 138 957260.30000008
431 451 957260.30000008
361 171 957260.30000008
361 171 957260.30000008
432 258 957260.30000008
432 258 957260.30000008
402 246 957260.30000008
402 246 957260.30000008
319 244 957260.30000008
319 244 957260.30000008
432 389 957260.30000008
332 280 957260.30000008
332 280 957260.30000008
185 409 957260.30000008
185 409 957260.30000008
426 175 957260.30000008
426 175 957260.30000008
221 368 957260.30000008
221 368 957260.30000008
403 371 957260.30000008
284 422 957260.30000008
284 422 957260.30000008
266 446 957260.30000008
266 446 957260.30000008
437 348 957260.30000008
190 433 957260.30000008
190 433 957260.30000008
240 357 957260.30000008
240 357 957260.30000008
341 290 957260.30000008
341 290 957260.30000008
412 138 957260.30000008
412 451 957260.30000008
181 447 957260.30000008
181 447 957260.30000008
285 386 957260.30000008
285 386 957260.30000008
372 387 957260.30000008
170 426 957260.30000008
170 426 957260.30000008
247 335 957260.30000008
247 335 957260.30000008
467 163 957260.30000008
467 163 957260.30000008
221 424 957260.30000008
221 424 957260.30000008
176 419 957260.30000008
176 419 957260.30000008
262 465 957260.30000008
262 465 957260.30000008
344 334 957260.30000008
453 218 957260.30000008
453 218 957260.30000008
257 399 957260.30000008
257 399 957260.30000008
399 178 957260.30000008
399 178 957260.30000008
279 371 957260.30000008
279 371 957260.30000008
341 203 957260.30000008
341 203 957260.30000008
369 241 957260.30000008
369 241 957260.30000008
220 406 957260.30000008
220 406 957260.30000008
240 339 957260.30000008
240 339 957260.30000008
444 381 957260.30000008
205 388 957260.30000008
205 388 957260.30000008
375 180 957260.30000008
375 180 957260.30000008
418 174 957260.30000008
418 174 957260.30000008
210 443 957260.30000008
210 443 957260.30000008
375 350 957260.30000008
178 458 957260.30000008
178 458 957260.30000008
453 160 957260.30000008
453 160 957260.30000008
459 142 957260.30000008
459 455 957260.30000008
449 172 957260.30000008
449 172 957260.30000008
152 363 957260.30000008
465 363 957260.30000008
349 349 957260.30000008
253 395 957260.30000008
253 395 957260.30000008
371 211 957260.30000008
371 211 957260.30000008
198 344 957260.30000008
198 344 957260.30000008
342 189 957260.30000008
342 189 957260.30000008
385 231 957260.30000008
385 231 957260.30000008
337 106 957260.30000008
337 419 957260.30000008
175 401 957260.30000008
175 401 957260.30000008
383 261 957260.30000008
383 261 957260.30000008
390 165 957260.30000008
390 165 957260.30000008
335 376 957260.30000008
181 324 957260.30000008
181 324 957260.30000008
355 153 957260.30000008
355 466 957260.30000008
467 313 957260.30000008
422 149 957260.30000008
422 462 957260.30000008
457 290 957260.30000008
457 290 957260.30000008
206 433 957260.30000008
206 433 957260.30000008
328 340 957260.30000008
363 170 957260.30000008
363 170 957260.30000008
296 357 957260.30000008
296 357 957260.30000008
197 416 957260.30000008
197 416 957260.30000008
359 331 957260.30000008
299 364 957260.30000008
299 364 957260.30000008
158 366 957260.30000008
158 366 957260.30000008
288 332 957260.30000008
288 332 957260.30000008
187 388 957260.30000008
187 388 957260.30000008
424 180 957260.30000008
424 180 957260.30000008
427 215 957260.30000008
427 215 957260.30000008
217 436 957260.30000008
217 436 957260.30000008
389 228 957260.30000008
389 228 957260.30000008
418 378 957260.30000008
234 374 957260.30000008
234 374 957260.30000008
347 111 957260.30000008
347 424 957260.30000008
353 221 957260.30000008
353 221 957260.30000008
362 116 957260.30000008
362 429 957260.30000008
410 176 957260.30000008
410 176 957260.30000008
463 280 957260.30000008
463 280 957260.30000008
313 364 957260.30000008
421 206 957260.30000008
421 206 957260.30000008
404 413 957260.30000008
376 260 957260.30000008
376 260 957260.30000008
385 360 957260.30000008
422 252 957260.30000008
422 252 957260.30000008
408 252 957260.30000008
408 252 957260.30000008
408 138 957260.30000008
408 451 957260.30000008
466 292 957260.30000008
466 292 957260.30000008
411 395 957260.30000008
406 249 957260.30000008
406 249 957260.30000008
443 168 957260.30000008
443 168 957260.30000008
383 134 957260.30000008
383 447 957260.30000008
199 450 957260.30000008
199 450 957260.30000008
439 147 957260.30000008
439 460 957260.30000008
359 291 957260.30000008
359 291 957260.30000008
368 190 957260.30000008
368 190 957260.30000008
464 157 957260.30000008
464 157 957260.30000008
427 401 957260.30000008
249 428 957260.30000008
249 428 957260.30000008
258 424 957260.30000008
258 424 957260.30000008
320 344 957260.30000008
392 412 957260.30000008
435 365 957260.30000008
367 186 957260.30000008
367 186 957260.30000008
334.97 155.97000000000003 957260.30000008
334.97 468.97 957260.30000008
198.96000000000004 314.96000000000004 957260.30000008
198.96000000000004 314.96000000000004 957260.30000008
318.2200000000007 297.2199999999998 957260.30000008
318.2200000000007 297.2199999999998 957260.30000008
416.0 297.02 957260.30000008
416.0 297.02 957260.30000008
303.15999999999985 419.98 957260.30000008
303.15999999999985 419.98 957260.30000008
306.4299999999978 321.43000000000154 957260.30000008
306.4299999999978 321.43000000000154 957260.30000008
305.1799999999989 323.0000000000006 957260.30000008
305.1799999999989 323.0000000000006 957260.30000008
303.72000000000025 322.9200000000009 957260.30000008
303.72000000000025 322.9200000000009 957260.30000008
326.40000000000055 204.25999999999976 957260.30000008
326.40000000000055 204.25999999999976 957260.30000008
319.01000000000016 297.2299999999998 957260.30000008
319.01000000000016 297.2299999999998 957260.30000008
356.72 323.5400000000004 957260.30000008
221.01999999999998 319.74000000000024 957260.30000008
221.01999999999998 319.74000000000024 957260.30000008
306.03999999999814 322.00000000000125 957260.30000008
306.03999999999814 322.00000000000125 957260.30000008
305.26999999999884 322.55000000000086 957260.30000008
305.26999999999884 322.55000000000086 957260.30000008
251.98000000000002 175.76000000000022 957260.30000008
129.84000000000106 55.75999999999985 957260.30000008
170.45999999999958 278.0 957260.30000008
305.26999999999975 451.2299999999998 957260.30000008
305.26999999999975 451.2299999999998 957260.30000008
358.2699999999999 323.4700000000005 957260.30000008
158.87000000000012 283.99 957260.30000008
233.01999999999907 269.6800000000012 957260.30000008
329.93 300.7499999999984 957260.30000008
329.93 300.7499999999984 957260.30000008
200.15000000000077 131.4500000000014 957260.30000008
105.62999999999981 153.2299999999998 957260.30000008
233.95000000000095 291.3500000000006 957260.30000008
190.16999999999985 312.51000000000136 957260.30000008
68.58000000000132 36.0 957260.30000008
312.7000000000039 243.82000000000198 957260.30000008
198.82000000000016 136.94000000000005 957260.30000008
84.78999999999938 178.68999999999937 957260.30000008
409.15999999999957 320.9200000000019 957260.30000008
257.95000000000005 110.82999999999991 957260.30000008
52.78999999999984 63.929999999999 957260.30000008
60.13000000000037 36.930000000000014 957260.30000008
314.41000000000145 131.29000000000065 957260.30000008
314.41000000000145 444.29000000000065 957260.30000008
203.23999999999978 115.0 957260.30000008
73.64000000000186 134.0 957260.30000008
113.31000000000016 173.85000000000105 957260.30000008
247.19000000000074 163.99 957260.30000008
70.92000000000098 86.93999999999946 957260.30000008
143.0000000000009 129.52000000000135 957260.30000008
268.9899999999991 173.93000000000006 957260.30000008
16.760000000000097 42.29999999999994 957260.30000008
98.29000000000015 141.99 957260.30000008
78.29999999999964 98.97999999999999 957260.30000008
198.70999999999935 140.5299999999986 957260.30000008
231.76000000000386 165.83999999999833 957260.30000008
154.6599999999994 163.9799999999991 957260.30000008
92.21000000000011 96.06999999999901 957260.30000008
256.7700000000002 325.05000000000086 957260.30000008
256.7700000000002 325.05000000000086 957260.30000008
109.7800000000004 148.04000000000087 957260.30000008
317.8200000000011 376.17999999999995 957260.30000008
197.8000000000011 289.9599999999991 957260.30000008
233.05999999999904 225.74000000000115 957260.30000008
117.57000000000029 184.189999999998 957260.30000008
166.109999999999 300.8900000000019 957260.30000008
158.04999999999995 146.83000000000015 957260.30000008
105.01 172.93000000000097 957260.30000008
37.93000000000021 41.38999999999972 957260.30000008
213.08999999999992 314.4700000000005 957260.30000008
213.08999999999992 314.4700000000005 957260.30000008
306.70999999999754 321.21000000000157 957260.30000008
306.70999999999754 321.21000000000157 957260.30000008
103.96999999999947 183.10999999999808 957260.30000008
178.07999999999993 145.25999999999976 957260.30000008
263.47999999999865 149.94000000000187 957260.30000008
180.4500000000005 132.73000000000116 957260.30000008
164.99 280.1099999999999 957260.30000008
58.070000000000384 84.97000000000152 957260.30000008
270.26999999999884 88.03000000000053 957260.30000008
213.37999999999965 303.98000000000184 957260.30000008
122.99 175.04999999999995 957260.30000008
185.15999999999985 96.0 957260.30000008
200.17999999999984 308.96000000000186 957260.30000008
162.58000000000038 312.920000000001 957260.30000008
222.3199999999988 109.73999999999936 957260.30000008
123.99999999999949 229.89999999999827 957260.30000008
24.25000000000035 61.83000000000023 957260.30000008
301.52000000000135 108.7600000000009 957260.30000008
54.06999999999979 123.86999999999993 957260.30000008
107.50000000000026 160.03999999999905 957260.30000008
288.7400000000039 250.18000000000347 957260.30000008
150.0200000000018 48.060000000000386 957260.30000008
163.7700000000002 77.90999999999995 957260.30000008
133.48999999999955 48.010000000000396 957260.30000008
138.22999999999797 173.60999999999854 957260.30000008
246.07000000000266 113.36999999999917 957260.30000008
281.1099999999981 131.00999999999908 957260.30000008
341.91999999999996 301.0199999999991 957260.30000008
341.91999999999996 301.0199999999991 957260.30000008
116.63000000000135 214.87000000000012 957260.30000008
168.95999999999913 311.7800000000011 957260.30000008
322.2500000000016 229.01 957260.30000008
322.2500000000016 229.01 957260.30000008
95.85999999999942 175.42000000000053 957260.30000008
47.89999999999962 19.320000000000206 957260.30000008
198.87000000000012 109.96999999999998 957260.30000008
232.67999999999938 308.2600000000007 957260.30000008
305.2899999999988 324.71 957260.30000008
305.2899999999988 324.71 957260.30000008
161.0799999999972 51.720000000000255 957260.30000008
104.92999999999996 63.9699999999995 957260.30000008
186.3500000000006 70.38999999999764 957260.30000008
134.10000000000082 279.2999999999997 957260.30000008
29.14999999999971 18.489999999999608 957260.30000008
167.63000000000216 265.930000000001 957260.30000008
254.54000000000224 89.00000000000153 957260.30000008
40.95000000000021 52.80999999999984 957260.30000008
246.85000000000105 262.9900000000009 957260.30000008
382.67999999999984 304.9599999999973 957260.30000008
382.67999999999984 304.9599999999973 957260.30000008
196.99 104.5900000000003 957260.30000008
242.75000000000205 242.40999999999963 957260.30000008
153.66999999999757 253.47000000000048 957260.30000008
196.01999999999998 259.5599999999986 957260.30000008
309.3700000000024 257.1899999999998 957260.30000008
191.99 150.14999999999804 957260.30000008
296.0500000000018 267.58999999999673 957260.30000008
89.4099999999997 57.71000000000006 957260.30000008
107.53999999999874 214.17999999999802 957260.30000008
126.88000000000045 147.51999999999953 957260.30000008
151.01999999999998 156.38000000000056 957260.30000008
115.05000000000054 90.85000000000146 957260.30000008
119.9800000000005 259.25999999999885 957260.30000008
300.91999999999916 167.06000000000176 957260.30000008
158.700000000003 185.35999999999513 957260.30000008
206.1199999999999 120.6000000000003 957260.30000008
48.99 112.30999999999811 957260.30000008
128.95000000000095 166.21000000000163 957260.30000008
134.91999999999825 55.23999999999975 957260.30000008
282.7599999999993 164.12000000000444 957260.30000008
278.32000000000335 199.2199999999989 957260.30000008
92.19999999999857 134.8000000000029 957260.30000008
129.92000000000553 288.45999999999503 957260.30000008
207.62000000000126 276.3600000000024 957260.30000008
298.9100000000001 91.58999999999877 957260.30000008
271.720000000003 308.22000000000526 957260.30000008
71.88999999999994 110.93000000000099 957260.30000008
162.94999999999914 176.6900000000012 957260.30000008
167.02999999999997 143.15000000000077 957260.30000008
149.97000000000003 278.07000000000176 957260.30000008
183.37999999999784 186.5800000000022 957260.30000008
224.3500000000006 251.7900000000002 957260.30000008
165.90000000000464 203.64000000000033 957260.30000008
264.6900000000012 135.72999999999752 957260.30000008
131.66999999999757 187.92999999999552 957260.30000008
317.20000000000255 384.9800000000005 957260.30000008
142.70000000000118 291.79999999999836 957260.30000008
225.55999999999858 80.63999999999982 957260.30000008
110.94999999999997 180.7699999999993 957260.30000008
143.64000000000215 141.8800000000001 957260.30000008
313.12000000000353 281.27999999999975 957260.30000008
313.12000000000353 281.27999999999975 957260.30000008
49.21999999999976 40.219999999999956 957260.30000008
235.84000000000106 148.00000000000182 957260.30000008
225.34000000000242 267.9000000000019 957260.30000008
246.23999999999614 289.1999999999998 957260.30000008
210.51000000000408 224.89000000000465 957260.30000008
150.4700000000032 309.5900000000031 957260.30000008
174.28000000000065 88.06000000000003 957260.30000008
220.95000000000005 233.50999999999954 957260.30000008
241.01 206.81000000000108 957260.30000008
108.32000000000016 203.18000000000256 957260.30000008
139.9000000000001 159.14000000000078 957260.30000008
314.2600000000016 98.47999999999973 957260.30000008
314.2600000000016 411.47999999999973 957260.30000008
198.28000000000247 242.76000000000204 957260.30000008
268.2299999999989 101.6099999999998 957260.30000008
169.98000000000002 114.32000000000068 957260.30000008
257.5299999999995 158.6499999999994 957260.30000008
97.90000000000148 239.46000000000322 957260.30000008
153.1199999999999 293.05999999999904 957260.30000008
35.16000000000017 34.060000000000386 957260.30000008
253.01999999999998 77.85999999999788 957260.30000008
174.62000000000126 104.6399999999993 957260.30000008
119.2599999999986 51.14000000000017 957260.30000008
188.40999999999508 208.54999999999677 957260.30000008
15.04 24.459999999999603 957260.30000008
118.91999999999996 76.08000000000004 957260.30000008
148.2199999999989 142.3400000000006 957260.30000008
85.34999999999916 197.4499999999996 957260.30000008
208.72999999999843 159.7499999999966 957260.30000008
198.70999999999844 99.76999999999835 957260.30000008
40.28000000000054 79.18000000000163 957260.30000008
209.09999999999718 191.94000000000005 957260.30000008
132.29999999999882 69.90000000000097 957260.30000008
64.91999999999945 134.23999999999978 957260.30000008
108.99 252.4499999999996 957260.30000008
205.34999999999968 74.0299999999995 957260.30000008
306.870000000001 190.109999999999 957260.30000008
256.21999999999707 252.94000000000187 957260.30000008
236.96000000000004 127.78000000000091 957260.30000008
72.86000000000095 21.659999999999478 957260.30000008
72.50000000000026 49.5199999999995 957260.30000008
183.890000000001 309.21000000000254 957260.30000008
287.209999999998 305.39000000000146 957260.30000008
156.59000000000128 118.86999999999942 957260.30000008
165.5199999999977 229.51999999999862 957260.30000008
218.00999999999908 122.96999999999998 957260.30000008
179.46999999999684 282.1099999999999 957260.30000008
213.47999999999683 133.87999999999647 957260.30000008
228.49000000000046 276.8499999999983 957260.30000008
96.4499999999992 80.4499999999992 957260.30000008
129.97000000000003 110.52999999999874 957260.30000008
302.1200000000026 140.93999999999733 957260.30000008
221.47999999999865 94.08000000000055 957260.30000008
264.0999999999999 125.05999999999901 957260.30000008
218.26999999999975 287.48999999999955 957260.30000008
118.08000000000004 133.88000000000375 957260.30000008
147.77000000000203 87.27000000000167 957260.30000008
264.9000000000001 228.0 957260.30000008
178.15999999999894 165.51999999999862 957260.30000008
313.64000000000215 116.46000000000024 957260.30000008
313.64000000000215 429.46000000000026 957260.30000008
92.99999999999847 147.7399999999975 957260.30000008
295.88999999999646 219.22999999999888 957260.30000008
275.71999999999844 221.47999999999956 957260.30000008
61.889999999999425 72.48999999999923 957260.30000008
175.3399999999997 207.23999999999887 957260.30000008
90.00000000000051 217.8800000000001 957260.30000008
290.0899999999981 194.16999999999894 957260.30000008
261.7899999999938 266.78999999999655 957260.30000008
77.04000000000002 163.38000000000147 957260.30000008
101.44000000000125 134.18000000000347 957260.30000008
94.5100000000018 106.13000000000314 957260.30000008
246.1999999999971 277.7599999999984 957260.30000008
284.97000000000276 288.11000000000445 957260.30000008
237.9400000000037 183.67999999999756 957260.30000008
158.9899999999991 63.229999999999755 957260.30000008
141.03999999999996 239.70000000000027 957260.30000008
285.3399999999997 180.98000000000002 957260.30000008
284.5699999999995 109.47000000000024 957260.30000008
140.51000000000136 254.14999999999986 957260.30000008
189.41999999999962 79.38000000000122 957260.30000008
252.48999999999955 234.49000000000137 957260.30000008
189.15000000000077 120.01 957260.30000008
141.25999999999885 214.3600000000033 957260.30000008
240.54000000000042 274.0799999999999 957260.30000008
258.5699999999995 185.26999999999612 957260.30000008
176.62999999999852 259.97000000000276 957260.30000008
241.16999999999712 298.9299999999964 957260.30000008
315.66000000000304 297.5799999999995 957260.30000008
315.66000000000304 297.5799999999995 957260.30000008
132.3400000000015 273.1600000000026 957260.30000008
34 -87 957260.30000008
347 -87 957260.30000008
34 -87 957260.30000008
347 -87 957260.30000008
-32 -263 957260.30000008
-32 -263 957260.30000008
141 -73 957260.30000008
454 -73 957260.30000008
141 -73 957260.30000008
454 -73 957260.30000008
-34 -183 957260.30000008
-34 -183 957260.30000008
-44 -226 957260.30000008
-44 -226 957260.30000008
107 -154 957260.30000008
420 -154 957260.30000008
107 -154 957260.30000008
420 -154 957260.30000008
255 -50 957260.30000008
255 -50 957260.30000008
215 -83 957260.30000008
215 -83 957260.30000008
183 -108 957260.30000008
183 -108 957260.30000008
258 -132 957260.30000008
258 -132 957260.30000008
-49 -186 957260.30000008
-49 -186 957260.30000008
89 -95 957260.30000008
402 -95 957260.30000008
89 -95 957260.30000008
402 -95 957260.30000008
134 -37 957260.30000008
447 -37 957260.30000008
134 -37 957260.30000008
447 -37 957260.30000008
135 -34 957260.30000008
448 -34 957260.30000008
135 -34 957260.30000008
448 -34 957260.30000008
201 -68 957260.30000008
201 -68 957260.30000008
252 -137 957260.30000008
252 -137 957260.30000008
199 -24 957260.30000008
199 -24 957260.30000008
151 -59 957260.30000008
464 -59 957260.30000008
151 -59 957260.30000008
464 -59 957260.30000008
64 -93 957260.30000008
377 -93 957260.30000008
64 -93 957260.30000008
377 -93 957260.30000008
384 25 957260.30000008
355 52 957260.30000008
129 -130 957260.30000008
442 -130 957260.30000008
129 -130 957260.30000008
442 -130 957260.30000008
298 -49 957260.30000008
-15 -49 957260.30000008
298 -49 957260.30000008
-15 -49 957260.30000008
89 -58 957260.30000008
402 -58 957260.30000008
89 -58 957260.30000008
402 -58 957260.30000008
110 -101 957260.30000008
423 -101 957260.30000008
110 -101 957260.30000008
423 -101 957260.30000008
12 -70 957260.30000008
325 -70 957260.30000008
12 -70 957260.30000008
325 -70 957260.30000008
235 -21 957260.30000008
235 -21 957260.30000008
-40 -287 957260.30000008
-40 -287 957260.30000008
318 50 957260.30000008
232 -86 957260.30000008
232 -86 957260.30000008
352 40 957260.30000008
-103 -273 957260.30000008
-103 -273 957260.30000008
38 -37 957260.30000008
351 -37 957260.30000008
38 -37 957260.30000008
351 -37 957260.30000008
64 -53 957260.30000008
377 -53 957260.30000008
64 -53 957260.30000008
377 -53 957260.30000008
-37 -237 957260.30000008
-37 -237 957260.30000008
136 -30 957260.30000008
449 -30 957260.30000008
136 -30 957260.30000008
449 -30 957260.30000008
13 -125 957260.30000008
326 -125 957260.30000008
13 -125 957260.30000008
326 -125 957260.30000008
43 -123 957260.30000008
356 -123 957260.30000008
43 -123 957260.30000008
356 -123 957260.30000008
232 -42 957260.30000008
232 -42 957260.30000008
446 54 957260.30000008
248 -149 957260.30000008
248 -149 957260.30000008
-89 -232 957260.30000008
-89 -232 957260.30000008
123 -138 957260.30000008
436 -138 957260.30000008
123 -138 957260.30000008
436 -138 957260.30000008
459 9 957260.30000008
-79 -289 957260.30000008
-79 -289 957260.30000008
328 42 957260.30000008
218 -26 957260.30000008
218 -26 957260.30000008
-46 -211 957260.30000008
-46 -211 957260.30000008
176 -31 957260.30000008
176 -31 957260.30000008
32 -99 957260.30000008
345 -99 957260.30000008
32 -99 957260.30000008
345 -99 957260.30000008
125 -85 957260.30000008
438 -85 957260.30000008
125 -85 957260.30000008
438 -85 957260.30000008
-14 -219 957260.30000008
-14 -219 957260.30000008
48 -52 957260.30000008
361 -52 957260.30000008
48 -52 957260.30000008
361 -52 957260.30000008
241 -39 957260.30000008
241 -39 957260.30000008
170 -35 957260.30000008
170 -35 957260.30000008
162 -133 957260.30000008
162 -133 957260.30000008
142 -59 957260.30000008
455 -59 957260.30000008
142 -59 957260.30000008
455 -59 957260.30000008
444 55 957260.30000008
229 -38 957260.30000008
229 -38 957260.30000008
469 24 957260.30000008
117 -131 957260.30000008
430 -131 957260.30000008
117 -131 957260.30000008
430 -131 957260.30000008
53 -144 957260.30000008
366 -144 957260.30000008
53 -144 957260.30000008
366 -144 957260.30000008
95 -70 957260.30000008
408 -70 957260.30000008
95 -70 957260.30000008
408 -70 957260.30000008
213 -7 957260.30000008
213 -7 957260.30000008
365 66 957260.30000008
282 -115 957260.30000008
-31 -115 957260.30000008
282 -115 957260.30000008
-31 -115 957260.30000008
451 27 957260.30000008
41 -155 957260.30000008
354 -155 957260.30000008
41 -155 957260.30000008
354 -155 957260.30000008
248 -49 957260.30000008
248 -49 957260.30000008
25 -103 957260.30000008
338 -103 957260.30000008
25 -103 957260.30000008
338 -103 957260.30000008
361 40 957260.30000008
379 36 957260.30000008
463 84 957260.30000008
413 24 957260.30000008
-104 -280 957260.30000008
-104 -280 957260.30000008
288 -20 957260.30000008
288 -20 957260.30000008
442 33 957260.30000008
86 -62 957260.30000008
399 -62 957260.30000008
86 -62 957260.30000008
399 -62 957260.30000008
171 -109 957260.30000008
171 -109 957260.30000008
236 -149 957260.30000008
236 -149 957260.30000008
288 -120 957260.30000008
-25 -120 957260.30000008
288 -120 957260.30000008
-25 -120 957260.30000008
25 -35 957260.30000008
338 -35 957260.30000008
25 -35 957260.30000008
338 -35 957260.30000008
-87 -259 957260.30000008
-87 -259 957260.30000008
105 -132 957260.30000008
418 -132 957260.30000008
105 -132 957260.30000008
418 -132 957260.30000008
-33 -282 957260.30000008
-33 -282 957260.30000008
20 -114 957260.30000008
333 -114 957260.30000008
20 -114 957260.30000008
333 -114 957260.30000008
87 -116 957260.30000008
400 -116 957260.30000008
87 -116 957260.30000008
400 -116 957260.30000008
257 -155 957260.30000008
-56 -155 957260.30000008
257 -155 957260.30000008
-56 -155 957260.30000008
38 -134 957260.30000008
351 -134 957260.30000008
38 -134 957260.30000008
351 -134 957260.30000008
165 -33 957260.30000008
165 -33 957260.30000008
446 50 957260.30000008
159 -29 957260.30000008
159 -29 957260.30000008
-60 -273 957260.30000008
-60 -273 957260.30000008
252 -77 957260.30000008
252 -77 957260.30000008
48 -142 957260.30000008
361 -142 957260.30000008
48 -142 957260.30000008
361 -142 957260.30000008
119 -55 957260.30000008
432 -55 957260.30000008
119 -55 957260.30000008
432 -55 957260.30000008
89 -67 957260.30000008
402 -67 957260.30000008
89 -67 957260.30000008
402 -67 957260.30000008
6 -69 957260.30000008
319 -69 957260.30000008
6 -69 957260.30000008
319 -69 957260.30000008
432 76 957260.30000008
19 -33 957260.30000008
332 -33 957260.30000008
19 -33 957260.30000008
332 -33 957260.30000008
113 -138 957260.30000008
426 -138 957260.30000008
113 -138 957260.30000008
426 -138 957260.30000008
268 -139 957260.30000008
-45 -139 957260.30000008
268 -139 957260.30000008
-45 -139 957260.30000008
-92 -258 957260.30000008
-92 -258 957260.30000008
403 58 957260.30000008
245 -71 957260.30000008
245 -71 957260.30000008
282 -144 957260.30000008
-31 -144 957260.30000008
282 -144 957260.30000008
-31 -144 957260.30000008
265 -85 957260.30000008
265 -85 957260.30000008
-29 -204 957260.30000008
-29 -204 957260.30000008
242 -24 957260.30000008
242 -24 957260.30000008
-47 -180 957260.30000008
-47 -180 957260.30000008
437 35 957260.30000008
-73 -269 957260.30000008
-73 -269 957260.30000008
28 -23 957260.30000008
341 -23 957260.30000008
28 -23 957260.30000008
341 -23 957260.30000008
-28 -240 957260.30000008
-28 -240 957260.30000008
372 74 957260.30000008
238 -18 957260.30000008
238 -18 957260.30000008
-66 -291 957260.30000008
-66 -291 957260.30000008
154 -150 957260.30000008
467 -150 957260.30000008
154 -150 957260.30000008
467 -150 957260.30000008
293 -59 957260.30000008
-20 -59 957260.30000008
293 -59 957260.30000008
-20 -59 957260.30000008
163 -85 957260.30000008
163 -85 957260.30000008
-51 -161 957260.30000008
-51 -161 957260.30000008
175 -107 957260.30000008
175 -107 957260.30000008
170 -46 957260.30000008
170 -46 957260.30000008
177 -149 957260.30000008
177 -149 957260.30000008
344 21 957260.30000008
140 -95 957260.30000008
453 -95 957260.30000008
140 -95 957260.30000008
453 -95 957260.30000008
-56 -227 957260.30000008
-56 -227 957260.30000008
86 -135 957260.30000008
399 -135 957260.30000008
86 -135 957260.30000008
399 -135 957260.30000008
-34 -255 957260.30000008
-34 -255 957260.30000008
28 -110 957260.30000008
341 -110 957260.30000008
28 -110 957260.30000008
341 -110 957260.30000008
56 -72 957260.30000008
369 -72 957260.30000008
56 -72 957260.30000008
369 -72 957260.30000008
-73 -287 957260.30000008
-73 -287 957260.30000008
444 68 957260.30000008
228 -43 957260.30000008
228 -43 957260.30000008
62 -133 957260.30000008
375 -133 957260.30000008
62 -133 957260.30000008
375 -133 957260.30000008
253 -58 957260.30000008
253 -58 957260.30000008
105 -139 957260.30000008
418 -139 957260.30000008
105 -139 957260.30000008
418 -139 957260.30000008
375 37 957260.30000008
241 -105 957260.30000008
241 -105 957260.30000008
140 -153 957260.30000008
453 -153 957260.30000008
140 -153 957260.30000008
453 -153 957260.30000008
136 -141 957260.30000008
449 -141 957260.30000008
136 -141 957260.30000008
449 -141 957260.30000008
465 50 957260.30000008
349 36 957260.30000008
-60 -231 957260.30000008
-60 -231 957260.30000008
58 -102 957260.30000008
371 -102 957260.30000008
58 -102 957260.30000008
371 -102 957260.30000008
29 -124 957260.30000008
342 -124 957260.30000008
29 -124 957260.30000008
342 -124 957260.30000008
72 -82 957260.30000008
385 -82 957260.30000008
72 -82 957260.30000008
385 -82 957260.30000008
70 -52 957260.30000008
383 -52 957260.30000008
70 -52 957260.30000008
383 -52 957260.30000008
77 -148 957260.30000008
390 -148 957260.30000008
77 -148 957260.30000008
390 -148 957260.30000008
175 -50 957260.30000008
175 -50 957260.30000008
335 63 957260.30000008
243 -37 957260.30000008
243 -37 957260.30000008
467 0 957260.30000008
144 -23 957260.30000008
457 -23 957260.30000008
144 -23 957260.30000008
457 -23 957260.30000008
242 -132 957260.30000008
242 -132 957260.30000008
328 27 957260.30000008
50 -143 957260.30000008
363 -143 957260.30000008
50 -143 957260.30000008
363 -143 957260.30000008
-17 -269 957260.30000008
-17 -269 957260.30000008
206 -121 957260.30000008
206 -121 957260.30000008
359 18 957260.30000008
-14 -262 957260.30000008
-14 -262 957260.30000008
-25 -294 957260.30000008
-25 -294 957260.30000008
181 -124 957260.30000008
181 -124 957260.30000008
111 -133 957260.30000008
424 -133 957260.30000008
111 -133 957260.30000008
424 -133 957260.30000008
114 -98 957260.30000008
427 -98 957260.30000008
114 -98 957260.30000008
427 -98 957260.30000008
76 -85 957260.30000008
389 -85 957260.30000008
76 -85 957260.30000008
389 -85 957260.30000008
418 65 957260.30000008
-79 -252 957260.30000008
-79 -252 957260.30000008
165 -10 957260.30000008
165 -10 957260.30000008
285 -132 957260.30000008
-28 -132 957260.30000008
285 -132 957260.30000008
-28 -132 957260.30000008
40 -92 957260.30000008
353 -92 957260.30000008
40 -92 957260.30000008
353 -92 957260.30000008
97 -137 957260.30000008
410 -137 957260.30000008
97 -137 957260.30000008
410 -137 957260.30000008
209 -34 957260.30000008
209 -34 957260.30000008
162 -135 957260.30000008
162 -135 957260.30000008
150 -33 957260.30000008
463 -33 957260.30000008
150 -33 957260.30000008
463 -33 957260.30000008
108 -107 957260.30000008
421 -107 957260.30000008
108 -107 957260.30000008
421 -107 957260.30000008
196 -55 957260.30000008
196 -55 957260.30000008
63 -53 957260.30000008
376 -53 957260.30000008
63 -53 957260.30000008
376 -53 957260.30000008
385 47 957260.30000008
109 -61 957260.30000008
422 -61 957260.30000008
109 -61 957260.30000008
422 -61 957260.30000008
225 -61 957260.30000008
225 -61 957260.30000008
95 -61 957260.30000008
408 -61 957260.30000008
95 -61 957260.30000008
408 -61 957260.30000008
153 -21 957260.30000008
466 -21 957260.30000008
153 -21 957260.30000008
466 -21 957260.30000008
411 82 957260.30000008
93 -64 957260.30000008
406 -64 957260.30000008
93 -64 957260.30000008
406 -64 957260.30000008
130 -145 957260.30000008
443 -145 957260.30000008
130 -145 957260.30000008
443 -145 957260.30000008
221 -80 957260.30000008
221 -80 957260.30000008
274 -92 957260.30000008
274 -92 957260.30000008
46 -22 957260.30000008
359 -22 957260.30000008
46 -22 957260.30000008
359 -22 957260.30000008
55 -123 957260.30000008
368 -123 957260.30000008
55 -123 957260.30000008
368 -123 957260.30000008
151 -156 957260.30000008
464 -156 957260.30000008
151 -156 957260.30000008
464 -156 957260.30000008
-64 -198 957260.30000008
-64 -198 957260.30000008
-55 -202 957260.30000008
-55 -202 957260.30000008
320 31 957260.30000008
435 52 957260.30000008
54 -127 957260.30000008
367 -127 957260.30000008
54 -127 957260.30000008
367 -127 957260.30000008
5.620000000000337 -15.920000000000073 957260.30000008
5.620000000000337 -15.920000000000073 957260.30000008
292.04999999999995 -95.02999999999997 957260.30000008
-20.950000000000045 -95.02999999999997 957260.30000008
292.04999999999995 -95.02999999999997 957260.30000008
-20.950000000000045 -95.02999999999997 957260.30000008
4.22000000000161 -15.680000000000291 957260.30000008
4.22000000000161 -15.680000000000291 957260.30000008
4.190000000001637 -15.6700000000003 957260.30000008
4.190000000001637 -15.6700000000003 957260.30000008
3.8100000000020007 -15.650000000000318 957260.30000008
3.8100000000020007 -15.650000000000318 957260.30000008
-114.03999999999996 -311.03999999999996 957260.30000008
-114.03999999999996 -311.03999999999996 957260.30000008
5.220000000000683 -15.7800000000002 957260.30000008
318.2200000000007 -15.7800000000002 957260.30000008
5.220000000000683 -15.7800000000002 957260.30000008
318.2200000000007 -15.7800000000002 957260.30000008
103.0 -15.980000000000018 957260.30000008
416.0 -15.980000000000018 957260.30000008
103.0 -15.980000000000018 957260.30000008
416.0 -15.980000000000018 957260.30000008
-9.840000000000146 -206.02 957260.30000008
-9.840000000000146 -206.02 957260.30000008
-6.57000000000221 -304.56999999999846 957260.30000008
-6.57000000000221 -304.56999999999846 957260.30000008
200.05999999999995 -1.6600000000003092 957260.30000008
200.05999999999995 -1.6600000000003092 957260.30000008
-7.820000000001073 -302.9999999999994 957260.30000008
-7.820000000001073 -302.9999999999994 957260.30000008
-9.279999999999745 -303.0799999999991 957260.30000008
-9.279999999999745 -303.0799999999991 957260.30000008
13.400000000000546 -108.74000000000024 957260.30000008
326.40000000000055 -108.74000000000024 957260.30000008
13.400000000000546 -108.74000000000024 957260.30000008
326.40000000000055 -108.74000000000024 957260.30000008
6.0100000000001685 -15.77000000000021 957260.30000008
319.01000000000016 -15.77000000000021 957260.30000008
6.0100000000001685 -15.77000000000021 957260.30000008
319.01000000000016 -15.77000000000021 957260.30000008
356.72 10.540000000000418 957260.30000008
-91.98000000000002 -306.25999999999976 957260.30000008
-91.98000000000002 -306.25999999999976 957260.30000008
-6.960000000001855 -303.99999999999875 957260.30000008
-6.960000000001855 -303.99999999999875 957260.30000008
-7.730000000001155 -303.44999999999914 957260.30000008
-7.730000000001155 -303.44999999999914 957260.30000008
-7.730000000000246 -174.7700000000002 957260.30000008
-7.730000000000246 -174.7700000000002 957260.30000008
358.2699999999999 10.470000000000482 957260.30000008
16.92999999999999 -12.250000000001592 957260.30000008
329.93 -12.250000000001592 957260.30000008
16.92999999999999 -12.250000000001592 957260.30000008
329.93 -12.250000000001592 957260.30000008
311.4299999999987 -9.910000000000991 957260.30000008
-1.5700000000013006 -9.910000000000991 957260.30000008
311.4299999999987 -9.910000000000991 957260.30000008
-1.5700000000013006 -9.910000000000991 957260.30000008
409.15999999999957 7.920000000001892 957260.30000008
233.8799999999983 -0.34000000000332875 957260.30000008
233.8799999999983 -0.34000000000332875 957260.30000008
221.50999999999954 9.149999999999954 957260.30000008
302.0699999999981 -144.08999999999992 957260.30000008
-10.930000000001883 -144.08999999999992 957260.30000008
302.0699999999981 -144.08999999999992 957260.30000008
-10.930000000001883 -144.08999999999992 957260.30000008
-56.22999999999979 -300.94999999999914 957260.30000008
-56.22999999999979 -300.94999999999914 957260.30000008
317.8200000000011 63.179999999999964 957260.30000008
-99.91000000000008 -311.5299999999995 957260.30000008
-99.91000000000008 -311.5299999999995 957260.30000008
-6.290000000002465 -304.78999999999843 957260.30000008
-6.290000000002465 -304.78999999999843 957260.30000008
311.0999999999972 -123.94000000000005 957260.30000008
-1.9000000000028194 -123.94000000000005 957260.30000008
311.0999999999972 -123.94000000000005 957260.30000008
-1.9000000000028194 -123.94000000000005 957260.30000008
186.91000000000008 26.969999999999683 957260.30000008
198.87000000000012 5.089999999999934 957260.30000008
181.60000000000127 35.21999999999976 957260.30000008
161.93000000000006 13.830000000000004 957260.30000008
28.919999999999987 -11.980000000000928 957260.30000008
341.91999999999996 -11.980000000000928 957260.30000008
28.919999999999987 -11.980000000000928 957260.30000008
341.91999999999996 -11.980000000000928 957260.30000008
9.250000000001592 -83.99000000000001 957260.30000008
322.2500000000016 -83.99000000000001 957260.30000008
9.250000000001592 -83.99000000000001 957260.30000008
322.2500000000016 -83.99000000000001 957260.30000008
211.27999999999793 30.78000000000001 957260.30000008
-7.710000000001173 -301.29 957260.30000008
-7.710000000001173 -301.29 957260.30000008
198.07999999999993 30.439999999999912 957260.30000008
69.67999999999984 -8.040000000002692 957260.30000008
382.67999999999984 -8.040000000002692 957260.30000008
69.67999999999984 -8.040000000002692 957260.30000008
382.67999999999984 -8.040000000002692 957260.30000008
311.0300000000036 27.410000000000064 957260.30000008
167.98000000000002 0.020000000000009094 957260.30000008
239.99 26.19000000000003 957260.30000008
240.1099999999999 44.10999999999998 957260.30000008
153.87000000000012 1.4900000000000102 957260.30000008
211.73000000000116 4.129999999999955 957260.30000008
298.84000000000015 53.739999999999455 957260.30000008
303.8900000000001 9.990000000000022 957260.30000008
296.01 40.9700000000006 957260.30000008
185.08999999999992 0.5099999999990907 957260.30000008
143.0300000000027 9.229999999999995 957260.30000008
247.56999999999948 21.909999999999986 957260.30000008
270.98000000000184 25.919999999999987 957260.30000008
208.97000000000094 41.989999999999604 957260.30000008
0.12000000000352884 -31.720000000000255 957260.30000008
313.12000000000353 -31.720000000000255 957260.30000008
0.12000000000352884 -31.720000000000255 957260.30000008
313.12000000000353 -31.720000000000255 957260.30000008
44.44999999999991 7.73000000000007 957260.30000008
279.930000000001 48.93000000000021 957260.30000008
310.770000000002 50.79000000000004 957260.30000008
288.05999999999995 17.759999999999806 957260.30000008
116.23000000000063 4.309999999999043 957260.30000008
283.84000000000106 -1.900000000003729 957260.30000008
283.84000000000106 -1.900000000003729 957260.30000008
165.06999999999812 28.110000000000174 957260.30000008
281.119999999999 32.08000000000014 957260.30000008
154.55000000000132 24.01 957260.30000008
180.93000000000006 12.129999999999976 957260.30000008
169.59999999999945 3.1999999999999744 957260.30000008
138.58999999999946 26.86999999999998 957260.30000008
93.91999999999842 9.480000000000011 957260.30000008
255.34999999999786 41.46999999999971 957260.30000008
308.2999999999997 -29.7800000000002 957260.30000008
-4.700000000000273 -29.7800000000002 957260.30000008
308.2999999999997 -29.7800000000002 957260.30000008
-4.700000000000273 -29.7800000000002 957260.30000008
258.069999999999 9.970000000000065 957260.30000008
2.6600000000030377 -15.420000000000528 957260.30000008
315.66000000000304 -15.420000000000528 957260.30000008
2.6600000000030377 -15.420000000000528 957260.30000008
315.66000000000304 -15.420000000000528 957260.30000008
231.42000000000235 23.919999999999987 957260.30000008
356 76 957260.30000008
373 82 957260.30000008
443 113 957260.30000008
385 109 957260.30000008
457 131 957260.30000008
328 69 957260.30000008
382 88 957260.30000008
405 98 957260.30000008
404 100 957260.30000008
427 88 957260.30000008
392 99 957260.30000008
237.00999999999726 62.96999999999961 957260.30000008
99.94999999999997 27.230000000000505 957260.30000008
120.00999999999796 34.5100000000001 957260.30000008
128.87000000000012 31.95000000000019 957260.30000008
226.19999999999982 52.66000000000027 957260.30000008
217.55000000000314 56.329999999999735 957260.30000008
317.20000000000255 71.9800000000005 957260.30000008
288.0699999999972 73.09000000000005 957260.30000008
273.800000000002 74.95999999999947 957260.30000008
276.5800000000022 59.23999999999975 957260.30000008
185.2099999999998 47.72999999999926 957260.30000008
-58 -50 957260.30000008
-58 -50 957260.30000008
-98 -83 957260.30000008
-98 -83 957260.30000008
-130 -108 957260.30000008
-130 -108 957260.30000008
-55 -132 957260.30000008
-55 -132 957260.30000008
-112 -68 957260.30000008
-112 -68 957260.30000008
-61 -137 957260.30000008
-61 -137 957260.30000008
-112 -180 957260.30000008
-112 -180 957260.30000008
-81 -86 957260.30000008
-81 -86 957260.30000008
-114 -203 957260.30000008
-114 -203 957260.30000008
-149 -235 957260.30000008
-149 -235 957260.30000008
-81 -42 957260.30000008
-81 -42 957260.30000008
-65 -149 957260.30000008
-65 -149 957260.30000008
-146 -169 957260.30000008
-146 -169 957260.30000008
-72 -39 957260.30000008
-72 -39 957260.30000008
-151 -133 957260.30000008
-151 -133 957260.30000008
-84 -38 957260.30000008
-84 -38 957260.30000008
-155 -166 957260.30000008
-155 -166 957260.30000008
-106 -157 957260.30000008
-106 -157 957260.30000008
-110 -198 957260.30000008
-110 -198 957260.30000008
-65 -49 957260.30000008
-65 -49 957260.30000008
-144 -311 957260.30000008
-144 -311 957260.30000008
-150 -286 957260.30000008
-150 -286 957260.30000008
-115 -174 957260.30000008
-115 -174 957260.30000008
-155 -193 957260.30000008
-155 -193 957260.30000008
-25 -20 957260.30000008
-25 -20 957260.30000008
-128 -269 957260.30000008
-128 -269 957260.30000008
-151 -299 957260.30000008
-151 -299 957260.30000008
-142 -109 957260.30000008
-142 -109 957260.30000008
-77 -149 957260.30000008
-77 -149 957260.30000008
-121 -165 957260.30000008
-121 -165 957260.30000008
-155 -251 957260.30000008
-155 -251 957260.30000008
-124 -236 957260.30000008
-124 -236 957260.30000008
-116 -209 957260.30000008
-116 -209 957260.30000008
-76 -163 957260.30000008
-76 -163 957260.30000008
-126 -284 957260.30000008
-126 -284 957260.30000008
-130 -279 957260.30000008
-130 -279 957260.30000008
-76 -187 957260.30000008
-76 -187 957260.30000008
-61 -77 957260.30000008
-61 -77 957260.30000008
-128 -217 957260.30000008
-128 -217 957260.30000008
-68 -71 957260.30000008
-68 -71 957260.30000008
-48 -85 957260.30000008
-48 -85 957260.30000008
-71 -24 957260.30000008
-71 -24 957260.30000008
-123 -193 957260.30000008
-123 -193 957260.30000008
-132 -179 957260.30000008
-132 -179 957260.30000008
-143 -200 957260.30000008
-143 -200 957260.30000008
-92 -202 957260.30000008
-92 -202 957260.30000008
-137 -207 957260.30000008
-137 -207 957260.30000008
-150 -85 957260.30000008
-150 -85 957260.30000008
-138 -107 957260.30000008
-138 -107 957260.30000008
-143 -46 957260.30000008
-143 -46 957260.30000008
-136 -149 957260.30000008
-136 -149 957260.30000008
-93 -220 957260.30000008
-93 -220 957260.30000008
-85 -43 957260.30000008
-85 -43 957260.30000008
-108 -238 957260.30000008
-108 -238 957260.30000008
-60 -58 957260.30000008
-60 -58 957260.30000008
-103 -183 957260.30000008
-103 -183 957260.30000008
-72 -105 957260.30000008
-72 -105 957260.30000008
-135 -168 957260.30000008
-135 -168 957260.30000008
-115 -282 957260.30000008
-115 -282 957260.30000008
-138 -225 957260.30000008
-138 -225 957260.30000008
-138 -50 957260.30000008
-138 -50 957260.30000008
-132 -302 957260.30000008
-132 -302 957260.30000008
-70 -37 957260.30000008
-70 -37 957260.30000008
-107 -193 957260.30000008
-107 -193 957260.30000008
-71 -132 957260.30000008
-71 -132 957260.30000008
-116 -210 957260.30000008
-116 -210 957260.30000008
-107 -121 957260.30000008
-107 -121 957260.30000008
-155 -260 957260.30000008
-155 -260 957260.30000008
-132 -124 957260.30000008
-132 -124 957260.30000008
-126 -238 957260.30000008
-126 -238 957260.30000008
-96 -190 957260.30000008
-96 -190 957260.30000008
-145 -313 957260.30000008
-145 -313 957260.30000008
-104 -34 957260.30000008
-104 -34 957260.30000008
-151 -135 957260.30000008
-151 -135 957260.30000008
-117 -55 957260.30000008
-117 -55 957260.30000008
-88 -61 957260.30000008
-88 -61 957260.30000008
-114 -176 957260.30000008
-114 -176 957260.30000008
-92 -80 957260.30000008
-92 -80 957260.30000008
-39 -92 957260.30000008
-39 -92 957260.30000008
-114 -24 957260.30000008
-114 -24 957260.30000008
-78 -21 957260.30000008
-78 -21 957260.30000008
-95 -26 957260.30000008
-95 -26 957260.30000008
-137 -31 957260.30000008
-137 -31 957260.30000008
-143 -35 957260.30000008
-143 -35 957260.30000008
-148 -33 957260.30000008
-148 -33 957260.30000008
-75 -18 957260.30000008
-75 -18 957260.30000008
