21 444 955295.2999999874
-32 50 955295.2999999874
-32 50 955295.2999999874
-34 130 955295.2999999874
-34 130 955295.2999999874
-44 87 955295.2999999874
-44 87 955295.2999999874
-58 263 955295.2999999874
-58 263 955295.2999999874
-98 230 955295.2999999874
-98 230 955295.2999999874
-130 205 955295.2999999874
-130 205 955295.2999999874
-55 181 955295.2999999874
-55 181 955295.2999999874
43 389 955295.2999999874
-49 127 955295.2999999874
-49 127 955295.2999999874
-112 245 955295.2999999874
-112 245 955295.2999999874
60 395 955295.2999999874
-61 176 955295.2999999874
-61 176 955295.2999999874
-114 289 955295.2999999874
-114 289 955295.2999999874
71 338 955295.2999999874
106 466 955295.2999999874
55 466 955295.2999999874
42 365 955295.2999999874
-15 264 955295.2999999874
-15 264 955295.2999999874
-78 292 955295.2999999874
-78 292 955295.2999999874
-112 133 955295.2999999874
-112 133 955295.2999999874
-40 26 955295.2999999874
-40 26 955295.2999999874
5 363 955295.2999999874
-81 227 955295.2999999874
-81 227 955295.2999999874
39 353 955295.2999999874
50 459 955295.2999999874
-103 40 955295.2999999874
-103 40 955295.2999999874
-114 110 955295.2999999874
-114 110 955295.2999999874
130 426 955295.2999999874
-149 78 955295.2999999874
-149 78 955295.2999999874
-37 76 955295.2999999874
-37 76 955295.2999999874
-81 271 955295.2999999874
-81 271 955295.2999999874
66 447 955295.2999999874
133 367 955295.2999999874
-65 164 955295.2999999874
-65 164 955295.2999999874
-89 81 955295.2999999874
-89 81 955295.2999999874
-79 24 955295.2999999874
-79 24 955295.2999999874
15 355 955295.2999999874
147 456 955295.2999999874
-95 287 955295.2999999874
-95 287 955295.2999999874
-46 102 955295.2999999874
-46 102 955295.2999999874
72 422 955295.2999999874
-137 282 955295.2999999874
-137 282 955295.2999999874
-146 144 955295.2999999874
167 457 955295.2999999874
-146 144 955295.2999999874
167 457 955295.2999999874
96 458 955295.2999999874
-14 94 955295.2999999874
-14 94 955295.2999999874
-72 274 955295.2999999874
-72 274 955295.2999999874
-143 278 955295.2999999874
-143 278 955295.2999999874
-151 180 955295.2999999874
-151 180 955295.2999999874
23 457 955295.2999999874
144 444 955295.2999999874
131 368 955295.2999999874
-84 275 955295.2999999874
-84 275 955295.2999999874
98 455 955295.2999999874
-100 306 955295.2999999874
-100 -7 955295.2999999874
-100 306 955295.2999999874
-100 -7 955295.2999999874
-155 147 955295.2999999874
158 460 955295.2999999874
-155 147 955295.2999999874
158 460 955295.2999999874
15 382 955295.2999999874
52 379 955295.2999999874
-106 156 955295.2999999874
-106 156 955295.2999999874
-31 198 955295.2999999874
-31 198 955295.2999999874
-110 115 955295.2999999874
-110 115 955295.2999999874
-65 264 955295.2999999874
-65 264 955295.2999999874
69 401 955295.2999999874
-144 2 955295.2999999874
-144 2 955295.2999999874
48 353 955295.2999999874
66 349 955295.2999999874
16 443 955295.2999999874
-150 27 955295.2999999874
-150 27 955295.2999999874
150 397 955295.2999999874
-115 139 955295.2999999874
-115 139 955295.2999999874
-155 120 955295.2999999874
158 433 955295.2999999874
-155 120 955295.2999999874
158 433 955295.2999999874
100 337 955295.2999999874
-104 33 955295.2999999874
-104 33 955295.2999999874
-25 293 955295.2999999874
-25 293 955295.2999999874
-128 44 955295.2999999874
-128 44 955295.2999999874
129 346 955295.2999999874
-151 14 955295.2999999874
-151 14 955295.2999999874
-142 204 955295.2999999874
-142 204 955295.2999999874
-77 164 955295.2999999874
-77 164 955295.2999999874
-121 148 955295.2999999874
-121 148 955295.2999999874
-155 62 955295.2999999874
-155 62 955295.2999999874
53 437 955295.2999999874
-25 193 955295.2999999874
-25 193 955295.2999999874
-124 77 955295.2999999874
-124 77 955295.2999999874
-87 54 955295.2999999874
-87 54 955295.2999999874
42 445 955295.2999999874
92 411 955295.2999999874
-33 31 955295.2999999874
-33 31 955295.2999999874
-116 104 955295.2999999874
-116 104 955295.2999999874
-76 150 955295.2999999874
-76 150 955295.2999999874
-126 29 955295.2999999874
-126 29 955295.2999999874
-130 34 955295.2999999874
-130 34 955295.2999999874
-56 158 955295.2999999874
-56 158 955295.2999999874
-148 280 955295.2999999874
-148 280 955295.2999999874
133 363 955295.2999999874
-154 284 955295.2999999874
-154 -29 955295.2999999874
-154 284 955295.2999999874
-154 -29 955295.2999999874
-76 126 955295.2999999874
-76 126 955295.2999999874
-60 40 955295.2999999874
-60 40 955295.2999999874
118 451 955295.2999999874
-61 236 955295.2999999874
-61 236 955295.2999999874
119 389 955295.2999999874
-128 96 955295.2999999874
-128 96 955295.2999999874
-45 174 955295.2999999874
-45 174 955295.2999999874
-92 55 955295.2999999874
-92 55 955295.2999999874
90 371 955295.2999999874
-68 242 955295.2999999874
-68 242 955295.2999999874
-31 169 955295.2999999874
-31 169 955295.2999999874
-48 228 955295.2999999874
-48 228 955295.2999999874
-29 109 955295.2999999874
-29 109 955295.2999999874
-71 289 955295.2999999874
-71 289 955295.2999999874
-47 133 955295.2999999874
-47 133 955295.2999999874
124 348 955295.2999999874
-123 120 955295.2999999874
-123 120 955295.2999999874
-73 44 955295.2999999874
-73 44 955295.2999999874
99 451 955295.2999999874
-132 134 955295.2999999874
-132 134 955295.2999999874
-28 73 955295.2999999874
-28 73 955295.2999999874
59 387 955295.2999999874
-75 295 955295.2999999874
-75 295 955295.2999999874
-143 113 955295.2999999874
-143 113 955295.2999999874
-66 22 955295.2999999874
-66 22 955295.2999999874
-20 254 955295.2999999874
-20 254 955295.2999999874
-92 111 955295.2999999874
-92 111 955295.2999999874
-137 106 955295.2999999874
-137 106 955295.2999999874
-150 228 955295.2999999874
-150 228 955295.2999999874
-51 152 955295.2999999874
-51 152 955295.2999999874
-138 206 955295.2999999874
-138 206 955295.2999999874
-143 267 955295.2999999874
-143 267 955295.2999999874
-136 164 955295.2999999874
-136 164 955295.2999999874
31 334 955295.2999999874
-56 86 955295.2999999874
-56 86 955295.2999999874
-34 58 955295.2999999874
-34 58 955295.2999999874
-93 93 955295.2999999874
-93 93 955295.2999999874
-73 26 955295.2999999874
-73 26 955295.2999999874
131 381 955295.2999999874
-85 270 955295.2999999874
-85 270 955295.2999999874
-108 75 955295.2999999874
-108 75 955295.2999999874
-60 255 955295.2999999874
-60 255 955295.2999999874
-103 130 955295.2999999874
-103 130 955295.2999999874
62 350 955295.2999999874
-72 208 955295.2999999874
-72 208 955295.2999999874
-135 145 955295.2999999874
-135 145 955295.2999999874
146 455 955295.2999999874
36 349 955295.2999999874
-60 82 955295.2999999874
-60 82 955295.2999999874
-115 31 955295.2999999874
-115 31 955295.2999999874
24 419 955295.2999999874
-138 88 955295.2999999874
-138 88 955295.2999999874
-138 263 955295.2999999874
-138 263 955295.2999999874
22 376 955295.2999999874
-132 11 955295.2999999874
-132 11 955295.2999999874
-70 276 955295.2999999874
-70 276 955295.2999999874
42 466 955295.2999999874
109 462 955295.2999999874
-107 120 955295.2999999874
-107 120 955295.2999999874
-71 181 955295.2999999874
-71 181 955295.2999999874
15 340 955295.2999999874
-17 44 955295.2999999874
-17 44 955295.2999999874
-116 103 955295.2999999874
-116 103 955295.2999999874
-107 192 955295.2999999874
-107 192 955295.2999999874
46 331 955295.2999999874
-14 51 955295.2999999874
-14 51 955295.2999999874
-155 53 955295.2999999874
-155 53 955295.2999999874
-25 19 955295.2999999874
-25 19 955295.2999999874
-132 189 955295.2999999874
-132 189 955295.2999999874
-126 75 955295.2999999874
-126 75 955295.2999999874
-96 123 955295.2999999874
-96 123 955295.2999999874
105 378 955295.2999999874
-79 61 955295.2999999874
-79 61 955295.2999999874
34 424 955295.2999999874
-148 303 955295.2999999874
-148 -10 955295.2999999874
-148 303 955295.2999999874
-148 -10 955295.2999999874
-28 181 955295.2999999874
-28 181 955295.2999999874
-145 0 955295.2999999874
-145 0 955295.2999999874
49 429 955295.2999999874
-104 279 955295.2999999874
-104 279 955295.2999999874
-151 178 955295.2999999874
-151 178 955295.2999999874
0 364 955295.2999999874
-117 258 955295.2999999874
-117 258 955295.2999999874
91 413 955295.2999999874
72 360 955295.2999999874
-88 252 955295.2999999874
-88 252 955295.2999999874
95 451 955295.2999999874
98 395 955295.2999999874
70 447 955295.2999999874
-114 137 955295.2999999874
-114 137 955295.2999999874
-92 233 955295.2999999874
-92 233 955295.2999999874
126 460 955295.2999999874
-39 221 955295.2999999874
-39 221 955295.2999999874
114 401 955295.2999999874
-64 115 955295.2999999874
-64 115 955295.2999999874
-55 111 955295.2999999874
-55 111 955295.2999999874
7 344 955295.2999999874
79 412 955295.2999999874
122 365 955295.2999999874
-8.970000000000027 10.930000000000037 955295.2999999874
-8.970000000000027 10.930000000000037 955295.2999999874
-8.930000000000064 10.890000000000082 955295.2999999874
-8.930000000000064 10.890000000000082 955295.2999999874
-8.8900000000001 10.85000000000011 955295.2999999874
-8.8900000000001 10.85000000000011 955295.2999999874
-8.870000000000118 10.830000000000146 955295.2999999874
-8.870000000000118 10.830000000000146 955295.2999999874
-8.830000000000155 10.790000000000164 955295.2999999874
-8.830000000000155 10.790000000000164 955295.2999999874
-8.77000000000021 10.730000000000201 955295.2999999874
-8.77000000000021 10.730000000000201 955295.2999999874
-8.760000000000218 10.700000000000198 955295.2999999874
-8.760000000000218 10.700000000000198 955295.2999999874
-8.720000000000255 10.660000000000226 955295.2999999874
-8.720000000000255 10.660000000000226 955295.2999999874
-8.700000000000273 10.640000000000262 955295.2999999874
-8.700000000000273 10.640000000000262 955295.2999999874
-8.640000000000327 10.58000000000029 955295.2999999874
-8.640000000000327 10.58000000000029 955295.2999999874
-8.570000000000391 10.510000000000279 955295.2999999874
-8.570000000000391 10.510000000000279 955295.2999999874
-8.55000000000041 10.490000000000284 955295.2999999874
-8.55000000000041 10.490000000000284 955295.2999999874
-8.470000000000482 10.410000000000313 955295.2999999874
-8.470000000000482 10.410000000000313 955295.2999999874
-8.430000000000518 10.370000000000328 955295.2999999874
-8.430000000000518 10.370000000000328 955295.2999999874
-8.410000000000537 10.350000000000355 955295.2999999874
-8.410000000000537 10.350000000000355 955295.2999999874
-8.290000000000646 10.230000000000375 955295.2999999874
-8.290000000000646 10.230000000000375 955295.2999999874
-8.260000000000673 10.200000000000369 955295.2999999874
-8.260000000000673 10.200000000000369 955295.2999999874
-8.22000000000071 10.160000000000396 955295.2999999874
-8.22000000000071 10.160000000000396 955295.2999999874
-8.170000000000755 10.11000000000046 955295.2999999874
-8.170000000000755 10.11000000000046 955295.2999999874
-8.1200000000008 10.060000000000505 955295.2999999874
-8.1200000000008 10.060000000000505 955295.2999999874
-8.090000000000828 10.030000000000523 955295.2999999874
-8.090000000000828 10.030000000000523 955295.2999999874
-8.050000000000864 9.99000000000055 955295.2999999874
-8.050000000000864 9.99000000000055 955295.2999999874
-8.030000000000882 9.970000000000587 955295.2999999874
-8.030000000000882 9.970000000000587 955295.2999999874
-7.940000000000964 9.920000000000597 955295.2999999874
-7.940000000000964 9.920000000000597 955295.2999999874
-7.840000000001055 9.820000000000595 955295.2999999874
-7.840000000001055 9.820000000000595 955295.2999999874
-7.800000000001091 9.780000000000628 955295.2999999874
-7.800000000001091 9.780000000000628 955295.2999999874
-20.950000000000045 217.97000000000003 955295.2999999874
-20.950000000000045 217.97000000000003 955295.2999999874
-7.760000000001128 9.720000000000692 955295.2999999874
-7.760000000001128 9.720000000000692 955295.2999999874
-7.720000000001164 9.680000000000728 955295.2999999874
-7.720000000001164 9.680000000000728 955295.2999999874
-7.690000000001191 9.650000000000755 955295.2999999874
-7.690000000001191 9.650000000000755 955295.2999999874
-7.660000000001219 9.6000000000008 955295.2999999874
-7.660000000001219 9.6000000000008 955295.2999999874
-7.640000000001237 9.580000000000828 955295.2999999874
-7.640000000001237 9.580000000000828 955295.2999999874
-7.600000000001273 9.540000000000855 955295.2999999874
-7.600000000001273 9.540000000000855 955295.2999999874
-7.5800000000012915 9.520000000000882 955295.2999999874
-7.5800000000012915 9.520000000000882 955295.2999999874
-7.540000000001328 9.480000000000901 955295.2999999874
-7.540000000001328 9.480000000000901 955295.2999999874
-7.520000000001346 9.460000000000937 955295.2999999874
-7.520000000001346 9.460000000000937 955295.2999999874
-7.500000000001364 9.440000000000955 955295.2999999874
-7.500000000001364 9.440000000000955 955295.2999999874
-7.430000000001428 9.370000000001001 955295.2999999874
-7.430000000001428 9.370000000001001 955295.2999999874
-7.390000000001464 9.330000000001037 955295.2999999874
-7.390000000001464 9.330000000001037 955295.2999999874
-7.320000000001528 9.260000000001074 955295.2999999874
-7.320000000001528 9.260000000001074 955295.2999999874
-7.290000000001555 9.23000000000108 955295.2999999874
-7.290000000001555 9.23000000000108 955295.2999999874
-7.270000000001573 9.210000000001108 955295.2999999874
-7.270000000001573 9.210000000001108 955295.2999999874
-7.250000000001592 9.190000000001126 955295.2999999874
-7.250000000001592 9.190000000001126 955295.2999999874
-7.190000000001646 9.130000000001154 955295.2999999874
-7.190000000001646 9.130000000001154 955295.2999999874
-7.1600000000016735 9.100000000001142 955295.2999999874
-7.1600000000016735 9.100000000001142 955295.2999999874
-7.140000000001692 9.080000000001169 955295.2999999874
-7.140000000001692 9.080000000001169 955295.2999999874
-7.100000000001728 9.040000000001196 955295.2999999874
-7.100000000001728 9.040000000001196 955295.2999999874
-7.030000000001792 8.970000000001212 955295.2999999874
-7.030000000001792 8.970000000001212 955295.2999999874
-7.01000000000181 8.95000000000123 955295.2999999874
-7.01000000000181 8.95000000000123 955295.2999999874
21.970000000000027 468.97 955295.2999999874
-6.960000000001855 8.900000000001267 955295.2999999874
-6.960000000001855 8.900000000001267 955295.2999999874
-6.940000000001874 8.880000000001294 955295.2999999874
-6.940000000001874 8.880000000001294 955295.2999999874
-6.910000000001901 8.850000000001312 955295.2999999874
-6.910000000001901 8.850000000001312 955295.2999999874
-6.860000000001946 8.800000000001349 955295.2999999874
-6.860000000001946 8.800000000001349 955295.2999999874
-6.79000000000201 8.730000000001386 955295.2999999874
-6.79000000000201 8.730000000001386 955295.2999999874
-6.750000000002046 8.690000000001392 955295.2999999874
-6.750000000002046 8.690000000001392 955295.2999999874
-114.03999999999996 1.9600000000000364 955295.2999999874
-114.03999999999996 1.9600000000000364 955295.2999999874
-6.6300000000021555 8.570000000001457 955295.2999999874
-6.6300000000021555 8.570000000001457 955295.2999999874
-6.57000000000221 8.51000000000149 955295.2999999874
-6.57000000000221 8.51000000000149 955295.2999999874
-6.550000000002228 8.490000000001478 955295.2999999874
-6.550000000002228 8.490000000001478 955295.2999999874
-6.5200000000022555 8.440000000001506 955295.2999999874
-6.5200000000022555 8.440000000001506 955295.2999999874
-112.94000000000005 311.3399999999997 955295.2999999874
-112.94000000000005 -1.6600000000003092 955295.2999999874
-112.94000000000005 311.3399999999997 955295.2999999874
-112.94000000000005 -1.6600000000003092 955295.2999999874
-6.410000000002356 8.330000000001544 955295.2999999874
-6.410000000002356 8.330000000001544 955295.2999999874
-7.820000000001073 10.000000000000604 955295.2999999874
-7.820000000001073 10.000000000000604 955295.2999999874
43.720000000000056 323.5400000000004 955295.2999999874
-6.960000000001855 9.000000000001224 955295.2999999874
-6.960000000001855 9.000000000001224 955295.2999999874
-6.3200000000024374 8.240000000001539 955295.2999999874
-6.3200000000024374 8.240000000001539 955295.2999999874
-56.22999999999979 12.050000000000864 955295.2999999874
-56.22999999999979 12.050000000000864 955295.2999999874
-6.290000000002465 8.210000000001553 955295.2999999874
-6.290000000002465 8.210000000001553 955295.2999999874
-99.90000000000009 1.4600000000004911 955295.2999999874
-99.90000000000009 1.4600000000004911 955295.2999999874
-4.680000000000291 283.2399999999998 955295.2999999874
-4.680000000000291 283.2399999999998 955295.2999999874
-7.740000000001146 9.540000000000873 955295.2999999874
-7.740000000001146 9.540000000000873 955295.2999999874
0.37000000000000927 50.95000000000001 955295.2999999874
6.350000000000014 72.79000000000092 955295.2999999874
-9.830000000000155 106.99 955295.2999999874
-9.830000000000155 106.99 955295.2999999874
-92.0 6.720000000000255 955295.2999999874
-92.0 6.720000000000255 955295.2999999874
45.229999999999954 323.4300000000005 955295.2999999874
-6.580000000002201 8.42000000000155 955295.2999999874
-6.580000000002201 8.42000000000155 955295.2999999874
-1.850000000002865 189.06999999999994 955295.2999999874
-1.850000000002865 189.06999999999994 955295.2999999874
1.3500000000015007 444.27000000000066 955295.2999999874
93.34000000000017 249.0 955295.2999999874
25.58000000000009 274.9200000000028 955295.2999999874
-1.520000000001346 303.099999999999 955295.2999999874
-1.520000000001346 303.099999999999 955295.2999999874
38.86999999999983 274.910000000001 955295.2999999874
23.53999999999977 211.73999999999842 955295.2999999874
-79.09000000000174 312.76999999999657 955295.2999999874
-79.09000000000174 -0.2300000000034288 955295.2999999874
-79.09000000000174 312.76999999999657 955295.2999999874
-79.09000000000174 -0.2300000000034288 955295.2999999874
96.12999999999955 320.810000000002 955295.2999999874
4.770000000001119 376.21 955295.2999999874
84.35999999999916 251.01999999999998 955295.2999999874
67.46999999999973 309.89000000000374 955295.2999999874
1.2300000000016098 411.46999999999974 955295.2999999874
5.870000000000024 30.769999999999964 955295.2999999874
53.830000000000034 185.19000000000074 955295.2999999874
-7.660000000001219 11.740000000000002 955295.2999999874
-7.660000000001219 11.740000000000002 955295.2999999874
50.019999999999996 170.1199999999999 955295.2999999874
14.960000000000022 129.10000000000082 955295.2999999874
64.59999999999991 180.0 955295.2999999874
5.299999999999951 96.95999999999896 955295.2999999874
97.39000000000122 255.98999999999637 955295.2999999874
40.78000000000024 131.92000000000007 955295.2999999874
43.35999999999933 221.17999999999984 955295.2999999874
59.78000000000064 262.45999999999776 955295.2999999874
-6.260000000002492 8.18000000000158 955295.2999999874
-6.260000000002492 8.18000000000158 955295.2999999874
56.64999999999967 192.48999999999774 955295.2999999874
40.56000000000029 151.5600000000013 955295.2999999874
6.829999999999982 296.97 955295.2999999874
39.94000000000021 159.49999999999864 955295.2999999874
4.699999999999964 116.06000000000003 955295.2999999874
28.789999999999967 188.43000000000052 955295.2999999874
16.51000000000006 72.77000000000193 955295.2999999874
87.06999999999901 243.9100000000019 955295.2999999874
32.96999999999981 213.97000000000003 955295.2999999874
0.6100000000021737 429.4500000000002 955295.2999999874
55.29999999999954 168.20000000000073 955295.2999999874
6.069999999999977 50.04999999999999 955295.2999999874
58.729999999999855 208.67000000000212 955295.2999999874
43.33999999999993 192.43999999999778 955295.2999999874
57.079999999999586 153.89999999999918 955295.2999999874
70.72999999999935 233.06999999999812 955295.2999999874
12.600000000000009 184.76000000000295 955295.2999999874
28.340000000000053 289.8000000000002 955295.2999999874
30.98000000000031 302.5599999999977 955295.2999999874
46.5000000000003 171.03999999999996 955295.2999999874
10.350000000000078 205.7699999999984 955295.2999999874
22.99000000000031 129.53000000000134 955295.2999999874
16.99 300.5099999999986 955295.2999999874
35.0199999999998 109.91999999999945 955295.2999999874
5.7400000000000055 242.1200000000017 955295.2999999874
-29.2099999999989 311.2899999999961 955295.2999999874
-29.2099999999989 -1.7100000000039017 955295.2999999874
-29.2099999999989 311.2899999999961 955295.2999999874
-29.2099999999989 -1.7100000000039017 955295.2999999874
35.610000000000475 176.87000000000194 955295.2999999874
50.45999999999991 144.6800000000012 955295.2999999874
2.669999999999078 258.8899999999983 955295.2999999874
-7.720000000000255 138.23999999999978 955295.2999999874
-7.720000000000255 138.23999999999978 955295.2999999874
-10.890000000001919 168.91000000000008 955295.2999999874
-10.890000000001919 168.91000000000008 955295.2999999874
72.96000000000151 265.13999999999623 955295.2999999874
3.9999999999999787 134.05999999999813 955295.2999999874
19.969999999999995 197.95000000000095 955295.2999999874
22.809999999999814 103.38999999999866 955295.2999999874
5.0999999999999766 280.1400000000008 955295.2999999874
73.39000000000173 297.4100000000042 955295.2999999874
54.30000000000034 240.9000000000001 955295.2999999874
33.15000000000017 229.5299999999968 955295.2999999874
18.839999999999506 159.1999999999971 955295.2999999874
64.21000000000011 220.01 955295.2999999874
44.75000000000065 258.21000000000254 955295.2999999874
23.100000000000016 144.05999999999995 955295.2999999874
4.160000000002583 385.02000000000055 955295.2999999874
87.90999999999944 260.9499999999946 955295.2999999874
11.119999999999997 226.94000000000187 955295.2999999874
4.409999999999991 247.3099999999988 955295.2999999874
6.0699999999999985 62.630000000000074 955295.2999999874
78.13000000000109 227.53000000000043 955295.2999999874
49.14999999999937 290.99 955295.2999999874
-9.299999999999727 9.900000000000944 955295.2999999874
-9.299999999999727 9.900000000000944 955295.2999999874
103.54000000000028 294.7000000000021 955295.2999999874
17.520000000000152 245.93999999999733 955295.2999999874
29.500000000000234 202.94000000000005 955295.2999999874
17.179999999999715 279.06000000000085 955295.2999999874
65.13000000000058 259.7900000000002 955295.2999999874
334 131 955295.2999999874
334 444 955295.2999999874
347 226 955295.2999999874
347 226 955295.2999999874
281 363 955295.2999999874
281 363 955295.2999999874
454 240 955295.2999999874
454 240 955295.2999999874
279 443 955295.2999999874
279 443 955295.2999999874
269 400 955295.2999999874
269 400 955295.2999999874
420 159 955295.2999999874
420 159 955295.2999999874
356 389 955295.2999999874
264 440 955295.2999999874
264 440 955295.2999999874
402 218 955295.2999999874
402 218 955295.2999999874
447 276 955295.2999999874
447 276 955295.2999999874
448 279 955295.2999999874
448 279 955295.2999999874
373 395 955295.2999999874
464 254 955295.2999999874
464 254 955295.2999999874
377 220 955295.2999999874
377 220 955295.2999999874
384 338 955295.2999999874
419 153 955295.2999999874
419 466 955295.2999999874
368 153 955295.2999999874
368 466 955295.2999999874
355 365 955295.2999999874
442 183 955295.2999999874
442 183 955295.2999999874
402 255 955295.2999999874
402 255 955295.2999999874
423 212 955295.2999999874
423 212 955295.2999999874
325 243 955295.2999999874
325 243 955295.2999999874
201 446 955295.2999999874
201 446 955295.2999999874
273 339 955295.2999999874
273 339 955295.2999999874
318 363 955295.2999999874
352 353 955295.2999999874
363 146 955295.2999999874
363 459 955295.2999999874
210 353 955295.2999999874
210 353 955295.2999999874
351 276 955295.2999999874
351 276 955295.2999999874
199 423 955295.2999999874
199 423 955295.2999999874
377 260 955295.2999999874
377 260 955295.2999999874
443 426 955295.2999999874
164 391 955295.2999999874
164 391 955295.2999999874
276 389 955295.2999999874
276 389 955295.2999999874
449 283 955295.2999999874
449 283 955295.2999999874
326 188 955295.2999999874
326 188 955295.2999999874
356 190 955295.2999999874
356 190 955295.2999999874
379 134 955295.2999999874
379 447 955295.2999999874
446 367 955295.2999999874
224 394 955295.2999999874
224 394 955295.2999999874
436 175 955295.2999999874
436 175 955295.2999999874
146 322 955295.2999999874
459 322 955295.2999999874
234 337 955295.2999999874
234 337 955295.2999999874
328 355 955295.2999999874
460 143 955295.2999999874
460 456 955295.2999999874
267 415 955295.2999999874
267 415 955295.2999999874
385 422 955295.2999999874
345 214 955295.2999999874
345 214 955295.2999999874
409 145 955295.2999999874
409 458 955295.2999999874
438 228 955295.2999999874
438 228 955295.2999999874
299 407 955295.2999999874
299 407 955295.2999999874
361 261 955295.2999999874
361 261 955295.2999999874
336 144 955295.2999999874
336 457 955295.2999999874
457 444 955295.2999999874
455 254 955295.2999999874
455 254 955295.2999999874
444 368 955295.2999999874
156 337 955295.2999999874
469 337 955295.2999999874
430 182 955295.2999999874
430 182 955295.2999999874
366 169 955295.2999999874
366 169 955295.2999999874
408 243 955295.2999999874
408 243 955295.2999999874
411 142 955295.2999999874
411 455 955295.2999999874
328 382 955295.2999999874
365 379 955295.2999999874
207 469 955295.2999999874
207 469 955295.2999999874
138 340 955295.2999999874
451 340 955295.2999999874
354 158 955295.2999999874
354 158 955295.2999999874
203 428 955295.2999999874
203 428 955295.2999999874
338 210 955295.2999999874
338 210 955295.2999999874
382 401 955295.2999999874
169 315 955295.2999999874
169 315 955295.2999999874
361 353 955295.2999999874
379 349 955295.2999999874
329 130 955295.2999999874
329 443 955295.2999999874
163 340 955295.2999999874
163 340 955295.2999999874
463 397 955295.2999999874
198 452 955295.2999999874
198 452 955295.2999999874
413 337 955295.2999999874
209 346 955295.2999999874
209 346 955295.2999999874
185 357 955295.2999999874
185 357 955295.2999999874
442 346 955295.2999999874
399 251 955295.2999999874
399 251 955295.2999999874
162 327 955295.2999999874
162 327 955295.2999999874
192 461 955295.2999999874
192 461 955295.2999999874
158 375 955295.2999999874
158 375 955295.2999999874
366 124 955295.2999999874
366 437 955295.2999999874
338 278 955295.2999999874
338 278 955295.2999999874
189 390 955295.2999999874
189 390 955295.2999999874
226 367 955295.2999999874
226 367 955295.2999999874
355 132 955295.2999999874
355 445 955295.2999999874
405 411 955295.2999999874
418 181 955295.2999999874
418 181 955295.2999999874
280 344 955295.2999999874
280 344 955295.2999999874
197 417 955295.2999999874
197 417 955295.2999999874
333 199 955295.2999999874
333 199 955295.2999999874
237 463 955295.2999999874
237 463 955295.2999999874
400 197 955295.2999999874
400 197 955295.2999999874
187 342 955295.2999999874
187 342 955295.2999999874
183 347 955295.2999999874
183 347 955295.2999999874
351 179 955295.2999999874
351 179 955295.2999999874
446 363 955295.2999999874
237 439 955295.2999999874
237 439 955295.2999999874
253 353 955295.2999999874
253 353 955295.2999999874
431 138 955295.2999999874
431 451 955295.2999999874
361 171 955295.2999999874
361 171 955295.2999999874
432 258 955295.2999999874
432 258 955295.2999999874
402 246 955295.2999999874
402 246 955295.2999999874
319 244 955295.2999999874
319 244 955295.2999999874
432 389 955295.2999999874
332 280 955295.2999999874
332 280 955295.2999999874
185 409 955295.2999999874
185 409 955295.2999999874
426 175 955295.2999999874
426 175 955295.2999999874
221 368 955295.2999999874
221 368 955295.2999999874
403 371 955295.2999999874
284 422 955295.2999999874
284 422 955295.2999999874
266 446 955295.2999999874
266 446 955295.2999999874
437 348 955295.2999999874
190 433 955295.2999999874
190 433 955295.2999999874
240 357 955295.2999999874
240 357 955295.2999999874
341 290 955295.2999999874
341 290 955295.2999999874
412 138 955295.2999999874
412 451 955295.2999999874
181 447 955295.2999999874
181 447 955295.2999999874
285 386 955295.2999999874
285 386 955295.2999999874
372 387 955295.2999999874
170 426 955295.2999999874
170 426 955295.2999999874
247 335 955295.2999999874
247 335 955295.2999999874
467 163 955295.2999999874
467 163 955295.2999999874
221 424 955295.2999999874
221 424 955295.2999999874
176 419 955295.2999999874
176 419 955295.2999999874
262 465 955295.2999999874
262 465 955295.2999999874
344 334 955295.2999999874
453 218 955295.2999999874
453 218 955295.2999999874
257 399 955295.2999999874
257 399 955295.2999999874
399 178 955295.2999999874
399 178 955295.2999999874
279 371 955295.2999999874
279 371 955295.2999999874
341 203 955295.2999999874
341 203 955295.2999999874
369 241 955295.2999999874
369 241 955295.2999999874
220 406 955295.2999999874
220 406 955295.2999999874
240 339 955295.2999999874
240 339 955295.2999999874
444 381 955295.2999999874
205 388 955295.2999999874
205 388 955295.2999999874
375 180 955295.2999999874
375 180 955295.2999999874
418 174 955295.2999999874
418 174 955295.2999999874
210 443 955295.2999999874
210 443 955295.2999999874
375 350 955295.2999999874
178 458 955295.2999999874
178 458 955295.2999999874
453 160 955295.2999999874
453 160 955295.2999999874
459 142 955295.2999999874
459 455 955295.2999999874
449 172 955295.2999999874
449 172 955295.2999999874
152 363 955295.2999999874
465 363 955295.2999999874
349 349 955295.2999999874
253 395 955295.2999999874
253 395 955295.2999999874
371 211 955295.2999999874
371 211 955295.2999999874
198 344 955295.2999999874
198 344 955295.2999999874
342 189 955295.2999999874
342 189 955295.2999999874
385 231 955295.2999999874
385 231 955295.2999999874
337 106 955295.2999999874
337 419 955295.2999999874
175 401 955295.2999999874
175 401 955295.2999999874
383 261 955295.2999999874
383 261 955295.2999999874
390 165 955295.2999999874
390 165 955295.2999999874
335 376 955295.2999999874
181 324 955295.2999999874
181 324 955295.2999999874
355 153 955295.2999999874
355 466 955295.2999999874
467 313 955295.2999999874
422 149 955295.2999999874
422 462 955295.2999999874
457 290 955295.2999999874
457 290 955295.2999999874
206 433 955295.2999999874
206 433 955295.2999999874
328 340 955295.2999999874
363 170 955295.2999999874
363 170 955295.2999999874
296 357 955295.2999999874
296 357 955295.2999999874
197 416 955295.2999999874
197 416 955295.2999999874
359 331 955295.2999999874
299 364 955295.2999999874
299 364 955295.2999999874
158 366 955295.2999999874
158 366 955295.2999999874
288 332 955295.2999999874
288 332 955295.2999999874
187 388 955295.2999999874
187 388 955295.2999999874
424 180 955295.2999999874
424 180 955295.2999999874
427 215 955295.2999999874
427 215 955295.2999999874
217 436 955295.2999999874
217 436 955295.2999999874
389 228 955295.2999999874
389 228 955295.2999999874
418 378 955295.2999999874
234 374 955295.2999999874
234 374 955295.2999999874
347 111 955295.2999999874
347 424 955295.2999999874
353 221 955295.2999999874
353 221 955295.2999999874
362 116 955295.2999999874
362 429 955295.2999999874
410 176 955295.2999999874
410 176 955295.2999999874
463 280 955295.2999999874
463 280 955295.2999999874
313 364 955295.2999999874
421 206 955295.2999999874
421 206 955295.2999999874
404 413 955295.2999999874
376 260 955295.2999999874
376 260 955295.2999999874
385 360 955295.2999999874
422 252 955295.2999999874
422 252 955295.2999999874
408 252 955295.2999999874
408 252 955295.2999999874
408 138 955295.2999999874
408 451 955295.2999999874
466 292 955295.2999999874
466 292 955295.2999999874
411 395 955295.2999999874
406 249 955295.2999999874
406 249 955295.2999999874
443 168 955295.2999999874
443 168 955295.2999999874
383 134 955295.2999999874
383 447 955295.2999999874
199 450 955295.2999999874
199 450 955295.2999999874
439 147 955295.2999999874
439 460 955295.2999999874
359 291 955295.2999999874
359 291 955295.2999999874
368 190 955295.2999999874
368 190 955295.2999999874
464 157 955295.2999999874
464 157 955295.2999999874
427 401 955295.2999999874
249 428 955295.2999999874
249 428 955295.2999999874
258 424 955295.2999999874
258 424 955295.2999999874
320 344 955295.2999999874
392 412 955295.2999999874
435 365 955295.2999999874
367 186 955295.2999999874
367 186 955295.2999999874
334.97 155.97000000000003 955295.2999999874
334.97 468.97 955295.2999999874
198.96000000000004 314.96000000000004 955295.2999999874
198.96000000000004 314.96000000000004 955295.2999999874
318.2200000000007 297.2199999999998 955295.2999999874
318.2200000000007 297.2199999999998 955295.2999999874
416.0 297.02 955295.2999999874
416.0 297.02 955295.2999999874
305.1799999999989 323.0000000000006 955295.2999999874
305.1799999999989 323.0000000000006 955295.2999999874
356.72 323.5400000000004 955295.2999999874
306.03999999999814 322.00000000000125 955295.2999999874
306.03999999999814 322.00000000000125 955295.2999999874
256.7700000000002 325.05000000000086 955295.2999999874
256.7700000000002 325.05000000000086 955295.2999999874
213.0999999999999 314.4600000000005 955295.2999999874
213.0999999999999 314.4600000000005 955295.2999999874
319.02000000000015 297.2399999999998 955295.2999999874
319.02000000000015 297.2399999999998 955295.2999999874
326.3700000000006 204.2299999999998 955295.2999999874
326.3700000000006 204.2299999999998 955295.2999999874
162.54000000000042 312.880000000001 955295.2999999874
305.25999999999885 322.5400000000009 955295.2999999874
305.25999999999885 322.5400000000009 955295.2999999874
303.16999999999985 419.99 955295.2999999874
303.16999999999985 419.99 955295.2999999874
312.64000000000397 243.78000000000202 955295.2999999874
221.0 319.72000000000025 955295.2999999874
221.0 319.72000000000025 955295.2999999874
190.16999999999985 312.4900000000014 955295.2999999874
98.33000000000017 141.99 955295.2999999874
70.92000000000098 86.97999999999948 955295.2999999874
189.51999999999953 79.44000000000125 955295.2999999874
158.86000000000013 283.98 955295.2999999874
129.81000000000108 55.78999999999984 955295.2999999874
358.22999999999996 323.4300000000005 955295.2999999874
150.99 156.3500000000006 955295.2999999874
110.97999999999999 180.81999999999925 955295.2999999874
382.6999999999998 305.03999999999724 955295.2999999874
382.6999999999998 305.03999999999724 955295.2999999874
113.35000000000018 173.7900000000011 955295.2999999874
306.4199999999978 321.42000000000155 955295.2999999874
306.4199999999978 321.42000000000155 955295.2999999874
198.72999999999843 99.72999999999833 955295.2999999874
314.3500000000015 131.27000000000066 955295.2999999874
314.3500000000015 444.27000000000066 955295.2999999874
203.2299999999998 115.01 955295.2999999874
315.54000000000315 297.5599999999995 955295.2999999874
315.54000000000315 297.5599999999995 955295.2999999874
268.9999999999991 173.84000000000015 955295.2999999874
164.96000000000004 280.0999999999999 955295.2999999874
180.47000000000048 132.6700000000012 955295.2999999874
148.25999999999885 142.30000000000064 955295.2999999874
105.02000000000001 172.92000000000098 955295.2999999874
221.44999999999868 94.15000000000059 955295.2999999874
29.0699999999997 18.36999999999959 955295.2999999874
77.0 163.40000000000146 955295.2999999874
198.8900000000001 109.99 955295.2999999874
37.90000000000022 41.31999999999974 955295.2999999874
49.19999999999976 40.19999999999996 955295.2999999874
71.90999999999995 111.01000000000103 955295.2999999874
101.48000000000127 134.08000000000357 955295.2999999874
409.12999999999954 320.810000000002 955295.2999999874
150.46000000000322 309.5800000000031 955295.2999999874
206.13999999999987 120.66000000000034 955295.2999999874
158.63000000000306 185.42999999999506 955295.2999999874
317.7700000000011 376.21 955295.2999999874
176.73999999999842 259.8400000000029 955295.2999999874
314.2300000000016 98.46999999999973 955295.2999999874
314.2300000000016 411.46999999999974 955295.2999999874
35.120000000000175 34.0000000000004 955295.2999999874
158.9999999999991 63.21999999999976 955295.2999999874
218.05999999999904 122.95999999999998 955295.2999999874
123.07000000000004 175.06999999999994 955295.2999999874
305.3399999999988 324.74 955295.2999999874
305.3399999999988 324.74 955295.2999999874
175.34999999999968 207.3099999999988 955295.2999999874
252.95000000000005 77.80999999999786 955295.2999999874
225.19000000000256 267.9100000000019 955295.2999999874
264.7000000000012 135.7399999999975 955295.2999999874
254.4600000000023 89.02000000000155 955295.2999999874
153.07999999999993 293.099999999999 955295.2999999874
241.23999999999705 298.9399999999964 955295.2999999874
84.69999999999933 178.69999999999936 955295.2999999874
154.6499999999994 163.9899999999991 955295.2999999874
237.91000000000372 183.7499999999975 955295.2999999874
258.6499999999994 185.36999999999603 955295.2999999874
109.83000000000042 148.0100000000009 955295.2999999874
264.0799999999999 124.97999999999897 955295.2999999874
133.57999999999947 47.94000000000041 955295.2999999874
132.31000000000154 273.09000000000265 955295.2999999874
200.14999999999986 308.9300000000019 955295.2999999874
270.24999999999886 87.9900000000005 955295.2999999874
78.37999999999968 98.93999999999997 955295.2999999874
134.04000000000087 279.25999999999976 955295.2999999874
220.93000000000006 233.5499999999995 955295.2999999874
143.61000000000217 141.87000000000012 955295.2999999874
284.96000000000276 288.0600000000045 955295.2999999874
92.08999999999851 134.75000000000296 955295.2999999874
306.7399999999975 321.1800000000016 955295.2999999874
306.7399999999975 321.1800000000016 955295.2999999874
105.6199999999998 153.23999999999978 955295.2999999874
275.6499999999985 221.50999999999954 955295.2999999874
313.0700000000036 281.26999999999975 955295.2999999874
313.0700000000036 281.26999999999975 955295.2999999874
163.00999999999908 176.6700000000012 955295.2999999874
301.4500000000014 108.85000000000095 955295.2999999874
60.070000000000384 36.85000000000003 955295.2999999874
16.800000000000104 42.29999999999994 955295.2999999874
287.2799999999979 305.3800000000015 955295.2999999874
205.36999999999966 73.98999999999948 955295.2999999874
329.85999999999996 300.81999999999834 955295.2999999874
329.85999999999996 300.81999999999834 955295.2999999874
228.50000000000045 276.91999999999825 955295.2999999874
198.7599999999993 140.6599999999985 955295.2999999874
285.38999999999965 180.97000000000003 955295.2999999874
174.31000000000063 88.01 955295.2999999874
290.0899999999981 194.2099999999989 955295.2999999874
179.5099999999968 282.06999999999994 955295.2999999874
97.88000000000147 239.3800000000033 955295.2999999874
72.46000000000024 49.59999999999948 955295.2999999874
322.2100000000016 228.99 955295.2999999874
322.2100000000016 228.99 955295.2999999874
341.9 301.05999999999904 955295.2999999874
341.9 301.05999999999904 955295.2999999874
210.53000000000407 224.75000000000477 955295.2999999874
108.34000000000017 203.1400000000026 955295.2999999874
313.6100000000022 116.45000000000023 955295.2999999874
313.6100000000022 429.4500000000002 955295.2999999874
40.15000000000057 79.19000000000163 955295.2999999874
108.94999999999997 252.56999999999948 955295.2999999874
166.13999999999896 300.9000000000019 955295.2999999874
94.62000000000185 106.18000000000316 955295.2999999874
247.17000000000075 164.01 955295.2999999874
233.92000000000098 291.3400000000006 955295.2999999874
24.290000000000358 61.83000000000023 955295.2999999874
246.88000000000102 263.0400000000009 955295.2999999874
309.3300000000024 257.1299999999999 955295.2999999874
257.96000000000004 110.7999999999999 955295.2999999874
281.1199999999981 131.07999999999902 955295.2999999874
191.96000000000004 150.199999999998 955295.2999999874
252.47999999999956 234.38000000000147 955295.2999999874
124.05999999999952 229.95999999999822 955295.2999999874
57.9900000000004 85.03000000000155 955295.2999999874
197.01999999999998 104.5800000000003 955295.2999999874
256.34999999999695 252.85000000000196 955295.2999999874
306.85000000000105 190.089999999999 955295.2999999874
156.59000000000128 118.92999999999945 955295.2999999874
128.890000000001 166.15000000000168 955295.2999999874
118.95999999999998 76.06000000000003 955295.2999999874
64.86999999999942 134.28999999999974 955295.2999999874
139.8900000000001 159.15000000000077 955295.2999999874
52.74999999999985 64.00999999999898 955295.2999999874
141.01999999999998 239.64000000000033 955295.2999999874
168.96999999999912 311.75000000000114 955295.2999999874
131.78999999999746 188.0499999999954 955295.2999999874
231.8100000000038 165.92999999999824 955295.2999999874
233.05999999999904 269.6600000000012 955295.2999999874
242.74000000000206 242.39999999999964 955295.2999999874
195.99 259.46999999999866 955295.2999999874
305.27999999999975 451.2399999999998 955295.2999999874
305.27999999999975 451.2399999999998 955295.2999999874
185.12999999999988 96.01 955295.2999999874
264.8600000000001 227.96000000000004 955295.2999999874
178.03999999999996 145.25999999999976 955295.2999999874
170.49999999999955 278.03999999999996 955295.2999999874
40.94000000000021 52.85999999999983 955295.2999999874
142.70000000000118 291.81999999999834 955295.2999999874
158.05999999999995 146.82000000000016 955295.2999999874
72.98000000000101 21.639999999999475 955295.2999999874
288.66000000000395 250.08000000000357 955295.2999999874
89.9700000000005 217.8900000000001 955295.2999999874
198.83000000000015 136.97000000000003 955295.2999999874
118.08000000000004 133.84000000000378 955295.2999999874
130.01 110.50999999999873 955295.2999999874
302.0500000000027 140.94999999999732 955295.2999999874
165.54999999999768 229.5299999999986 955295.2999999874
119.96000000000049 259.25999999999885 955295.2999999874
188.46999999999503 208.6299999999967 955295.2999999874
189.07000000000085 119.99 955295.2999999874
48.0099999999996 19.370000000000214 955295.2999999874
278.1700000000035 199.18999999999892 955295.2999999874
116.71000000000139 214.83000000000015 955295.2999999874
233.02999999999906 225.6700000000012 955295.2999999874
107.53000000000027 160.04999999999905 955295.2999999874
104.85999999999993 63.9599999999995 955295.2999999874
200.09000000000083 131.43000000000143 955295.2999999874
284.6499999999994 109.57000000000029 955295.2999999874
61.9999999999994 72.39999999999918 955295.2999999874
225.5399999999986 80.5999999999998 955295.2999999874
73.75000000000192 133.99 955295.2999999874
89.38999999999969 57.630000000000074 955295.2999999874
246.35999999999603 289.27999999999975 955295.2999999874
296.0899999999963 219.34999999999877 955295.2999999874
147.6900000000021 87.25000000000166 955295.2999999874
208.71999999999844 159.77999999999656 955295.2999999874
115.12000000000057 90.9200000000015 955295.2999999874
209.13999999999714 192.0 955295.2999999874
246.289999999997 277.7499999999984 955295.2999999874
103.95999999999947 183.199999999998 955295.2999999874
119.2499999999986 51.170000000000165 955295.2999999874
282.8999999999992 163.98000000000457 955295.2999999874
232.68999999999937 308.29000000000065 955295.2999999874
169.93000000000006 114.3700000000007 955295.2999999874
178.18999999999892 165.56999999999857 955295.2999999874
93.01999999999848 147.77999999999747 955295.2999999874
186.27000000000066 70.28999999999759 955295.2999999874
153.67999999999756 253.48000000000047 955295.2999999874
183.39999999999782 186.4600000000023 955295.2999999874
68.69000000000138 36.029999999999994 955295.2999999874
240.54000000000042 274.0799999999999 955295.2999999874
268.2199999999989 101.55999999999977 955295.2999999874
96.4499999999992 80.4299999999992 955295.2999999874
138.22999999999797 173.6499999999985 955295.2999999874
174.6700000000012 104.66999999999932 955295.2999999874
213.41999999999962 303.98000000000184 955295.2999999874
235.87000000000103 147.99000000000183 955295.2999999874
149.93000000000006 278.0100000000018 955295.2999999874
167.60000000000218 265.920000000001 955295.2999999874
317.1600000000026 385.02000000000055 955295.2999999874
271.53000000000316 308.0700000000054 955295.2999999874
49.019999999999996 112.23999999999808 955295.2999999874
141.4299999999987 214.35000000000332 955295.2999999874
298.9200000000001 91.55999999999875 955295.2999999874
222.33999999999878 109.75999999999937 955295.2999999874
85.26999999999911 197.38999999999965 955295.2999999874
95.8199999999994 175.42000000000053 955295.2999999874
213.53999999999678 133.91999999999643 955295.2999999874
129.8300000000056 288.66999999999484 955295.2999999874
166.98000000000002 143.08000000000084 955295.2999999874
54.14999999999977 123.90999999999995 955295.2999999874
161.04999999999723 51.75000000000025 955295.2999999874
295.8900000000019 267.66999999999666 955295.2999999874
198.17000000000257 242.67000000000212 955295.2999999874
261.8999999999937 266.87999999999647 955295.2999999874
218.3299999999997 287.48999999999955 955295.2999999874
241.01 206.7900000000011 955295.2999999874
197.7900000000011 289.92999999999915 955295.2999999874
165.87000000000467 203.65000000000032 955295.2999999874
163.7900000000002 77.92999999999996 955295.2999999874
300.9799999999991 167.00000000000182 955295.2999999874
303.7000000000003 322.90000000000094 955295.2999999874
303.7000000000003 322.90000000000094 955295.2999999874
132.33999999999878 69.90000000000097 955295.2999999874
15.0 24.359999999999587 955295.2999999874
224.30000000000064 251.86000000000013 955295.2999999874
263.5199999999986 149.9000000000019 955295.2999999874
92.18000000000009 95.93999999999895 955295.2999999874
245.99000000000274 113.40999999999919 955295.2999999874
257.50999999999954 158.6699999999994 955295.2999999874
183.82000000000107 309.1200000000026 955295.2999999874
251.95000000000005 175.75000000000023 955295.2999999874
107.49999999999872 214.27999999999793 955295.2999999874
236.99 127.79000000000092 955295.2999999874
143.0100000000009 129.51000000000136 955295.2999999874
140.38000000000147 254.05999999999995 955295.2999999874
135.00999999999817 55.24999999999975 955295.2999999874
126.84000000000043 147.49999999999955 955295.2999999874
149.93000000000188 48.03000000000039 955295.2999999874
117.57000000000029 184.22999999999797 955295.2999999874
207.5800000000013 276.32000000000244 955295.2999999874
34 -87 955295.2999999874
347 -87 955295.2999999874
34 -87 955295.2999999874
347 -87 955295.2999999874
-32 -263 955295.2999999874
-32 -263 955295.2999999874
141 -73 955295.2999999874
454 -73 955295.2999999874
141 -73 955295.2999999874
454 -73 955295.2999999874
-34 -183 955295.2999999874
-34 -183 955295.2999999874
-44 -226 955295.2999999874
-44 -226 955295.2999999874
107 -154 955295.2999999874
420 -154 955295.2999999874
107 -154 955295.2999999874
420 -154 955295.2999999874
255 -50 955295.2999999874
255 -50 955295.2999999874
215 -83 955295.2999999874
215 -83 955295.2999999874
183 -108 955295.2999999874
183 -108 955295.2999999874
258 -132 955295.2999999874
258 -132 955295.2999999874
-49 -186 955295.2999999874
-49 -186 955295.2999999874
89 -95 955295.2999999874
402 -95 955295.2999999874
89 -95 955295.2999999874
402 -95 955295.2999999874
134 -37 955295.2999999874
447 -37 955295.2999999874
134 -37 955295.2999999874
447 -37 955295.2999999874
135 -34 955295.2999999874
448 -34 955295.2999999874
135 -34 955295.2999999874
448 -34 955295.2999999874
201 -68 955295.2999999874
201 -68 955295.2999999874
252 -137 955295.2999999874
252 -137 955295.2999999874
199 -24 955295.2999999874
199 -24 955295.2999999874
151 -59 955295.2999999874
464 -59 955295.2999999874
151 -59 955295.2999999874
464 -59 955295.2999999874
64 -93 955295.2999999874
377 -93 955295.2999999874
64 -93 955295.2999999874
377 -93 955295.2999999874
384 25 955295.2999999874
355 52 955295.2999999874
129 -130 955295.2999999874
442 -130 955295.2999999874
129 -130 955295.2999999874
442 -130 955295.2999999874
298 -49 955295.2999999874
-15 -49 955295.2999999874
298 -49 955295.2999999874
-15 -49 955295.2999999874
89 -58 955295.2999999874
402 -58 955295.2999999874
89 -58 955295.2999999874
402 -58 955295.2999999874
110 -101 955295.2999999874
423 -101 955295.2999999874
110 -101 955295.2999999874
423 -101 955295.2999999874
12 -70 955295.2999999874
325 -70 955295.2999999874
12 -70 955295.2999999874
325 -70 955295.2999999874
235 -21 955295.2999999874
235 -21 955295.2999999874
-40 -287 955295.2999999874
-40 -287 955295.2999999874
318 50 955295.2999999874
232 -86 955295.2999999874
232 -86 955295.2999999874
352 40 955295.2999999874
-103 -273 955295.2999999874
-103 -273 955295.2999999874
38 -37 955295.2999999874
351 -37 955295.2999999874
38 -37 955295.2999999874
351 -37 955295.2999999874
64 -53 955295.2999999874
377 -53 955295.2999999874
64 -53 955295.2999999874
377 -53 955295.2999999874
-37 -237 955295.2999999874
-37 -237 955295.2999999874
136 -30 955295.2999999874
449 -30 955295.2999999874
136 -30 955295.2999999874
449 -30 955295.2999999874
13 -125 955295.2999999874
326 -125 955295.2999999874
13 -125 955295.2999999874
326 -125 955295.2999999874
43 -123 955295.2999999874
356 -123 955295.2999999874
43 -123 955295.2999999874
356 -123 955295.2999999874
232 -42 955295.2999999874
232 -42 955295.2999999874
446 54 955295.2999999874
248 -149 955295.2999999874
248 -149 955295.2999999874
-89 -232 955295.2999999874
-89 -232 955295.2999999874
123 -138 955295.2999999874
436 -138 955295.2999999874
123 -138 955295.2999999874
436 -138 955295.2999999874
459 9 955295.2999999874
-79 -289 955295.2999999874
-79 -289 955295.2999999874
328 42 955295.2999999874
218 -26 955295.2999999874
218 -26 955295.2999999874
-46 -211 955295.2999999874
-46 -211 955295.2999999874
176 -31 955295.2999999874
176 -31 955295.2999999874
32 -99 955295.2999999874
345 -99 955295.2999999874
32 -99 955295.2999999874
345 -99 955295.2999999874
125 -85 955295.2999999874
438 -85 955295.2999999874
125 -85 955295.2999999874
438 -85 955295.2999999874
-14 -219 955295.2999999874
-14 -219 955295.2999999874
48 -52 955295.2999999874
361 -52 955295.2999999874
48 -52 955295.2999999874
361 -52 955295.2999999874
241 -39 955295.2999999874
241 -39 955295.2999999874
170 -35 955295.2999999874
170 -35 955295.2999999874
162 -133 955295.2999999874
162 -133 955295.2999999874
142 -59 955295.2999999874
455 -59 955295.2999999874
142 -59 955295.2999999874
455 -59 955295.2999999874
444 55 955295.2999999874
229 -38 955295.2999999874
229 -38 955295.2999999874
469 24 955295.2999999874
117 -131 955295.2999999874
430 -131 955295.2999999874
117 -131 955295.2999999874
430 -131 955295.2999999874
53 -144 955295.2999999874
366 -144 955295.2999999874
53 -144 955295.2999999874
366 -144 955295.2999999874
95 -70 955295.2999999874
408 -70 955295.2999999874
95 -70 955295.2999999874
408 -70 955295.2999999874
213 -7 955295.2999999874
213 -7 955295.2999999874
365 66 955295.2999999874
282 -115 955295.2999999874
-31 -115 955295.2999999874
282 -115 955295.2999999874
-31 -115 955295.2999999874
451 27 955295.2999999874
41 -155 955295.2999999874
354 -155 955295.2999999874
41 -155 955295.2999999874
354 -155 955295.2999999874
248 -49 955295.2999999874
248 -49 955295.2999999874
25 -103 955295.2999999874
338 -103 955295.2999999874
25 -103 955295.2999999874
338 -103 955295.2999999874
361 40 955295.2999999874
379 36 955295.2999999874
463 84 955295.2999999874
413 24 955295.2999999874
-104 -280 955295.2999999874
-104 -280 955295.2999999874
288 -20 955295.2999999874
288 -20 955295.2999999874
442 33 955295.2999999874
86 -62 955295.2999999874
399 -62 955295.2999999874
86 -62 955295.2999999874
399 -62 955295.2999999874
171 -109 955295.2999999874
171 -109 955295.2999999874
236 -149 955295.2999999874
236 -149 955295.2999999874
288 -120 955295.2999999874
-25 -120 955295.2999999874
288 -120 955295.2999999874
-25 -120 955295.2999999874
25 -35 955295.2999999874
338 -35 955295.2999999874
25 -35 955295.2999999874
338 -35 955295.2999999874
-87 -259 955295.2999999874
-87 -259 955295.2999999874
105 -132 955295.2999999874
418 -132 955295.2999999874
105 -132 955295.2999999874
418 -132 955295.2999999874
-33 -282 955295.2999999874
-33 -282 955295.2999999874
20 -114 955295.2999999874
333 -114 955295.2999999874
20 -114 955295.2999999874
333 -114 955295.2999999874
87 -116 955295.2999999874
400 -116 955295.2999999874
87 -116 955295.2999999874
400 -116 955295.2999999874
257 -155 955295.2999999874
-56 -155 955295.2999999874
257 -155 955295.2999999874
-56 -155 955295.2999999874
38 -134 955295.2999999874
351 -134 955295.2999999874
38 -134 955295.2999999874
351 -134 955295.2999999874
165 -33 955295.2999999874
165 -33 955295.2999999874
446 50 955295.2999999874
159 -29 955295.2999999874
159 -29 955295.2999999874
-60 -273 955295.2999999874
-60 -273 955295.2999999874
252 -77 955295.2999999874
252 -77 955295.2999999874
48 -142 955295.2999999874
361 -142 955295.2999999874
48 -142 955295.2999999874
361 -142 955295.2999999874
119 -55 955295.2999999874
432 -55 955295.2999999874
119 -55 955295.2999999874
432 -55 955295.2999999874
89 -67 955295.2999999874
402 -67 955295.2999999874
89 -67 955295.2999999874
402 -67 955295.2999999874
6 -69 955295.2999999874
319 -69 955295.2999999874
6 -69 955295.2999999874
319 -69 955295.2999999874
432 76 955295.2999999874
19 -33 955295.2999999874
332 -33 955295.2999999874
19 -33 955295.2999999874
332 -33 955295.2999999874
113 -138 955295.2999999874
426 -138 955295.2999999874
113 -138 955295.2999999874
426 -138 955295.2999999874
268 -139 955295.2999999874
-45 -139 955295.2999999874
268 -139 955295.2999999874
-45 -139 955295.2999999874
-92 -258 955295.2999999874
-92 -258 955295.2999999874
403 58 955295.2999999874
245 -71 955295.2999999874
245 -71 955295.2999999874
282 -144 955295.2999999874
-31 -144 955295.2999999874
282 -144 955295.2999999874
-31 -144 955295.2999999874
265 -85 955295.2999999874
265 -85 955295.2999999874
-29 -204 955295.2999999874
-29 -204 955295.2999999874
242 -24 955295.2999999874
242 -24 955295.2999999874
-47 -180 955295.2999999874
-47 -180 955295.2999999874
437 35 955295.2999999874
-73 -269 955295.2999999874
-73 -269 955295.2999999874
28 -23 955295.2999999874
341 -23 955295.2999999874
28 -23 955295.2999999874
341 -23 955295.2999999874
-28 -240 955295.2999999874
-28 -240 955295.2999999874
372 74 955295.2999999874
238 -18 955295.2999999874
238 -18 955295.2999999874
-66 -291 955295.2999999874
-66 -291 955295.2999999874
154 -150 955295.2999999874
467 -150 955295.2999999874
154 -150 955295.2999999874
467 -150 955295.2999999874
293 -59 955295.2999999874
-20 -59 955295.2999999874
293 -59 955295.2999999874
-20 -59 955295.2999999874
163 -85 955295.2999999874
163 -85 955295.2999999874
-51 -161 955295.2999999874
-51 -161 955295.2999999874
175 -107 955295.2999999874
175 -107 955295.2999999874
170 -46 955295.2999999874
170 -46 955295.2999999874
177 -149 955295.2999999874
177 -149 955295.2999999874
344 21 955295.2999999874
140 -95 955295.2999999874
453 -95 955295.2999999874
140 -95 955295.2999999874
453 -95 955295.2999999874
-56 -227 955295.2999999874
-56 -227 955295.2999999874
86 -135 955295.2999999874
399 -135 955295.2999999874
86 -135 955295.2999999874
399 -135 955295.2999999874
-34 -255 955295.2999999874
-34 -255 955295.2999999874
28 -110 955295.2999999874
341 -110 955295.2999999874
28 -110 955295.2999999874
341 -110 955295.2999999874
56 -72 955295.2999999874
369 -72 955295.2999999874
56 -72 955295.2999999874
369 -72 955295.2999999874
-73 -287 955295.2999999874
-73 -287 955295.2999999874
444 68 955295.2999999874
228 -43 955295.2999999874
228 -43 955295.2999999874
62 -133 955295.2999999874
375 -133 955295.2999999874
62 -133 955295.2999999874
375 -133 955295.2999999874
253 -58 955295.2999999874
253 -58 955295.2999999874
105 -139 955295.2999999874
418 -139 955295.2999999874
105 -139 955295.2999999874
418 -139 955295.2999999874
375 37 955295.2999999874
241 -105 955295.2999999874
241 -105 955295.2999999874
140 -153 955295.2999999874
453 -153 955295.2999999874
140 -153 955295.2999999874
453 -153 955295.2999999874
136 -141 955295.2999999874
449 -141 955295.2999999874
136 -141 955295.2999999874
449 -141 955295.2999999874
465 50 955295.2999999874
349 36 955295.2999999874
-60 -231 955295.2999999874
-60 -231 955295.2999999874
58 -102 955295.2999999874
371 -102 955295.2999999874
58 -102 955295.2999999874
371 -102 955295.2999999874
29 -124 955295.2999999874
342 -124 955295.2999999874
29 -124 955295.2999999874
342 -124 955295.2999999874
72 -82 955295.2999999874
385 -82 955295.2999999874
72 -82 955295.2999999874
385 -82 955295.2999999874
70 -52 955295.2999999874
383 -52 955295.2999999874
70 -52 955295.2999999874
383 -52 955295.2999999874
77 -148 955295.2999999874
390 -148 955295.2999999874
77 -148 955295.2999999874
390 -148 955295.2999999874
175 -50 955295.2999999874
175 -50 955295.2999999874
335 63 955295.2999999874
243 -37 955295.2999999874
243 -37 955295.2999999874
467 0 955295.2999999874
144 -23 955295.2999999874
457 -23 955295.2999999874
144 -23 955295.2999999874
457 -23 955295.2999999874
242 -132 955295.2999999874
242 -132 955295.2999999874
328 27 955295.2999999874
50 -143 955295.2999999874
363 -143 955295.2999999874
50 -143 955295.2999999874
363 -143 955295.2999999874
-17 -269 955295.2999999874
-17 -269 955295.2999999874
206 -121 955295.2999999874
206 -121 955295.2999999874
359 18 955295.2999999874
-14 -262 955295.2999999874
-14 -262 955295.2999999874
-25 -294 955295.2999999874
-25 -294 955295.2999999874
181 -124 955295.2999999874
181 -124 955295.2999999874
111 -133 955295.2999999874
424 -133 955295.2999999874
111 -133 955295.2999999874
424 -133 955295.2999999874
114 -98 955295.2999999874
427 -98 955295.2999999874
114 -98 955295.2999999874
427 -98 955295.2999999874
76 -85 955295.2999999874
389 -85 955295.2999999874
76 -85 955295.2999999874
389 -85 955295.2999999874
418 65 955295.2999999874
-79 -252 955295.2999999874
-79 -252 955295.2999999874
165 -10 955295.2999999874
165 -10 955295.2999999874
285 -132 955295.2999999874
-28 -132 955295.2999999874
285 -132 955295.2999999874
-28 -132 955295.2999999874
40 -92 955295.2999999874
353 -92 955295.2999999874
40 -92 955295.2999999874
353 -92 955295.2999999874
97 -137 955295.2999999874
410 -137 955295.2999999874
97 -137 955295.2999999874
410 -137 955295.2999999874
209 -34 955295.2999999874
209 -34 955295.2999999874
162 -135 955295.2999999874
162 -135 955295.2999999874
150 -33 955295.2999999874
463 -33 955295.2999999874
150 -33 955295.2999999874
463 -33 955295.2999999874
108 -107 955295.2999999874
421 -107 955295.2999999874
108 -107 955295.2999999874
421 -107 955295.2999999874
196 -55 955295.2999999874
196 -55 955295.2999999874
63 -53 955295.2999999874
376 -53 955295.2999999874
63 -53 955295.2999999874
376 -53 955295.2999999874
385 47 955295.2999999874
109 -61 955295.2999999874
422 -61 955295.2999999874
109 -61 955295.2999999874
422 -61 955295.2999999874
225 -61 955295.2999999874
225 -61 955295.2999999874
95 -61 955295.2999999874
408 -61 955295.2999999874
95 -61 955295.2999999874
408 -61 955295.2999999874
153 -21 955295.2999999874
466 -21 955295.2999999874
153 -21 955295.2999999874
466 -21 955295.2999999874
411 82 955295.2999999874
93 -64 955295.2999999874
406 -64 955295.2999999874
93 -64 955295.2999999874
406 -64 955295.2999999874
130 -145 955295.2999999874
443 -145 955295.2999999874
130 -145 955295.2999999874
443 -145 955295.2999999874
221 -80 955295.2999999874
221 -80 955295.2999999874
274 -92 955295.2999999874
274 -92 955295.2999999874
46 -22 955295.2999999874
359 -22 955295.2999999874
46 -22 955295.2999999874
359 -22 955295.2999999874
55 -123 955295.2999999874
368 -123 955295.2999999874
55 -123 955295.2999999874
368 -123 955295.2999999874
151 -156 955295.2999999874
464 -156 955295.2999999874
151 -156 955295.2999999874
464 -156 955295.2999999874
-64 -198 955295.2999999874
-64 -198 955295.2999999874
-55 -202 955295.2999999874
-55 -202 955295.2999999874
320 31 955295.2999999874
435 52 955295.2999999874
54 -127 955295.2999999874
367 -127 955295.2999999874
54 -127 955295.2999999874
367 -127 955295.2999999874
5.620000000000337 -15.920000000000073 955295.2999999874
5.620000000000337 -15.920000000000073 955295.2999999874
292.04999999999995 -95.02999999999997 955295.2999999874
-20.950000000000045 -95.02999999999997 955295.2999999874
292.04999999999995 -95.02999999999997 955295.2999999874
-20.950000000000045 -95.02999999999997 955295.2999999874
4.22000000000161 -15.680000000000291 955295.2999999874
4.22000000000161 -15.680000000000291 955295.2999999874
4.190000000001637 -15.6700000000003 955295.2999999874
4.190000000001637 -15.6700000000003 955295.2999999874
3.8100000000020007 -15.650000000000318 955295.2999999874
3.8100000000020007 -15.650000000000318 955295.2999999874
-114.03999999999996 -311.03999999999996 955295.2999999874
-114.03999999999996 -311.03999999999996 955295.2999999874
5.220000000000683 -15.7800000000002 955295.2999999874
318.2200000000007 -15.7800000000002 955295.2999999874
5.220000000000683 -15.7800000000002 955295.2999999874
318.2200000000007 -15.7800000000002 955295.2999999874
103.0 -15.980000000000018 955295.2999999874
416.0 -15.980000000000018 955295.2999999874
103.0 -15.980000000000018 955295.2999999874
416.0 -15.980000000000018 955295.2999999874
200.05999999999995 -1.6600000000003092 955295.2999999874
200.05999999999995 -1.6600000000003092 955295.2999999874
-7.820000000001073 -302.9999999999994 955295.2999999874
-7.820000000001073 -302.9999999999994 955295.2999999874
356.72 10.540000000000418 955295.2999999874
-6.960000000001855 -303.99999999999875 955295.2999999874
-6.960000000001855 -303.99999999999875 955295.2999999874
-56.22999999999979 -300.94999999999914 955295.2999999874
-56.22999999999979 -300.94999999999914 955295.2999999874
-99.90000000000009 -311.5399999999995 955295.2999999874
-99.90000000000009 -311.5399999999995 955295.2999999874
308.3199999999997 -29.76000000000022 955295.2999999874
-4.680000000000291 -29.76000000000022 955295.2999999874
308.3199999999997 -29.76000000000022 955295.2999999874
-4.680000000000291 -29.76000000000022 955295.2999999874
167.97000000000003 0.030000000000009096 955295.2999999874
6.020000000000168 -15.760000000000218 955295.2999999874
319.02000000000015 -15.760000000000218 955295.2999999874
6.020000000000168 -15.760000000000218 955295.2999999874
319.02000000000015 -15.760000000000218 955295.2999999874
13.370000000000573 -108.77000000000021 955295.2999999874
326.3700000000006 -108.77000000000021 955295.2999999874
13.370000000000573 -108.77000000000021 955295.2999999874
326.3700000000006 -108.77000000000021 955295.2999999874
-7.740000000001146 -303.4599999999991 955295.2999999874
-7.740000000001146 -303.4599999999991 955295.2999999874
185.0999999999999 0.5399999999990908 955295.2999999874
-9.830000000000155 -206.01 955295.2999999874
-9.830000000000155 -206.01 955295.2999999874
-92.0 -306.27999999999975 955295.2999999874
-92.0 -306.27999999999975 955295.2999999874
186.95000000000005 26.94999999999968 955295.2999999874
358.22999999999996 10.430000000000518 955295.2999999874
69.69999999999985 -7.960000000002765 955295.2999999874
382.6999999999998 -7.960000000002765 955295.2999999874
69.69999999999985 -7.960000000002765 955295.2999999874
382.6999999999998 -7.960000000002765 955295.2999999874
-6.580000000002201 -304.57999999999845 955295.2999999874
-6.580000000002201 -304.57999999999845 955295.2999999874
311.14999999999714 -123.93000000000006 955295.2999999874
-1.850000000002865 -123.93000000000006 955295.2999999874
311.14999999999714 -123.93000000000006 955295.2999999874
-1.850000000002865 -123.93000000000006 955295.2999999874
2.540000000003147 -15.44000000000051 955295.2999999874
315.54000000000315 -15.44000000000051 955295.2999999874
2.540000000003147 -15.44000000000051 955295.2999999874
315.54000000000315 -15.44000000000051 955295.2999999874
169.59999999999945 3.219999999999974 955295.2999999874
311.47999999999865 -9.900000000001 955295.2999999874
-1.520000000001346 -9.900000000001 955295.2999999874
311.47999999999865 -9.900000000001 955295.2999999874
-1.520000000001346 -9.900000000001 955295.2999999874
180.8900000000001 12.129999999999976 955295.2999999874
233.90999999999826 -0.2300000000034288 955295.2999999874
233.90999999999826 -0.2300000000034288 955295.2999999874
409.12999999999954 7.810000000001992 955295.2999999874
153.8900000000001 1.5500000000000103 955295.2999999874
310.73000000000206 50.770000000000046 955295.2999999874
317.7700000000011 63.20999999999996 955295.2999999874
211.70000000000118 4.219999999999953 955295.2999999874
-7.660000000001219 -301.26 955295.2999999874
-7.660000000001219 -301.26 955295.2999999874
247.58999999999946 21.86999999999998 955295.2999999874
281.099999999999 32.04000000000015 955295.2999999874
161.93000000000006 13.850000000000003 955295.2999999874
303.85000000000014 9.970000000000022 955295.2999999874
-6.260000000002492 -304.8199999999984 955295.2999999874
-6.260000000002492 -304.8199999999984 955295.2999999874
0.07000000000357431 -31.730000000000246 955295.2999999874
313.0700000000036 -31.730000000000246 955295.2999999874
0.07000000000357431 -31.730000000000246 955295.2999999874
313.0700000000036 -31.730000000000246 955295.2999999874
16.859999999999978 -12.180000000001655 955295.2999999874
329.85999999999996 -12.180000000001655 955295.2999999874
16.859999999999978 -12.180000000001655 955295.2999999874
329.85999999999996 -12.180000000001655 955295.2999999874
9.210000000001628 -84.00999999999999 955295.2999999874
322.2100000000016 -84.00999999999999 955295.2999999874
9.210000000001628 -84.00999999999999 955295.2999999874
322.2100000000016 -84.00999999999999 955295.2999999874
28.899999999999984 -11.940000000000964 955295.2999999874
341.9 -11.940000000000964 955295.2999999874
28.899999999999984 -11.940000000000964 955295.2999999874
341.9 -11.940000000000964 955295.2999999874
239.96000000000004 26.300000000000047 955295.2999999874
208.93000000000097 41.989999999999604 955295.2999999874
138.59999999999945 26.819999999999972 955295.2999999874
231.38000000000238 23.919999999999987 955295.2999999874
221.46999999999957 9.189999999999953 955295.2999999874
288.02 17.739999999999803 955295.2999999874
283.7900000000011 -1.7100000000039017 955295.2999999874
283.7900000000011 -1.7100000000039017 955295.2999999874
310.9300000000037 27.410000000000064 955295.2999999874
93.83999999999838 9.440000000000012 955295.2999999874
298.83000000000015 53.84999999999943 955295.2999999874
240.1099999999999 44.029999999999994 955295.2999999874
165.13999999999805 28.040000000000163 955295.2999999874
-7.720000000000255 -174.76000000000022 955295.2999999874
-7.720000000000255 -174.76000000000022 955295.2999999874
154.4700000000014 24.050000000000008 955295.2999999874
198.03999999999996 30.47999999999992 955295.2999999874
255.37999999999784 41.479999999999706 955295.2999999874
302.1099999999981 -144.08999999999992 955295.2999999874
-10.890000000001919 -144.08999999999992 955295.2999999874
302.1099999999981 -144.08999999999992 955295.2999999874
-10.890000000001919 -144.08999999999992 955295.2999999874
211.25999999999794 30.72 955295.2999999874
198.92000000000007 5.179999999999932 955295.2999999874
181.62000000000126 35.25999999999975 955295.2999999874
142.97000000000276 9.249999999999995 955295.2999999874
279.930000000001 48.85000000000023 955295.2999999874
258.0199999999991 9.980000000000064 955295.2999999874
44.629999999999875 7.570000000000073 955295.2999999874
116.24000000000063 4.43999999999904 955295.2999999874
-9.299999999999727 -303.09999999999906 955295.2999999874
-9.299999999999727 -303.09999999999906 955295.2999999874
295.96000000000004 41.0000000000006 955295.2999999874
270.9300000000019 26.030000000000005 955295.2999999874
356 76 955295.2999999874
373 82 955295.2999999874
443 113 955295.2999999874
385 109 955295.2999999874
457 131 955295.2999999874
328 69 955295.2999999874
382 88 955295.2999999874
405 98 955295.2999999874
404 100 955295.2999999874
427 88 955295.2999999874
392 99 955295.2999999874
273.74000000000206 74.87999999999943 955295.2999999874
288.1799999999971 73.06000000000003 955295.2999999874
226.2099999999998 52.670000000000265 955295.2999999874
237.13999999999714 62.979999999999606 955295.2999999874
128.84000000000015 31.900000000000183 955295.2999999874
185.2299999999998 47.80999999999924 955295.2999999874
217.54000000000315 56.33999999999973 955295.2999999874
119.8999999999979 34.54000000000009 955295.2999999874
317.1600000000026 72.02000000000052 955295.2999999874
276.5000000000023 59.279999999999745 955295.2999999874
100.01 27.210000000000502 955295.2999999874
-58 -50 955295.2999999874
-58 -50 955295.2999999874
-98 -83 955295.2999999874
-98 -83 955295.2999999874
-130 -108 955295.2999999874
-130 -108 955295.2999999874
-55 -132 955295.2999999874
-55 -132 955295.2999999874
-112 -68 955295.2999999874
-112 -68 955295.2999999874
-61 -137 955295.2999999874
-61 -137 955295.2999999874
-112 -180 955295.2999999874
-112 -180 955295.2999999874
-81 -86 955295.2999999874
-81 -86 955295.2999999874
-114 -203 955295.2999999874
-114 -203 955295.2999999874
-149 -235 955295.2999999874
-149 -235 955295.2999999874
-81 -42 955295.2999999874
-81 -42 955295.2999999874
-65 -149 955295.2999999874
-65 -149 955295.2999999874
-146 -169 955295.2999999874
-146 -169 955295.2999999874
-72 -39 955295.2999999874
-72 -39 955295.2999999874
-151 -133 955295.2999999874
-151 -133 955295.2999999874
-84 -38 955295.2999999874
-84 -38 955295.2999999874
-155 -166 955295.2999999874
-155 -166 955295.2999999874
-106 -157 955295.2999999874
-106 -157 955295.2999999874
-110 -198 955295.2999999874
-110 -198 955295.2999999874
-65 -49 955295.2999999874
-65 -49 955295.2999999874
-144 -311 955295.2999999874
-144 -311 955295.2999999874
-150 -286 955295.2999999874
-150 -286 955295.2999999874
-115 -174 955295.2999999874
-115 -174 955295.2999999874
-155 -193 955295.2999999874
-155 -193 955295.2999999874
-25 -20 955295.2999999874
-25 -20 955295.2999999874
-128 -269 955295.2999999874
-128 -269 955295.2999999874
-151 -299 955295.2999999874
-151 -299 955295.2999999874
-142 -109 955295.2999999874
-142 -109 955295.2999999874
-77 -149 955295.2999999874
-77 -149 955295.2999999874
-121 -165 955295.2999999874
-121 -165 955295.2999999874
-155 -251 955295.2999999874
-155 -251 955295.2999999874
-124 -236 955295.2999999874
-124 -236 955295.2999999874
-116 -209 955295.2999999874
-116 -209 955295.2999999874
-76 -163 955295.2999999874
-76 -163 955295.2999999874
-126 -284 955295.2999999874
-126 -284 955295.2999999874
-130 -279 955295.2999999874
-130 -279 955295.2999999874
-76 -187 955295.2999999874
-76 -187 955295.2999999874
-61 -77 955295.2999999874
-61 -77 955295.2999999874
-128 -217 955295.2999999874
-128 -217 955295.2999999874
-68 -71 955295.2999999874
-68 -71 955295.2999999874
-48 -85 955295.2999999874
-48 -85 955295.2999999874
-71 -24 955295.2999999874
-71 -24 955295.2999999874
-123 -193 955295.2999999874
-123 -193 955295.2999999874
-132 -179 955295.2999999874
-132 -179 955295.2999999874
-143 -200 955295.2999999874
-143 -200 955295.2999999874
-92 -202 955295.2999999874
-92 -202 955295.2999999874
-137 -207 955295.2999999874
-137 -207 955295.2999999874
-150 -85 955295.2999999874
-150 -85 955295.2999999874
-138 -107 955295.2999999874
-138 -107 955295.2999999874
-143 -46 955295.2999999874
-143 -46 955295.2999999874
-136 -149 955295.2999999874
-136 -149 955295.2999999874
-93 -220 955295.2999999874
-93 -220 955295.2999999874
-85 -43 955295.2999999874
-85 -43 955295.2999999874
-108 -238 955295.2999999874
-108 -238 955295.2999999874
-60 -58 955295.2999999874
-60 -58 955295.2999999874
-103 -183 955295.2999999874
-103 -183 955295.2999999874
-72 -105 955295.2999999874
-72 -105 955295.2999999874
-135 -168 955295.2999999874
-135 -168 955295.2999999874
-115 -282 955295.2999999874
-115 -282 955295.2999999874
-138 -225 955295.2999999874
-138 -225 955295.2999999874
-138 -50 955295.2999999874
-138 -50 955295.2999999874
-132 -302 955295.2999999874
-132 -302 955295.2999999874
-70 -37 955295.2999999874
-70 -37 955295.2999999874
-107 -193 955295.2999999874
-107 -193 955295.2999999874
-71 -132 955295.2999999874
-71 -132 955295.2999999874
-116 -210 955295.2999999874
-116 -210 955295.2999999874
-107 -121 955295.2999999874
-107 -121 955295.2999999874
-155 -260 955295.2999999874
-155 -260 955295.2999999874
-132 -124 955295.2999999874
-132 -124 955295.2999999874
-126 -238 955295.2999999874
-126 -238 955295.2999999874
-96 -190 955295.2999999874
-96 -190 955295.2999999874
-145 -313 955295.2999999874
-145 -313 955295.2999999874
-104 -34 955295.2999999874
-104 -34 955295.2999999874
-151 -135 955295.2999999874
-151 -135 955295.2999999874
-117 -55 955295.2999999874
-117 -55 955295.2999999874
-88 -61 955295.2999999874
-88 -61 955295.2999999874
-114 -176 955295.2999999874
-114 -176 955295.2999999874
-92 -80 955295.2999999874
-92 -80 955295.2999999874
-39 -92 955295.2999999874
-39 -92 955295.2999999874
-114 -24 955295.2999999874
-114 -24 955295.2999999874
-78 -21 955295.2999999874
-78 -21 955295.2999999874
-95 -26 955295.2999999874
-95 -26 955295.2999999874
-137 -31 955295.2999999874
-137 -31 955295.2999999874
-143 -35 955295.2999999874
-143 -35 955295.2999999874
-148 -33 955295.2999999874
-148 -33 955295.2999999874
-75 -18 955295.2999999874
-75 -18 955295.2999999874
