255 420
255 420
167 424
167 424
180 434
180 434
-21 149
292 462
-21 149
292 462
354 101
41 414
354 414
453 57
140 370
453 370
458 29
145 342
458 342
262 374
262 374
384 50
71 363
384 363
440 89
127 402
440 402
423 272
423 272
373 66
60 379
373 379
282 338
282 338
456 73
143 386
456 386
331 207
331 207
-16 39
297 352
-16 39
297 352
462 269
462 269
180 458
180 458
358 37
45 350
358 350
351 50
38 363
351 363
-48 163
-48 163
453 34
140 347
453 347
-62 164
-62 164
-98 240
-98 240
419 41
106 354
419 354
367 269
367 269
382 190
382 190
423 196
423 196
445 254
445 254
448 50
135 363
448 363
-79 210
-79 210
-43 263
-43 263
435 128
122 441
435 441
406 44
93 357
406 357
410 251
410 251
-21 150
292 463
-21 150
292 463
467 172
467 172
160 397
160 397
371 168
371 168
430 257
430 257
324 170
324 170
-48 178
-48 178
351 183
351 183
243 356
243 356
422 120
109 433
422 433
351 49
38 362
351 362
378 185
378 185
412 159
412 159
-63 195
-63 195
-42 174
-42 174
-82 225
-82 225
332 109
19 422
332 422
359 282
359 282
319 182
319 182
-64 238
-64 238
325 237
325 237
403 14
90 327
403 327
365 283
365 283
-31 289
-31 289
363 6
50 319
363 319
-21 83
292 396
-21 83
292 396
-46 110
267 423
-46 110
267 423
374 152
61 465
374 465
292 353
292 353
217 402
217 402
-32 86
281 399
-32 86
281 399
187 328
187 328
405 226
405 226
-86 202
-86 202
189 448
189 448
416 183
416 183
349 81
36 394
349 394
463 60
150 373
463 373
419 139
106 452
419 452
402 116
89 429
402 429
-36 109
277 422
-36 109
277 422
-14 119
299 432
-14 119
299 432
335 93
22 406
335 406
167 358
167 358
384 172
384 172
-47 168
-47 168
449 44
136 357
449 357
425 202
425 202
196 329
196 329
367 133
54 446
367 446
196 464
196 464
332 184
332 184
424 30
111 343
424 343
401 16
88 329
401 329
388 215
388 215
-67 205
-67 205
332 181
332 181
369 209
369 209
-38 172
-38 172
186 392
186 392
210 440
210 440
-82 276
-82 276
-45 199
-45 199
362 104
49 417
362 417
445 270
445 270
411 19
98 332
411 332
170 391
170 391
358 28
45 341
358 341
-14 75
299 388
-14 75
299 388
-40 207
-40 207
342 101
29 414
342 414
454 230
454 230
342 258
342 258
178 343
178 343
467 207
467 207
368 221
368 221
400 200
400 200
355 147
42 460
355 460
421 117
108 430
421 430
-83 281
-83 281
353 282
353 282
-10 103
303 416
-10 103
303 416
334 161
334 161
348 214
348 214
237 332
237 332
435 256
435 256
358 142
45 455
358 455
337 115
24 428
337 428
-109 299
-109 299
449 30
136 343
449 343
350 283
350 283
410 101
97 414
410 414
-97 239
-97 239
376 223
376 223
431 124
118 437
431 437
408 255
408 255
458 174
458 174
-91 259
-91 259
383 191
383 191
248 411
248 411
417 250
417 250
245 366
245 366
352 15
39 328
352 328
389 191
389 191
423 210
423 210
337 131
24 444
337 444
333 223
333 223
352 238
352 238
378 101
65 414
378 414
343 157
343 157
268 339
268 339
-20 166
-20 166
-64 271
-64 271
-63 164
-63 164
402 50
89 363
402 363
192 364
192 364
159 399
159 399
361 71
48 384
361 384
386 177
386 177
171 385
171 385
390 124
77 437
390 437
401 116
88 429
401 429
261 418
261 418
-51 302
-51 302
407 7
94 320
407 320
227 441
227 441
347 69
34 382
347 382
419 210
419 210
394 42
81 355
394 355
231 446
231 446
370 127
57 440
370 440
417 128
104 441
417 441
227 355
227 355
469 48
156 361
469 361
-56 273
-56 273
-29 118
284 431
-29 118
284 431
469 120
156 433
469 433
461 209
461 209
416 164
416 164
-21 197
-21 197
355 44
42 357
355 357
-98 247
-98 247
413 235
413 235
348 282
348 282
-23 117
290 430
-23 117
290 430
430 126
117 439
430 439
-24 204
-24 204
384 32
71 345
384 345
408 67
95 380
408 380
261 385
261 385
443 237
443 237
429 23
116 336
429 336
393 14
80 327
393 327
368 244
368 244
388 81
75 394
388 394
395 217
395 217
-54 197
-54 197
387 291
387 291
439 7
126 320
439 320
165 368
165 368
369 118
56 431
369 431
399 242
399 242
184 340
184 340
394 144
81 457
394 457
360 84
47 397
360 397
467 213
467 213
-28 173
-28 173
462 264
462 264
414 77
101 390
414 390
275 326
275 326
173 400
173 400
457 98
144 411
457 411
365 14
52 327
365 327
228 421
228 421
-100 244
-100 244
-26 119
287 432
-26 119
287 432
455 192
455 192
-86 217
-86 217
-87 205
-87 205
411 22
98 335
411 335
325 283
325 283
-49 165
-49 165
-41 152
272 465
-41 152
272 465
398 47
85 360
398 360
386 193
386 193
-33 220
-33 220
168 467
168 467
423 30
110 343
423 343
348 155
35 468
348 468
-13 188
-13 188
413 239
413 239
447 255
447 255
438 107
125 420
438 420
-30 113
283 426
-30 113
283 426
350 161
350 161
320 27
7 340
320 340
-44 251
-44 251
200 369
200 369
372 180
372 180
207 447
207 447
365 172
365 172
-127 294
-127 294
440 155
127 468
440 468
466 91
153 404
466 404
369 63
56 376
369 376
325 75
12 388
325 388
-85 212
-85 212
335 178
335 178
345 73
32 386
345 386
268 355
268 355
341 176
341 176
389 81
76 394
389 394
333 35
20 348
333 348
-25 171
-25 171
352 23
39 336
352 336
-3.8940000000025066 24.927999999999997
309.1059999999975 337.928
-3.8940000000025066 24.927999999999997
309.1059999999975 337.928
-3.873000000003003 24.90899999999993
-3.873000000003003 24.90899999999993
-3.844000000003689 24.879999999999924
-3.844000000003689 24.879999999999924
319.98600000000033 31.00800000000001
6.986000000000331 344.00800000000004
319.98600000000033 344.00800000000004
323.9540000000011 41.01399999999997
10.954000000001088 354.01399999999995
323.9540000000011 354.01399999999995
-3.8350000000039017 24.870999999999952
-3.8350000000039017 24.870999999999952
-128.00400000000002 300.0199999999995
-128.00400000000002 300.0199999999995
-80.001 297.01899999999955
-80.001 297.01899999999955
266.01099999999974 319.95100000000116
266.01099999999974 319.95100000000116
-9.975000000000591 234.99499999999998
-9.975000000000591 234.99499999999998
177.94599999999974 325.9280000000017
177.94599999999974 325.9280000000017
227.99099999999996 211.99499999999998
393.009 3.9730000000006385
80.00900000000004 316.97300000000064
393.009 316.97300000000064
359.994 310.0539999999987
359.994 310.0539999999987
-3.881000000002814 24.948999999999963
309.1189999999972 337.94899999999996
-3.881000000002814 24.948999999999963
309.1189999999972 337.94899999999996
72.99799999999999 193.10800000000052
81.04000000000019 41.788000000000494
65.01500000000007 184.98499999999993
283.09999999999764 112.8519999999993
-15.947000000001253 53.001
297.05299999999875 366.001
-15.947000000001253 53.001
297.05299999999875 366.001
385.92799999999966 309.13399999999683
385.92799999999966 309.13399999999683
200.9609999999998 320.90900000000215
200.9609999999998 320.90900000000215
97.95199999999977 22.266000000000325
116.93899999999971 126.11300000000054
265.9670000000008 168.05100000000024
413.1290000000006 311.2289999999946
413.1290000000006 311.2289999999946
214.96599999999984 247.30800000000147
216.3360000000016 238.97199999999987
246.97399999999988 317.7300000000064
246.97399999999988 317.7300000000064
56.97900000000005 126.95099999999977
42.00299999999999 43.99100000000002
-3.821000000004233 24.85699999999999
309.17899999999577 337.85699999999997
-3.821000000004233 24.85699999999999
309.17899999999577 337.85699999999997
0.1500000000000001 190.06800000000032
21.895999999999873 92.84799999999927
321.7600000000057 216.98999999999995
321.7600000000057 216.98999999999995
44.912000000000205 141.71399999999863
11.098999999999945 169.99099999999996
37.07399999999983 161.19200000000092
214.96299999999982 316.8770000000029
214.96299999999982 316.8770000000029
184.7039999999986 300.50199999998813
58.022999999999946 167.9149999999996
212.80699999999908 243.99299999999997
35.05099999999988 154.999
154.31100000000148 206.62699999999822
45.156999999999634 27.99299999999999
28.101000000000123 175.95099999999977
-90.98599999999993 303.0179999999996
-90.98599999999993 303.0179999999996
159.09400000000045 86.19000000000091
118.20600000000098 123.67799999999846
-4.7750000000053205 277.9330000000016
-4.7750000000053205 277.9330000000016
69.69299999999853 191.3350000000016
-2.7640000000055807 195.18400000000088
-2.7640000000055807 195.18400000000088
234.18200000000087 210.05600000000027
18.952999999999943 180.93099999999967
227.13200000000063 201.6459999999983
272.8990000000024 207.2710000000013
37.91900000000019 48.93900000000014
140.1020000000005 34.2559999999994
-8.655000000008158 260.001
-8.655000000008158 260.001
94.0630000000003 6.988999999999996
85.48599999999755 242.0400000000002
284.84100000000376 173.0610000000003
229.8129999999991 281.28899999999317
185.93199999999968 294.00199999999995
100.18200000000087 234.79999999999905
126.15100000000072 6.996999999999999
10.98300000000001 41.44499999999896
227.81799999999913 107.9379999999997
98.87899999999942 158.7049999999986
207.1910000000009 134.42300000000202
350.8920000000003 311.2799999999934
350.8920000000003 311.2799999999934
-0.5230000000112796 219.98699999999994
-0.5230000000112796 219.98699999999994
131.8539999999993 253.96799999999985
165.10000000000048 55.143999999999664
6.062000000000021 181.998
87.90799999999956 16.240000000000293
0.9969999999999999 183.96499999999983
98.1480000000007 18.80399999999976
6.961999999999987 31.07400000000009
287.00199999999995 119.15800000000075
-3.706000000006952 138.00600000000003
309.29399999999305 451.00600000000003
-3.706000000006952 138.00600000000003
309.29399999999305 451.00600000000003
196.49500000000236 16.599000000000732
87.71399999999863 115.91199999999958
181.34700000000166 272.98900000000026
47.99700000000001 71.001
400.9759999999999 2.7500000000059117
87.97599999999989 315.7500000000059
400.9759999999999 315.7500000000059
315.7250000000065 120.06700000000032
2.725000000006503 433.06700000000035
315.7250000000065 433.06700000000035
8.734000000000147 169.83799999999923
38.80200000000046 23.152000000000186
52.35599999999917 283.1599999999962
79.9569999999998 4.057000000000019
268.0389999999991 42.14699999999966
87.14400000000069 199.99399999999997
280.74800000000596 85.92199999999963
125.07000000000033 107.03200000000015
221.94699999999975 302.999
153.99699999999999 171.999
315.6910000000073 74.94899999999976
2.691000000007307 387.9489999999997
315.6910000000073 387.9489999999997
35.96900000000007 81.13100000000063
20.944999999999933 160.96699999999984
121.999 255.96899999999982
20.252000000000308 34.99200000000002
312.65100000000825 190.22300000000106
149.02700000000013 269.2029999999952
226.36699999999698 42.01699999999996
291.9120000000021 150.208000000001
93.0200000000001 43.848000000000354
316.8610000000033 233.98899999999995
316.8610000000033 233.98899999999995
22.03400000000004 177.98999999999995
220.01000000000005 175.48399999999754
179.5369999999978 272.9790000000005
39.01299999999997 14.98300000000001
153.0 91.1060000000005
-4.407000000014023 301.54299999998716
-4.407000000014023 301.54299999998716
275.1979999999953 12.996000000000002
153.92199999999963 213.16000000000076
147.4969999999976 209.0410000000002
186.00600000000003 288.00599999999986
265.78700000000504 7.015000000000005
19.022000000000027 184.3340000000016
200.998 7.877999999999959
271.88800000000265 151.27799999999655
68.98199999999991 189.998
246.0840000000004 205.30000000000143
189.001 134.9169999999996
18.77999999999973 108.92599999999965
290.1439999999966 116.96599999999984
297.2699999999936 38.9580000000001
278.39499999999066 2.27299999999997
263.9660000000008 164.998
141.67799999999846 191.8559999999993
244.7069999999986 53.494999999998846
303.294999999993 157.89099999999948
55.81600000000043 62.762000000000555
196.11500000000055 150.99099999999996
106.25400000000121 41.37399999999913
111.2730000000013 30.11500000000014
214.8739999999994 239.96199999999982
96.98799999999994 100.7059999999986
3.0239999999999974 74.93999999999971
45.998000000000005 282.0639999999985
171.13800000000066 185.86399999999935
292.0339999999992 83.24400000000117
248.66899999999842 270.85500000000343
233.3740000000018 297.00599999999986
293.0159999999996 165.92799999999966
260.66300000000797 72.33700000000161
227.16300000000078 127.57299999999796
135.8089999999991 43.88300000000027
282.09099999999785 288.8470000000036
82.01400000000007 217.02400000000011
306.5930000000096 288.22699999999463
38.1719999999996 183.4820000000023
271.0159999999996 174.12200000000058
3.2869999999999684 120.03700000000018
267.01099999999974 110.26500000000127
54.73400000000062 221.09800000000047
-5.8910000000025775 288.0249999999994
-5.8910000000025775 288.0249999999994
89.15400000000074 50.17999999999958
159.90399999999954 83.75999999999885
73.25300000000121 177.03300000000016
260.99700000000007 104.8309999999992
104.15300000000073 249.99499999999998
243.19400000000093 42.680000000000746
173.75299999999882 191.28100000000134
193.4830000000023 184.0610000000003
165.00400000000002 164.9779999999999
139.63599999999826 57.33399999999922
116.86299999999935 257.0049999999999
269.1649999999961 250.6829999999985
249.8329999999992 194.75899999999885
105.6649999999984 210.05100000000024
288.2199999999948 171.17600000000084
264.8150000000044 178.17100000000082
231.34600000000165 133.93200000000445
42.014999999999965 147.0190000000001
61.14299999999967 152.00300000000001
63.15399999999964 223.28200000000135
108.98799999999994 120.00400000000002
166.75299999999882 182.02700000000013
167.01700000000008 110.8309999999992
270.3119999999926 263.18799999999555
321.9030000000023 169.99299999999997
321.9030000000023 169.99299999999997
246.99599999999998 5.068000000000023
34.3130000000016 282.16299999999615
74.57200000000273 290.57000000001017
342.93799999999993 13.892000000002554
29.937999999999924 326.89200000000255
342.93799999999993 326.89200000000255
20.070000000000086 223.03200000000015
257.1179999999972 273.2459999999942
60.31899999999926 66.10300000000049
141.32700000000156 230.06900000000033
302.80400000000463 102.91399999999959
167.17500000000084 44.94700000000012
24.134000000000164 130.9599999999998
291.99400000000014 148.42799999999727
185.998 189.9819999999999
49.04999999999988 104.0220000000001
58.8280000000004 180.0860000000004
13.958000000000023 142.1440000000007
282.167999999996 24.997999999999998
40.90200000000023 101.00600000000003
185.13800000000066 283.7760000000053
96.94599999999974 250.92799999999966
302.5470000000107 235.00500000000002
258.999 197.03700000000018
299.9780000000005 187.85999999999933
222.0210000000001 259.0329999999992
103.11800000000056 164.42200000000201
313.74800000000596 183.82799999999918
313.74800000000596 183.82799999999918
254.71199999999862 107.6700000000032
110.57700000000276 210.46700000000223
7.092000000000031 26.359999999999218
303.61800000000903 260.00599999999986
95.11000000000053 66.77199999999891
177.65499999999835 12.919000000000045
143.8939999999995 98.28200000000135
108.00200000000001 116.72199999999867
180.35100000000168 120.66099999999838
278.28599999999324 314.3540000000153
278.28599999999324 314.3540000000153
90.00300000000001 13.973000000000015
122.59600000000285 128.47200000000225
72.84199999999925 308.6920000000073
101.36800000000176 77.21400000000102
28.872999999999845 258.0389999999991
129.59599999999807 236.75599999999883
251.3560000000017 163.83799999999923
283.536000000011 118.41000000000196
231.1050000000005 225.209000000001
208.49199999999757 210.00600000000003
100.06500000000031 239.0210000000001
126.76199999999886 88.85599999999931
94.4129999999972 255.81300000000388
54.1289999999997 133.17300000000083
17.93399999999992 206.80399999999906
127.23900000000114 154.77699999999894
467.99699999999996 8.517000000011421
154.99699999999999 321.5170000000114
467.99699999999996 321.5170000000114
150.12100000000058 60.07699999999982
55.99600000000001 117.94799999999975
24.194000000000237 115.19800000000095
188.5890000000028 260.9110000000021
177.63899999999828 29.999
46.82100000000042 309.29100000001677
70.90299999999954 50.07699999999982
217.90499999999955 203.84299999999925
106.03400000000016 139.2540000000012
11.935000000000036 237.43300000000207
187.00400000000002 14.890000000000061
52.327999999999236 14.105999999999941
230.9369999999997 275.68500000000745
184.93299999999968 170.93299999999968
261.9290000000017 301.79500000000485
191.77499999999893 50.99700000000001
92.05300000000025 225.95499999999979
299.15499999999633 119.28300000000135
74.92099999999962 214.96299999999982
200.84700000000404 56.134999999999685
181.3780000000018 198.7560000000036
50.12299999999971 5.999
145.2520000000012 28.781999999999734
275.16199999999617 171.998
149.3170000000015 263.46900000001256
173.207000000001 87.36500000000174
28.999 101.001
103.79699999999903 128.03300000000016
264.9880000000003 162.81999999999914
129.06600000000032 312.54400000003443
109.86199999999934 30.004000000000005
84.86999999999938 47.169999999999604
76.56800000000271 81.09000000000043
155.0210000000001 9.004999999999997
31.899999999999874 73.05200000000025
268.1479999999965 198.8119999999991
51.77200000000053 172.0
167.5619999999979 153.5159999999977
33.79000000000049 68.5379999999978
37.95200000000011 50.41599999999903
35.02699999999994 213.88299999999944
55.899000000000235 208.63299999999825
215.17900000000085 4.409000000000137
45.1729999999996 36.99500000000001
171.07200000000034 71.7079999999986
70.75199999999882 31.893999999999867
298.9870000000003 74.66899999999842
289.26399999999376 204.3980000000019
71.2720000000013 171.61599999999817
267.64700000000835 26.01500000000002
186.70200000000335 79.17800000000085
291.7240000000065 40.06999999999984
29.38599999999925 13.742000000000143
134.3780000000018 254.89199999999948
54.465999999998914 268.62200000000894
76.86699999999936 124.00700000000003
12.113999999999937 74.88199999999944
155.96899999999985 47.8290000000004
100.2310000000011 310.069000000022
169.99399999999997 78.00600000000003
76.23700000000113 190.94699999999975
89.27500000000131 116.04500000000021
209.75799999999884 126.28399999999658
144.5619999999979 173.98999999999995
226.83599999999922 217.12000000000057
276.9660000000008 108.83799999999923
74.58799999999803 81.02600000000012
247.67199999999843 97.40199999999714
249.0200000000001 237.92799999999966
236.82599999999917 19.064000000000078
116.02500000000012 22.760999999999708
216.91099999999958 88.55099999999786
38.99200000000002 237.98799999999994
249.40699999999717 163.68899999999852
176.59799999999808 253.14999999999594
291.99700000000007 196.95499999999979
40.018999999999956 281.93100000000163
308.55000000001064 24.665999999999592
326.8950000000025 141.96899999999985
13.895000000002483 454.9689999999998
326.8950000000025 454.9689999999998
262.2359999999944 60.97400000000006
311.7750000000053 99.92699999999965
65.16000000000076 100.98199999999991
55.207999999999515 244.2520000000012
29.881999999999856 156.9179999999996
81.03800000000018 144.00600000000003
207.38799999999708 229.86199999999934
47.23699999999945 84.08900000000042
110.1470000000007 195.74099999999876
12.257999999999857 283.0559999999987
161.6490000000031 217.65500000000313
221.9799999999999 181.3780000000018
134.71299999999863 50.07299999999983
184.21600000000103 27.13200000000016
37.0 283.1059999999975
79.76199999999886 14.063999999999965
109.8329999999992 273.0449999999753
142.70299999999858 73.03900000000019
-9.842000000003736 157.9559999999998
-9.842000000003736 157.9559999999998
131.98699999999994 270.5529999999869
103.0420000000002 182.75399999999883
204.11200000000053 298.71000000000686
235.9799999999999 173.9579999999998
159.792999999999 282.80499999998096
-0.5560000000104992 99.97399999999988
312.4439999999895 412.9739999999999
-0.5560000000104992 99.97399999999988
312.4439999999895 412.9739999999999
112.24900000000119 202.01700000000008
296.958000000001 53.2559999999994
225.999 205.0190000000001
179.9809999999999 144.99099999999996
155.48899999999756 120.6690000000032
202.28300000000135 162.98899999999995
279.97200000000066 220.64400000000308
135.9179999999996 29.755999999999702
-58 107
-58 107
-133 121
-133 121
-51 61
-51 61
-127 288
-127 288
-133 145
-133 145
-95 204
-95 204
-104 210
-104 210
-133 273
-133 273
-125 261
-125 261
-21 40
-21 40
-96 89
-96 89
-124 135
-124 135
-117 151
-117 151
-128 171
-128 171
-152 217
-152 217
-77 174
-77 174
-120 184
-120 184
-103 127
-103 127
-146 182
-146 182
-105 230
-105 230
-128 284
-128 284
-127 190
-127 190
-65 98
-65 98
-91 181
-91 181
-136 254
-136 254
-153 282
-153 282
-52 105
-52 105
-86 128
-86 128
-111 163
-111 163
-82 133
-82 133
-142 186
-142 186
-52 72
-52 72
-85 108
-85 108
-145 154
-145 154
-132 273
-132 273
-132 198
-132 198
-106 134
-106 134
-45 42
-45 42
-139 191
-139 191
-93 176
-93 176
-148 165
-148 165
-58 -206
-58 -206
-146 -202
-146 -202
-133 -192
-133 -192
-21 -164
-21 -164
-51 -252
-51 -252
-31 -288
-31 -288
18 -106
18 -106
-127 -25
-127 -25
-16 -274
-16 -274
-133 -168
-133 -168
-95 -109
-95 -109
-48 -150
-48 -150
-62 -149
-62 -149
-104 -103
-104 -103
-98 -73
-98 -73
-133 -40
-133 -40
-79 -103
-79 -103
-43 -50
-43 -50
-21 -163
-21 -163
-153 -229
-153 -229
58 -145
58 -145
11 -143
11 -143
-48 -135
-48 -135
38 -130
38 -130
-70 -270
-70 -270
-63 -118
-63 -118
-42 -139
-42 -139
-82 -88
-82 -88
-125 -52
-125 -52
6 -131
6 -131
-64 -75
-64 -75
12 -76
12 -76
-31 -24
-31 -24
-21 -230
-21 -230
-46 -203
-46 -203
-21 -273
-21 -273
-96 -224
-96 -224
-32 -227
-32 -227
-126 -298
-126 -298
-86 -111
-86 -111
-124 -178
-124 -178
-36 -204
-36 -204
-14 -194
-14 -194
-146 -268
-146 -268
-47 -145
-47 -145
-117 -297
-117 -297
-117 -162
-117 -162
19 -129
19 -129
-128 -142
-128 -142
-152 -96
-152 -96
-67 -108
-67 -108
-77 -139
-77 -139
19 -132
19 -132
-38 -141
-38 -141
-127 -234
-127 -234
-120 -129
-120 -129
-103 -186
-103 -186
-146 -131
-146 -131
-82 -37
-82 -37
-45 -114
-45 -114
-143 -235
-143 -235
-14 -238
-14 -238
-40 -106
-40 -106
-105 -83
-105 -83
-135 -283
-135 -283
-128 -29
-128 -29
-83 -32
-83 -32
-10 -210
-10 -210
21 -152
21 -152
35 -99
35 -99
-76 -294
-76 -294
-109 -14
-109 -14
-97 -74
-97 -74
-91 -54
-91 -54
-127 -123
-127 -123
-65 -215
-65 -215
-68 -260
-68 -260
-91 -132
-91 -132
20 -90
20 -90
-136 -59
-136 -59
30 -156
30 -156
-45 -287
-45 -287
-153 -31
-153 -31
-20 -147
-20 -147
-64 -42
-64 -42
-63 -149
-63 -149
-121 -262
-121 -262
-154 -227
-154 -227
-142 -241
-142 -241
-52 -208
-52 -208
-51 -11
-51 -11
-86 -185
-86 -185
-111 -150
-111 -150
-82 -180
-82 -180
-86 -271
-86 -271
-56 -40
-56 -40
-29 -195
-29 -195
-21 -116
-21 -116
-142 -127
-142 -127
-98 -66
-98 -66
-23 -196
-23 -196
-24 -109
-24 -109
-52 -241
-52 -241
-54 -116
-54 -116
-148 -258
-148 -258
-129 -286
-129 -286
-28 -140
-28 -140
-38 -300
-38 -300
-140 -226
-140 -226
-85 -205
-85 -205
-100 -69
-100 -69
-26 -194
-26 -194
-86 -96
-86 -96
-87 -108
-87 -108
12 -30
12 -30
-49 -148
-49 -148
-41 -161
-41 -161
-33 -93
-33 -93
0 -123
0 -123
-145 -159
-145 -159
-13 -125
-13 -125
-30 -200
-30 -200
-132 -40
-132 -40
37 -152
37 -152
-44 -62
-44 -62
-113 -257
-113 -257
-132 -115
-132 -115
-106 -179
-106 -179
52 -141
52 -141
-127 -19
-127 -19
-85 -101
-85 -101
22 -135
22 -135
-45 -271
-45 -271
-139 -122
-139 -122
28 -137
28 -137
-25 -142
-25 -142
-93 -137
-93 -137
-148 -148
-148 -148
-3.8940000000025066 -288.072
-3.8940000000025066 -288.072
-128.00400000000002 -12.980000000000473
-128.00400000000002 -12.980000000000473
-80.001 -15.98100000000045
-80.001 -15.98100000000045
-46.98900000000026 -306.04899999999884
-46.98900000000026 -306.04899999999884
-9.975000000000591 -78.00500000000002
-9.975000000000591 -78.00500000000002
-135.05400000000026 -300.0719999999983
-135.05400000000026 -300.0719999999983
-3.881000000002814 -288.05100000000004
-3.881000000002814 -288.05100000000004
-15.947000000001253 -259.999
-15.947000000001253 -259.999
-112.03900000000019 -305.09099999999785
-112.03900000000019 -305.09099999999785
-66.02600000000012 -308.2699999999936
-66.02600000000012 -308.2699999999936
-3.821000000004233 -288.14300000000003
-3.821000000004233 -288.14300000000003
8.760000000005675 -96.01000000000005
8.760000000005675 -96.01000000000005
-98.03700000000018 -309.1229999999971
-98.03700000000018 -309.1229999999971
-90.98599999999993 -9.982000000000426
-90.98599999999993 -9.982000000000426
-4.7750000000053205 -35.066999999998416
-4.7750000000053205 -35.066999999998416
-2.7640000000055807 -117.81599999999912
-2.7640000000055807 -117.81599999999912
-8.655000000008158 -52.999000000000024
-8.655000000008158 -52.999000000000024
-0.5230000000112796 -93.01300000000006
-0.5230000000112796 -93.01300000000006
-3.706000000006952 -174.99399999999997
-3.706000000006952 -174.99399999999997
3.861000000003287 -79.01100000000005
3.861000000003287 -79.01100000000005
-4.407000000014023 -11.45700000001284
-4.407000000014023 -11.45700000001284
-5.8910000000025775 -24.97500000000059
-5.8910000000025775 -24.97500000000059
8.903000000002294 -143.00700000000003
8.903000000002294 -143.00700000000003
0.748000000005959 -129.17200000000082
0.748000000005959 -129.17200000000082
-34.71400000000676 -311.6459999999847
-34.71400000000676 -311.6459999999847
-9.842000000003736 -155.0440000000002
-9.842000000003736 -155.0440000000002
-0.5560000000104992 -213.02600000000012
-0.5560000000104992 -213.02600000000012
-146 111
-146 111
-31 25
-31 25
-153 84
-153 84
-70 43
-70 43
-126 15
-126 15
-146 45
-146 45
-117 16
-117 16
-127 79
-127 79
-143 78
-143 78
-135 30
-135 30
-76 19
-76 19
-68 53
-68 53
-45 26
-45 26
-121 51
-121 51
-154 86
-154 86
-142 72
-142 72
-86 42
-86 42
-148 55
-148 55
-129 27
-129 27
-38 13
-38 13
-140 87
-140 87
-113 56
-113 56
-46.98900000000026 6.951000000001159
-46.98900000000026 6.951000000001159
-135.05400000000026 12.928000000001703
-135.05400000000026 12.928000000001703
-112.03900000000019 7.909000000002152
-112.03900000000019 7.909000000002152
-66.02600000000012 4.730000000006385
-66.02600000000012 4.730000000006385
-98.03700000000018 3.8770000000029086
-98.03700000000018 3.8770000000029086
-34.71400000000676 1.3540000000152759
-34.71400000000676 1.3540000000152759
110 -41
423 -41
110 -41
423 -41
331 -106
331 -106
186 -25
186 -25
149 -44
462 -44
149 -44
462 -44
218 -109
218 -109
265 -150
265 -150
251 -149
251 -149
209 -103
209 -103
215 -73
215 -73
54 -44
367 -44
54 -44
367 -44
382 -123
382 -123
423 -117
423 -117
180 -40
180 -40
132 -59
445 -59
132 -59
445 -59
234 -103
234 -103
270 -50
270 -50
97 -62
410 -62
97 -62
410 -62
467 -141
467 -141
371 -145
371 -145
117 -56
430 -56
117 -56
430 -56
324 -143
324 -143
265 -135
265 -135
351 -130
351 -130
378 -128
378 -128
412 -154
412 -154
250 -118
250 -118
271 -139
271 -139
231 -88
231 -88
46 -31
359 -31
46 -31
359 -31
188 -52
188 -52
319 -131
319 -131
249 -75
249 -75
325 -76
325 -76
52 -30
365 -30
52 -30
365 -30
282 -24
282 -24
405 -87
405 -87
227 -111
227 -111
416 -130
416 -130
384 -141
384 -141
266 -145
266 -145
425 -111
425 -111
332 -129
332 -129
185 -142
185 -142
161 -96
161 -96
388 -98
388 -98
246 -108
246 -108
236 -139
236 -139
332 -132
332 -132
369 -104
369 -104
275 -141
275 -141
193 -129
193 -129
167 -131
167 -131
231 -37
231 -37
268 -114
268 -114
132 -43
445 -43
132 -43
445 -43
273 -106
273 -106
208 -83
208 -83
141 -83
454 -83
141 -83
454 -83
342 -55
342 -55
154 -106
467 -106
154 -106
467 -106
368 -92
368 -92
400 -113
400 -113
185 -29
185 -29
230 -32
230 -32
40 -31
353 -31
40 -31
353 -31
334 -152
334 -152
348 -99
348 -99
122 -57
435 -57
122 -57
435 -57
204 -14
204 -14
37 -30
350 -30
37 -30
350 -30
216 -74
216 -74
376 -90
376 -90
95 -58
408 -58
95 -58
408 -58
458 -139
458 -139
222 -54
222 -54
383 -122
383 -122
186 -123
186 -123
104 -63
417 -63
104 -63
417 -63
389 -122
389 -122
423 -103
423 -103
222 -132
222 -132
333 -90
333 -90
352 -75
352 -75
177 -59
177 -59
343 -156
343 -156
160 -31
160 -31
293 -147
293 -147
249 -42
249 -42
250 -149
250 -149
386 -136
386 -136
262 -11
262 -11
202 -150
202 -150
419 -103
419 -103
257 -40
257 -40
148 -104
461 -104
148 -104
461 -104
416 -149
416 -149
292 -116
292 -116
171 -127
171 -127
215 -66
215 -66
100 -78
413 -78
100 -78
413 -78
35 -31
348 -31
35 -31
348 -31
289 -109
289 -109
130 -76
443 -76
130 -76
443 -76
368 -69
368 -69
395 -96
395 -96
259 -116
259 -116
74 -22
387 -22
74 -22
387 -22
86 -71
399 -71
86 -71
399 -71
154 -100
467 -100
154 -100
467 -100
285 -140
285 -140
149 -49
462 -49
149 -49
462 -49
213 -69
213 -69
142 -121
455 -121
142 -121
455 -121
227 -96
227 -96
226 -108
226 -108
325 -30
325 -30
264 -148
264 -148
386 -120
386 -120
280 -93
280 -93
313 -123
313 -123
300 -125
300 -125
100 -74
413 -74
100 -74
413 -74
134 -58
447 -58
134 -58
447 -58
181 -40
181 -40
350 -152
350 -152
269 -62
269 -62
372 -133
372 -133
181 -115
181 -115
365 -141
365 -141
186 -19
186 -19
228 -101
228 -101
335 -135
335 -135
174 -122
174 -122
341 -137
341 -137
288 -142
288 -142
220 -137
220 -137
165 -148
165 -148
184.99599999999998 -12.980000000000473
184.99599999999998 -12.980000000000473
232.999 -15.98100000000045
232.999 -15.98100000000045
303.0249999999994 -78.00500000000002
303.0249999999994 -78.00500000000002
46.994000000000014 -2.946000000001277
359.994 -2.946000000001277
46.994000000000014 -2.946000000001277
359.994 -2.946000000001277
72.92799999999966 -3.8660000000031687
385.92799999999966 -3.8660000000031687
72.92799999999966 -3.8660000000031687
385.92799999999966 -3.8660000000031687
100.12900000000062 -1.7710000000054151
413.1290000000006 -1.7710000000054151
100.12900000000062 -1.7710000000054151
413.1290000000006 -1.7710000000054151
321.7600000000057 -96.01000000000005
321.7600000000057 -96.01000000000005
222.01400000000007 -9.982000000000426
222.01400000000007 -9.982000000000426
308.2249999999947 -35.066999999998416
308.2249999999947 -35.066999999998416
310.2359999999944 -117.81599999999912
310.2359999999944 -117.81599999999912
304.34499999999184 -52.999000000000024
304.34499999999184 -52.999000000000024
37.89200000000025 -1.7200000000066211
350.8920000000003 -1.7200000000066211
37.89200000000025 -1.7200000000066211
350.8920000000003 -1.7200000000066211
312.4769999999887 -93.01300000000006
312.4769999999887 -93.01300000000006
316.8610000000033 -79.01100000000005
316.8610000000033 -79.01100000000005
308.592999999986 -11.45700000001284
308.592999999986 -11.45700000001284
307.1089999999974 -24.97500000000059
307.1089999999974 -24.97500000000059
321.9030000000023 -143.00700000000003
321.9030000000023 -143.00700000000003
313.74800000000596 -129.17200000000082
313.74800000000596 -129.17200000000082
303.15799999999626 -155.0440000000002
303.15799999999626 -155.0440000000002
69 -123
69 -123
110 -117
110 -117
154 -141
154 -141
65 -128
65 -128
99 -154
99 -154
92 -87
92 -87
103 -130
103 -130
71 -141
71 -141
112 -111
112 -111
75 -98
75 -98
56 -104
56 -104
29 -55
29 -55
55 -92
55 -92
87 -113
87 -113
63 -90
63 -90
145 -139
145 -139
70 -122
70 -122
76 -122
76 -122
110 -103
110 -103
39 -75
39 -75
73 -136
73 -136
106 -103
106 -103
103 -149
103 -149
55 -69
55 -69
82 -96
82 -96
73 -120
73 -120
59 -133
59 -133
1082459.9860001502