21 444 951636.7800000557
-32 50 951636.7800000557
-32 50 951636.7800000557
-34 130 951636.7800000557
-34 130 951636.7800000557
-44 87 951636.7800000557
-44 87 951636.7800000557
-58 263 951636.7800000557
-58 263 951636.7800000557
-98 230 951636.7800000557
-98 230 951636.7800000557
-130 205 951636.7800000557
-130 205 951636.7800000557
-55 181 951636.7800000557
-55 181 951636.7800000557
43 389 951636.7800000557
-49 127 951636.7800000557
-49 127 951636.7800000557
-112 245 951636.7800000557
-112 245 951636.7800000557
60 395 951636.7800000557
-61 176 951636.7800000557
-61 176 951636.7800000557
-114 289 951636.7800000557
-114 289 951636.7800000557
71 338 951636.7800000557
106 466 951636.7800000557
55 466 951636.7800000557
42 365 951636.7800000557
-15 264 951636.7800000557
-15 264 951636.7800000557
-78 292 951636.7800000557
-78 292 951636.7800000557
-112 133 951636.7800000557
-112 133 951636.7800000557
-40 26 951636.7800000557
-40 26 951636.7800000557
5 363 951636.7800000557
-81 227 951636.7800000557
-81 227 951636.7800000557
39 353 951636.7800000557
50 459 951636.7800000557
-103 40 951636.7800000557
-103 40 951636.7800000557
-114 110 951636.7800000557
-114 110 951636.7800000557
130 426 951636.7800000557
-149 78 951636.7800000557
-149 78 951636.7800000557
-37 76 951636.7800000557
-37 76 951636.7800000557
-81 271 951636.7800000557
-81 271 951636.7800000557
66 447 951636.7800000557
133 367 951636.7800000557
-65 164 951636.7800000557
-65 164 951636.7800000557
-89 81 951636.7800000557
-89 81 951636.7800000557
-79 24 951636.7800000557
-79 24 951636.7800000557
15 355 951636.7800000557
147 456 951636.7800000557
-95 287 951636.7800000557
-95 287 951636.7800000557
-46 102 951636.7800000557
-46 102 951636.7800000557
72 422 951636.7800000557
-137 282 951636.7800000557
-137 282 951636.7800000557
-146 144 951636.7800000557
167 457 951636.7800000557
-146 144 951636.7800000557
167 457 951636.7800000557
96 458 951636.7800000557
-14 94 951636.7800000557
-14 94 951636.7800000557
-72 274 951636.7800000557
-72 274 951636.7800000557
-143 278 951636.7800000557
-143 278 951636.7800000557
-151 180 951636.7800000557
-151 180 951636.7800000557
23 457 951636.7800000557
144 444 951636.7800000557
131 368 951636.7800000557
-84 275 951636.7800000557
-84 275 951636.7800000557
98 455 951636.7800000557
-100 306 951636.7800000557
-100 -7 951636.7800000557
-100 306 951636.7800000557
-100 -7 951636.7800000557
-155 147 951636.7800000557
158 460 951636.7800000557
-155 147 951636.7800000557
158 460 951636.7800000557
15 382 951636.7800000557
52 379 951636.7800000557
-106 156 951636.7800000557
-106 156 951636.7800000557
-31 198 951636.7800000557
-31 198 951636.7800000557
-110 115 951636.7800000557
-110 115 951636.7800000557
-65 264 951636.7800000557
-65 264 951636.7800000557
69 401 951636.7800000557
-144 2 951636.7800000557
-144 2 951636.7800000557
48 353 951636.7800000557
66 349 951636.7800000557
16 443 951636.7800000557
-150 27 951636.7800000557
-150 27 951636.7800000557
150 397 951636.7800000557
-115 139 951636.7800000557
-115 139 951636.7800000557
-155 120 951636.7800000557
158 433 951636.7800000557
-155 120 951636.7800000557
158 433 951636.7800000557
100 337 951636.7800000557
-104 33 951636.7800000557
-104 33 951636.7800000557
-25 293 951636.7800000557
-25 293 951636.7800000557
-128 44 951636.7800000557
-128 44 951636.7800000557
129 346 951636.7800000557
-151 14 951636.7800000557
-151 14 951636.7800000557
-142 204 951636.7800000557
-142 204 951636.7800000557
-77 164 951636.7800000557
-77 164 951636.7800000557
-121 148 951636.7800000557
-121 148 951636.7800000557
-155 62 951636.7800000557
-155 62 951636.7800000557
53 437 951636.7800000557
-25 193 951636.7800000557
-25 193 951636.7800000557
-124 77 951636.7800000557
-124 77 951636.7800000557
-87 54 951636.7800000557
-87 54 951636.7800000557
42 445 951636.7800000557
92 411 951636.7800000557
-33 31 951636.7800000557
-33 31 951636.7800000557
-116 104 951636.7800000557
-116 104 951636.7800000557
-76 150 951636.7800000557
-76 150 951636.7800000557
-126 29 951636.7800000557
-126 29 951636.7800000557
-130 34 951636.7800000557
-130 34 951636.7800000557
-56 158 951636.7800000557
-56 158 951636.7800000557
-148 280 951636.7800000557
-148 280 951636.7800000557
133 363 951636.7800000557
-154 284 951636.7800000557
-154 -29 951636.7800000557
-154 284 951636.7800000557
-154 -29 951636.7800000557
-76 126 951636.7800000557
-76 126 951636.7800000557
-60 40 951636.7800000557
-60 40 951636.7800000557
118 451 951636.7800000557
-61 236 951636.7800000557
-61 236 951636.7800000557
119 389 951636.7800000557
-128 96 951636.7800000557
-128 96 951636.7800000557
-45 174 951636.7800000557
-45 174 951636.7800000557
-92 55 951636.7800000557
-92 55 951636.7800000557
90 371 951636.7800000557
-68 242 951636.7800000557
-68 242 951636.7800000557
-31 169 951636.7800000557
-31 169 951636.7800000557
-48 228 951636.7800000557
-48 228 951636.7800000557
-29 109 951636.7800000557
-29 109 951636.7800000557
-71 289 951636.7800000557
-71 289 951636.7800000557
-47 133 951636.7800000557
-47 133 951636.7800000557
124 348 951636.7800000557
-123 120 951636.7800000557
-123 120 951636.7800000557
-73 44 951636.7800000557
-73 44 951636.7800000557
99 451 951636.7800000557
-132 134 951636.7800000557
-132 134 951636.7800000557
-28 73 951636.7800000557
-28 73 951636.7800000557
59 387 951636.7800000557
-75 295 951636.7800000557
-75 295 951636.7800000557
-143 113 951636.7800000557
-143 113 951636.7800000557
-66 22 951636.7800000557
-66 22 951636.7800000557
-20 254 951636.7800000557
-20 254 951636.7800000557
-92 111 951636.7800000557
-92 111 951636.7800000557
-137 106 951636.7800000557
-137 106 951636.7800000557
-150 228 951636.7800000557
-150 228 951636.7800000557
-51 152 951636.7800000557
-51 152 951636.7800000557
-138 206 951636.7800000557
-138 206 951636.7800000557
-143 267 951636.7800000557
-143 267 951636.7800000557
-136 164 951636.7800000557
-136 164 951636.7800000557
31 334 951636.7800000557
-56 86 951636.7800000557
-56 86 951636.7800000557
-34 58 951636.7800000557
-34 58 951636.7800000557
-93 93 951636.7800000557
-93 93 951636.7800000557
-73 26 951636.7800000557
-73 26 951636.7800000557
131 381 951636.7800000557
-85 270 951636.7800000557
-85 270 951636.7800000557
-108 75 951636.7800000557
-108 75 951636.7800000557
-60 255 951636.7800000557
-60 255 951636.7800000557
-103 130 951636.7800000557
-103 130 951636.7800000557
62 350 951636.7800000557
-72 208 951636.7800000557
-72 208 951636.7800000557
-135 145 951636.7800000557
-135 145 951636.7800000557
146 455 951636.7800000557
36 349 951636.7800000557
-60 82 951636.7800000557
-60 82 951636.7800000557
-115 31 951636.7800000557
-115 31 951636.7800000557
24 419 951636.7800000557
-138 88 951636.7800000557
-138 88 951636.7800000557
-138 263 951636.7800000557
-138 263 951636.7800000557
22 376 951636.7800000557
-132 11 951636.7800000557
-132 11 951636.7800000557
-70 276 951636.7800000557
-70 276 951636.7800000557
42 466 951636.7800000557
109 462 951636.7800000557
-107 120 951636.7800000557
-107 120 951636.7800000557
-71 181 951636.7800000557
-71 181 951636.7800000557
15 340 951636.7800000557
-17 44 951636.7800000557
-17 44 951636.7800000557
-116 103 951636.7800000557
-116 103 951636.7800000557
-107 192 951636.7800000557
-107 192 951636.7800000557
46 331 951636.7800000557
-14 51 951636.7800000557
-14 51 951636.7800000557
-155 53 951636.7800000557
-155 53 951636.7800000557
-25 19 951636.7800000557
-25 19 951636.7800000557
-132 189 951636.7800000557
-132 189 951636.7800000557
-126 75 951636.7800000557
-126 75 951636.7800000557
-96 123 951636.7800000557
-96 123 951636.7800000557
105 378 951636.7800000557
-79 61 951636.7800000557
-79 61 951636.7800000557
34 424 951636.7800000557
-148 303 951636.7800000557
-148 -10 951636.7800000557
-148 303 951636.7800000557
-148 -10 951636.7800000557
-28 181 951636.7800000557
-28 181 951636.7800000557
-145 0 951636.7800000557
-145 0 951636.7800000557
49 429 951636.7800000557
-104 279 951636.7800000557
-104 279 951636.7800000557
-151 178 951636.7800000557
-151 178 951636.7800000557
0 364 951636.7800000557
-117 258 951636.7800000557
-117 258 951636.7800000557
91 413 951636.7800000557
72 360 951636.7800000557
-88 252 951636.7800000557
-88 252 951636.7800000557
95 451 951636.7800000557
98 395 951636.7800000557
70 447 951636.7800000557
-114 137 951636.7800000557
-114 137 951636.7800000557
-92 233 951636.7800000557
-92 233 951636.7800000557
126 460 951636.7800000557
-39 221 951636.7800000557
-39 221 951636.7800000557
114 401 951636.7800000557
-64 115 951636.7800000557
-64 115 951636.7800000557
-55 111 951636.7800000557
-55 111 951636.7800000557
7 344 951636.7800000557
79 412 951636.7800000557
122 365 951636.7800000557
-8.970000000000027 10.930000000000037 951636.7800000557
-8.970000000000027 10.930000000000037 951636.7800000557
-8.930000000000064 10.890000000000082 951636.7800000557
-8.930000000000064 10.890000000000082 951636.7800000557
-8.8900000000001 10.85000000000011 951636.7800000557
-8.8900000000001 10.85000000000011 951636.7800000557
-8.870000000000118 10.830000000000146 951636.7800000557
-8.870000000000118 10.830000000000146 951636.7800000557
-8.830000000000155 10.790000000000164 951636.7800000557
-8.830000000000155 10.790000000000164 951636.7800000557
-8.77000000000021 10.730000000000201 951636.7800000557
-8.77000000000021 10.730000000000201 951636.7800000557
-8.760000000000218 10.700000000000198 951636.7800000557
-8.760000000000218 10.700000000000198 951636.7800000557
-8.720000000000255 10.660000000000226 951636.7800000557
-8.720000000000255 10.660000000000226 951636.7800000557
-8.700000000000273 10.640000000000262 951636.7800000557
-8.700000000000273 10.640000000000262 951636.7800000557
-8.640000000000327 10.58000000000029 951636.7800000557
-8.640000000000327 10.58000000000029 951636.7800000557
-8.570000000000391 10.510000000000279 951636.7800000557
-8.570000000000391 10.510000000000279 951636.7800000557
-8.55000000000041 10.490000000000284 951636.7800000557
-8.55000000000041 10.490000000000284 951636.7800000557
-8.470000000000482 10.410000000000313 951636.7800000557
-8.470000000000482 10.410000000000313 951636.7800000557
-8.430000000000518 10.370000000000328 951636.7800000557
-8.430000000000518 10.370000000000328 951636.7800000557
-8.410000000000537 10.350000000000355 951636.7800000557
-8.410000000000537 10.350000000000355 951636.7800000557
-8.290000000000646 10.230000000000375 951636.7800000557
-8.290000000000646 10.230000000000375 951636.7800000557
-8.260000000000673 10.200000000000369 951636.7800000557
-8.260000000000673 10.200000000000369 951636.7800000557
-8.22000000000071 10.160000000000396 951636.7800000557
-8.22000000000071 10.160000000000396 951636.7800000557
-8.170000000000755 10.11000000000046 951636.7800000557
-8.170000000000755 10.11000000000046 951636.7800000557
-8.1200000000008 10.060000000000505 951636.7800000557
-8.1200000000008 10.060000000000505 951636.7800000557
-8.090000000000828 10.030000000000523 951636.7800000557
-8.090000000000828 10.030000000000523 951636.7800000557
-8.050000000000864 9.99000000000055 951636.7800000557
-8.050000000000864 9.99000000000055 951636.7800000557
-8.030000000000882 9.970000000000587 951636.7800000557
-8.030000000000882 9.970000000000587 951636.7800000557
-7.940000000000964 9.920000000000597 951636.7800000557
-7.940000000000964 9.920000000000597 951636.7800000557
-7.840000000001055 9.820000000000595 951636.7800000557
-7.840000000001055 9.820000000000595 951636.7800000557
-7.800000000001091 9.780000000000628 951636.7800000557
-7.800000000001091 9.780000000000628 951636.7800000557
-20.950000000000045 217.97000000000003 951636.7800000557
-20.950000000000045 217.97000000000003 951636.7800000557
-7.760000000001128 9.720000000000692 951636.7800000557
-7.760000000001128 9.720000000000692 951636.7800000557
-7.720000000001164 9.680000000000728 951636.7800000557
-7.720000000001164 9.680000000000728 951636.7800000557
-7.690000000001191 9.650000000000755 951636.7800000557
-7.690000000001191 9.650000000000755 951636.7800000557
-7.660000000001219 9.6000000000008 951636.7800000557
-7.660000000001219 9.6000000000008 951636.7800000557
-7.640000000001237 9.580000000000828 951636.7800000557
-7.640000000001237 9.580000000000828 951636.7800000557
-7.600000000001273 9.540000000000855 951636.7800000557
-7.600000000001273 9.540000000000855 951636.7800000557
-7.5800000000012915 9.520000000000882 951636.7800000557
-7.5800000000012915 9.520000000000882 951636.7800000557
-7.540000000001328 9.480000000000901 951636.7800000557
-7.540000000001328 9.480000000000901 951636.7800000557
-7.520000000001346 9.460000000000937 951636.7800000557
-7.520000000001346 9.460000000000937 951636.7800000557
-7.500000000001364 9.440000000000955 951636.7800000557
-7.500000000001364 9.440000000000955 951636.7800000557
-7.430000000001428 9.370000000001001 951636.7800000557
-7.430000000001428 9.370000000001001 951636.7800000557
-7.390000000001464 9.330000000001037 951636.7800000557
-7.390000000001464 9.330000000001037 951636.7800000557
-7.320000000001528 9.260000000001074 951636.7800000557
-7.320000000001528 9.260000000001074 951636.7800000557
-7.290000000001555 9.23000000000108 951636.7800000557
-7.290000000001555 9.23000000000108 951636.7800000557
-7.270000000001573 9.210000000001108 951636.7800000557
-7.270000000001573 9.210000000001108 951636.7800000557
-7.250000000001592 9.190000000001126 951636.7800000557
-7.250000000001592 9.190000000001126 951636.7800000557
-7.190000000001646 9.130000000001154 951636.7800000557
-7.190000000001646 9.130000000001154 951636.7800000557
-7.1600000000016735 9.100000000001142 951636.7800000557
-7.1600000000016735 9.100000000001142 951636.7800000557
-7.140000000001692 9.080000000001169 951636.7800000557
-7.140000000001692 9.080000000001169 951636.7800000557
-7.100000000001728 9.040000000001196 951636.7800000557
-7.100000000001728 9.040000000001196 951636.7800000557
-7.030000000001792 8.970000000001212 951636.7800000557
-7.030000000001792 8.970000000001212 951636.7800000557
-7.01000000000181 8.95000000000123 951636.7800000557
-7.01000000000181 8.95000000000123 951636.7800000557
21.970000000000027 468.97 951636.7800000557
-6.960000000001855 8.900000000001267 951636.7800000557
-6.960000000001855 8.900000000001267 951636.7800000557
-6.940000000001874 8.880000000001294 951636.7800000557
-6.940000000001874 8.880000000001294 951636.7800000557
-6.910000000001901 8.850000000001312 951636.7800000557
-6.910000000001901 8.850000000001312 951636.7800000557
-6.860000000001946 8.800000000001349 951636.7800000557
-6.860000000001946 8.800000000001349 951636.7800000557
-6.79000000000201 8.730000000001386 951636.7800000557
-6.79000000000201 8.730000000001386 951636.7800000557
-6.750000000002046 8.690000000001392 951636.7800000557
-6.750000000002046 8.690000000001392 951636.7800000557
-114.03999999999996 1.9600000000000364 951636.7800000557
-114.03999999999996 1.9600000000000364 951636.7800000557
-6.6300000000021555 8.570000000001457 951636.7800000557
-6.6300000000021555 8.570000000001457 951636.7800000557
-6.57000000000221 8.51000000000149 951636.7800000557
-6.57000000000221 8.51000000000149 951636.7800000557
-6.550000000002228 8.490000000001478 951636.7800000557
-6.550000000002228 8.490000000001478 951636.7800000557
-6.5200000000022555 8.440000000001506 951636.7800000557
-6.5200000000022555 8.440000000001506 951636.7800000557
-6.410000000002356 8.330000000001544 951636.7800000557
-6.410000000002356 8.330000000001544 951636.7800000557
-6.3200000000024374 8.240000000001539 951636.7800000557
-6.3200000000024374 8.240000000001539 951636.7800000557
-6.290000000002465 8.210000000001553 951636.7800000557
-6.290000000002465 8.210000000001553 951636.7800000557
-9.830000000000155 106.99 951636.7800000557
-9.830000000000155 106.99 951636.7800000557
-92.0 6.720000000000255 951636.7800000557
-92.0 6.720000000000255 951636.7800000557
-6.260000000002492 8.18000000000158 951636.7800000557
-6.260000000002492 8.18000000000158 951636.7800000557
-6.230000000002519 8.150000000001608 951636.7800000557
-6.230000000002519 8.150000000001608 951636.7800000557
-7.690000000000282 138.26999999999975 951636.7800000557
-7.690000000000282 138.26999999999975 951636.7800000557
43.720000000000056 323.52000000000044 951636.7800000557
-7.610000000001264 11.790000000000001 951636.7800000557
-7.610000000001264 11.790000000000001 951636.7800000557
-6.590000000002192 8.41000000000156 951636.7800000557
-6.590000000002192 8.41000000000156 951636.7800000557
-6.170000000002574 8.090000000001636 951636.7800000557
-6.170000000002574 8.090000000001636 951636.7800000557
-6.940000000001874 9.000000000001224 951636.7800000557
-6.940000000001874 9.000000000001224 951636.7800000557
-112.91000000000008 311.36999999999966 951636.7800000557
-112.91000000000008 -1.6300000000003365 951636.7800000557
-112.91000000000008 311.36999999999966 951636.7800000557
-112.91000000000008 -1.6300000000003365 951636.7800000557
-56.23999999999978 12.020000000000891 951636.7800000557
-56.23999999999978 12.020000000000891 951636.7800000557
-9.349999999999682 9.850000000000989 951636.7800000557
-9.349999999999682 9.850000000000989 951636.7800000557
-7.760000000001128 9.520000000000891 951636.7800000557
-7.760000000001128 9.520000000000891 951636.7800000557
-99.88000000000011 1.4400000000005093 951636.7800000557
-99.88000000000011 1.4400000000005093 951636.7800000557
45.229999999999954 323.41000000000054 951636.7800000557
39.85000000000023 159.58999999999855 951636.7800000557
93.33000000000017 249.02999999999997 951636.7800000557
-29.30999999999881 311.56999999999584 951636.7800000557
-29.30999999999881 -1.4300000000041564 951636.7800000557
-29.30999999999881 311.56999999999584 951636.7800000557
-29.30999999999881 -1.4300000000041564 951636.7800000557
4.710000000001173 376.24999999999994 951636.7800000557
57.16999999999957 153.96999999999912 951636.7800000557
0.4100000000000093 50.95000000000001 951636.7800000557
50.04999999999999 170.14999999999986 951636.7800000557
25.590000000000092 274.8100000000029 951636.7800000557
16.660000000000082 73.04000000000207 951636.7800000557
4.0099999999999785 134.209999999998 951636.7800000557
5.700000000000006 242.0200000000018 951636.7800000557
53.820000000000036 185.10000000000082 951636.7800000557
28.80999999999997 188.37000000000057 951636.7800000557
73.03000000000155 265.409999999996 951636.7800000557
-79.07000000000176 312.98999999999637 951636.7800000557
-79.07000000000176 -0.010000000003628884 951636.7800000557
-79.07000000000176 312.98999999999637 951636.7800000557
-79.07000000000176 -0.010000000003628884 951636.7800000557
46.43000000000031 171.02999999999997 951636.7800000557
70.68999999999933 233.189999999998 951636.7800000557
-1.640000000003056 189.03999999999996 951636.7800000557
-1.640000000003056 189.03999999999996 951636.7800000557
-6.120000000002619 8.040000000001633 951636.7800000557
-6.120000000002619 8.040000000001633 951636.7800000557
20.01 197.95000000000095 951636.7800000557
4.439999999999991 247.35999999999876 951636.7800000557
64.79 179.91000000000008 951636.7800000557
-10.810000000001992 168.8900000000001 951636.7800000557
-10.810000000001992 168.8900000000001 951636.7800000557
96.05999999999952 320.6800000000021 951636.7800000557
55.30999999999954 168.15000000000077 951636.7800000557
5.129999999999976 280.1500000000008 951636.7800000557
1.0700000000017553 411.46999999999974 951636.7800000557
84.27999999999912 251.03999999999996 951636.7800000557
67.4099999999997 309.8500000000038 951636.7800000557
15.000000000000021 129.06000000000085 951636.7800000557
12.56000000000001 184.66000000000304 951636.7800000557
33.09000000000018 229.68999999999664 951636.7800000557
23.210000000000033 144.08999999999992 951636.7800000557
78.21000000000113 227.53000000000043 951636.7800000557
10.200000000000081 205.71999999999844 951636.7800000557
3.9900000000027376 385.09000000000054 951636.7800000557
56.739999999999654 192.6399999999976 951636.7800000557
29.54000000000024 202.9000000000001 951636.7800000557
31.090000000000327 302.6699999999976 951636.7800000557
28.460000000000072 289.7800000000002 951636.7800000557
32.979999999999805 213.92000000000007 951636.7800000557
40.43000000000031 151.53000000000134 951636.7800000557
-7.810000000001082 9.990000000000604 951636.7800000557
-7.810000000001082 9.990000000000604 951636.7800000557
97.39000000000122 256.10999999999626 951636.7800000557
4.789999999999962 116.05000000000003 951636.7800000557
35.560000000000485 176.84000000000196 951636.7800000557
38.929999999999815 274.930000000001 951636.7800000557
54.30000000000034 240.8800000000001 951636.7800000557
-4.660000000000309 283.25999999999976 951636.7800000557
-4.660000000000309 283.25999999999976 951636.7800000557
50.479999999999905 144.64000000000124 951636.7800000557
35.04999999999979 109.88999999999943 951636.7800000557
-1.420000000001437 303.2199999999989 951636.7800000557
-1.420000000001437 303.2199999999989 951636.7800000557
16.92999999999999 300.4499999999987 951636.7800000557
5.860000000000024 30.759999999999962 951636.7800000557
44.72000000000065 258.0200000000027 951636.7800000557
73.50000000000179 297.1600000000044 951636.7800000557
6.330000000000014 72.83000000000094 951636.7800000557
2.8299999999990746 258.9899999999982 951636.7800000557
59.710000000000655 262.5099999999977 951636.7800000557
64.10000000000005 220.01999999999998 951636.7800000557
6.109999999999976 49.95000000000001 951636.7800000557
6.849999999999982 296.85000000000014 951636.7800000557
17.0899999999997 278.97000000000094 951636.7800000557
43.329999999999934 192.5299999999977 951636.7800000557
1.220000000001619 444.18000000000075 951636.7800000557
-6.110000000002628 8.030000000001621 951636.7800000557
-6.110000000002628 8.030000000001621 951636.7800000557
23.020000000000316 129.48000000000138 951636.7800000557
49.42999999999932 291.01 951636.7800000557
103.73000000000037 294.73000000000206 951636.7800000557
23.499999999999766 211.83999999999833 951636.7800000557
87.02999999999899 243.810000000002 951636.7800000557
0.5300000000022465 429.47000000000025 951636.7800000557
40.78000000000024 131.92000000000007 951636.7800000557
43.589999999999286 221.08999999999992 951636.7800000557
18.699999999999484 159.31999999999698 951636.7800000557
11.139999999999997 226.9200000000019 951636.7800000557
17.740000000000187 246.0799999999972 951636.7800000557
87.85999999999942 261.1599999999944 951636.7800000557
22.819999999999816 103.35999999999865 951636.7800000557
65.20000000000061 259.6800000000003 951636.7800000557
5.409999999999949 96.86999999999891 951636.7800000557
58.71999999999986 208.74000000000206 951636.7800000557
6.119999999999997 62.56000000000009 951636.7800000557
334 131 951636.7800000557
334 444 951636.7800000557
347 226 951636.7800000557
347 226 951636.7800000557
281 363 951636.7800000557
281 363 951636.7800000557
454 240 951636.7800000557
454 240 951636.7800000557
279 443 951636.7800000557
279 443 951636.7800000557
269 400 951636.7800000557
269 400 951636.7800000557
420 159 951636.7800000557
420 159 951636.7800000557
356 389 951636.7800000557
264 440 951636.7800000557
264 440 951636.7800000557
402 218 951636.7800000557
402 218 951636.7800000557
447 276 951636.7800000557
447 276 951636.7800000557
448 279 951636.7800000557
448 279 951636.7800000557
373 395 951636.7800000557
464 254 951636.7800000557
464 254 951636.7800000557
377 220 951636.7800000557
377 220 951636.7800000557
384 338 951636.7800000557
419 153 951636.7800000557
419 466 951636.7800000557
368 153 951636.7800000557
368 466 951636.7800000557
355 365 951636.7800000557
442 183 951636.7800000557
442 183 951636.7800000557
402 255 951636.7800000557
402 255 951636.7800000557
423 212 951636.7800000557
423 212 951636.7800000557
325 243 951636.7800000557
325 243 951636.7800000557
201 446 951636.7800000557
201 446 951636.7800000557
273 339 951636.7800000557
273 339 951636.7800000557
318 363 951636.7800000557
352 353 951636.7800000557
363 146 951636.7800000557
363 459 951636.7800000557
210 353 951636.7800000557
210 353 951636.7800000557
351 276 951636.7800000557
351 276 951636.7800000557
199 423 951636.7800000557
199 423 951636.7800000557
377 260 951636.7800000557
377 260 951636.7800000557
443 426 951636.7800000557
164 391 951636.7800000557
164 391 951636.7800000557
276 389 951636.7800000557
276 389 951636.7800000557
449 283 951636.7800000557
449 283 951636.7800000557
326 188 951636.7800000557
326 188 951636.7800000557
356 190 951636.7800000557
356 190 951636.7800000557
379 134 951636.7800000557
379 447 951636.7800000557
446 367 951636.7800000557
224 394 951636.7800000557
224 394 951636.7800000557
436 175 951636.7800000557
436 175 951636.7800000557
146 322 951636.7800000557
459 322 951636.7800000557
234 337 951636.7800000557
234 337 951636.7800000557
328 355 951636.7800000557
460 143 951636.7800000557
460 456 951636.7800000557
267 415 951636.7800000557
267 415 951636.7800000557
385 422 951636.7800000557
345 214 951636.7800000557
345 214 951636.7800000557
409 145 951636.7800000557
409 458 951636.7800000557
438 228 951636.7800000557
438 228 951636.7800000557
299 407 951636.7800000557
299 407 951636.7800000557
361 261 951636.7800000557
361 261 951636.7800000557
336 144 951636.7800000557
336 457 951636.7800000557
457 444 951636.7800000557
455 254 951636.7800000557
455 254 951636.7800000557
444 368 951636.7800000557
156 337 951636.7800000557
469 337 951636.7800000557
430 182 951636.7800000557
430 182 951636.7800000557
366 169 951636.7800000557
366 169 951636.7800000557
408 243 951636.7800000557
408 243 951636.7800000557
411 142 951636.7800000557
411 455 951636.7800000557
328 382 951636.7800000557
365 379 951636.7800000557
207 469 951636.7800000557
207 469 951636.7800000557
138 340 951636.7800000557
451 340 951636.7800000557
354 158 951636.7800000557
354 158 951636.7800000557
203 428 951636.7800000557
203 428 951636.7800000557
338 210 951636.7800000557
338 210 951636.7800000557
382 401 951636.7800000557
169 315 951636.7800000557
169 315 951636.7800000557
361 353 951636.7800000557
379 349 951636.7800000557
329 130 951636.7800000557
329 443 951636.7800000557
163 340 951636.7800000557
163 340 951636.7800000557
463 397 951636.7800000557
198 452 951636.7800000557
198 452 951636.7800000557
413 337 951636.7800000557
209 346 951636.7800000557
209 346 951636.7800000557
185 357 951636.7800000557
185 357 951636.7800000557
442 346 951636.7800000557
399 251 951636.7800000557
399 251 951636.7800000557
162 327 951636.7800000557
162 327 951636.7800000557
192 461 951636.7800000557
192 461 951636.7800000557
158 375 951636.7800000557
158 375 951636.7800000557
366 124 951636.7800000557
366 437 951636.7800000557
338 278 951636.7800000557
338 278 951636.7800000557
189 390 951636.7800000557
189 390 951636.7800000557
226 367 951636.7800000557
226 367 951636.7800000557
355 132 951636.7800000557
355 445 951636.7800000557
405 411 951636.7800000557
418 181 951636.7800000557
418 181 951636.7800000557
280 344 951636.7800000557
280 344 951636.7800000557
197 417 951636.7800000557
197 417 951636.7800000557
333 199 951636.7800000557
333 199 951636.7800000557
237 463 951636.7800000557
237 463 951636.7800000557
400 197 951636.7800000557
400 197 951636.7800000557
187 342 951636.7800000557
187 342 951636.7800000557
183 347 951636.7800000557
183 347 951636.7800000557
351 179 951636.7800000557
351 179 951636.7800000557
446 363 951636.7800000557
237 439 951636.7800000557
237 439 951636.7800000557
253 353 951636.7800000557
253 353 951636.7800000557
431 138 951636.7800000557
431 451 951636.7800000557
361 171 951636.7800000557
361 171 951636.7800000557
432 258 951636.7800000557
432 258 951636.7800000557
402 246 951636.7800000557
402 246 951636.7800000557
319 244 951636.7800000557
319 244 951636.7800000557
432 389 951636.7800000557
332 280 951636.7800000557
332 280 951636.7800000557
185 409 951636.7800000557
185 409 951636.7800000557
426 175 951636.7800000557
426 175 951636.7800000557
221 368 951636.7800000557
221 368 951636.7800000557
403 371 951636.7800000557
284 422 951636.7800000557
284 422 951636.7800000557
266 446 951636.7800000557
266 446 951636.7800000557
437 348 951636.7800000557
190 433 951636.7800000557
190 433 951636.7800000557
240 357 951636.7800000557
240 357 951636.7800000557
341 290 951636.7800000557
341 290 951636.7800000557
412 138 951636.7800000557
412 451 951636.7800000557
181 447 951636.7800000557
181 447 951636.7800000557
285 386 951636.7800000557
285 386 951636.7800000557
372 387 951636.7800000557
170 426 951636.7800000557
170 426 951636.7800000557
247 335 951636.7800000557
247 335 951636.7800000557
467 163 951636.7800000557
467 163 951636.7800000557
221 424 951636.7800000557
221 424 951636.7800000557
176 419 951636.7800000557
176 419 951636.7800000557
262 465 951636.7800000557
262 465 951636.7800000557
344 334 951636.7800000557
453 218 951636.7800000557
453 218 951636.7800000557
257 399 951636.7800000557
257 399 951636.7800000557
399 178 951636.7800000557
399 178 951636.7800000557
279 371 951636.7800000557
279 371 951636.7800000557
341 203 951636.7800000557
341 203 951636.7800000557
369 241 951636.7800000557
369 241 951636.7800000557
220 406 951636.7800000557
220 406 951636.7800000557
240 339 951636.7800000557
240 339 951636.7800000557
444 381 951636.7800000557
205 388 951636.7800000557
205 388 951636.7800000557
375 180 951636.7800000557
375 180 951636.7800000557
418 174 951636.7800000557
418 174 951636.7800000557
210 443 951636.7800000557
210 443 951636.7800000557
375 350 951636.7800000557
178 458 951636.7800000557
178 458 951636.7800000557
453 160 951636.7800000557
453 160 951636.7800000557
459 142 951636.7800000557
459 455 951636.7800000557
449 172 951636.7800000557
449 172 951636.7800000557
152 363 951636.7800000557
465 363 951636.7800000557
349 349 951636.7800000557
253 395 951636.7800000557
253 395 951636.7800000557
371 211 951636.7800000557
371 211 951636.7800000557
198 344 951636.7800000557
198 344 951636.7800000557
342 189 951636.7800000557
342 189 951636.7800000557
385 231 951636.7800000557
385 231 951636.7800000557
337 106 951636.7800000557
337 419 951636.7800000557
175 401 951636.7800000557
175 401 951636.7800000557
383 261 951636.7800000557
383 261 951636.7800000557
390 165 951636.7800000557
390 165 951636.7800000557
335 376 951636.7800000557
181 324 951636.7800000557
181 324 951636.7800000557
355 153 951636.7800000557
355 466 951636.7800000557
467 313 951636.7800000557
422 149 951636.7800000557
422 462 951636.7800000557
457 290 951636.7800000557
457 290 951636.7800000557
206 433 951636.7800000557
206 433 951636.7800000557
328 340 951636.7800000557
363 170 951636.7800000557
363 170 951636.7800000557
296 357 951636.7800000557
296 357 951636.7800000557
197 416 951636.7800000557
197 416 951636.7800000557
359 331 951636.7800000557
299 364 951636.7800000557
299 364 951636.7800000557
158 366 951636.7800000557
158 366 951636.7800000557
288 332 951636.7800000557
288 332 951636.7800000557
187 388 951636.7800000557
187 388 951636.7800000557
424 180 951636.7800000557
424 180 951636.7800000557
427 215 951636.7800000557
427 215 951636.7800000557
217 436 951636.7800000557
217 436 951636.7800000557
389 228 951636.7800000557
389 228 951636.7800000557
418 378 951636.7800000557
234 374 951636.7800000557
234 374 951636.7800000557
347 111 951636.7800000557
347 424 951636.7800000557
353 221 951636.7800000557
353 221 951636.7800000557
362 116 951636.7800000557
362 429 951636.7800000557
410 176 951636.7800000557
410 176 951636.7800000557
463 280 951636.7800000557
463 280 951636.7800000557
313 364 951636.7800000557
421 206 951636.7800000557
421 206 951636.7800000557
404 413 951636.7800000557
376 260 951636.7800000557
376 260 951636.7800000557
385 360 951636.7800000557
422 252 951636.7800000557
422 252 951636.7800000557
408 252 951636.7800000557
408 252 951636.7800000557
408 138 951636.7800000557
408 451 951636.7800000557
466 292 951636.7800000557
466 292 951636.7800000557
411 395 951636.7800000557
406 249 951636.7800000557
406 249 951636.7800000557
443 168 951636.7800000557
443 168 951636.7800000557
383 134 951636.7800000557
383 447 951636.7800000557
199 450 951636.7800000557
199 450 951636.7800000557
439 147 951636.7800000557
439 460 951636.7800000557
359 291 951636.7800000557
359 291 951636.7800000557
368 190 951636.7800000557
368 190 951636.7800000557
464 157 951636.7800000557
464 157 951636.7800000557
427 401 951636.7800000557
249 428 951636.7800000557
249 428 951636.7800000557
258 424 951636.7800000557
258 424 951636.7800000557
320 344 951636.7800000557
392 412 951636.7800000557
435 365 951636.7800000557
367 186 951636.7800000557
367 186 951636.7800000557
334.97 155.97000000000003 951636.7800000557
334.97 468.97 951636.7800000557
198.96000000000004 314.96000000000004 951636.7800000557
198.96000000000004 314.96000000000004 951636.7800000557
416.0 297.02 951636.7800000557
416.0 297.02 951636.7800000557
326.3700000000006 204.2299999999998 951636.7800000557
326.3700000000006 204.2299999999998 951636.7800000557
303.16999999999985 419.99 951636.7800000557
303.16999999999985 419.99 951636.7800000557
221.0 319.72000000000025 951636.7800000557
221.0 319.72000000000025 951636.7800000557
305.3099999999997 451.26999999999975 951636.7800000557
305.3099999999997 451.26999999999975 951636.7800000557
356.72 323.52000000000044 951636.7800000557
305.38999999999874 324.79 951636.7800000557
305.38999999999874 324.79 951636.7800000557
306.4099999999978 321.41000000000156 951636.7800000557
306.4099999999978 321.41000000000156 951636.7800000557
168.9999999999991 311.6800000000012 951636.7800000557
306.0599999999981 322.00000000000125 951636.7800000557
306.0599999999981 322.00000000000125 951636.7800000557
322.1000000000017 228.96000000000004 951636.7800000557
322.1000000000017 228.96000000000004 951636.7800000557
318.21000000000066 297.2299999999998 951636.7800000557
318.21000000000066 297.2299999999998 951636.7800000557
256.7600000000002 325.0200000000009 951636.7800000557
256.7600000000002 325.0200000000009 951636.7800000557
329.85999999999996 300.91999999999825 951636.7800000557
329.85999999999996 300.91999999999825 951636.7800000557
303.6500000000003 322.850000000001 951636.7800000557
303.6500000000003 322.850000000001 951636.7800000557
113.41000000000021 173.73000000000116 951636.7800000557
341.89 301.109999999999 951636.7800000557
341.89 301.109999999999 951636.7800000557
305.2399999999989 322.5200000000009 951636.7800000557
305.2399999999989 322.5200000000009 951636.7800000557
228.4400000000005 277.0599999999981 951636.7800000557
213.1199999999999 314.4400000000005 951636.7800000557
213.1199999999999 314.4400000000005 951636.7800000557
358.22999999999996 323.41000000000054 951636.7800000557
133.97000000000094 279.2099999999998 951636.7800000557
105.01 172.97000000000094 951636.7800000557
162.51000000000045 312.8100000000011 951636.7800000557
143.44000000000233 141.92000000000007 951636.7800000557
312.3800000000042 243.76000000000204 951636.7800000557
135.0799999999981 55.29999999999974 951636.7800000557
312.8400000000038 281.3399999999997 951636.7800000557
317.7100000000012 376.24999999999994 951636.7800000557
198.91000000000008 110.01 951636.7800000557
164.94000000000005 280.1399999999999 951636.7800000557
166.9000000000001 142.900000000001 951636.7800000557
190.2199999999998 312.42000000000144 951636.7800000557
240.4500000000005 274.14999999999986 951636.7800000557
148.26999999999884 142.29000000000065 951636.7800000557
98.3900000000002 142.01 951636.7800000557
199.99000000000092 131.3500000000015 951636.7800000557
161.09999999999718 51.74000000000025 951636.7800000557
119.16999999999855 51.11000000000018 951636.7800000557
139.83000000000015 159.1300000000008 951636.7800000557
37.970000000000205 41.38999999999972 951636.7800000557
284.59999999999945 109.5800000000003 951636.7800000557
150.35000000000332 309.5100000000032 951636.7800000557
35.10000000000018 33.960000000000406 951636.7800000557
247.08000000000084 163.98000000000002 951636.7800000557
198.82000000000016 136.98000000000002 951636.7800000557
203.2199999999998 115.06000000000003 951636.7800000557
188.99000000000092 119.94999999999997 951636.7800000557
71.99 111.09000000000107 951636.7800000557
185.19999999999982 95.93999999999997 951636.7800000557
107.29999999999862 214.37999999999784 951636.7800000557
409.0599999999995 320.6800000000021 951636.7800000557
29.00999999999969 18.18999999999956 951636.7800000557
170.56999999999948 278.03 951636.7800000557
107.48000000000025 160.01999999999907 951636.7800000557
24.390000000000374 61.870000000000225 951636.7800000557
296.1899999999962 219.3099999999988 951636.7800000557
206.2199999999998 120.68000000000035 951636.7800000557
314.07000000000176 98.46999999999973 951636.7800000557
314.07000000000176 411.46999999999974 951636.7800000557
268.26999999999884 101.4099999999997 951636.7800000557
57.94000000000041 85.20000000000164 951636.7800000557
169.8900000000001 114.43000000000073 951636.7800000557
213.7499999999966 133.9699999999964 951636.7800000557
109.06000000000003 252.57999999999947 951636.7800000557
232.9999999999991 225.5800000000013 951636.7800000557
163.74000000000024 77.93999999999997 951636.7800000557
103.88999999999943 183.28999999999792 951636.7800000557
252.47999999999956 234.18000000000166 951636.7800000557
275.7799999999984 221.5399999999995 951636.7800000557
213.37999999999965 303.8800000000019 951636.7800000557
154.6499999999994 163.96999999999912 951636.7800000557
316.99000000000274 385.09000000000054 951636.7800000557
149.99 277.9100000000019 951636.7800000557
179.6199999999967 282.0 951636.7800000557
177.95000000000005 145.24999999999977 951636.7800000557
196.9000000000001 104.64000000000033 951636.7800000557
78.27999999999963 99.0 951636.7800000557
382.6399999999998 305.1999999999971 951636.7800000557
382.6399999999998 305.1999999999971 951636.7800000557
95.70999999999934 175.37000000000057 951636.7800000557
218.39999999999964 287.5599999999995 951636.7800000557
98.06000000000157 239.22000000000344 951636.7800000557
109.88000000000045 147.92000000000098 951636.7800000557
221.01999999999998 233.59999999999945 951636.7800000557
263.6299999999985 149.89000000000192 951636.7800000557
158.85000000000014 284.01 951636.7800000557
108.30000000000015 202.98000000000275 951636.7800000557
166.12999999999897 300.770000000002 951636.7800000557
54.11999999999978 123.87999999999994 951636.7800000557
115.15000000000059 91.03000000000155 951636.7800000557
264.06999999999994 125.00999999999898 951636.7800000557
104.84999999999992 63.9899999999995 951636.7800000557
218.02999999999906 123.03000000000002 951636.7800000557
180.4600000000005 132.72000000000116 951636.7800000557
96.39999999999918 80.35999999999916 951636.7800000557
133.52999999999952 47.89000000000042 951636.7800000557
117.5800000000003 184.2999999999979 951636.7800000557
72.45000000000023 49.76999999999945 951636.7800000557
191.85000000000014 150.24999999999795 951636.7800000557
77.11000000000006 163.29000000000156 951636.7800000557
237.91000000000372 183.8499999999974 951636.7800000557
305.1899999999989 322.9900000000006 951636.7800000557
305.1899999999989 322.9900000000006 951636.7800000557
174.19000000000074 87.96999999999998 951636.7800000557
258.6699999999994 185.54999999999586 951636.7800000557
138.34999999999786 173.88999999999828 951636.7800000557
123.97999999999948 230.01999999999816 951636.7800000557
116.9200000000015 214.92000000000007 951636.7800000557
283.0199999999991 163.9400000000046 951636.7800000557
264.61000000000126 135.80999999999744 951636.7800000557
245.78000000000293 113.31999999999914 951636.7800000557
309.20000000000255 257.25999999999976 951636.7800000557
189.58999999999946 79.57000000000131 951636.7800000557
129.71000000000117 55.86999999999983 951636.7800000557
118.99 76.11000000000006 951636.7800000557
295.9200000000019 267.6199999999967 951636.7800000557
150.98000000000002 156.38000000000056 951636.7800000557
222.34999999999877 109.80999999999939 951636.7800000557
64.80999999999939 134.3299999999997 951636.7800000557
287.37999999999784 305.3400000000015 951636.7800000557
205.30999999999972 74.04999999999951 951636.7800000557
198.77999999999838 99.57999999999825 951636.7800000557
233.890000000001 291.29000000000065 951636.7800000557
175.40999999999963 207.22999999999888 951636.7800000557
271.42000000000326 307.7200000000057 951636.7800000557
207.49000000000137 276.2500000000025 951636.7800000557
131.80999999999744 188.0499999999954 951636.7800000557
284.7900000000029 287.89000000000465 951636.7800000557
165.7300000000048 203.5700000000004 951636.7800000557
252.94000000000005 77.63999999999777 951636.7800000557
186.2400000000007 70.05999999999747 951636.7800000557
301.05999999999904 166.94000000000187 951636.7800000557
129.92000000000007 110.73999999999884 951636.7800000557
73.96000000000203 133.94000000000005 951636.7800000557
306.7900000000011 190.109999999999 951636.7800000557
132.49999999999864 69.960000000001 951636.7800000557
188.77999999999474 208.71999999999662 951636.7800000557
246.68999999999573 289.2499999999998 951636.7800000557
314.2200000000016 131.18000000000075 951636.7800000557
314.2200000000016 444.18000000000075 951636.7800000557
129.6100000000058 288.86999999999466 951636.7800000557
118.05000000000003 133.63000000000397 951636.7800000557
306.88999999999737 321.0300000000016 951636.7800000557
306.88999999999737 321.0300000000016 951636.7800000557
157.96000000000004 146.86000000000013 951636.7800000557
48.10999999999958 19.53000000000024 951636.7800000557
256.56999999999675 252.75000000000205 951636.7800000557
208.73999999999842 159.9599999999964 951636.7800000557
242.67000000000212 242.46999999999957 951636.7800000557
254.2500000000025 89.07000000000157 951636.7800000557
40.9900000000002 52.94999999999981 951636.7800000557
224.99000000000274 267.9300000000019 951636.7800000557
68.85000000000146 36.029999999999994 951636.7800000557
142.99000000000092 129.39000000000146 951636.7800000557
285.4399999999996 181.0 951636.7800000557
269.089999999999 173.7700000000002 951636.7800000557
94.80000000000194 106.38000000000326 951636.7800000557
221.45999999999867 94.10000000000056 951636.7800000557
90.11000000000057 217.87000000000012 951636.7800000557
198.1300000000026 242.73000000000206 951636.7800000557
200.1199999999999 308.86000000000195 951636.7800000557
142.59000000000128 291.8499999999983 951636.7800000557
262.18999999999346 267.0699999999963 951636.7800000557
197.74000000000115 289.9999999999991 951636.7800000557
153.1099999999999 293.14999999999895 951636.7800000557
167.5800000000022 266.06000000000085 951636.7800000557
89.19999999999959 57.66000000000007 951636.7800000557
174.60000000000127 104.6399999999993 951636.7800000557
288.43000000000416 249.97000000000367 951636.7800000557
270.2899999999988 88.01000000000052 951636.7800000557
176.8799999999983 259.66000000000304 951636.7800000557
241.08999999999992 206.7900000000011 951636.7800000557
128.94000000000096 166.18000000000166 951636.7800000557
71.12000000000108 86.91999999999945 951636.7800000557
62.15999999999937 72.39999999999918 951636.7800000557
290.169999999998 194.24999999999886 951636.7800000557
313.53000000000225 116.47000000000024 951636.7800000557
313.53000000000225 429.47000000000025 951636.7800000557
195.99 259.5299999999986 951636.7800000557
15.109999999999998 24.149999999999554 951636.7800000557
156.40000000000146 118.89999999999944 951636.7800000557
123.09000000000005 175.12999999999988 951636.7800000557
92.91999999999842 147.91999999999734 951636.7800000557
60.0000000000004 36.820000000000036 951636.7800000557
105.54999999999977 153.28999999999974 951636.7800000557
246.45999999999685 277.7799999999984 951636.7800000557
198.82999999999925 140.70999999999844 951636.7800000557
111.01 180.8699999999992 951636.7800000557
158.9999999999991 63.13999999999977 951636.7800000557
302.0200000000027 141.11999999999716 951636.7800000557
149.86000000000195 48.0000000000004 951636.7800000557
120.02000000000052 259.3999999999987 951636.7800000557
251.98000000000002 175.76000000000022 951636.7800000557
132.26000000000158 272.98000000000275 951636.7800000557
84.6299999999993 178.72999999999934 951636.7800000557
153.82999999999743 253.3500000000006 951636.7800000557
224.29000000000065 251.8900000000001 951636.7800000557
141.56999999999857 214.23000000000343 951636.7800000557
278.00000000000364 199.29999999999882 951636.7800000557
73.07000000000106 21.48999999999945 951636.7800000557
49.35999999999973 40.23999999999995 951636.7800000557
163.06999999999903 176.6700000000012 951636.7800000557
16.96000000000013 42.379999999999924 951636.7800000557
183.46999999999775 186.53000000000225 951636.7800000557
241.34999999999695 299.0699999999963 951636.7800000557
52.74999999999985 63.949999999998994 951636.7800000557
210.54000000000406 224.6000000000049 951636.7800000557
158.46000000000322 185.51999999999498 951636.7800000557
232.72999999999934 308.29000000000065 951636.7800000557
233.05999999999904 269.64000000000124 951636.7800000557
85.25999999999911 197.41999999999962 951636.7800000557
147.55000000000223 87.47000000000178 951636.7800000557
209.22999999999706 191.97000000000003 951636.7800000557
101.65000000000136 133.87000000000376 951636.7800000557
92.17000000000009 95.90999999999893 951636.7800000557
246.7800000000011 262.9800000000009 951636.7800000557
281.219999999998 131.03999999999905 951636.7800000557
140.33000000000152 254.12999999999988 951636.7800000557
257.50999999999954 158.6499999999994 951636.7800000557
235.88000000000102 147.98000000000184 951636.7800000557
299.02 91.41999999999868 951636.7800000557
92.00999999999847 134.67000000000303 951636.7800000557
225.62999999999852 80.58999999999979 951636.7800000557
315.34000000000333 297.5199999999995 951636.7800000557
315.34000000000333 297.5199999999995 951636.7800000557
264.95000000000005 228.08999999999992 951636.7800000557
49.04999999999999 112.10999999999801 951636.7800000557
165.6299999999976 229.60999999999854 951636.7800000557
178.28999999999883 165.6499999999985 951636.7800000557
183.70000000000118 308.98000000000275 951636.7800000557
231.66000000000395 166.05999999999813 951636.7800000557
236.98000000000002 127.7600000000009 951636.7800000557
257.97 110.84999999999992 951636.7800000557
319.01000000000016 297.2499999999998 951636.7800000557
319.01000000000016 297.2499999999998 951636.7800000557
140.98000000000002 239.54000000000042 951636.7800000557
40.14000000000057 79.34000000000171 951636.7800000557
126.85000000000043 147.50999999999954 951636.7800000557
301.42000000000144 108.98000000000101 951636.7800000557
34 -87 951636.7800000557
347 -87 951636.7800000557
34 -87 951636.7800000557
347 -87 951636.7800000557
-32 -263 951636.7800000557
-32 -263 951636.7800000557
141 -73 951636.7800000557
454 -73 951636.7800000557
141 -73 951636.7800000557
454 -73 951636.7800000557
-34 -183 951636.7800000557
-34 -183 951636.7800000557
-44 -226 951636.7800000557
-44 -226 951636.7800000557
107 -154 951636.7800000557
420 -154 951636.7800000557
107 -154 951636.7800000557
420 -154 951636.7800000557
255 -50 951636.7800000557
255 -50 951636.7800000557
215 -83 951636.7800000557
215 -83 951636.7800000557
183 -108 951636.7800000557
183 -108 951636.7800000557
258 -132 951636.7800000557
258 -132 951636.7800000557
-49 -186 951636.7800000557
-49 -186 951636.7800000557
89 -95 951636.7800000557
402 -95 951636.7800000557
89 -95 951636.7800000557
402 -95 951636.7800000557
134 -37 951636.7800000557
447 -37 951636.7800000557
134 -37 951636.7800000557
447 -37 951636.7800000557
135 -34 951636.7800000557
448 -34 951636.7800000557
135 -34 951636.7800000557
448 -34 951636.7800000557
201 -68 951636.7800000557
201 -68 951636.7800000557
252 -137 951636.7800000557
252 -137 951636.7800000557
199 -24 951636.7800000557
199 -24 951636.7800000557
151 -59 951636.7800000557
464 -59 951636.7800000557
151 -59 951636.7800000557
464 -59 951636.7800000557
64 -93 951636.7800000557
377 -93 951636.7800000557
64 -93 951636.7800000557
377 -93 951636.7800000557
384 25 951636.7800000557
355 52 951636.7800000557
129 -130 951636.7800000557
442 -130 951636.7800000557
129 -130 951636.7800000557
442 -130 951636.7800000557
298 -49 951636.7800000557
-15 -49 951636.7800000557
298 -49 951636.7800000557
-15 -49 951636.7800000557
89 -58 951636.7800000557
402 -58 951636.7800000557
89 -58 951636.7800000557
402 -58 951636.7800000557
110 -101 951636.7800000557
423 -101 951636.7800000557
110 -101 951636.7800000557
423 -101 951636.7800000557
12 -70 951636.7800000557
325 -70 951636.7800000557
12 -70 951636.7800000557
325 -70 951636.7800000557
235 -21 951636.7800000557
235 -21 951636.7800000557
-40 -287 951636.7800000557
-40 -287 951636.7800000557
318 50 951636.7800000557
232 -86 951636.7800000557
232 -86 951636.7800000557
352 40 951636.7800000557
-103 -273 951636.7800000557
-103 -273 951636.7800000557
38 -37 951636.7800000557
351 -37 951636.7800000557
38 -37 951636.7800000557
351 -37 951636.7800000557
64 -53 951636.7800000557
377 -53 951636.7800000557
64 -53 951636.7800000557
377 -53 951636.7800000557
-37 -237 951636.7800000557
-37 -237 951636.7800000557
136 -30 951636.7800000557
449 -30 951636.7800000557
136 -30 951636.7800000557
449 -30 951636.7800000557
13 -125 951636.7800000557
326 -125 951636.7800000557
13 -125 951636.7800000557
326 -125 951636.7800000557
43 -123 951636.7800000557
356 -123 951636.7800000557
43 -123 951636.7800000557
356 -123 951636.7800000557
232 -42 951636.7800000557
232 -42 951636.7800000557
446 54 951636.7800000557
248 -149 951636.7800000557
248 -149 951636.7800000557
-89 -232 951636.7800000557
-89 -232 951636.7800000557
123 -138 951636.7800000557
436 -138 951636.7800000557
123 -138 951636.7800000557
436 -138 951636.7800000557
459 9 951636.7800000557
-79 -289 951636.7800000557
-79 -289 951636.7800000557
328 42 951636.7800000557
218 -26 951636.7800000557
218 -26 951636.7800000557
-46 -211 951636.7800000557
-46 -211 951636.7800000557
176 -31 951636.7800000557
176 -31 951636.7800000557
32 -99 951636.7800000557
345 -99 951636.7800000557
32 -99 951636.7800000557
345 -99 951636.7800000557
125 -85 951636.7800000557
438 -85 951636.7800000557
125 -85 951636.7800000557
438 -85 951636.7800000557
-14 -219 951636.7800000557
-14 -219 951636.7800000557
48 -52 951636.7800000557
361 -52 951636.7800000557
48 -52 951636.7800000557
361 -52 951636.7800000557
241 -39 951636.7800000557
241 -39 951636.7800000557
170 -35 951636.7800000557
170 -35 951636.7800000557
162 -133 951636.7800000557
162 -133 951636.7800000557
142 -59 951636.7800000557
455 -59 951636.7800000557
142 -59 951636.7800000557
455 -59 951636.7800000557
444 55 951636.7800000557
229 -38 951636.7800000557
229 -38 951636.7800000557
469 24 951636.7800000557
117 -131 951636.7800000557
430 -131 951636.7800000557
117 -131 951636.7800000557
430 -131 951636.7800000557
53 -144 951636.7800000557
366 -144 951636.7800000557
53 -144 951636.7800000557
366 -144 951636.7800000557
95 -70 951636.7800000557
408 -70 951636.7800000557
95 -70 951636.7800000557
408 -70 951636.7800000557
213 -7 951636.7800000557
213 -7 951636.7800000557
365 66 951636.7800000557
282 -115 951636.7800000557
-31 -115 951636.7800000557
282 -115 951636.7800000557
-31 -115 951636.7800000557
451 27 951636.7800000557
41 -155 951636.7800000557
354 -155 951636.7800000557
41 -155 951636.7800000557
354 -155 951636.7800000557
248 -49 951636.7800000557
248 -49 951636.7800000557
25 -103 951636.7800000557
338 -103 951636.7800000557
25 -103 951636.7800000557
338 -103 951636.7800000557
361 40 951636.7800000557
379 36 951636.7800000557
463 84 951636.7800000557
413 24 951636.7800000557
-104 -280 951636.7800000557
-104 -280 951636.7800000557
288 -20 951636.7800000557
288 -20 951636.7800000557
442 33 951636.7800000557
86 -62 951636.7800000557
399 -62 951636.7800000557
86 -62 951636.7800000557
399 -62 951636.7800000557
171 -109 951636.7800000557
171 -109 951636.7800000557
236 -149 951636.7800000557
236 -149 951636.7800000557
288 -120 951636.7800000557
-25 -120 951636.7800000557
288 -120 951636.7800000557
-25 -120 951636.7800000557
25 -35 951636.7800000557
338 -35 951636.7800000557
25 -35 951636.7800000557
338 -35 951636.7800000557
-87 -259 951636.7800000557
-87 -259 951636.7800000557
105 -132 951636.7800000557
418 -132 951636.7800000557
105 -132 951636.7800000557
418 -132 951636.7800000557
-33 -282 951636.7800000557
-33 -282 951636.7800000557
20 -114 951636.7800000557
333 -114 951636.7800000557
20 -114 951636.7800000557
333 -114 951636.7800000557
87 -116 951636.7800000557
400 -116 951636.7800000557
87 -116 951636.7800000557
400 -116 951636.7800000557
257 -155 951636.7800000557
-56 -155 951636.7800000557
257 -155 951636.7800000557
-56 -155 951636.7800000557
38 -134 951636.7800000557
351 -134 951636.7800000557
38 -134 951636.7800000557
351 -134 951636.7800000557
165 -33 951636.7800000557
165 -33 951636.7800000557
446 50 951636.7800000557
159 -29 951636.7800000557
159 -29 951636.7800000557
-60 -273 951636.7800000557
-60 -273 951636.7800000557
252 -77 951636.7800000557
252 -77 951636.7800000557
48 -142 951636.7800000557
361 -142 951636.7800000557
48 -142 951636.7800000557
361 -142 951636.7800000557
119 -55 951636.7800000557
432 -55 951636.7800000557
119 -55 951636.7800000557
432 -55 951636.7800000557
89 -67 951636.7800000557
402 -67 951636.7800000557
89 -67 951636.7800000557
402 -67 951636.7800000557
6 -69 951636.7800000557
319 -69 951636.7800000557
6 -69 951636.7800000557
319 -69 951636.7800000557
432 76 951636.7800000557
19 -33 951636.7800000557
332 -33 951636.7800000557
19 -33 951636.7800000557
332 -33 951636.7800000557
113 -138 951636.7800000557
426 -138 951636.7800000557
113 -138 951636.7800000557
426 -138 951636.7800000557
268 -139 951636.7800000557
-45 -139 951636.7800000557
268 -139 951636.7800000557
-45 -139 951636.7800000557
-92 -258 951636.7800000557
-92 -258 951636.7800000557
403 58 951636.7800000557
245 -71 951636.7800000557
245 -71 951636.7800000557
282 -144 951636.7800000557
-31 -144 951636.7800000557
282 -144 951636.7800000557
-31 -144 951636.7800000557
265 -85 951636.7800000557
265 -85 951636.7800000557
-29 -204 951636.7800000557
-29 -204 951636.7800000557
242 -24 951636.7800000557
242 -24 951636.7800000557
-47 -180 951636.7800000557
-47 -180 951636.7800000557
437 35 951636.7800000557
-73 -269 951636.7800000557
-73 -269 951636.7800000557
28 -23 951636.7800000557
341 -23 951636.7800000557
28 -23 951636.7800000557
341 -23 951636.7800000557
-28 -240 951636.7800000557
-28 -240 951636.7800000557
372 74 951636.7800000557
238 -18 951636.7800000557
238 -18 951636.7800000557
-66 -291 951636.7800000557
-66 -291 951636.7800000557
154 -150 951636.7800000557
467 -150 951636.7800000557
154 -150 951636.7800000557
467 -150 951636.7800000557
293 -59 951636.7800000557
-20 -59 951636.7800000557
293 -59 951636.7800000557
-20 -59 951636.7800000557
163 -85 951636.7800000557
163 -85 951636.7800000557
-51 -161 951636.7800000557
-51 -161 951636.7800000557
175 -107 951636.7800000557
175 -107 951636.7800000557
170 -46 951636.7800000557
170 -46 951636.7800000557
177 -149 951636.7800000557
177 -149 951636.7800000557
344 21 951636.7800000557
140 -95 951636.7800000557
453 -95 951636.7800000557
140 -95 951636.7800000557
453 -95 951636.7800000557
-56 -227 951636.7800000557
-56 -227 951636.7800000557
86 -135 951636.7800000557
399 -135 951636.7800000557
86 -135 951636.7800000557
399 -135 951636.7800000557
-34 -255 951636.7800000557
-34 -255 951636.7800000557
28 -110 951636.7800000557
341 -110 951636.7800000557
28 -110 951636.7800000557
341 -110 951636.7800000557
56 -72 951636.7800000557
369 -72 951636.7800000557
56 -72 951636.7800000557
369 -72 951636.7800000557
-73 -287 951636.7800000557
-73 -287 951636.7800000557
444 68 951636.7800000557
228 -43 951636.7800000557
228 -43 951636.7800000557
62 -133 951636.7800000557
375 -133 951636.7800000557
62 -133 951636.7800000557
375 -133 951636.7800000557
253 -58 951636.7800000557
253 -58 951636.7800000557
105 -139 951636.7800000557
418 -139 951636.7800000557
105 -139 951636.7800000557
418 -139 951636.7800000557
375 37 951636.7800000557
241 -105 951636.7800000557
241 -105 951636.7800000557
140 -153 951636.7800000557
453 -153 951636.7800000557
140 -153 951636.7800000557
453 -153 951636.7800000557
136 -141 951636.7800000557
449 -141 951636.7800000557
136 -141 951636.7800000557
449 -141 951636.7800000557
465 50 951636.7800000557
349 36 951636.7800000557
-60 -231 951636.7800000557
-60 -231 951636.7800000557
58 -102 951636.7800000557
371 -102 951636.7800000557
58 -102 951636.7800000557
371 -102 951636.7800000557
29 -124 951636.7800000557
342 -124 951636.7800000557
29 -124 951636.7800000557
342 -124 951636.7800000557
72 -82 951636.7800000557
385 -82 951636.7800000557
72 -82 951636.7800000557
385 -82 951636.7800000557
70 -52 951636.7800000557
383 -52 951636.7800000557
70 -52 951636.7800000557
383 -52 951636.7800000557
77 -148 951636.7800000557
390 -148 951636.7800000557
77 -148 951636.7800000557
390 -148 951636.7800000557
175 -50 951636.7800000557
175 -50 951636.7800000557
335 63 951636.7800000557
243 -37 951636.7800000557
243 -37 951636.7800000557
467 0 951636.7800000557
144 -23 951636.7800000557
457 -23 951636.7800000557
144 -23 951636.7800000557
457 -23 951636.7800000557
242 -132 951636.7800000557
242 -132 951636.7800000557
328 27 951636.7800000557
50 -143 951636.7800000557
363 -143 951636.7800000557
50 -143 951636.7800000557
363 -143 951636.7800000557
-17 -269 951636.7800000557
-17 -269 951636.7800000557
206 -121 951636.7800000557
206 -121 951636.7800000557
359 18 951636.7800000557
-14 -262 951636.7800000557
-14 -262 951636.7800000557
-25 -294 951636.7800000557
-25 -294 951636.7800000557
181 -124 951636.7800000557
181 -124 951636.7800000557
111 -133 951636.7800000557
424 -133 951636.7800000557
111 -133 951636.7800000557
424 -133 951636.7800000557
114 -98 951636.7800000557
427 -98 951636.7800000557
114 -98 951636.7800000557
427 -98 951636.7800000557
76 -85 951636.7800000557
389 -85 951636.7800000557
76 -85 951636.7800000557
389 -85 951636.7800000557
418 65 951636.7800000557
-79 -252 951636.7800000557
-79 -252 951636.7800000557
165 -10 951636.7800000557
165 -10 951636.7800000557
285 -132 951636.7800000557
-28 -132 951636.7800000557
285 -132 951636.7800000557
-28 -132 951636.7800000557
40 -92 951636.7800000557
353 -92 951636.7800000557
40 -92 951636.7800000557
353 -92 951636.7800000557
97 -137 951636.7800000557
410 -137 951636.7800000557
97 -137 951636.7800000557
410 -137 951636.7800000557
209 -34 951636.7800000557
209 -34 951636.7800000557
162 -135 951636.7800000557
162 -135 951636.7800000557
150 -33 951636.7800000557
463 -33 951636.7800000557
150 -33 951636.7800000557
463 -33 951636.7800000557
108 -107 951636.7800000557
421 -107 951636.7800000557
108 -107 951636.7800000557
421 -107 951636.7800000557
196 -55 951636.7800000557
196 -55 951636.7800000557
63 -53 951636.7800000557
376 -53 951636.7800000557
63 -53 951636.7800000557
376 -53 951636.7800000557
385 47 951636.7800000557
109 -61 951636.7800000557
422 -61 951636.7800000557
109 -61 951636.7800000557
422 -61 951636.7800000557
225 -61 951636.7800000557
225 -61 951636.7800000557
95 -61 951636.7800000557
408 -61 951636.7800000557
95 -61 951636.7800000557
408 -61 951636.7800000557
153 -21 951636.7800000557
466 -21 951636.7800000557
153 -21 951636.7800000557
466 -21 951636.7800000557
411 82 951636.7800000557
93 -64 951636.7800000557
406 -64 951636.7800000557
93 -64 951636.7800000557
406 -64 951636.7800000557
130 -145 951636.7800000557
443 -145 951636.7800000557
130 -145 951636.7800000557
443 -145 951636.7800000557
221 -80 951636.7800000557
221 -80 951636.7800000557
274 -92 951636.7800000557
274 -92 951636.7800000557
46 -22 951636.7800000557
359 -22 951636.7800000557
46 -22 951636.7800000557
359 -22 951636.7800000557
55 -123 951636.7800000557
368 -123 951636.7800000557
55 -123 951636.7800000557
368 -123 951636.7800000557
151 -156 951636.7800000557
464 -156 951636.7800000557
151 -156 951636.7800000557
464 -156 951636.7800000557
-64 -198 951636.7800000557
-64 -198 951636.7800000557
-55 -202 951636.7800000557
-55 -202 951636.7800000557
320 31 951636.7800000557
435 52 951636.7800000557
54 -127 951636.7800000557
367 -127 951636.7800000557
54 -127 951636.7800000557
367 -127 951636.7800000557
5.620000000000337 -15.920000000000073 951636.7800000557
5.620000000000337 -15.920000000000073 951636.7800000557
292.04999999999995 -95.02999999999997 951636.7800000557
-20.950000000000045 -95.02999999999997 951636.7800000557
292.04999999999995 -95.02999999999997 951636.7800000557
-20.950000000000045 -95.02999999999997 951636.7800000557
4.22000000000161 -15.680000000000291 951636.7800000557
4.22000000000161 -15.680000000000291 951636.7800000557
4.190000000001637 -15.6700000000003 951636.7800000557
4.190000000001637 -15.6700000000003 951636.7800000557
3.8100000000020007 -15.650000000000318 951636.7800000557
3.8100000000020007 -15.650000000000318 951636.7800000557
-114.03999999999996 -311.03999999999996 951636.7800000557
-114.03999999999996 -311.03999999999996 951636.7800000557
103.0 -15.980000000000018 951636.7800000557
416.0 -15.980000000000018 951636.7800000557
103.0 -15.980000000000018 951636.7800000557
416.0 -15.980000000000018 951636.7800000557
13.370000000000573 -108.77000000000021 951636.7800000557
326.3700000000006 -108.77000000000021 951636.7800000557
13.370000000000573 -108.77000000000021 951636.7800000557
326.3700000000006 -108.77000000000021 951636.7800000557
-9.830000000000155 -206.01 951636.7800000557
-9.830000000000155 -206.01 951636.7800000557
-92.0 -306.27999999999975 951636.7800000557
-92.0 -306.27999999999975 951636.7800000557
-7.690000000000282 -174.73000000000025 951636.7800000557
-7.690000000000282 -174.73000000000025 951636.7800000557
356.72 10.520000000000437 951636.7800000557
-7.610000000001264 -301.21 951636.7800000557
-7.610000000001264 -301.21 951636.7800000557
-6.590000000002192 -304.58999999999844 951636.7800000557
-6.590000000002192 -304.58999999999844 951636.7800000557
-6.940000000001874 -303.99999999999875 951636.7800000557
-6.940000000001874 -303.99999999999875 951636.7800000557
9.100000000001728 -84.03999999999996 951636.7800000557
322.1000000000017 -84.03999999999996 951636.7800000557
9.100000000001728 -84.03999999999996 951636.7800000557
322.1000000000017 -84.03999999999996 951636.7800000557
200.08999999999992 -1.6300000000003365 951636.7800000557
200.08999999999992 -1.6300000000003365 951636.7800000557
5.210000000000683 -15.77000000000021 951636.7800000557
318.21000000000066 -15.77000000000021 951636.7800000557
5.210000000000683 -15.77000000000021 951636.7800000557
318.21000000000066 -15.77000000000021 951636.7800000557
-56.23999999999978 -300.9799999999991 951636.7800000557
-56.23999999999978 -300.9799999999991 951636.7800000557
16.859999999999978 -12.080000000001746 951636.7800000557
329.85999999999996 -12.080000000001746 951636.7800000557
16.859999999999978 -12.080000000001746 951636.7800000557
329.85999999999996 -12.080000000001746 951636.7800000557
-9.349999999999682 -303.149999999999 951636.7800000557
-9.349999999999682 -303.149999999999 951636.7800000557
28.889999999999983 -11.89000000000101 951636.7800000557
341.89 -11.89000000000101 951636.7800000557
28.889999999999983 -11.89000000000101 951636.7800000557
341.89 -11.89000000000101 951636.7800000557
-7.760000000001128 -303.4799999999991 951636.7800000557
-7.760000000001128 -303.4799999999991 951636.7800000557
-99.88000000000011 -311.5599999999995 951636.7800000557
-99.88000000000011 -311.5599999999995 951636.7800000557
358.22999999999996 10.410000000000537 951636.7800000557
283.6900000000012 -1.4300000000041564 951636.7800000557
283.6900000000012 -1.4300000000041564 951636.7800000557
317.7100000000012 63.24999999999995 951636.7800000557
167.98000000000002 9.093420461070423e-15 951636.7800000557
233.92999999999824 -0.010000000003628884 951636.7800000557
233.92999999999824 -0.010000000003628884 951636.7800000557
311.35999999999694 -123.96000000000004 951636.7800000557
-1.640000000003056 -123.96000000000004 951636.7800000557
311.35999999999694 -123.96000000000004 951636.7800000557
-1.640000000003056 -123.96000000000004 951636.7800000557
310.6100000000022 50.81000000000004 951636.7800000557
310.75000000000387 27.410000000000064 951636.7800000557
302.189999999998 -144.1099999999999 951636.7800000557
-10.810000000001992 -144.1099999999999 951636.7800000557
302.189999999998 -144.1099999999999 951636.7800000557
-10.810000000001992 -144.1099999999999 951636.7800000557
409.0599999999995 7.68000000000211 951636.7800000557
180.85000000000014 12.209999999999974 951636.7800000557
239.8900000000001 26.230000000000036 951636.7800000557
162.01 13.99 951636.7800000557
221.58999999999946 9.229999999999952 951636.7800000557
116.30000000000067 4.639999999999036 951636.7800000557
138.63999999999942 26.899999999999984 951636.7800000557
69.63999999999982 -7.80000000000291 951636.7800000557
382.6399999999998 -7.80000000000291 951636.7800000557
69.63999999999982 -7.80000000000291 951636.7800000557
382.6399999999998 -7.80000000000291 951636.7800000557
247.6499999999994 21.949999999999992 951636.7800000557
303.83000000000015 9.990000000000022 951636.7800000557
296.0 41.0000000000006 951636.7800000557
-7.810000000001082 -303.0099999999994 951636.7800000557
-7.810000000001082 -303.0099999999994 951636.7800000557
198.1099999999999 30.509999999999923 951636.7800000557
181.51000000000136 35.36999999999973 951636.7800000557
308.3399999999997 -29.740000000000236 951636.7800000557
-4.660000000000309 -29.740000000000236 951636.7800000557
308.3399999999997 -29.740000000000236 951636.7800000557
-4.660000000000309 -29.740000000000236 951636.7800000557
185.06999999999994 0.6899999999990909 951636.7800000557
311.57999999999856 -9.78000000000111 951636.7800000557
-1.420000000001437 -9.78000000000111 951636.7800000557
311.57999999999856 -9.78000000000111 951636.7800000557
-1.420000000001437 -9.78000000000111 951636.7800000557
187.03999999999996 26.89999999999967 951636.7800000557
231.2600000000025 23.899999999999984 951636.7800000557
270.95000000000186 25.949999999999992 951636.7800000557
153.94000000000005 1.6400000000000103 951636.7800000557
-6.110000000002628 -304.9699999999984 951636.7800000557
-6.110000000002628 -304.9699999999984 951636.7800000557
255.38999999999783 41.529999999999696 951636.7800000557
208.900000000001 42.05999999999959 951636.7800000557
288.0 17.739999999999803 951636.7800000557
211.22999999999797 30.649999999999988 951636.7800000557
211.70000000000118 4.259999999999952 951636.7800000557
169.60999999999945 3.2899999999999725 951636.7800000557
198.96000000000004 5.27999999999993 951636.7800000557
154.4500000000014 23.99 951636.7800000557
165.23999999999796 28.02000000000016 951636.7800000557
258.0099999999991 9.790000000000068 951636.7800000557
44.64999999999987 7.510000000000074 951636.7800000557
2.3400000000033288 -15.480000000000473 951636.7800000557
315.34000000000333 -15.480000000000473 951636.7800000557
2.3400000000033288 -15.480000000000473 951636.7800000557
315.34000000000333 -15.480000000000473 951636.7800000557
279.96000000000095 48.88000000000022 951636.7800000557
298.8700000000001 53.989999999999405 951636.7800000557
142.84000000000287 9.279999999999994 951636.7800000557
93.65999999999829 9.54000000000001 951636.7800000557
6.0100000000001685 -15.750000000000227 951636.7800000557
319.01000000000016 -15.750000000000227 951636.7800000557
6.0100000000001685 -15.750000000000227 951636.7800000557
319.01000000000016 -15.750000000000227 951636.7800000557
240.01 43.99 951636.7800000557
281.089999999999 32.03000000000015 951636.7800000557
356 76 951636.7800000557
373 82 951636.7800000557
443 113 951636.7800000557
385 109 951636.7800000557
457 131 951636.7800000557
328 69 951636.7800000557
382 88 951636.7800000557
405 98 951636.7800000557
404 100 951636.7800000557
427 88 951636.7800000557
392 99 951636.7800000557
288.22999999999706 73.09000000000005 951636.7800000557
119.82999999999787 34.45000000000011 951636.7800000557
237.26999999999703 62.94999999999961 951636.7800000557
316.99000000000274 72.09000000000056 951636.7800000557
273.63000000000216 74.92999999999945 951636.7800000557
100.05000000000003 27.230000000000505 951636.7800000557
185.25999999999976 47.999999999999204 951636.7800000557
128.87000000000012 31.830000000000172 951636.7800000557
276.32000000000244 59.279999999999745 951636.7800000557
226.15999999999985 52.64000000000027 951636.7800000557
217.4700000000032 56.329999999999735 951636.7800000557
-58 -50 951636.7800000557
-58 -50 951636.7800000557
-98 -83 951636.7800000557
-98 -83 951636.7800000557
-130 -108 951636.7800000557
-130 -108 951636.7800000557
-55 -132 951636.7800000557
-55 -132 951636.7800000557
-112 -68 951636.7800000557
-112 -68 951636.7800000557
-61 -137 951636.7800000557
-61 -137 951636.7800000557
-112 -180 951636.7800000557
-112 -180 951636.7800000557
-81 -86 951636.7800000557
-81 -86 951636.7800000557
-114 -203 951636.7800000557
-114 -203 951636.7800000557
-149 -235 951636.7800000557
-149 -235 951636.7800000557
-81 -42 951636.7800000557
-81 -42 951636.7800000557
-65 -149 951636.7800000557
-65 -149 951636.7800000557
-146 -169 951636.7800000557
-146 -169 951636.7800000557
-72 -39 951636.7800000557
-72 -39 951636.7800000557
-151 -133 951636.7800000557
-151 -133 951636.7800000557
-84 -38 951636.7800000557
-84 -38 951636.7800000557
-155 -166 951636.7800000557
-155 -166 951636.7800000557
-106 -157 951636.7800000557
-106 -157 951636.7800000557
-110 -198 951636.7800000557
-110 -198 951636.7800000557
-65 -49 951636.7800000557
-65 -49 951636.7800000557
-144 -311 951636.7800000557
-144 -311 951636.7800000557
-150 -286 951636.7800000557
-150 -286 951636.7800000557
-115 -174 951636.7800000557
-115 -174 951636.7800000557
-155 -193 951636.7800000557
-155 -193 951636.7800000557
-25 -20 951636.7800000557
-25 -20 951636.7800000557
-128 -269 951636.7800000557
-128 -269 951636.7800000557
-151 -299 951636.7800000557
-151 -299 951636.7800000557
-142 -109 951636.7800000557
-142 -109 951636.7800000557
-77 -149 951636.7800000557
-77 -149 951636.7800000557
-121 -165 951636.7800000557
-121 -165 951636.7800000557
-155 -251 951636.7800000557
-155 -251 951636.7800000557
-124 -236 951636.7800000557
-124 -236 951636.7800000557
-116 -209 951636.7800000557
-116 -209 951636.7800000557
-76 -163 951636.7800000557
-76 -163 951636.7800000557
-126 -284 951636.7800000557
-126 -284 951636.7800000557
-130 -279 951636.7800000557
-130 -279 951636.7800000557
-76 -187 951636.7800000557
-76 -187 951636.7800000557
-61 -77 951636.7800000557
-61 -77 951636.7800000557
-128 -217 951636.7800000557
-128 -217 951636.7800000557
-68 -71 951636.7800000557
-68 -71 951636.7800000557
-48 -85 951636.7800000557
-48 -85 951636.7800000557
-71 -24 951636.7800000557
-71 -24 951636.7800000557
-123 -193 951636.7800000557
-123 -193 951636.7800000557
-132 -179 951636.7800000557
-132 -179 951636.7800000557
-143 -200 951636.7800000557
-143 -200 951636.7800000557
-92 -202 951636.7800000557
-92 -202 951636.7800000557
-137 -207 951636.7800000557
-137 -207 951636.7800000557
-150 -85 951636.7800000557
-150 -85 951636.7800000557
-138 -107 951636.7800000557
-138 -107 951636.7800000557
-143 -46 951636.7800000557
-143 -46 951636.7800000557
-136 -149 951636.7800000557
-136 -149 951636.7800000557
-93 -220 951636.7800000557
-93 -220 951636.7800000557
-85 -43 951636.7800000557
-85 -43 951636.7800000557
-108 -238 951636.7800000557
-108 -238 951636.7800000557
-60 -58 951636.7800000557
-60 -58 951636.7800000557
-103 -183 951636.7800000557
-103 -183 951636.7800000557
-72 -105 951636.7800000557
-72 -105 951636.7800000557
-135 -168 951636.7800000557
-135 -168 951636.7800000557
-115 -282 951636.7800000557
-115 -282 951636.7800000557
-138 -225 951636.7800000557
-138 -225 951636.7800000557
-138 -50 951636.7800000557
-138 -50 951636.7800000557
-132 -302 951636.7800000557
-132 -302 951636.7800000557
-70 -37 951636.7800000557
-70 -37 951636.7800000557
-107 -193 951636.7800000557
-107 -193 951636.7800000557
-71 -132 951636.7800000557
-71 -132 951636.7800000557
-116 -210 951636.7800000557
-116 -210 951636.7800000557
-107 -121 951636.7800000557
-107 -121 951636.7800000557
-155 -260 951636.7800000557
-155 -260 951636.7800000557
-132 -124 951636.7800000557
-132 -124 951636.7800000557
-126 -238 951636.7800000557
-126 -238 951636.7800000557
-96 -190 951636.7800000557
-96 -190 951636.7800000557
-145 -313 951636.7800000557
-145 -313 951636.7800000557
-104 -34 951636.7800000557
-104 -34 951636.7800000557
-151 -135 951636.7800000557
-151 -135 951636.7800000557
-117 -55 951636.7800000557
-117 -55 951636.7800000557
-88 -61 951636.7800000557
-88 -61 951636.7800000557
-114 -176 951636.7800000557
-114 -176 951636.7800000557
-92 -80 951636.7800000557
-92 -80 951636.7800000557
-39 -92 951636.7800000557
-39 -92 951636.7800000557
-114 -24 951636.7800000557
-114 -24 951636.7800000557
-78 -21 951636.7800000557
-78 -21 951636.7800000557
-95 -26 951636.7800000557
-95 -26 951636.7800000557
-137 -31 951636.7800000557
-137 -31 951636.7800000557
-143 -35 951636.7800000557
-143 -35 951636.7800000557
-148 -33 951636.7800000557
-148 -33 951636.7800000557
-75 -18 951636.7800000557
-75 -18 951636.7800000557
