21 444 950474.4200000147
-32 50 950474.4200000147
-32 50 950474.4200000147
-34 130 950474.4200000147
-34 130 950474.4200000147
-44 87 950474.4200000147
-44 87 950474.4200000147
-58 263 950474.4200000147
-58 263 950474.4200000147
-98 230 950474.4200000147
-98 230 950474.4200000147
-130 205 950474.4200000147
-130 205 950474.4200000147
-55 181 950474.4200000147
-55 181 950474.4200000147
43 389 950474.4200000147
-49 127 950474.4200000147
-49 127 950474.4200000147
-112 245 950474.4200000147
-112 245 950474.4200000147
60 395 950474.4200000147
-61 176 950474.4200000147
-61 176 950474.4200000147
-114 289 950474.4200000147
-114 289 950474.4200000147
71 338 950474.4200000147
106 466 950474.4200000147
55 466 950474.4200000147
42 365 950474.4200000147
-15 264 950474.4200000147
-15 264 950474.4200000147
-78 292 950474.4200000147
-78 292 950474.4200000147
-112 133 950474.4200000147
-112 133 950474.4200000147
-40 26 950474.4200000147
-40 26 950474.4200000147
5 363 950474.4200000147
-81 227 950474.4200000147
-81 227 950474.4200000147
39 353 950474.4200000147
50 459 950474.4200000147
-103 40 950474.4200000147
-103 40 950474.4200000147
-114 110 950474.4200000147
-114 110 950474.4200000147
130 426 950474.4200000147
-149 78 950474.4200000147
-149 78 950474.4200000147
-37 76 950474.4200000147
-37 76 950474.4200000147
-81 271 950474.4200000147
-81 271 950474.4200000147
66 447 950474.4200000147
133 367 950474.4200000147
-65 164 950474.4200000147
-65 164 950474.4200000147
-89 81 950474.4200000147
-89 81 950474.4200000147
-79 24 950474.4200000147
-79 24 950474.4200000147
15 355 950474.4200000147
147 456 950474.4200000147
-95 287 950474.4200000147
-95 287 950474.4200000147
-46 102 950474.4200000147
-46 102 950474.4200000147
72 422 950474.4200000147
-137 282 950474.4200000147
-137 282 950474.4200000147
-146 144 950474.4200000147
167 457 950474.4200000147
-146 144 950474.4200000147
167 457 950474.4200000147
96 458 950474.4200000147
-14 94 950474.4200000147
-14 94 950474.4200000147
-72 274 950474.4200000147
-72 274 950474.4200000147
-143 278 950474.4200000147
-143 278 950474.4200000147
-151 180 950474.4200000147
-151 180 950474.4200000147
23 457 950474.4200000147
144 444 950474.4200000147
131 368 950474.4200000147
-84 275 950474.4200000147
-84 275 950474.4200000147
98 455 950474.4200000147
-100 306 950474.4200000147
-100 -7 950474.4200000147
-100 306 950474.4200000147
-100 -7 950474.4200000147
-155 147 950474.4200000147
158 460 950474.4200000147
-155 147 950474.4200000147
158 460 950474.4200000147
15 382 950474.4200000147
52 379 950474.4200000147
-106 156 950474.4200000147
-106 156 950474.4200000147
-31 198 950474.4200000147
-31 198 950474.4200000147
-110 115 950474.4200000147
-110 115 950474.4200000147
-65 264 950474.4200000147
-65 264 950474.4200000147
69 401 950474.4200000147
-144 2 950474.4200000147
-144 2 950474.4200000147
48 353 950474.4200000147
66 349 950474.4200000147
16 443 950474.4200000147
-150 27 950474.4200000147
-150 27 950474.4200000147
150 397 950474.4200000147
-115 139 950474.4200000147
-115 139 950474.4200000147
-155 120 950474.4200000147
158 433 950474.4200000147
-155 120 950474.4200000147
158 433 950474.4200000147
100 337 950474.4200000147
-104 33 950474.4200000147
-104 33 950474.4200000147
-25 293 950474.4200000147
-25 293 950474.4200000147
-128 44 950474.4200000147
-128 44 950474.4200000147
129 346 950474.4200000147
-151 14 950474.4200000147
-151 14 950474.4200000147
-142 204 950474.4200000147
-142 204 950474.4200000147
-77 164 950474.4200000147
-77 164 950474.4200000147
-121 148 950474.4200000147
-121 148 950474.4200000147
-155 62 950474.4200000147
-155 62 950474.4200000147
53 437 950474.4200000147
-25 193 950474.4200000147
-25 193 950474.4200000147
-124 77 950474.4200000147
-124 77 950474.4200000147
-87 54 950474.4200000147
-87 54 950474.4200000147
42 445 950474.4200000147
92 411 950474.4200000147
-33 31 950474.4200000147
-33 31 950474.4200000147
-116 104 950474.4200000147
-116 104 950474.4200000147
-76 150 950474.4200000147
-76 150 950474.4200000147
-126 29 950474.4200000147
-126 29 950474.4200000147
-130 34 950474.4200000147
-130 34 950474.4200000147
-56 158 950474.4200000147
-56 158 950474.4200000147
-148 280 950474.4200000147
-148 280 950474.4200000147
133 363 950474.4200000147
-154 284 950474.4200000147
-154 -29 950474.4200000147
-154 284 950474.4200000147
-154 -29 950474.4200000147
-76 126 950474.4200000147
-76 126 950474.4200000147
-60 40 950474.4200000147
-60 40 950474.4200000147
118 451 950474.4200000147
-61 236 950474.4200000147
-61 236 950474.4200000147
119 389 950474.4200000147
-128 96 950474.4200000147
-128 96 950474.4200000147
-45 174 950474.4200000147
-45 174 950474.4200000147
-92 55 950474.4200000147
-92 55 950474.4200000147
90 371 950474.4200000147
-68 242 950474.4200000147
-68 242 950474.4200000147
-31 169 950474.4200000147
-31 169 950474.4200000147
-48 228 950474.4200000147
-48 228 950474.4200000147
-29 109 950474.4200000147
-29 109 950474.4200000147
-71 289 950474.4200000147
-71 289 950474.4200000147
-47 133 950474.4200000147
-47 133 950474.4200000147
124 348 950474.4200000147
-123 120 950474.4200000147
-123 120 950474.4200000147
-73 44 950474.4200000147
-73 44 950474.4200000147
99 451 950474.4200000147
-132 134 950474.4200000147
-132 134 950474.4200000147
-28 73 950474.4200000147
-28 73 950474.4200000147
59 387 950474.4200000147
-75 295 950474.4200000147
-75 295 950474.4200000147
-143 113 950474.4200000147
-143 113 950474.4200000147
-66 22 950474.4200000147
-66 22 950474.4200000147
-20 254 950474.4200000147
-20 254 950474.4200000147
-92 111 950474.4200000147
-92 111 950474.4200000147
-137 106 950474.4200000147
-137 106 950474.4200000147
-150 228 950474.4200000147
-150 228 950474.4200000147
-51 152 950474.4200000147
-51 152 950474.4200000147
-138 206 950474.4200000147
-138 206 950474.4200000147
-143 267 950474.4200000147
-143 267 950474.4200000147
-136 164 950474.4200000147
-136 164 950474.4200000147
31 334 950474.4200000147
-56 86 950474.4200000147
-56 86 950474.4200000147
-34 58 950474.4200000147
-34 58 950474.4200000147
-93 93 950474.4200000147
-93 93 950474.4200000147
-73 26 950474.4200000147
-73 26 950474.4200000147
131 381 950474.4200000147
-85 270 950474.4200000147
-85 270 950474.4200000147
-108 75 950474.4200000147
-108 75 950474.4200000147
-60 255 950474.4200000147
-60 255 950474.4200000147
-103 130 950474.4200000147
-103 130 950474.4200000147
62 350 950474.4200000147
-72 208 950474.4200000147
-72 208 950474.4200000147
-135 145 950474.4200000147
-135 145 950474.4200000147
146 455 950474.4200000147
36 349 950474.4200000147
-60 82 950474.4200000147
-60 82 950474.4200000147
-115 31 950474.4200000147
-115 31 950474.4200000147
24 419 950474.4200000147
-138 88 950474.4200000147
-138 88 950474.4200000147
-138 263 950474.4200000147
-138 263 950474.4200000147
22 376 950474.4200000147
-132 11 950474.4200000147
-132 11 950474.4200000147
-70 276 950474.4200000147
-70 276 950474.4200000147
42 466 950474.4200000147
109 462 950474.4200000147
-107 120 950474.4200000147
-107 120 950474.4200000147
-71 181 950474.4200000147
-71 181 950474.4200000147
15 340 950474.4200000147
-17 44 950474.4200000147
-17 44 950474.4200000147
-116 103 950474.4200000147
-116 103 950474.4200000147
-107 192 950474.4200000147
-107 192 950474.4200000147
46 331 950474.4200000147
-14 51 950474.4200000147
-14 51 950474.4200000147
-155 53 950474.4200000147
-155 53 950474.4200000147
-25 19 950474.4200000147
-25 19 950474.4200000147
-132 189 950474.4200000147
-132 189 950474.4200000147
-126 75 950474.4200000147
-126 75 950474.4200000147
-96 123 950474.4200000147
-96 123 950474.4200000147
105 378 950474.4200000147
-79 61 950474.4200000147
-79 61 950474.4200000147
34 424 950474.4200000147
-148 303 950474.4200000147
-148 -10 950474.4200000147
-148 303 950474.4200000147
-148 -10 950474.4200000147
-28 181 950474.4200000147
-28 181 950474.4200000147
-145 0 950474.4200000147
-145 0 950474.4200000147
49 429 950474.4200000147
-104 279 950474.4200000147
-104 279 950474.4200000147
-151 178 950474.4200000147
-151 178 950474.4200000147
0 364 950474.4200000147
-117 258 950474.4200000147
-117 258 950474.4200000147
91 413 950474.4200000147
72 360 950474.4200000147
-88 252 950474.4200000147
-88 252 950474.4200000147
95 451 950474.4200000147
98 395 950474.4200000147
70 447 950474.4200000147
-114 137 950474.4200000147
-114 137 950474.4200000147
-92 233 950474.4200000147
-92 233 950474.4200000147
126 460 950474.4200000147
-39 221 950474.4200000147
-39 221 950474.4200000147
114 401 950474.4200000147
-64 115 950474.4200000147
-64 115 950474.4200000147
-55 111 950474.4200000147
-55 111 950474.4200000147
7 344 950474.4200000147
79 412 950474.4200000147
122 365 950474.4200000147
-8.970000000000027 10.930000000000037 950474.4200000147
-8.970000000000027 10.930000000000037 950474.4200000147
-8.930000000000064 10.890000000000082 950474.4200000147
-8.930000000000064 10.890000000000082 950474.4200000147
-8.8900000000001 10.85000000000011 950474.4200000147
-8.8900000000001 10.85000000000011 950474.4200000147
-8.870000000000118 10.830000000000146 950474.4200000147
-8.870000000000118 10.830000000000146 950474.4200000147
-8.830000000000155 10.790000000000164 950474.4200000147
-8.830000000000155 10.790000000000164 950474.4200000147
-8.77000000000021 10.730000000000201 950474.4200000147
-8.77000000000021 10.730000000000201 950474.4200000147
-8.760000000000218 10.700000000000198 950474.4200000147
-8.760000000000218 10.700000000000198 950474.4200000147
-8.720000000000255 10.660000000000226 950474.4200000147
-8.720000000000255 10.660000000000226 950474.4200000147
-8.700000000000273 10.640000000000262 950474.4200000147
-8.700000000000273 10.640000000000262 950474.4200000147
-8.640000000000327 10.58000000000029 950474.4200000147
-8.640000000000327 10.58000000000029 950474.4200000147
-8.570000000000391 10.510000000000279 950474.4200000147
-8.570000000000391 10.510000000000279 950474.4200000147
-8.55000000000041 10.490000000000284 950474.4200000147
-8.55000000000041 10.490000000000284 950474.4200000147
-8.470000000000482 10.410000000000313 950474.4200000147
-8.470000000000482 10.410000000000313 950474.4200000147
-8.430000000000518 10.370000000000328 950474.4200000147
-8.430000000000518 10.370000000000328 950474.4200000147
-8.410000000000537 10.350000000000355 950474.4200000147
-8.410000000000537 10.350000000000355 950474.4200000147
-8.290000000000646 10.230000000000375 950474.4200000147
-8.290000000000646 10.230000000000375 950474.4200000147
-8.260000000000673 10.200000000000369 950474.4200000147
-8.260000000000673 10.200000000000369 950474.4200000147
-8.22000000000071 10.160000000000396 950474.4200000147
-8.22000000000071 10.160000000000396 950474.4200000147
-8.170000000000755 10.11000000000046 950474.4200000147
-8.170000000000755 10.11000000000046 950474.4200000147
-8.1200000000008 10.060000000000505 950474.4200000147
-8.1200000000008 10.060000000000505 950474.4200000147
-8.090000000000828 10.030000000000523 950474.4200000147
-8.090000000000828 10.030000000000523 950474.4200000147
-8.050000000000864 9.99000000000055 950474.4200000147
-8.050000000000864 9.99000000000055 950474.4200000147
-8.030000000000882 9.970000000000587 950474.4200000147
-8.030000000000882 9.970000000000587 950474.4200000147
-7.940000000000964 9.920000000000597 950474.4200000147
-7.940000000000964 9.920000000000597 950474.4200000147
-7.840000000001055 9.820000000000595 950474.4200000147
-7.840000000001055 9.820000000000595 950474.4200000147
-7.800000000001091 9.780000000000628 950474.4200000147
-7.800000000001091 9.780000000000628 950474.4200000147
-20.950000000000045 217.97000000000003 950474.4200000147
-20.950000000000045 217.97000000000003 950474.4200000147
-7.760000000001128 9.720000000000692 950474.4200000147
-7.760000000001128 9.720000000000692 950474.4200000147
-7.720000000001164 9.680000000000728 950474.4200000147
-7.720000000001164 9.680000000000728 950474.4200000147
-7.690000000001191 9.650000000000755 950474.4200000147
-7.690000000001191 9.650000000000755 950474.4200000147
-7.660000000001219 9.6000000000008 950474.4200000147
-7.660000000001219 9.6000000000008 950474.4200000147
-7.640000000001237 9.580000000000828 950474.4200000147
-7.640000000001237 9.580000000000828 950474.4200000147
-7.600000000001273 9.540000000000855 950474.4200000147
-7.600000000001273 9.540000000000855 950474.4200000147
-7.5800000000012915 9.520000000000882 950474.4200000147
-7.5800000000012915 9.520000000000882 950474.4200000147
-7.540000000001328 9.480000000000901 950474.4200000147
-7.540000000001328 9.480000000000901 950474.4200000147
-7.520000000001346 9.460000000000937 950474.4200000147
-7.520000000001346 9.460000000000937 950474.4200000147
-7.500000000001364 9.440000000000955 950474.4200000147
-7.500000000001364 9.440000000000955 950474.4200000147
-7.430000000001428 9.370000000001001 950474.4200000147
-7.430000000001428 9.370000000001001 950474.4200000147
-7.390000000001464 9.330000000001037 950474.4200000147
-7.390000000001464 9.330000000001037 950474.4200000147
-7.320000000001528 9.260000000001074 950474.4200000147
-7.320000000001528 9.260000000001074 950474.4200000147
-7.290000000001555 9.23000000000108 950474.4200000147
-7.290000000001555 9.23000000000108 950474.4200000147
-7.270000000001573 9.210000000001108 950474.4200000147
-7.270000000001573 9.210000000001108 950474.4200000147
-7.250000000001592 9.190000000001126 950474.4200000147
-7.250000000001592 9.190000000001126 950474.4200000147
-7.190000000001646 9.130000000001154 950474.4200000147
-7.190000000001646 9.130000000001154 950474.4200000147
-7.1600000000016735 9.100000000001142 950474.4200000147
-7.1600000000016735 9.100000000001142 950474.4200000147
-7.140000000001692 9.080000000001169 950474.4200000147
-7.140000000001692 9.080000000001169 950474.4200000147
-7.100000000001728 9.040000000001196 950474.4200000147
-7.100000000001728 9.040000000001196 950474.4200000147
-7.030000000001792 8.970000000001212 950474.4200000147
-7.030000000001792 8.970000000001212 950474.4200000147
-7.01000000000181 8.95000000000123 950474.4200000147
-7.01000000000181 8.95000000000123 950474.4200000147
21.970000000000027 468.97 950474.4200000147
-6.960000000001855 8.900000000001267 950474.4200000147
-6.960000000001855 8.900000000001267 950474.4200000147
-6.940000000001874 8.880000000001294 950474.4200000147
-6.940000000001874 8.880000000001294 950474.4200000147
-6.910000000001901 8.850000000001312 950474.4200000147
-6.910000000001901 8.850000000001312 950474.4200000147
-6.860000000001946 8.800000000001349 950474.4200000147
-6.860000000001946 8.800000000001349 950474.4200000147
-6.79000000000201 8.730000000001386 950474.4200000147
-6.79000000000201 8.730000000001386 950474.4200000147
-6.750000000002046 8.690000000001392 950474.4200000147
-6.750000000002046 8.690000000001392 950474.4200000147
-6.6300000000021555 8.570000000001457 950474.4200000147
-6.6300000000021555 8.570000000001457 950474.4200000147
-6.57000000000221 8.51000000000149 950474.4200000147
-6.57000000000221 8.51000000000149 950474.4200000147
-6.550000000002228 8.490000000001478 950474.4200000147
-6.550000000002228 8.490000000001478 950474.4200000147
-6.5200000000022555 8.440000000001506 950474.4200000147
-6.5200000000022555 8.440000000001506 950474.4200000147
-6.410000000002356 8.330000000001544 950474.4200000147
-6.410000000002356 8.330000000001544 950474.4200000147
-6.3200000000024374 8.240000000001539 950474.4200000147
-6.3200000000024374 8.240000000001539 950474.4200000147
-6.290000000002465 8.210000000001553 950474.4200000147
-6.290000000002465 8.210000000001553 950474.4200000147
-9.830000000000155 106.99 950474.4200000147
-9.830000000000155 106.99 950474.4200000147
-6.260000000002492 8.18000000000158 950474.4200000147
-6.260000000002492 8.18000000000158 950474.4200000147
-6.230000000002519 8.150000000001608 950474.4200000147
-6.230000000002519 8.150000000001608 950474.4200000147
43.720000000000056 323.52000000000044 950474.4200000147
-6.590000000002192 8.41000000000156 950474.4200000147
-6.590000000002192 8.41000000000156 950474.4200000147
-6.170000000002574 8.090000000001636 950474.4200000147
-6.170000000002574 8.090000000001636 950474.4200000147
-112.91000000000008 311.36999999999966 950474.4200000147
-112.91000000000008 -1.6300000000003365 950474.4200000147
-112.91000000000008 311.36999999999966 950474.4200000147
-112.91000000000008 -1.6300000000003365 950474.4200000147
-6.120000000002619 8.040000000001633 950474.4200000147
-6.120000000002619 8.040000000001633 950474.4200000147
-4.660000000000309 283.25999999999976 950474.4200000147
-4.660000000000309 283.25999999999976 950474.4200000147
-7.770000000001119 9.5100000000009 950474.4200000147
-7.770000000001119 9.5100000000009 950474.4200000147
-92.00999999999999 6.710000000000264 950474.4200000147
-92.00999999999999 6.710000000000264 950474.4200000147
-7.600000000001273 11.8 950474.4200000147
-7.600000000001273 11.8 950474.4200000147
-7.660000000000309 138.29999999999973 950474.4200000147
-7.660000000000309 138.29999999999973 950474.4200000147
-99.85000000000014 1.4100000000005366 950474.4200000147
-99.85000000000014 1.4100000000005366 950474.4200000147
93.32000000000016 249.01999999999998 950474.4200000147
0.4300000000000093 50.95000000000001 950474.4200000147
16.909999999999986 300.4499999999987 950474.4200000147
4.690000000001191 376.22999999999996 950474.4200000147
45.25999999999995 323.38000000000056 950474.4200000147
-7.800000000001091 10.000000000000604 950474.4200000147
-7.800000000001091 10.000000000000604 950474.4200000147
-9.349999999999682 9.830000000001007 950474.4200000147
-9.349999999999682 9.830000000001007 950474.4200000147
55.31999999999954 168.1200000000008 950474.4200000147
-10.800000000002001 168.8800000000001 950474.4200000147
-10.800000000002001 168.8800000000001 950474.4200000147
6.119999999999976 49.96000000000001 950474.4200000147
-114.04999999999995 1.9500000000000455 950474.4200000147
-114.04999999999995 1.9500000000000455 950474.4200000147
-6.930000000001883 8.990000000001224 950474.4200000147
-6.930000000001883 8.990000000001224 950474.4200000147
96.04999999999951 320.63000000000216 950474.4200000147
6.169999999999996 62.53000000000009 950474.4200000147
57.19999999999956 153.9799999999991 950474.4200000147
23.46999999999976 211.84999999999832 950474.4200000147
4.819999999999961 116.06000000000003 950474.4200000147
22.799999999999812 103.29999999999862 950474.4200000147
-56.24999999999977 12.0100000000009 950474.4200000147
-56.24999999999977 12.0100000000009 950474.4200000147
50.029999999999994 170.1099999999999 950474.4200000147
64.11000000000006 219.99 950474.4200000147
20.020000000000003 197.98000000000093 950474.4200000147
53.80000000000004 185.06000000000085 950474.4200000147
23.20000000000003 144.07999999999993 950474.4200000147
67.37999999999968 309.8400000000038 950474.4200000147
59.67000000000066 262.56999999999766 950474.4200000147
46.40000000000032 171.03999999999996 950474.4200000147
-1.5100000000031741 189.1099999999999 950474.4200000147
-1.5100000000031741 189.1099999999999 950474.4200000147
31.070000000000324 302.7299999999975 950474.4200000147
5.690000000000007 241.99000000000183 950474.4200000147
28.470000000000073 289.7500000000002 950474.4200000147
40.360000000000326 151.54000000000133 950474.4200000147
43.639999999999276 221.03999999999996 950474.4200000147
23.020000000000316 129.42000000000144 950474.4200000147
2.9199999999990727 258.9999999999982 950474.4200000147
0.5000000000022737 429.46000000000026 950474.4200000147
29.550000000000242 202.91000000000008 950474.4200000147
32.9900000000002 229.7499999999966 950474.4200000147
56.779999999999646 192.65999999999758 950474.4200000147
-1.3900000000014643 303.2299999999989 950474.4200000147
-1.3900000000014643 303.2299999999989 950474.4200000147
43.29999999999994 192.55999999999767 950474.4200000147
78.20000000000113 227.52000000000044 950474.4200000147
70.64999999999931 233.209999999998 950474.4200000147
33.04999999999979 213.93000000000006 950474.4200000147
16.65000000000008 73.17000000000213 950474.4200000147
15.020000000000021 129.04000000000087 950474.4200000147
64.90000000000006 179.8800000000001 950474.4200000147
6.879999999999981 296.84000000000015 950474.4200000147
39.81000000000024 159.58999999999855 950474.4200000147
73.54000000000181 297.12000000000444 950474.4200000147
17.860000000000205 246.0799999999972 950474.4200000147
5.059999999999977 280.1000000000008 950474.4200000147
3.9999999999999787 134.23999999999796 950474.4200000147
5.389999999999949 96.8499999999989 950474.4200000147
11.03 226.93000000000188 950474.4200000147
97.46000000000126 256.13999999999623 950474.4200000147
49.55999999999929 290.96000000000004 950474.4200000147
10.100000000000083 205.8799999999983 950474.4200000147
25.6300000000001 274.7900000000029 950474.4200000147
38.88999999999982 274.95000000000095 950474.4200000147
103.75000000000038 294.6100000000022 950474.4200000147
1.1300000000017008 444.1500000000008 950474.4200000147
28.819999999999972 188.3400000000006 950474.4200000147
65.1800000000006 259.72000000000025 950474.4200000147
18.689999999999483 159.289999999997 950474.4200000147
4.439999999999991 247.35999999999876 950474.4200000147
54.270000000000344 240.8900000000001 950474.4200000147
87.00999999999898 243.810000000002 950474.4200000147
35.54000000000049 176.82000000000198 950474.4200000147
73.05000000000156 265.42999999999597 950474.4200000147
-29.359999999998763 311.6399999999958 950474.4200000147
-29.359999999998763 -1.36000000000422 950474.4200000147
-29.359999999998763 311.6399999999958 950474.4200000147
-29.359999999998763 -1.36000000000422 950474.4200000147
12.610000000000008 184.65000000000305 950474.4200000147
17.099999999999703 278.920000000001 950474.4200000147
44.73000000000065 258.0100000000027 950474.4200000147
58.69999999999986 208.74000000000206 950474.4200000147
84.25999999999911 251.03999999999996 950474.4200000147
40.86000000000023 131.8800000000001 950474.4200000147
3.9200000000028012 385.0600000000005 950474.4200000147
-6.060000000002674 7.980000000001622 950474.4200000147
-6.060000000002674 7.980000000001622 950474.4200000147
50.429999999999914 144.63000000000125 950474.4200000147
0.9900000000018281 411.4099999999997 950474.4200000147
35.06999999999979 109.90999999999944 950474.4200000147
5.800000000000026 30.719999999999956 950474.4200000147
6.350000000000014 72.83000000000094 950474.4200000147
87.88999999999943 261.22999999999433 950474.4200000147
334 131 950474.4200000147
334 444 950474.4200000147
347 226 950474.4200000147
347 226 950474.4200000147
281 363 950474.4200000147
281 363 950474.4200000147
454 240 950474.4200000147
454 240 950474.4200000147
279 443 950474.4200000147
279 443 950474.4200000147
269 400 950474.4200000147
269 400 950474.4200000147
420 159 950474.4200000147
420 159 950474.4200000147
356 389 950474.4200000147
264 440 950474.4200000147
264 440 950474.4200000147
402 218 950474.4200000147
402 218 950474.4200000147
447 276 950474.4200000147
447 276 950474.4200000147
448 279 950474.4200000147
448 279 950474.4200000147
373 395 950474.4200000147
464 254 950474.4200000147
464 254 950474.4200000147
377 220 950474.4200000147
377 220 950474.4200000147
384 338 950474.4200000147
419 153 950474.4200000147
419 466 950474.4200000147
368 153 950474.4200000147
368 466 950474.4200000147
355 365 950474.4200000147
442 183 950474.4200000147
442 183 950474.4200000147
402 255 950474.4200000147
402 255 950474.4200000147
423 212 950474.4200000147
423 212 950474.4200000147
325 243 950474.4200000147
325 243 950474.4200000147
201 446 950474.4200000147
201 446 950474.4200000147
273 339 950474.4200000147
273 339 950474.4200000147
318 363 950474.4200000147
352 353 950474.4200000147
363 146 950474.4200000147
363 459 950474.4200000147
210 353 950474.4200000147
210 353 950474.4200000147
351 276 950474.4200000147
351 276 950474.4200000147
199 423 950474.4200000147
199 423 950474.4200000147
377 260 950474.4200000147
377 260 950474.4200000147
443 426 950474.4200000147
164 391 950474.4200000147
164 391 950474.4200000147
276 389 950474.4200000147
276 389 950474.4200000147
449 283 950474.4200000147
449 283 950474.4200000147
326 188 950474.4200000147
326 188 950474.4200000147
356 190 950474.4200000147
356 190 950474.4200000147
379 134 950474.4200000147
379 447 950474.4200000147
446 367 950474.4200000147
224 394 950474.4200000147
224 394 950474.4200000147
436 175 950474.4200000147
436 175 950474.4200000147
146 322 950474.4200000147
459 322 950474.4200000147
234 337 950474.4200000147
234 337 950474.4200000147
328 355 950474.4200000147
460 143 950474.4200000147
460 456 950474.4200000147
267 415 950474.4200000147
267 415 950474.4200000147
385 422 950474.4200000147
345 214 950474.4200000147
345 214 950474.4200000147
409 145 950474.4200000147
409 458 950474.4200000147
438 228 950474.4200000147
438 228 950474.4200000147
299 407 950474.4200000147
299 407 950474.4200000147
361 261 950474.4200000147
361 261 950474.4200000147
336 144 950474.4200000147
336 457 950474.4200000147
457 444 950474.4200000147
455 254 950474.4200000147
455 254 950474.4200000147
444 368 950474.4200000147
156 337 950474.4200000147
469 337 950474.4200000147
430 182 950474.4200000147
430 182 950474.4200000147
366 169 950474.4200000147
366 169 950474.4200000147
408 243 950474.4200000147
408 243 950474.4200000147
411 142 950474.4200000147
411 455 950474.4200000147
328 382 950474.4200000147
365 379 950474.4200000147
207 469 950474.4200000147
207 469 950474.4200000147
138 340 950474.4200000147
451 340 950474.4200000147
354 158 950474.4200000147
354 158 950474.4200000147
203 428 950474.4200000147
203 428 950474.4200000147
338 210 950474.4200000147
338 210 950474.4200000147
382 401 950474.4200000147
169 315 950474.4200000147
169 315 950474.4200000147
361 353 950474.4200000147
379 349 950474.4200000147
329 130 950474.4200000147
329 443 950474.4200000147
163 340 950474.4200000147
163 340 950474.4200000147
463 397 950474.4200000147
198 452 950474.4200000147
198 452 950474.4200000147
413 337 950474.4200000147
209 346 950474.4200000147
209 346 950474.4200000147
185 357 950474.4200000147
185 357 950474.4200000147
442 346 950474.4200000147
399 251 950474.4200000147
399 251 950474.4200000147
162 327 950474.4200000147
162 327 950474.4200000147
192 461 950474.4200000147
192 461 950474.4200000147
158 375 950474.4200000147
158 375 950474.4200000147
366 124 950474.4200000147
366 437 950474.4200000147
338 278 950474.4200000147
338 278 950474.4200000147
189 390 950474.4200000147
189 390 950474.4200000147
226 367 950474.4200000147
226 367 950474.4200000147
355 132 950474.4200000147
355 445 950474.4200000147
405 411 950474.4200000147
418 181 950474.4200000147
418 181 950474.4200000147
280 344 950474.4200000147
280 344 950474.4200000147
197 417 950474.4200000147
197 417 950474.4200000147
333 199 950474.4200000147
333 199 950474.4200000147
237 463 950474.4200000147
237 463 950474.4200000147
400 197 950474.4200000147
400 197 950474.4200000147
187 342 950474.4200000147
187 342 950474.4200000147
183 347 950474.4200000147
183 347 950474.4200000147
351 179 950474.4200000147
351 179 950474.4200000147
446 363 950474.4200000147
237 439 950474.4200000147
237 439 950474.4200000147
253 353 950474.4200000147
253 353 950474.4200000147
431 138 950474.4200000147
431 451 950474.4200000147
361 171 950474.4200000147
361 171 950474.4200000147
432 258 950474.4200000147
432 258 950474.4200000147
402 246 950474.4200000147
402 246 950474.4200000147
319 244 950474.4200000147
319 244 950474.4200000147
432 389 950474.4200000147
332 280 950474.4200000147
332 280 950474.4200000147
185 409 950474.4200000147
185 409 950474.4200000147
426 175 950474.4200000147
426 175 950474.4200000147
221 368 950474.4200000147
221 368 950474.4200000147
403 371 950474.4200000147
284 422 950474.4200000147
284 422 950474.4200000147
266 446 950474.4200000147
266 446 950474.4200000147
437 348 950474.4200000147
190 433 950474.4200000147
190 433 950474.4200000147
240 357 950474.4200000147
240 357 950474.4200000147
341 290 950474.4200000147
341 290 950474.4200000147
412 138 950474.4200000147
412 451 950474.4200000147
181 447 950474.4200000147
181 447 950474.4200000147
285 386 950474.4200000147
285 386 950474.4200000147
372 387 950474.4200000147
170 426 950474.4200000147
170 426 950474.4200000147
247 335 950474.4200000147
247 335 950474.4200000147
467 163 950474.4200000147
467 163 950474.4200000147
221 424 950474.4200000147
221 424 950474.4200000147
176 419 950474.4200000147
176 419 950474.4200000147
262 465 950474.4200000147
262 465 950474.4200000147
344 334 950474.4200000147
453 218 950474.4200000147
453 218 950474.4200000147
257 399 950474.4200000147
257 399 950474.4200000147
399 178 950474.4200000147
399 178 950474.4200000147
279 371 950474.4200000147
279 371 950474.4200000147
341 203 950474.4200000147
341 203 950474.4200000147
369 241 950474.4200000147
369 241 950474.4200000147
220 406 950474.4200000147
220 406 950474.4200000147
240 339 950474.4200000147
240 339 950474.4200000147
444 381 950474.4200000147
205 388 950474.4200000147
205 388 950474.4200000147
375 180 950474.4200000147
375 180 950474.4200000147
418 174 950474.4200000147
418 174 950474.4200000147
210 443 950474.4200000147
210 443 950474.4200000147
375 350 950474.4200000147
178 458 950474.4200000147
178 458 950474.4200000147
453 160 950474.4200000147
453 160 950474.4200000147
459 142 950474.4200000147
459 455 950474.4200000147
449 172 950474.4200000147
449 172 950474.4200000147
152 363 950474.4200000147
465 363 950474.4200000147
349 349 950474.4200000147
253 395 950474.4200000147
253 395 950474.4200000147
371 211 950474.4200000147
371 211 950474.4200000147
198 344 950474.4200000147
198 344 950474.4200000147
342 189 950474.4200000147
342 189 950474.4200000147
385 231 950474.4200000147
385 231 950474.4200000147
337 106 950474.4200000147
337 419 950474.4200000147
175 401 950474.4200000147
175 401 950474.4200000147
383 261 950474.4200000147
383 261 950474.4200000147
390 165 950474.4200000147
390 165 950474.4200000147
335 376 950474.4200000147
181 324 950474.4200000147
181 324 950474.4200000147
355 153 950474.4200000147
355 466 950474.4200000147
467 313 950474.4200000147
422 149 950474.4200000147
422 462 950474.4200000147
457 290 950474.4200000147
457 290 950474.4200000147
206 433 950474.4200000147
206 433 950474.4200000147
328 340 950474.4200000147
363 170 950474.4200000147
363 170 950474.4200000147
296 357 950474.4200000147
296 357 950474.4200000147
197 416 950474.4200000147
197 416 950474.4200000147
359 331 950474.4200000147
299 364 950474.4200000147
299 364 950474.4200000147
158 366 950474.4200000147
158 366 950474.4200000147
288 332 950474.4200000147
288 332 950474.4200000147
187 388 950474.4200000147
187 388 950474.4200000147
424 180 950474.4200000147
424 180 950474.4200000147
427 215 950474.4200000147
427 215 950474.4200000147
217 436 950474.4200000147
217 436 950474.4200000147
389 228 950474.4200000147
389 228 950474.4200000147
418 378 950474.4200000147
234 374 950474.4200000147
234 374 950474.4200000147
347 111 950474.4200000147
347 424 950474.4200000147
353 221 950474.4200000147
353 221 950474.4200000147
362 116 950474.4200000147
362 429 950474.4200000147
410 176 950474.4200000147
410 176 950474.4200000147
463 280 950474.4200000147
463 280 950474.4200000147
313 364 950474.4200000147
421 206 950474.4200000147
421 206 950474.4200000147
404 413 950474.4200000147
376 260 950474.4200000147
376 260 950474.4200000147
385 360 950474.4200000147
422 252 950474.4200000147
422 252 950474.4200000147
408 252 950474.4200000147
408 252 950474.4200000147
408 138 950474.4200000147
408 451 950474.4200000147
466 292 950474.4200000147
466 292 950474.4200000147
411 395 950474.4200000147
406 249 950474.4200000147
406 249 950474.4200000147
443 168 950474.4200000147
443 168 950474.4200000147
383 134 950474.4200000147
383 447 950474.4200000147
199 450 950474.4200000147
199 450 950474.4200000147
439 147 950474.4200000147
439 460 950474.4200000147
359 291 950474.4200000147
359 291 950474.4200000147
368 190 950474.4200000147
368 190 950474.4200000147
464 157 950474.4200000147
464 157 950474.4200000147
427 401 950474.4200000147
249 428 950474.4200000147
249 428 950474.4200000147
258 424 950474.4200000147
258 424 950474.4200000147
320 344 950474.4200000147
392 412 950474.4200000147
435 365 950474.4200000147
367 186 950474.4200000147
367 186 950474.4200000147
334.97 155.97000000000003 950474.4200000147
334.97 468.97 950474.4200000147
303.16999999999985 419.99 950474.4200000147
303.16999999999985 419.99 950474.4200000147
356.72 323.52000000000044 950474.4200000147
306.4099999999978 321.41000000000156 950474.4200000147
306.4099999999978 321.41000000000156 950474.4200000147
318.21000000000066 297.2299999999998 950474.4200000147
318.21000000000066 297.2299999999998 950474.4200000147
341.89 301.109999999999 950474.4200000147
341.89 301.109999999999 950474.4200000147
198.82000000000016 136.98000000000002 950474.4200000147
319.01000000000016 297.2499999999998 950474.4200000147
319.01000000000016 297.2499999999998 950474.4200000147
305.2299999999989 322.5100000000009 950474.4200000147
305.2299999999989 322.5100000000009 950474.4200000147
169.01999999999907 311.6600000000012 950474.4200000147
220.99 319.71000000000026 950474.4200000147
220.99 319.71000000000026 950474.4200000147
415.99 297.03 950474.4200000147
415.99 297.03 950474.4200000147
206.2099999999998 120.69000000000035 950474.4200000147
305.3999999999987 324.8 950474.4200000147
305.3999999999987 324.8 950474.4200000147
305.3399999999997 451.2999999999997 950474.4200000147
305.3399999999997 451.2999999999997 950474.4200000147
143.40000000000236 141.9000000000001 950474.4200000147
213.14999999999986 314.41000000000054 950474.4200000147
213.14999999999986 314.41000000000054 950474.4200000147
240.4400000000005 274.1399999999999 950474.4200000147
98.41000000000021 141.99 950474.4200000147
326.3600000000006 204.23999999999978 950474.4200000147
326.3600000000006 204.23999999999978 950474.4200000147
317.6900000000012 376.22999999999996 950474.4200000147
358.25999999999993 323.38000000000056 950474.4200000147
185.2099999999998 95.92999999999996 950474.4200000147
264.0799999999999 124.97999999999897 950474.4200000147
305.1999999999989 323.0000000000006 950474.4200000147
305.1999999999989 323.0000000000006 950474.4200000147
303.6500000000003 322.830000000001 950474.4200000147
303.6500000000003 322.830000000001 950474.4200000147
203.2099999999998 115.09000000000005 950474.4200000147
59.970000000000404 36.770000000000046 950474.4200000147
233.05999999999904 269.62000000000126 950474.4200000147
246.7900000000011 262.97000000000094 950474.4200000147
167.64000000000215 266.06000000000085 950474.4200000147
198.95000000000005 314.95000000000005 950474.4200000147
198.95000000000005 314.95000000000005 950474.4200000147
139.85000000000014 159.19000000000074 950474.4200000147
109.94000000000048 147.94000000000096 950474.4200000147
306.0699999999981 321.9900000000012 950474.4200000147
306.0699999999981 321.9900000000012 950474.4200000147
409.0499999999995 320.63000000000216 950474.4200000147
149.97000000000003 277.9300000000019 950474.4200000147
111.0 180.8799999999992 950474.4200000147
129.6700000000012 55.90999999999982 950474.4200000147
177.96000000000004 145.23999999999978 950474.4200000147
196.93000000000006 104.71000000000036 950474.4200000147
84.64999999999931 178.68999999999937 950474.4200000147
183.70000000000118 308.9200000000028 950474.4200000147
246.5199999999968 277.8399999999983 950474.4200000147
312.2900000000043 243.73000000000206 950474.4200000147
154.63999999999942 163.95999999999913 950474.4200000147
198.82999999999925 140.72999999999843 950474.4200000147
256.7500000000002 325.0100000000009 950474.4200000147
256.7500000000002 325.0100000000009 950474.4200000147
41.0100000000002 52.94999999999981 950474.4200000147
158.43000000000325 185.54999999999495 950474.4200000147
107.49000000000025 159.9899999999991 950474.4200000147
153.0999999999999 293.099999999999 950474.4200000147
133.92000000000098 279.17999999999984 950474.4200000147
158.86000000000013 284.02 950474.4200000147
138.4099999999978 173.88999999999828 950474.4200000147
170.62999999999943 278.04999999999995 950474.4200000147
142.99000000000092 129.3500000000015 950474.4200000147
268.2399999999989 101.35999999999967 950474.4200000147
123.06000000000003 175.15999999999985 950474.4200000147
242.6900000000021 242.50999999999954 950474.4200000147
263.6699999999985 149.93000000000188 950474.4200000147
162.48000000000047 312.7800000000011 950474.4200000147
191.83000000000015 150.3099999999979 950474.4200000147
37.970000000000205 41.38999999999972 950474.4200000147
131.90999999999735 188.1699999999953 950474.4200000147
233.900000000001 291.30000000000064 950474.4200000147
153.90999999999735 253.27000000000066 950474.4200000147
329.83 300.9499999999982 950474.4200000147
329.83 300.9499999999982 950474.4200000147
90.12000000000057 217.86000000000013 950474.4200000147
271.5000000000032 307.6400000000058 950474.4200000147
198.8900000000001 109.99 950474.4200000147
199.97000000000094 131.29000000000156 950474.4200000147
252.9000000000001 77.55999999999773 950474.4200000147
117.96999999999998 133.590000000004 950474.4200000147
232.7799999999993 308.3200000000006 950474.4200000147
133.5399999999995 47.84000000000043 950474.4200000147
49.39999999999972 40.25999999999995 950474.4200000147
275.80999999999835 221.52999999999952 950474.4200000147
180.49000000000046 132.75000000000114 950474.4200000147
105.52999999999976 153.30999999999972 950474.4200000147
210.57000000000403 224.53000000000497 950474.4200000147
313.5000000000023 116.46000000000024 950474.4200000147
313.5000000000023 429.46000000000026 950474.4200000147
282.9599999999991 163.90000000000464 950474.4200000147
29.029999999999692 18.149999999999554 950474.4200000147
148.29999999999882 142.28000000000065 950474.4200000147
113.43000000000022 173.73000000000116 950474.4200000147
132.55999999999858 70.02000000000103 950474.4200000147
233.01999999999907 225.50000000000136 950474.4200000147
207.4600000000014 276.2600000000025 950474.4200000147
277.98000000000366 199.37999999999874 950474.4200000147
262.2299999999934 267.12999999999624 950474.4200000147
296.21999999999616 219.25999999999885 950474.4200000147
17.03000000000014 42.40999999999992 950474.4200000147
222.3299999999988 109.8299999999994 950474.4200000147
196.0 259.5599999999986 950474.4200000147
120.03000000000053 259.38999999999874 950474.4200000147
169.85000000000014 114.43000000000073 950474.4200000147
147.56000000000222 87.46000000000177 950474.4200000147
221.47999999999865 94.10000000000056 950474.4200000147
150.99 156.37000000000057 950474.4200000147
218.38999999999965 287.5299999999995 950474.4200000147
135.15999999999804 55.33999999999973 950474.4200000147
258.71999999999935 185.59999999999582 950474.4200000147
54.13999999999977 123.83999999999992 950474.4200000147
91.95999999999844 134.62000000000307 950474.4200000147
140.28000000000156 254.13999999999987 950474.4200000147
174.5700000000013 104.58999999999928 950474.4200000147
103.85999999999942 183.33999999999787 950474.4200000147
116.97000000000152 214.93000000000006 950474.4200000147
241.04999999999995 206.73000000000116 950474.4200000147
165.66000000000486 203.54000000000042 950474.4200000147
188.92000000000098 119.97999999999999 950474.4200000147
241.35999999999694 299.0799999999963 950474.4200000147
62.24999999999935 72.32999999999915 950474.4200000147
166.13999999999896 300.780000000002 950474.4200000147
149.89000000000192 47.93000000000041 950474.4200000147
245.77000000000294 113.30999999999914 950474.4200000147
117.62000000000032 184.3199999999979 950474.4200000147
141.55999999999858 214.18000000000347 950474.4200000147
301.079999999999 166.9000000000019 950474.4200000147
101.67000000000137 133.79000000000383 950474.4200000147
198.11000000000263 242.75000000000205 950474.4200000147
301.97000000000276 141.12999999999715 950474.4200000147
254.19000000000256 89.17000000000162 950474.4200000147
92.91999999999842 147.9799999999973 950474.4200000147
213.76999999999657 134.02999999999633 950474.4200000147
94.79000000000194 106.47000000000331 950474.4200000147
287.4299999999978 305.3500000000015 950474.4200000147
178.33999999999878 165.6399999999985 950474.4200000147
92.1900000000001 95.94999999999895 950474.4200000147
288.4100000000042 249.95000000000368 950474.4200000147
174.1300000000008 88.01 950474.4200000147
48.189999999999564 19.550000000000242 950474.4200000147
285.4699999999996 181.02999999999997 950474.4200000147
256.56999999999675 252.6900000000021 950474.4200000147
257.47999999999956 158.6599999999994 950474.4200000147
309.18000000000256 257.3199999999997 950474.4200000147
200.0999999999999 308.86000000000195 950474.4200000147
176.8799999999983 259.64000000000306 950474.4200000147
264.6000000000013 135.89999999999736 950474.4200000147
73.08000000000106 21.499999999999453 950474.4200000147
306.8000000000011 190.11999999999898 950474.4200000147
314.1300000000017 131.15000000000077 950474.4200000147
314.1300000000017 444.1500000000008 950474.4200000147
77.05000000000003 163.2300000000016 950474.4200000147
104.99 172.97000000000094 950474.4200000147
209.27999999999702 192.15999999999985 950474.4200000147
246.76999999999566 289.2299999999998 950474.4200000147
224.9300000000028 267.95000000000186 950474.4200000147
64.84999999999941 134.30999999999972 950474.4200000147
72.03000000000002 111.13000000000109 950474.4200000147
322.06000000000176 228.94000000000005 950474.4200000147
322.06000000000176 228.94000000000005 950474.4200000147
382.6299999999998 305.22999999999706 950474.4200000147
382.6299999999998 305.22999999999706 950474.4200000147
72.43000000000022 49.82999999999944 950474.4200000147
183.50999999999772 186.49000000000228 950474.4200000147
198.78999999999837 99.50999999999821 950474.4200000147
85.2299999999991 197.4499999999996 950474.4200000147
52.68999999999986 63.96999999999899 950474.4200000147
295.85000000000196 267.58999999999673 950474.4200000147
15.099999999999998 24.139999999999553 950474.4200000147
150.30000000000337 309.4600000000032 950474.4200000147
186.25000000000068 69.98999999999744 950474.4200000147
188.84999999999468 208.7499999999966 950474.4200000147
237.84000000000378 183.87999999999738 950474.4200000147
208.78999999999837 159.9499999999964 950474.4200000147
109.06000000000003 252.59999999999945 950474.4200000147
179.7399999999966 282.0999999999999 950474.4200000147
221.06999999999994 233.60999999999945 950474.4200000147
264.99 228.04999999999995 950474.4200000147
115.1800000000006 91.06000000000157 950474.4200000147
225.56999999999857 80.46999999999973 950474.4200000147
132.2400000000016 272.96000000000276 950474.4200000147
251.91000000000008 175.7900000000002 950474.4200000147
205.23999999999978 74.13999999999956 950474.4200000147
235.910000000001 147.95000000000186 950474.4200000147
119.03000000000002 76.05000000000003 950474.4200000147
231.600000000004 166.0999999999981 950474.4200000147
129.5100000000059 289.0299999999945 950474.4200000147
290.219999999998 194.29999999999882 950474.4200000147
158.01 146.83000000000015 950474.4200000147
35.09000000000018 33.95000000000041 950474.4200000147
24.42000000000038 61.86000000000023 950474.4200000147
281.179999999998 131.01999999999907 950474.4200000147
57.870000000000424 85.21000000000164 950474.4200000147
218.00999999999908 123.03000000000002 950474.4200000147
95.6199999999993 175.42000000000053 950474.4200000147
197.6800000000012 289.9799999999991 950474.4200000147
159.03999999999905 63.179999999999765 950474.4200000147
269.129999999999 173.73000000000025 950474.4200000147
163.72000000000025 78.0 950474.4200000147
142.5600000000013 291.8799999999983 950474.4200000147
257.96000000000004 110.83999999999992 950474.4200000147
161.1899999999971 51.73000000000025 950474.4200000147
89.23999999999961 57.720000000000056 950474.4200000147
312.77000000000385 281.3499999999997 950474.4200000147
270.35999999999876 87.9800000000005 950474.4200000147
165.65999999999758 229.67999999999847 950474.4200000147
284.5399999999995 109.66000000000034 950474.4200000147
316.9200000000028 385.0600000000005 950474.4200000147
306.9399999999973 320.9800000000016 950474.4200000147
306.9399999999973 320.9800000000016 950474.4200000147
128.93000000000097 166.1300000000017 950474.4200000147
315.2800000000034 297.5399999999995 950474.4200000147
315.2800000000034 297.5399999999995 950474.4200000147
71.06000000000105 86.97999999999948 950474.4200000147
164.95000000000005 280.14999999999986 950474.4200000147
156.38000000000147 118.89999999999944 950474.4200000147
74.05000000000207 133.97000000000003 950474.4200000147
119.12999999999853 51.11000000000018 950474.4200000147
213.37999999999965 303.9000000000019 950474.4200000147
224.17000000000075 251.95000000000005 950474.4200000147
252.50999999999954 234.17000000000166 950474.4200000147
237.0 127.7600000000009 950474.4200000147
129.8800000000001 110.71999999999883 950474.4200000147
313.9900000000018 98.4099999999997 950474.4200000147
313.9900000000018 411.4099999999997 950474.4200000147
189.60999999999945 79.61000000000134 950474.4200000147
49.09999999999998 112.05999999999798 950474.4200000147
68.89000000000148 35.99 950474.4200000147
284.700000000003 287.8200000000047 950474.4200000147
96.35999999999916 80.35999999999916 950474.4200000147
190.2299999999998 312.39000000000146 950474.4200000147
78.25999999999962 99.02000000000001 950474.4200000147
141.01999999999998 239.5600000000004 950474.4200000147
126.89000000000046 147.48999999999955 950474.4200000147
107.29999999999862 214.43999999999778 950474.4200000147
163.06999999999903 176.65000000000123 950474.4200000147
98.1400000000016 239.20000000000346 950474.4200000147
301.4800000000014 109.04000000000104 950474.4200000147
175.45999999999958 207.1999999999989 950474.4200000147
104.83999999999992 63.999999999999496 950474.4200000147
228.47000000000048 277.0699999999981 950474.4200000147
247.07000000000085 164.01 950474.4200000147
40.08000000000058 79.3200000000017 950474.4200000147
108.35000000000018 202.9100000000028 950474.4200000147
124.09999999999954 229.93999999999824 950474.4200000147
298.98 91.39999999999867 950474.4200000147
166.92000000000007 142.92000000000098 950474.4200000147
34 -87 950474.4200000147
347 -87 950474.4200000147
34 -87 950474.4200000147
347 -87 950474.4200000147
-32 -263 950474.4200000147
-32 -263 950474.4200000147
141 -73 950474.4200000147
454 -73 950474.4200000147
141 -73 950474.4200000147
454 -73 950474.4200000147
-34 -183 950474.4200000147
-34 -183 950474.4200000147
-44 -226 950474.4200000147
-44 -226 950474.4200000147
107 -154 950474.4200000147
420 -154 950474.4200000147
107 -154 950474.4200000147
420 -154 950474.4200000147
255 -50 950474.4200000147
255 -50 950474.4200000147
215 -83 950474.4200000147
215 -83 950474.4200000147
183 -108 950474.4200000147
183 -108 950474.4200000147
258 -132 950474.4200000147
258 -132 950474.4200000147
-49 -186 950474.4200000147
-49 -186 950474.4200000147
89 -95 950474.4200000147
402 -95 950474.4200000147
89 -95 950474.4200000147
402 -95 950474.4200000147
134 -37 950474.4200000147
447 -37 950474.4200000147
134 -37 950474.4200000147
447 -37 950474.4200000147
135 -34 950474.4200000147
448 -34 950474.4200000147
135 -34 950474.4200000147
448 -34 950474.4200000147
201 -68 950474.4200000147
201 -68 950474.4200000147
252 -137 950474.4200000147
252 -137 950474.4200000147
199 -24 950474.4200000147
199 -24 950474.4200000147
151 -59 950474.4200000147
464 -59 950474.4200000147
151 -59 950474.4200000147
464 -59 950474.4200000147
64 -93 950474.4200000147
377 -93 950474.4200000147
64 -93 950474.4200000147
377 -93 950474.4200000147
384 25 950474.4200000147
355 52 950474.4200000147
129 -130 950474.4200000147
442 -130 950474.4200000147
129 -130 950474.4200000147
442 -130 950474.4200000147
298 -49 950474.4200000147
-15 -49 950474.4200000147
298 -49 950474.4200000147
-15 -49 950474.4200000147
89 -58 950474.4200000147
402 -58 950474.4200000147
89 -58 950474.4200000147
402 -58 950474.4200000147
110 -101 950474.4200000147
423 -101 950474.4200000147
110 -101 950474.4200000147
423 -101 950474.4200000147
12 -70 950474.4200000147
325 -70 950474.4200000147
12 -70 950474.4200000147
325 -70 950474.4200000147
235 -21 950474.4200000147
235 -21 950474.4200000147
-40 -287 950474.4200000147
-40 -287 950474.4200000147
318 50 950474.4200000147
232 -86 950474.4200000147
232 -86 950474.4200000147
352 40 950474.4200000147
-103 -273 950474.4200000147
-103 -273 950474.4200000147
38 -37 950474.4200000147
351 -37 950474.4200000147
38 -37 950474.4200000147
351 -37 950474.4200000147
64 -53 950474.4200000147
377 -53 950474.4200000147
64 -53 950474.4200000147
377 -53 950474.4200000147
-37 -237 950474.4200000147
-37 -237 950474.4200000147
136 -30 950474.4200000147
449 -30 950474.4200000147
136 -30 950474.4200000147
449 -30 950474.4200000147
13 -125 950474.4200000147
326 -125 950474.4200000147
13 -125 950474.4200000147
326 -125 950474.4200000147
43 -123 950474.4200000147
356 -123 950474.4200000147
43 -123 950474.4200000147
356 -123 950474.4200000147
232 -42 950474.4200000147
232 -42 950474.4200000147
446 54 950474.4200000147
248 -149 950474.4200000147
248 -149 950474.4200000147
-89 -232 950474.4200000147
-89 -232 950474.4200000147
123 -138 950474.4200000147
436 -138 950474.4200000147
123 -138 950474.4200000147
436 -138 950474.4200000147
459 9 950474.4200000147
-79 -289 950474.4200000147
-79 -289 950474.4200000147
328 42 950474.4200000147
218 -26 950474.4200000147
218 -26 950474.4200000147
-46 -211 950474.4200000147
-46 -211 950474.4200000147
176 -31 950474.4200000147
176 -31 950474.4200000147
32 -99 950474.4200000147
345 -99 950474.4200000147
32 -99 950474.4200000147
345 -99 950474.4200000147
125 -85 950474.4200000147
438 -85 950474.4200000147
125 -85 950474.4200000147
438 -85 950474.4200000147
-14 -219 950474.4200000147
-14 -219 950474.4200000147
48 -52 950474.4200000147
361 -52 950474.4200000147
48 -52 950474.4200000147
361 -52 950474.4200000147
241 -39 950474.4200000147
241 -39 950474.4200000147
170 -35 950474.4200000147
170 -35 950474.4200000147
162 -133 950474.4200000147
162 -133 950474.4200000147
142 -59 950474.4200000147
455 -59 950474.4200000147
142 -59 950474.4200000147
455 -59 950474.4200000147
444 55 950474.4200000147
229 -38 950474.4200000147
229 -38 950474.4200000147
469 24 950474.4200000147
117 -131 950474.4200000147
430 -131 950474.4200000147
117 -131 950474.4200000147
430 -131 950474.4200000147
53 -144 950474.4200000147
366 -144 950474.4200000147
53 -144 950474.4200000147
366 -144 950474.4200000147
95 -70 950474.4200000147
408 -70 950474.4200000147
95 -70 950474.4200000147
408 -70 950474.4200000147
213 -7 950474.4200000147
213 -7 950474.4200000147
365 66 950474.4200000147
282 -115 950474.4200000147
-31 -115 950474.4200000147
282 -115 950474.4200000147
-31 -115 950474.4200000147
451 27 950474.4200000147
41 -155 950474.4200000147
354 -155 950474.4200000147
41 -155 950474.4200000147
354 -155 950474.4200000147
248 -49 950474.4200000147
248 -49 950474.4200000147
25 -103 950474.4200000147
338 -103 950474.4200000147
25 -103 950474.4200000147
338 -103 950474.4200000147
361 40 950474.4200000147
379 36 950474.4200000147
463 84 950474.4200000147
413 24 950474.4200000147
-104 -280 950474.4200000147
-104 -280 950474.4200000147
288 -20 950474.4200000147
288 -20 950474.4200000147
442 33 950474.4200000147
86 -62 950474.4200000147
399 -62 950474.4200000147
86 -62 950474.4200000147
399 -62 950474.4200000147
171 -109 950474.4200000147
171 -109 950474.4200000147
236 -149 950474.4200000147
236 -149 950474.4200000147
288 -120 950474.4200000147
-25 -120 950474.4200000147
288 -120 950474.4200000147
-25 -120 950474.4200000147
25 -35 950474.4200000147
338 -35 950474.4200000147
25 -35 950474.4200000147
338 -35 950474.4200000147
-87 -259 950474.4200000147
-87 -259 950474.4200000147
105 -132 950474.4200000147
418 -132 950474.4200000147
105 -132 950474.4200000147
418 -132 950474.4200000147
-33 -282 950474.4200000147
-33 -282 950474.4200000147
20 -114 950474.4200000147
333 -114 950474.4200000147
20 -114 950474.4200000147
333 -114 950474.4200000147
87 -116 950474.4200000147
400 -116 950474.4200000147
87 -116 950474.4200000147
400 -116 950474.4200000147
257 -155 950474.4200000147
-56 -155 950474.4200000147
257 -155 950474.4200000147
-56 -155 950474.4200000147
38 -134 950474.4200000147
351 -134 950474.4200000147
38 -134 950474.4200000147
351 -134 950474.4200000147
165 -33 950474.4200000147
165 -33 950474.4200000147
446 50 950474.4200000147
159 -29 950474.4200000147
159 -29 950474.4200000147
-60 -273 950474.4200000147
-60 -273 950474.4200000147
252 -77 950474.4200000147
252 -77 950474.4200000147
48 -142 950474.4200000147
361 -142 950474.4200000147
48 -142 950474.4200000147
361 -142 950474.4200000147
119 -55 950474.4200000147
432 -55 950474.4200000147
119 -55 950474.4200000147
432 -55 950474.4200000147
89 -67 950474.4200000147
402 -67 950474.4200000147
89 -67 950474.4200000147
402 -67 950474.4200000147
6 -69 950474.4200000147
319 -69 950474.4200000147
6 -69 950474.4200000147
319 -69 950474.4200000147
432 76 950474.4200000147
19 -33 950474.4200000147
332 -33 950474.4200000147
19 -33 950474.4200000147
332 -33 950474.4200000147
113 -138 950474.4200000147
426 -138 950474.4200000147
113 -138 950474.4200000147
426 -138 950474.4200000147
268 -139 950474.4200000147
-45 -139 950474.4200000147
268 -139 950474.4200000147
-45 -139 950474.4200000147
-92 -258 950474.4200000147
-92 -258 950474.4200000147
403 58 950474.4200000147
245 -71 950474.4200000147
245 -71 950474.4200000147
282 -144 950474.4200000147
-31 -144 950474.4200000147
282 -144 950474.4200000147
-31 -144 950474.4200000147
265 -85 950474.4200000147
265 -85 950474.4200000147
-29 -204 950474.4200000147
-29 -204 950474.4200000147
242 -24 950474.4200000147
242 -24 950474.4200000147
-47 -180 950474.4200000147
-47 -180 950474.4200000147
437 35 950474.4200000147
-73 -269 950474.4200000147
-73 -269 950474.4200000147
28 -23 950474.4200000147
341 -23 950474.4200000147
28 -23 950474.4200000147
341 -23 950474.4200000147
-28 -240 950474.4200000147
-28 -240 950474.4200000147
372 74 950474.4200000147
238 -18 950474.4200000147
238 -18 950474.4200000147
-66 -291 950474.4200000147
-66 -291 950474.4200000147
154 -150 950474.4200000147
467 -150 950474.4200000147
154 -150 950474.4200000147
467 -150 950474.4200000147
293 -59 950474.4200000147
-20 -59 950474.4200000147
293 -59 950474.4200000147
-20 -59 950474.4200000147
163 -85 950474.4200000147
163 -85 950474.4200000147
-51 -161 950474.4200000147
-51 -161 950474.4200000147
175 -107 950474.4200000147
175 -107 950474.4200000147
170 -46 950474.4200000147
170 -46 950474.4200000147
177 -149 950474.4200000147
177 -149 950474.4200000147
344 21 950474.4200000147
140 -95 950474.4200000147
453 -95 950474.4200000147
140 -95 950474.4200000147
453 -95 950474.4200000147
-56 -227 950474.4200000147
-56 -227 950474.4200000147
86 -135 950474.4200000147
399 -135 950474.4200000147
86 -135 950474.4200000147
399 -135 950474.4200000147
-34 -255 950474.4200000147
-34 -255 950474.4200000147
28 -110 950474.4200000147
341 -110 950474.4200000147
28 -110 950474.4200000147
341 -110 950474.4200000147
56 -72 950474.4200000147
369 -72 950474.4200000147
56 -72 950474.4200000147
369 -72 950474.4200000147
-73 -287 950474.4200000147
-73 -287 950474.4200000147
444 68 950474.4200000147
228 -43 950474.4200000147
228 -43 950474.4200000147
62 -133 950474.4200000147
375 -133 950474.4200000147
62 -133 950474.4200000147
375 -133 950474.4200000147
253 -58 950474.4200000147
253 -58 950474.4200000147
105 -139 950474.4200000147
418 -139 950474.4200000147
105 -139 950474.4200000147
418 -139 950474.4200000147
375 37 950474.4200000147
241 -105 950474.4200000147
241 -105 950474.4200000147
140 -153 950474.4200000147
453 -153 950474.4200000147
140 -153 950474.4200000147
453 -153 950474.4200000147
136 -141 950474.4200000147
449 -141 950474.4200000147
136 -141 950474.4200000147
449 -141 950474.4200000147
465 50 950474.4200000147
349 36 950474.4200000147
-60 -231 950474.4200000147
-60 -231 950474.4200000147
58 -102 950474.4200000147
371 -102 950474.4200000147
58 -102 950474.4200000147
371 -102 950474.4200000147
29 -124 950474.4200000147
342 -124 950474.4200000147
29 -124 950474.4200000147
342 -124 950474.4200000147
72 -82 950474.4200000147
385 -82 950474.4200000147
72 -82 950474.4200000147
385 -82 950474.4200000147
70 -52 950474.4200000147
383 -52 950474.4200000147
70 -52 950474.4200000147
383 -52 950474.4200000147
77 -148 950474.4200000147
390 -148 950474.4200000147
77 -148 950474.4200000147
390 -148 950474.4200000147
175 -50 950474.4200000147
175 -50 950474.4200000147
335 63 950474.4200000147
243 -37 950474.4200000147
243 -37 950474.4200000147
467 0 950474.4200000147
144 -23 950474.4200000147
457 -23 950474.4200000147
144 -23 950474.4200000147
457 -23 950474.4200000147
242 -132 950474.4200000147
242 -132 950474.4200000147
328 27 950474.4200000147
50 -143 950474.4200000147
363 -143 950474.4200000147
50 -143 950474.4200000147
363 -143 950474.4200000147
-17 -269 950474.4200000147
-17 -269 950474.4200000147
206 -121 950474.4200000147
206 -121 950474.4200000147
359 18 950474.4200000147
-14 -262 950474.4200000147
-14 -262 950474.4200000147
-25 -294 950474.4200000147
-25 -294 950474.4200000147
181 -124 950474.4200000147
181 -124 950474.4200000147
111 -133 950474.4200000147
424 -133 950474.4200000147
111 -133 950474.4200000147
424 -133 950474.4200000147
114 -98 950474.4200000147
427 -98 950474.4200000147
114 -98 950474.4200000147
427 -98 950474.4200000147
76 -85 950474.4200000147
389 -85 950474.4200000147
76 -85 950474.4200000147
389 -85 950474.4200000147
418 65 950474.4200000147
-79 -252 950474.4200000147
-79 -252 950474.4200000147
165 -10 950474.4200000147
165 -10 950474.4200000147
285 -132 950474.4200000147
-28 -132 950474.4200000147
285 -132 950474.4200000147
-28 -132 950474.4200000147
40 -92 950474.4200000147
353 -92 950474.4200000147
40 -92 950474.4200000147
353 -92 950474.4200000147
97 -137 950474.4200000147
410 -137 950474.4200000147
97 -137 950474.4200000147
410 -137 950474.4200000147
209 -34 950474.4200000147
209 -34 950474.4200000147
162 -135 950474.4200000147
162 -135 950474.4200000147
150 -33 950474.4200000147
463 -33 950474.4200000147
150 -33 950474.4200000147
463 -33 950474.4200000147
108 -107 950474.4200000147
421 -107 950474.4200000147
108 -107 950474.4200000147
421 -107 950474.4200000147
196 -55 950474.4200000147
196 -55 950474.4200000147
63 -53 950474.4200000147
376 -53 950474.4200000147
63 -53 950474.4200000147
376 -53 950474.4200000147
385 47 950474.4200000147
109 -61 950474.4200000147
422 -61 950474.4200000147
109 -61 950474.4200000147
422 -61 950474.4200000147
225 -61 950474.4200000147
225 -61 950474.4200000147
95 -61 950474.4200000147
408 -61 950474.4200000147
95 -61 950474.4200000147
408 -61 950474.4200000147
153 -21 950474.4200000147
466 -21 950474.4200000147
153 -21 950474.4200000147
466 -21 950474.4200000147
411 82 950474.4200000147
93 -64 950474.4200000147
406 -64 950474.4200000147
93 -64 950474.4200000147
406 -64 950474.4200000147
130 -145 950474.4200000147
443 -145 950474.4200000147
130 -145 950474.4200000147
443 -145 950474.4200000147
221 -80 950474.4200000147
221 -80 950474.4200000147
274 -92 950474.4200000147
274 -92 950474.4200000147
46 -22 950474.4200000147
359 -22 950474.4200000147
46 -22 950474.4200000147
359 -22 950474.4200000147
55 -123 950474.4200000147
368 -123 950474.4200000147
55 -123 950474.4200000147
368 -123 950474.4200000147
151 -156 950474.4200000147
464 -156 950474.4200000147
151 -156 950474.4200000147
464 -156 950474.4200000147
-64 -198 950474.4200000147
-64 -198 950474.4200000147
-55 -202 950474.4200000147
-55 -202 950474.4200000147
320 31 950474.4200000147
435 52 950474.4200000147
54 -127 950474.4200000147
367 -127 950474.4200000147
54 -127 950474.4200000147
367 -127 950474.4200000147
5.620000000000337 -15.920000000000073 950474.4200000147
5.620000000000337 -15.920000000000073 950474.4200000147
292.04999999999995 -95.02999999999997 950474.4200000147
-20.950000000000045 -95.02999999999997 950474.4200000147
292.04999999999995 -95.02999999999997 950474.4200000147
-20.950000000000045 -95.02999999999997 950474.4200000147
4.22000000000161 -15.680000000000291 950474.4200000147
4.22000000000161 -15.680000000000291 950474.4200000147
4.190000000001637 -15.6700000000003 950474.4200000147
4.190000000001637 -15.6700000000003 950474.4200000147
3.8100000000020007 -15.650000000000318 950474.4200000147
3.8100000000020007 -15.650000000000318 950474.4200000147
-9.830000000000155 -206.01 950474.4200000147
-9.830000000000155 -206.01 950474.4200000147
356.72 10.520000000000437 950474.4200000147
-6.590000000002192 -304.58999999999844 950474.4200000147
-6.590000000002192 -304.58999999999844 950474.4200000147
200.08999999999992 -1.6300000000003365 950474.4200000147
200.08999999999992 -1.6300000000003365 950474.4200000147
5.210000000000683 -15.77000000000021 950474.4200000147
318.21000000000066 -15.77000000000021 950474.4200000147
5.210000000000683 -15.77000000000021 950474.4200000147
318.21000000000066 -15.77000000000021 950474.4200000147
28.889999999999983 -11.89000000000101 950474.4200000147
341.89 -11.89000000000101 950474.4200000147
28.889999999999983 -11.89000000000101 950474.4200000147
341.89 -11.89000000000101 950474.4200000147
167.98000000000002 9.093420461070423e-15 950474.4200000147
308.3399999999997 -29.740000000000236 950474.4200000147
-4.660000000000309 -29.740000000000236 950474.4200000147
308.3399999999997 -29.740000000000236 950474.4200000147
-4.660000000000309 -29.740000000000236 950474.4200000147
6.0100000000001685 -15.750000000000227 950474.4200000147
319.01000000000016 -15.750000000000227 950474.4200000147
6.0100000000001685 -15.750000000000227 950474.4200000147
319.01000000000016 -15.750000000000227 950474.4200000147
-7.770000000001119 -303.4899999999991 950474.4200000147
-7.770000000001119 -303.4899999999991 950474.4200000147
-92.00999999999999 -306.28999999999974 950474.4200000147
-92.00999999999999 -306.28999999999974 950474.4200000147
102.99 -15.970000000000027 950474.4200000147
415.99 -15.970000000000027 950474.4200000147
102.99 -15.970000000000027 950474.4200000147
415.99 -15.970000000000027 950474.4200000147
-7.600000000001273 -301.2 950474.4200000147
-7.600000000001273 -301.2 950474.4200000147
-7.660000000000309 -174.70000000000027 950474.4200000147
-7.660000000000309 -174.70000000000027 950474.4200000147
-99.85000000000014 -311.58999999999946 950474.4200000147
-99.85000000000014 -311.58999999999946 950474.4200000147
13.360000000000582 -108.76000000000022 950474.4200000147
326.3600000000006 -108.76000000000022 950474.4200000147
13.360000000000582 -108.76000000000022 950474.4200000147
326.3600000000006 -108.76000000000022 950474.4200000147
317.6900000000012 63.229999999999954 950474.4200000147
358.25999999999993 10.380000000000564 950474.4200000147
-7.800000000001091 -302.9999999999994 950474.4200000147
-7.800000000001091 -302.9999999999994 950474.4200000147
162.0 14.04 950474.4200000147
-9.349999999999682 -303.169999999999 950474.4200000147
-9.349999999999682 -303.169999999999 950474.4200000147
302.199999999998 -144.1199999999999 950474.4200000147
-10.800000000002001 -144.1199999999999 950474.4200000147
302.199999999998 -144.1199999999999 950474.4200000147
-10.800000000002001 -144.1199999999999 950474.4200000147
-114.04999999999995 -311.04999999999995 950474.4200000147
-114.04999999999995 -311.04999999999995 950474.4200000147
185.07999999999993 0.6999999999990909 950474.4200000147
-6.930000000001883 -304.0099999999988 950474.4200000147
-6.930000000001883 -304.0099999999988 950474.4200000147
409.0499999999995 7.6300000000021555 950474.4200000147
180.84000000000015 12.219999999999974 950474.4200000147
247.70999999999935 22.01 950474.4200000147
142.8000000000029 9.319999999999993 950474.4200000147
-56.24999999999977 -300.9899999999991 950474.4200000147
-56.24999999999977 -300.9899999999991 950474.4200000147
221.5599999999995 9.299999999999951 950474.4200000147
138.61999999999944 26.919999999999987 950474.4200000147
233.99999999999818 0.03999999999636202 950474.4200000147
16.829999999999973 -12.050000000001774 950474.4200000147
329.83 -12.050000000001774 950474.4200000147
16.829999999999973 -12.050000000001774 950474.4200000147
329.83 -12.050000000001774 950474.4200000147
310.54000000000224 50.86000000000003 950474.4200000147
311.4899999999968 -123.8900000000001 950474.4200000147
-1.5100000000031741 -123.8900000000001 950474.4200000147
311.4899999999968 -123.8900000000001 950474.4200000147
-1.5100000000031741 -123.8900000000001 950474.4200000147
240.02999999999997 44.01 950474.4200000147
44.66999999999987 7.450000000000076 950474.4200000147
211.26999999999794 30.649999999999988 950474.4200000147
181.51000000000136 35.34999999999973 950474.4200000147
198.1099999999999 30.48999999999992 950474.4200000147
311.60999999999854 -9.770000000001119 950474.4200000147
-1.3900000000014643 -9.770000000001119 950474.4200000147
311.60999999999854 -9.770000000001119 950474.4200000147
-1.3900000000014643 -9.770000000001119 950474.4200000147
165.23999999999796 28.040000000000163 950474.4200000147
211.6800000000012 4.259999999999952 950474.4200000147
303.8600000000001 9.940000000000023 950474.4200000147
187.05999999999995 26.81999999999966 950474.4200000147
296.01 40.910000000000615 950474.4200000147
198.95000000000005 5.309999999999929 950474.4200000147
231.2400000000025 23.93999999999999 950474.4200000147
154.41000000000145 24.01 950474.4200000147
153.93000000000006 1.6500000000000103 950474.4200000147
310.64000000000397 27.400000000000063 950474.4200000147
298.9100000000001 54.0099999999994 950474.4200000147
255.45999999999776 41.65999999999967 950474.4200000147
279.95000000000095 48.870000000000225 950474.4200000147
9.060000000001764 -84.05999999999995 950474.4200000147
322.06000000000176 -84.05999999999995 950474.4200000147
9.060000000001764 -84.05999999999995 950474.4200000147
322.06000000000176 -84.05999999999995 950474.4200000147
69.62999999999981 -7.770000000002938 950474.4200000147
382.6299999999998 -7.770000000002938 950474.4200000147
69.62999999999981 -7.770000000002938 950474.4200000147
382.6299999999998 -7.770000000002938 950474.4200000147
258.069999999999 9.75000000000007 950474.4200000147
239.9000000000001 26.280000000000044 950474.4200000147
169.62999999999943 3.2899999999999725 950474.4200000147
283.64000000000124 -1.36000000000422 950474.4200000147
283.64000000000124 -1.36000000000422 950474.4200000147
288.01 17.809999999999814 950474.4200000147
-6.060000000002674 -305.0199999999984 950474.4200000147
-6.060000000002674 -305.0199999999984 950474.4200000147
2.2800000000033833 -15.460000000000491 950474.4200000147
315.2800000000034 -15.460000000000491 950474.4200000147
2.2800000000033833 -15.460000000000491 950474.4200000147
315.2800000000034 -15.460000000000491 950474.4200000147
208.86000000000104 42.0199999999996 950474.4200000147
281.13999999999896 31.980000000000153 950474.4200000147
270.9400000000019 25.87999999999998 950474.4200000147
93.65999999999829 9.480000000000011 950474.4200000147
116.28000000000065 4.639999999999036 950474.4200000147
356 76 950474.4200000147
373 82 950474.4200000147
443 113 950474.4200000147
385 109 950474.4200000147
457 131 950474.4200000147
328 69 950474.4200000147
382 88 950474.4200000147
405 98 950474.4200000147
404 100 950474.4200000147
427 88 950474.4200000147
392 99 950474.4200000147
226.16999999999985 52.63000000000027 950474.4200000147
273.5600000000022 74.93999999999946 950474.4200000147
237.23999999999705 62.979999999999606 950474.4200000147
100.0 27.2000000000005 950474.4200000147
185.27999999999975 47.95999999999921 950474.4200000147
217.43000000000325 56.44999999999971 950474.4200000147
316.9200000000028 72.06000000000054 950474.4200000147
119.73999999999782 34.4800000000001 950474.4200000147
288.279999999997 73.02000000000001 950474.4200000147
128.85000000000014 31.81000000000017 950474.4200000147
276.31000000000245 59.24999999999975 950474.4200000147
-58 -50 950474.4200000147
-58 -50 950474.4200000147
-98 -83 950474.4200000147
-98 -83 950474.4200000147
-130 -108 950474.4200000147
-130 -108 950474.4200000147
-55 -132 950474.4200000147
-55 -132 950474.4200000147
-112 -68 950474.4200000147
-112 -68 950474.4200000147
-61 -137 950474.4200000147
-61 -137 950474.4200000147
-112 -180 950474.4200000147
-112 -180 950474.4200000147
-81 -86 950474.4200000147
-81 -86 950474.4200000147
-114 -203 950474.4200000147
-114 -203 950474.4200000147
-149 -235 950474.4200000147
-149 -235 950474.4200000147
-81 -42 950474.4200000147
-81 -42 950474.4200000147
-65 -149 950474.4200000147
-65 -149 950474.4200000147
-146 -169 950474.4200000147
-146 -169 950474.4200000147
-72 -39 950474.4200000147
-72 -39 950474.4200000147
-151 -133 950474.4200000147
-151 -133 950474.4200000147
-84 -38 950474.4200000147
-84 -38 950474.4200000147
-155 -166 950474.4200000147
-155 -166 950474.4200000147
-106 -157 950474.4200000147
-106 -157 950474.4200000147
-110 -198 950474.4200000147
-110 -198 950474.4200000147
-65 -49 950474.4200000147
-65 -49 950474.4200000147
-144 -311 950474.4200000147
-144 -311 950474.4200000147
-150 -286 950474.4200000147
-150 -286 950474.4200000147
-115 -174 950474.4200000147
-115 -174 950474.4200000147
-155 -193 950474.4200000147
-155 -193 950474.4200000147
-25 -20 950474.4200000147
-25 -20 950474.4200000147
-128 -269 950474.4200000147
-128 -269 950474.4200000147
-151 -299 950474.4200000147
-151 -299 950474.4200000147
-142 -109 950474.4200000147
-142 -109 950474.4200000147
-77 -149 950474.4200000147
-77 -149 950474.4200000147
-121 -165 950474.4200000147
-121 -165 950474.4200000147
-155 -251 950474.4200000147
-155 -251 950474.4200000147
-124 -236 950474.4200000147
-124 -236 950474.4200000147
-116 -209 950474.4200000147
-116 -209 950474.4200000147
-76 -163 950474.4200000147
-76 -163 950474.4200000147
-126 -284 950474.4200000147
-126 -284 950474.4200000147
-130 -279 950474.4200000147
-130 -279 950474.4200000147
-76 -187 950474.4200000147
-76 -187 950474.4200000147
-61 -77 950474.4200000147
-61 -77 950474.4200000147
-128 -217 950474.4200000147
-128 -217 950474.4200000147
-68 -71 950474.4200000147
-68 -71 950474.4200000147
-48 -85 950474.4200000147
-48 -85 950474.4200000147
-71 -24 950474.4200000147
-71 -24 950474.4200000147
-123 -193 950474.4200000147
-123 -193 950474.4200000147
-132 -179 950474.4200000147
-132 -179 950474.4200000147
-143 -200 950474.4200000147
-143 -200 950474.4200000147
-92 -202 950474.4200000147
-92 -202 950474.4200000147
-137 -207 950474.4200000147
-137 -207 950474.4200000147
-150 -85 950474.4200000147
-150 -85 950474.4200000147
-138 -107 950474.4200000147
-138 -107 950474.4200000147
-143 -46 950474.4200000147
-143 -46 950474.4200000147
-136 -149 950474.4200000147
-136 -149 950474.4200000147
-93 -220 950474.4200000147
-93 -220 950474.4200000147
-85 -43 950474.4200000147
-85 -43 950474.4200000147
-108 -238 950474.4200000147
-108 -238 950474.4200000147
-60 -58 950474.4200000147
-60 -58 950474.4200000147
-103 -183 950474.4200000147
-103 -183 950474.4200000147
-72 -105 950474.4200000147
-72 -105 950474.4200000147
-135 -168 950474.4200000147
-135 -168 950474.4200000147
-115 -282 950474.4200000147
-115 -282 950474.4200000147
-138 -225 950474.4200000147
-138 -225 950474.4200000147
-138 -50 950474.4200000147
-138 -50 950474.4200000147
-132 -302 950474.4200000147
-132 -302 950474.4200000147
-70 -37 950474.4200000147
-70 -37 950474.4200000147
-107 -193 950474.4200000147
-107 -193 950474.4200000147
-71 -132 950474.4200000147
-71 -132 950474.4200000147
-116 -210 950474.4200000147
-116 -210 950474.4200000147
-107 -121 950474.4200000147
-107 -121 950474.4200000147
-155 -260 950474.4200000147
-155 -260 950474.4200000147
-132 -124 950474.4200000147
-132 -124 950474.4200000147
-126 -238 950474.4200000147
-126 -238 950474.4200000147
-96 -190 950474.4200000147
-96 -190 950474.4200000147
-145 -313 950474.4200000147
-145 -313 950474.4200000147
-104 -34 950474.4200000147
-104 -34 950474.4200000147
-151 -135 950474.4200000147
-151 -135 950474.4200000147
-117 -55 950474.4200000147
-117 -55 950474.4200000147
-88 -61 950474.4200000147
-88 -61 950474.4200000147
-114 -176 950474.4200000147
-114 -176 950474.4200000147
-92 -80 950474.4200000147
-92 -80 950474.4200000147
-39 -92 950474.4200000147
-39 -92 950474.4200000147
-114 -24 950474.4200000147
-114 -24 950474.4200000147
-78 -21 950474.4200000147
-78 -21 950474.4200000147
-95 -26 950474.4200000147
-95 -26 950474.4200000147
-137 -31 950474.4200000147
-137 -31 950474.4200000147
-143 -35 950474.4200000147
-143 -35 950474.4200000147
-148 -33 950474.4200000147
-148 -33 950474.4200000147
-75 -18 950474.4200000147
-75 -18 950474.4200000147
