21 444 948050.2400001448
-32 50 948050.2400001448
-32 50 948050.2400001448
-34 130 948050.2400001448
-34 130 948050.2400001448
-44 87 948050.2400001448
-44 87 948050.2400001448
-58 263 948050.2400001448
-58 263 948050.2400001448
-98 230 948050.2400001448
-98 230 948050.2400001448
-130 205 948050.2400001448
-130 205 948050.2400001448
-55 181 948050.2400001448
-55 181 948050.2400001448
43 389 948050.2400001448
-49 127 948050.2400001448
-49 127 948050.2400001448
-112 245 948050.2400001448
-112 245 948050.2400001448
60 395 948050.2400001448
-61 176 948050.2400001448
-61 176 948050.2400001448
-114 289 948050.2400001448
-114 289 948050.2400001448
71 338 948050.2400001448
106 466 948050.2400001448
55 466 948050.2400001448
42 365 948050.2400001448
-15 264 948050.2400001448
-15 264 948050.2400001448
-78 292 948050.2400001448
-78 292 948050.2400001448
-112 133 948050.2400001448
-112 133 948050.2400001448
-40 26 948050.2400001448
-40 26 948050.2400001448
5 363 948050.2400001448
-81 227 948050.2400001448
-81 227 948050.2400001448
39 353 948050.2400001448
50 459 948050.2400001448
-103 40 948050.2400001448
-103 40 948050.2400001448
-114 110 948050.2400001448
-114 110 948050.2400001448
130 426 948050.2400001448
-149 78 948050.2400001448
-149 78 948050.2400001448
-37 76 948050.2400001448
-37 76 948050.2400001448
-81 271 948050.2400001448
-81 271 948050.2400001448
66 447 948050.2400001448
133 367 948050.2400001448
-65 164 948050.2400001448
-65 164 948050.2400001448
-89 81 948050.2400001448
-89 81 948050.2400001448
-79 24 948050.2400001448
-79 24 948050.2400001448
15 355 948050.2400001448
147 456 948050.2400001448
-95 287 948050.2400001448
-95 287 948050.2400001448
-46 102 948050.2400001448
-46 102 948050.2400001448
72 422 948050.2400001448
-137 282 948050.2400001448
-137 282 948050.2400001448
-146 144 948050.2400001448
167 457 948050.2400001448
-146 144 948050.2400001448
167 457 948050.2400001448
96 458 948050.2400001448
-14 94 948050.2400001448
-14 94 948050.2400001448
-72 274 948050.2400001448
-72 274 948050.2400001448
-143 278 948050.2400001448
-143 278 948050.2400001448
-151 180 948050.2400001448
-151 180 948050.2400001448
23 457 948050.2400001448
144 444 948050.2400001448
131 368 948050.2400001448
-84 275 948050.2400001448
-84 275 948050.2400001448
98 455 948050.2400001448
-100 306 948050.2400001448
-100 -7 948050.2400001448
-100 306 948050.2400001448
-100 -7 948050.2400001448
-155 147 948050.2400001448
158 460 948050.2400001448
-155 147 948050.2400001448
158 460 948050.2400001448
15 382 948050.2400001448
52 379 948050.2400001448
-106 156 948050.2400001448
-106 156 948050.2400001448
-31 198 948050.2400001448
-31 198 948050.2400001448
-110 115 948050.2400001448
-110 115 948050.2400001448
-65 264 948050.2400001448
-65 264 948050.2400001448
69 401 948050.2400001448
-144 2 948050.2400001448
-144 2 948050.2400001448
48 353 948050.2400001448
66 349 948050.2400001448
16 443 948050.2400001448
-150 27 948050.2400001448
-150 27 948050.2400001448
150 397 948050.2400001448
-115 139 948050.2400001448
-115 139 948050.2400001448
-155 120 948050.2400001448
158 433 948050.2400001448
-155 120 948050.2400001448
158 433 948050.2400001448
100 337 948050.2400001448
-104 33 948050.2400001448
-104 33 948050.2400001448
-25 293 948050.2400001448
-25 293 948050.2400001448
-128 44 948050.2400001448
-128 44 948050.2400001448
129 346 948050.2400001448
-151 14 948050.2400001448
-151 14 948050.2400001448
-142 204 948050.2400001448
-142 204 948050.2400001448
-77 164 948050.2400001448
-77 164 948050.2400001448
-121 148 948050.2400001448
-121 148 948050.2400001448
-155 62 948050.2400001448
-155 62 948050.2400001448
53 437 948050.2400001448
-25 193 948050.2400001448
-25 193 948050.2400001448
-124 77 948050.2400001448
-124 77 948050.2400001448
-87 54 948050.2400001448
-87 54 948050.2400001448
42 445 948050.2400001448
92 411 948050.2400001448
-33 31 948050.2400001448
-33 31 948050.2400001448
-116 104 948050.2400001448
-116 104 948050.2400001448
-76 150 948050.2400001448
-76 150 948050.2400001448
-126 29 948050.2400001448
-126 29 948050.2400001448
-130 34 948050.2400001448
-130 34 948050.2400001448
-56 158 948050.2400001448
-56 158 948050.2400001448
-148 280 948050.2400001448
-148 280 948050.2400001448
133 363 948050.2400001448
-154 284 948050.2400001448
-154 -29 948050.2400001448
-154 284 948050.2400001448
-154 -29 948050.2400001448
-76 126 948050.2400001448
-76 126 948050.2400001448
-60 40 948050.2400001448
-60 40 948050.2400001448
118 451 948050.2400001448
-61 236 948050.2400001448
-61 236 948050.2400001448
119 389 948050.2400001448
-128 96 948050.2400001448
-128 96 948050.2400001448
-45 174 948050.2400001448
-45 174 948050.2400001448
-92 55 948050.2400001448
-92 55 948050.2400001448
90 371 948050.2400001448
-68 242 948050.2400001448
-68 242 948050.2400001448
-31 169 948050.2400001448
-31 169 948050.2400001448
-48 228 948050.2400001448
-48 228 948050.2400001448
-29 109 948050.2400001448
-29 109 948050.2400001448
-71 289 948050.2400001448
-71 289 948050.2400001448
-47 133 948050.2400001448
-47 133 948050.2400001448
124 348 948050.2400001448
-123 120 948050.2400001448
-123 120 948050.2400001448
-73 44 948050.2400001448
-73 44 948050.2400001448
99 451 948050.2400001448
-132 134 948050.2400001448
-132 134 948050.2400001448
-28 73 948050.2400001448
-28 73 948050.2400001448
59 387 948050.2400001448
-75 295 948050.2400001448
-75 295 948050.2400001448
-143 113 948050.2400001448
-143 113 948050.2400001448
-66 22 948050.2400001448
-66 22 948050.2400001448
-20 254 948050.2400001448
-20 254 948050.2400001448
-92 111 948050.2400001448
-92 111 948050.2400001448
-137 106 948050.2400001448
-137 106 948050.2400001448
-150 228 948050.2400001448
-150 228 948050.2400001448
-51 152 948050.2400001448
-51 152 948050.2400001448
-138 206 948050.2400001448
-138 206 948050.2400001448
-143 267 948050.2400001448
-143 267 948050.2400001448
-136 164 948050.2400001448
-136 164 948050.2400001448
31 334 948050.2400001448
-56 86 948050.2400001448
-56 86 948050.2400001448
-34 58 948050.2400001448
-34 58 948050.2400001448
-93 93 948050.2400001448
-93 93 948050.2400001448
-73 26 948050.2400001448
-73 26 948050.2400001448
131 381 948050.2400001448
-85 270 948050.2400001448
-85 270 948050.2400001448
-108 75 948050.2400001448
-108 75 948050.2400001448
-60 255 948050.2400001448
-60 255 948050.2400001448
-103 130 948050.2400001448
-103 130 948050.2400001448
62 350 948050.2400001448
-72 208 948050.2400001448
-72 208 948050.2400001448
-135 145 948050.2400001448
-135 145 948050.2400001448
146 455 948050.2400001448
36 349 948050.2400001448
-60 82 948050.2400001448
-60 82 948050.2400001448
-115 31 948050.2400001448
-115 31 948050.2400001448
24 419 948050.2400001448
-138 88 948050.2400001448
-138 88 948050.2400001448
-138 263 948050.2400001448
-138 263 948050.2400001448
22 376 948050.2400001448
-132 11 948050.2400001448
-132 11 948050.2400001448
-70 276 948050.2400001448
-70 276 948050.2400001448
42 466 948050.2400001448
109 462 948050.2400001448
-107 120 948050.2400001448
-107 120 948050.2400001448
-71 181 948050.2400001448
-71 181 948050.2400001448
15 340 948050.2400001448
-17 44 948050.2400001448
-17 44 948050.2400001448
-116 103 948050.2400001448
-116 103 948050.2400001448
-107 192 948050.2400001448
-107 192 948050.2400001448
46 331 948050.2400001448
-14 51 948050.2400001448
-14 51 948050.2400001448
-155 53 948050.2400001448
-155 53 948050.2400001448
-25 19 948050.2400001448
-25 19 948050.2400001448
-132 189 948050.2400001448
-132 189 948050.2400001448
-126 75 948050.2400001448
-126 75 948050.2400001448
-96 123 948050.2400001448
-96 123 948050.2400001448
105 378 948050.2400001448
-79 61 948050.2400001448
-79 61 948050.2400001448
34 424 948050.2400001448
-148 303 948050.2400001448
-148 -10 948050.2400001448
-148 303 948050.2400001448
-148 -10 948050.2400001448
-28 181 948050.2400001448
-28 181 948050.2400001448
-145 0 948050.2400001448
-145 0 948050.2400001448
49 429 948050.2400001448
-104 279 948050.2400001448
-104 279 948050.2400001448
-151 178 948050.2400001448
-151 178 948050.2400001448
0 364 948050.2400001448
-117 258 948050.2400001448
-117 258 948050.2400001448
91 413 948050.2400001448
72 360 948050.2400001448
-88 252 948050.2400001448
-88 252 948050.2400001448
95 451 948050.2400001448
98 395 948050.2400001448
70 447 948050.2400001448
-114 137 948050.2400001448
-114 137 948050.2400001448
-92 233 948050.2400001448
-92 233 948050.2400001448
126 460 948050.2400001448
-39 221 948050.2400001448
-39 221 948050.2400001448
114 401 948050.2400001448
-64 115 948050.2400001448
-64 115 948050.2400001448
-55 111 948050.2400001448
-55 111 948050.2400001448
7 344 948050.2400001448
79 412 948050.2400001448
122 365 948050.2400001448
-8.970000000000027 10.930000000000037 948050.2400001448
-8.970000000000027 10.930000000000037 948050.2400001448
-8.930000000000064 10.890000000000082 948050.2400001448
-8.930000000000064 10.890000000000082 948050.2400001448
-8.8900000000001 10.85000000000011 948050.2400001448
-8.8900000000001 10.85000000000011 948050.2400001448
-8.870000000000118 10.830000000000146 948050.2400001448
-8.870000000000118 10.830000000000146 948050.2400001448
-8.830000000000155 10.790000000000164 948050.2400001448
-8.830000000000155 10.790000000000164 948050.2400001448
-8.77000000000021 10.730000000000201 948050.2400001448
-8.77000000000021 10.730000000000201 948050.2400001448
-8.760000000000218 10.700000000000198 948050.2400001448
-8.760000000000218 10.700000000000198 948050.2400001448
-8.720000000000255 10.660000000000226 948050.2400001448
-8.720000000000255 10.660000000000226 948050.2400001448
-8.700000000000273 10.640000000000262 948050.2400001448
-8.700000000000273 10.640000000000262 948050.2400001448
-8.640000000000327 10.58000000000029 948050.2400001448
-8.640000000000327 10.58000000000029 948050.2400001448
-8.570000000000391 10.510000000000279 948050.2400001448
-8.570000000000391 10.510000000000279 948050.2400001448
-8.55000000000041 10.490000000000284 948050.2400001448
-8.55000000000041 10.490000000000284 948050.2400001448
-8.470000000000482 10.410000000000313 948050.2400001448
-8.470000000000482 10.410000000000313 948050.2400001448
-8.430000000000518 10.370000000000328 948050.2400001448
-8.430000000000518 10.370000000000328 948050.2400001448
-8.410000000000537 10.350000000000355 948050.2400001448
-8.410000000000537 10.350000000000355 948050.2400001448
-8.290000000000646 10.230000000000375 948050.2400001448
-8.290000000000646 10.230000000000375 948050.2400001448
-8.260000000000673 10.200000000000369 948050.2400001448
-8.260000000000673 10.200000000000369 948050.2400001448
-8.22000000000071 10.160000000000396 948050.2400001448
-8.22000000000071 10.160000000000396 948050.2400001448
-8.170000000000755 10.11000000000046 948050.2400001448
-8.170000000000755 10.11000000000046 948050.2400001448
-8.1200000000008 10.060000000000505 948050.2400001448
-8.1200000000008 10.060000000000505 948050.2400001448
-8.090000000000828 10.030000000000523 948050.2400001448
-8.090000000000828 10.030000000000523 948050.2400001448
-8.050000000000864 9.99000000000055 948050.2400001448
-8.050000000000864 9.99000000000055 948050.2400001448
-8.030000000000882 9.970000000000587 948050.2400001448
-8.030000000000882 9.970000000000587 948050.2400001448
-7.940000000000964 9.920000000000597 948050.2400001448
-7.940000000000964 9.920000000000597 948050.2400001448
-7.840000000001055 9.820000000000595 948050.2400001448
-7.840000000001055 9.820000000000595 948050.2400001448
-7.800000000001091 9.780000000000628 948050.2400001448
-7.800000000001091 9.780000000000628 948050.2400001448
-20.950000000000045 217.97000000000003 948050.2400001448
-20.950000000000045 217.97000000000003 948050.2400001448
-7.760000000001128 9.720000000000692 948050.2400001448
-7.760000000001128 9.720000000000692 948050.2400001448
-7.720000000001164 9.680000000000728 948050.2400001448
-7.720000000001164 9.680000000000728 948050.2400001448
-7.690000000001191 9.650000000000755 948050.2400001448
-7.690000000001191 9.650000000000755 948050.2400001448
-7.660000000001219 9.6000000000008 948050.2400001448
-7.660000000001219 9.6000000000008 948050.2400001448
-7.640000000001237 9.580000000000828 948050.2400001448
-7.640000000001237 9.580000000000828 948050.2400001448
-7.600000000001273 9.540000000000855 948050.2400001448
-7.600000000001273 9.540000000000855 948050.2400001448
-7.5800000000012915 9.520000000000882 948050.2400001448
-7.5800000000012915 9.520000000000882 948050.2400001448
-7.540000000001328 9.480000000000901 948050.2400001448
-7.540000000001328 9.480000000000901 948050.2400001448
-7.520000000001346 9.460000000000937 948050.2400001448
-7.520000000001346 9.460000000000937 948050.2400001448
-7.500000000001364 9.440000000000955 948050.2400001448
-7.500000000001364 9.440000000000955 948050.2400001448
-7.430000000001428 9.370000000001001 948050.2400001448
-7.430000000001428 9.370000000001001 948050.2400001448
-7.390000000001464 9.330000000001037 948050.2400001448
-7.390000000001464 9.330000000001037 948050.2400001448
-7.320000000001528 9.260000000001074 948050.2400001448
-7.320000000001528 9.260000000001074 948050.2400001448
-7.290000000001555 9.23000000000108 948050.2400001448
-7.290000000001555 9.23000000000108 948050.2400001448
-7.270000000001573 9.210000000001108 948050.2400001448
-7.270000000001573 9.210000000001108 948050.2400001448
-7.250000000001592 9.190000000001126 948050.2400001448
-7.250000000001592 9.190000000001126 948050.2400001448
-7.190000000001646 9.130000000001154 948050.2400001448
-7.190000000001646 9.130000000001154 948050.2400001448
-7.1600000000016735 9.100000000001142 948050.2400001448
-7.1600000000016735 9.100000000001142 948050.2400001448
-7.140000000001692 9.080000000001169 948050.2400001448
-7.140000000001692 9.080000000001169 948050.2400001448
-7.100000000001728 9.040000000001196 948050.2400001448
-7.100000000001728 9.040000000001196 948050.2400001448
-7.030000000001792 8.970000000001212 948050.2400001448
-7.030000000001792 8.970000000001212 948050.2400001448
-7.01000000000181 8.95000000000123 948050.2400001448
-7.01000000000181 8.95000000000123 948050.2400001448
21.970000000000027 468.97 948050.2400001448
-6.960000000001855 8.900000000001267 948050.2400001448
-6.960000000001855 8.900000000001267 948050.2400001448
-6.940000000001874 8.880000000001294 948050.2400001448
-6.940000000001874 8.880000000001294 948050.2400001448
-6.910000000001901 8.850000000001312 948050.2400001448
-6.910000000001901 8.850000000001312 948050.2400001448
-6.860000000001946 8.800000000001349 948050.2400001448
-6.860000000001946 8.800000000001349 948050.2400001448
-6.79000000000201 8.730000000001386 948050.2400001448
-6.79000000000201 8.730000000001386 948050.2400001448
-6.750000000002046 8.690000000001392 948050.2400001448
-6.750000000002046 8.690000000001392 948050.2400001448
-6.6300000000021555 8.570000000001457 948050.2400001448
-6.6300000000021555 8.570000000001457 948050.2400001448
-6.57000000000221 8.51000000000149 948050.2400001448
-6.57000000000221 8.51000000000149 948050.2400001448
-6.550000000002228 8.490000000001478 948050.2400001448
-6.550000000002228 8.490000000001478 948050.2400001448
-6.5200000000022555 8.440000000001506 948050.2400001448
-6.5200000000022555 8.440000000001506 948050.2400001448
-6.410000000002356 8.330000000001544 948050.2400001448
-6.410000000002356 8.330000000001544 948050.2400001448
-6.3200000000024374 8.240000000001539 948050.2400001448
-6.3200000000024374 8.240000000001539 948050.2400001448
-6.290000000002465 8.210000000001553 948050.2400001448
-6.290000000002465 8.210000000001553 948050.2400001448
-9.830000000000155 106.99 948050.2400001448
-9.830000000000155 106.99 948050.2400001448
-6.260000000002492 8.18000000000158 948050.2400001448
-6.260000000002492 8.18000000000158 948050.2400001448
-6.230000000002519 8.150000000001608 948050.2400001448
-6.230000000002519 8.150000000001608 948050.2400001448
-6.170000000002574 8.090000000001636 948050.2400001448
-6.170000000002574 8.090000000001636 948050.2400001448
-6.120000000002619 8.040000000001633 948050.2400001448
-6.120000000002619 8.040000000001633 948050.2400001448
-114.04999999999995 1.9500000000000455 948050.2400001448
-114.04999999999995 1.9500000000000455 948050.2400001448
-6.930000000001883 8.990000000001224 948050.2400001448
-6.930000000001883 8.990000000001224 948050.2400001448
-145.01 312.99 948050.2400001448
-145.01 -0.009999999999990905 948050.2400001448
-145.01 312.99 948050.2400001448
-145.01 -0.009999999999990905 948050.2400001448
-6.610000000002174 8.390000000001578 948050.2400001448
-6.610000000002174 8.390000000001578 948050.2400001448
-92.01999999999998 6.700000000000273 948050.2400001448
-92.01999999999998 6.700000000000273 948050.2400001448
-4.650000000000318 283.26999999999975 948050.2400001448
-4.650000000000318 283.26999999999975 948050.2400001448
-7.7900000000011005 9.490000000000919 948050.2400001448
-7.7900000000011005 9.490000000000919 948050.2400001448
-7.650000000000318 138.30999999999972 948050.2400001448
-7.650000000000318 138.30999999999972 948050.2400001448
-1.3400000000015098 303.27999999999884 948050.2400001448
-1.3400000000015098 303.27999999999884 948050.2400001448
-56.269999999999754 11.990000000000919 948050.2400001448
-56.269999999999754 11.990000000000919 948050.2400001448
46.360000000000326 171.0 948050.2400001448
6.129999999999976 49.970000000000006 948050.2400001448
-7.570000000001301 11.81 948050.2400001448
-7.570000000001301 11.81 948050.2400001448
45.28999999999994 323.3500000000006 948050.2400001448
4.640000000001237 376.25999999999993 948050.2400001448
53.84000000000003 184.96000000000095 948050.2400001448
-99.82000000000016 1.360000000000582 948050.2400001448
-99.82000000000016 1.360000000000582 948050.2400001448
43.329999999999934 192.5299999999977 948050.2400001448
50.05999999999999 170.0999999999999 948050.2400001448
4.44999999999999 247.38999999999874 948050.2400001448
0.46000000000000935 50.90000000000002 948050.2400001448
-10.760000000002037 168.86000000000013 948050.2400001448
-10.760000000002037 168.86000000000013 948050.2400001448
-9.379999999999654 9.800000000001035 948050.2400001448
-9.379999999999654 9.800000000001035 948050.2400001448
64.9600000000001 179.9000000000001 948050.2400001448
33.06999999999979 213.97000000000003 948050.2400001448
57.30999999999954 153.96999999999912 948050.2400001448
19.99 197.95000000000095 948050.2400001448
93.32000000000016 248.98000000000002 948050.2400001448
39.79000000000024 159.5299999999986 948050.2400001448
6.989999999999979 296.8900000000001 948050.2400001448
86.89999999999893 243.72000000000207 948050.2400001448
23.12000000000033 129.38000000000147 948050.2400001448
43.720000000000056 323.4800000000005 948050.2400001448
0.9000000000019099 411.47999999999973 948050.2400001448
-112.93000000000006 311.38999999999965 948050.2400001448
-112.93000000000006 -1.6100000000003547 948050.2400001448
-112.93000000000006 311.38999999999965 948050.2400001448
-112.93000000000006 -1.6100000000003547 948050.2400001448
55.40999999999952 168.1300000000008 948050.2400001448
43.66999999999927 220.99 948050.2400001448
87.87999999999943 261.29999999999427 948050.2400001448
23.489999999999764 211.92999999999824 948050.2400001448
40.29000000000034 151.63000000000125 948050.2400001448
56.879999999999626 192.77999999999747 948050.2400001448
29.59000000000025 202.93000000000006 948050.2400001448
25.750000000000117 274.6100000000031 948050.2400001448
6.239999999999995 62.4800000000001 948050.2400001448
18.040000000000234 246.13999999999714 948050.2400001448
49.5099999999993 290.95000000000005 948050.2400001448
70.58999999999928 233.209999999998 948050.2400001448
78.31000000000118 227.47000000000048 948050.2400001448
6.390000000000013 72.89000000000097 948050.2400001448
28.51000000000008 289.73000000000025 948050.2400001448
84.12999999999904 250.97000000000003 948050.2400001448
-29.389999999998736 311.8299999999956 948050.2400001448
-29.389999999998736 -1.1700000000043929 948050.2400001448
-29.389999999998736 311.8299999999956 948050.2400001448
-29.389999999998736 -1.1700000000043929 948050.2400001448
35.4700000000005 176.85000000000196 948050.2400001448
40.89000000000022 131.85000000000014 948050.2400001448
28.86999999999998 188.37000000000057 948050.2400001448
22.679999999999794 103.2599999999986 948050.2400001448
3.0099999999990708 259.0699999999981 948050.2400001448
44.64000000000067 257.9200000000028 948050.2400001448
5.0099999999999785 280.0900000000008 948050.2400001448
5.5099999999999465 96.76999999999886 948050.2400001448
3.860000000002856 385.1000000000006 948050.2400001448
38.90999999999982 274.870000000001 948050.2400001448
64.09000000000005 220.01 948050.2400001448
-1.4400000000032378 189.0999999999999 948050.2400001448
-1.4400000000032378 189.0999999999999 948050.2400001448
67.38999999999969 309.79000000000383 948050.2400001448
16.660000000000082 73.28000000000219 948050.2400001448
-7.78000000000111 10.000000000000604 948050.2400001448
-7.78000000000111 10.000000000000604 948050.2400001448
17.029999999999692 278.85000000000105 948050.2400001448
50.429999999999914 144.55000000000132 948050.2400001448
0.4200000000023465 429.4400000000002 948050.2400001448
73.64000000000186 297.02000000000453 948050.2400001448
31.17000000000034 302.7699999999975 948050.2400001448
97.48000000000127 256.2799999999961 948050.2400001448
12.51000000000001 184.53000000000316 948050.2400001448
4.049999999999978 134.38999999999783 948050.2400001448
65.08000000000055 259.6600000000003 948050.2400001448
10.930000000000001 226.89000000000192 948050.2400001448
34.9999999999998 109.99999999999949 948050.2400001448
23.160000000000025 144.0 948050.2400001448
73.09000000000158 265.6099999999958 948050.2400001448
54.220000000000354 240.76000000000022 948050.2400001448
-6.0000000000027285 7.980000000001622 948050.2400001448
-6.0000000000027285 7.980000000001622 948050.2400001448
9.980000000000086 205.8599999999983 948050.2400001448
59.68000000000066 262.69999999999754 948050.2400001448
95.98999999999948 320.53000000000225 948050.2400001448
14.990000000000022 129.09000000000083 948050.2400001448
103.7700000000004 294.65000000000214 948050.2400001448
58.729999999999855 208.55000000000223 948050.2400001448
18.659999999999478 159.35999999999694 948050.2400001448
16.93999999999999 300.4399999999987 948050.2400001448
5.6500000000000075 241.99000000000183 948050.2400001448
5.780000000000026 30.699999999999953 948050.2400001448
4.839999999999961 115.95999999999998 948050.2400001448
1.0600000000017644 444.1400000000008 948050.2400001448
33.0100000000002 229.86999999999648 948050.2400001448
334 131 948050.2400001448
334 444 948050.2400001448
347 226 948050.2400001448
347 226 948050.2400001448
281 363 948050.2400001448
281 363 948050.2400001448
454 240 948050.2400001448
454 240 948050.2400001448
279 443 948050.2400001448
279 443 948050.2400001448
269 400 948050.2400001448
269 400 948050.2400001448
420 159 948050.2400001448
420 159 948050.2400001448
356 389 948050.2400001448
264 440 948050.2400001448
264 440 948050.2400001448
402 218 948050.2400001448
402 218 948050.2400001448
447 276 948050.2400001448
447 276 948050.2400001448
448 279 948050.2400001448
448 279 948050.2400001448
373 395 948050.2400001448
464 254 948050.2400001448
464 254 948050.2400001448
377 220 948050.2400001448
377 220 948050.2400001448
384 338 948050.2400001448
419 153 948050.2400001448
419 466 948050.2400001448
368 153 948050.2400001448
368 466 948050.2400001448
355 365 948050.2400001448
442 183 948050.2400001448
442 183 948050.2400001448
402 255 948050.2400001448
402 255 948050.2400001448
423 212 948050.2400001448
423 212 948050.2400001448
325 243 948050.2400001448
325 243 948050.2400001448
201 446 948050.2400001448
201 446 948050.2400001448
273 339 948050.2400001448
273 339 948050.2400001448
318 363 948050.2400001448
352 353 948050.2400001448
363 146 948050.2400001448
363 459 948050.2400001448
210 353 948050.2400001448
210 353 948050.2400001448
351 276 948050.2400001448
351 276 948050.2400001448
199 423 948050.2400001448
199 423 948050.2400001448
377 260 948050.2400001448
377 260 948050.2400001448
443 426 948050.2400001448
164 391 948050.2400001448
164 391 948050.2400001448
276 389 948050.2400001448
276 389 948050.2400001448
449 283 948050.2400001448
449 283 948050.2400001448
326 188 948050.2400001448
326 188 948050.2400001448
356 190 948050.2400001448
356 190 948050.2400001448
379 134 948050.2400001448
379 447 948050.2400001448
446 367 948050.2400001448
224 394 948050.2400001448
224 394 948050.2400001448
436 175 948050.2400001448
436 175 948050.2400001448
146 322 948050.2400001448
459 322 948050.2400001448
234 337 948050.2400001448
234 337 948050.2400001448
328 355 948050.2400001448
460 143 948050.2400001448
460 456 948050.2400001448
267 415 948050.2400001448
267 415 948050.2400001448
385 422 948050.2400001448
345 214 948050.2400001448
345 214 948050.2400001448
409 145 948050.2400001448
409 458 948050.2400001448
438 228 948050.2400001448
438 228 948050.2400001448
299 407 948050.2400001448
299 407 948050.2400001448
361 261 948050.2400001448
361 261 948050.2400001448
336 144 948050.2400001448
336 457 948050.2400001448
457 444 948050.2400001448
455 254 948050.2400001448
455 254 948050.2400001448
444 368 948050.2400001448
156 337 948050.2400001448
469 337 948050.2400001448
430 182 948050.2400001448
430 182 948050.2400001448
366 169 948050.2400001448
366 169 948050.2400001448
408 243 948050.2400001448
408 243 948050.2400001448
411 142 948050.2400001448
411 455 948050.2400001448
328 382 948050.2400001448
365 379 948050.2400001448
207 469 948050.2400001448
207 469 948050.2400001448
138 340 948050.2400001448
451 340 948050.2400001448
354 158 948050.2400001448
354 158 948050.2400001448
203 428 948050.2400001448
203 428 948050.2400001448
338 210 948050.2400001448
338 210 948050.2400001448
382 401 948050.2400001448
169 315 948050.2400001448
169 315 948050.2400001448
361 353 948050.2400001448
379 349 948050.2400001448
329 130 948050.2400001448
329 443 948050.2400001448
163 340 948050.2400001448
163 340 948050.2400001448
463 397 948050.2400001448
198 452 948050.2400001448
198 452 948050.2400001448
413 337 948050.2400001448
209 346 948050.2400001448
209 346 948050.2400001448
185 357 948050.2400001448
185 357 948050.2400001448
442 346 948050.2400001448
399 251 948050.2400001448
399 251 948050.2400001448
162 327 948050.2400001448
162 327 948050.2400001448
192 461 948050.2400001448
192 461 948050.2400001448
158 375 948050.2400001448
158 375 948050.2400001448
366 124 948050.2400001448
366 437 948050.2400001448
338 278 948050.2400001448
338 278 948050.2400001448
189 390 948050.2400001448
189 390 948050.2400001448
226 367 948050.2400001448
226 367 948050.2400001448
355 132 948050.2400001448
355 445 948050.2400001448
405 411 948050.2400001448
418 181 948050.2400001448
418 181 948050.2400001448
280 344 948050.2400001448
280 344 948050.2400001448
197 417 948050.2400001448
197 417 948050.2400001448
333 199 948050.2400001448
333 199 948050.2400001448
237 463 948050.2400001448
237 463 948050.2400001448
400 197 948050.2400001448
400 197 948050.2400001448
187 342 948050.2400001448
187 342 948050.2400001448
183 347 948050.2400001448
183 347 948050.2400001448
351 179 948050.2400001448
351 179 948050.2400001448
446 363 948050.2400001448
237 439 948050.2400001448
237 439 948050.2400001448
253 353 948050.2400001448
253 353 948050.2400001448
431 138 948050.2400001448
431 451 948050.2400001448
361 171 948050.2400001448
361 171 948050.2400001448
432 258 948050.2400001448
432 258 948050.2400001448
402 246 948050.2400001448
402 246 948050.2400001448
319 244 948050.2400001448
319 244 948050.2400001448
432 389 948050.2400001448
332 280 948050.2400001448
332 280 948050.2400001448
185 409 948050.2400001448
185 409 948050.2400001448
426 175 948050.2400001448
426 175 948050.2400001448
221 368 948050.2400001448
221 368 948050.2400001448
403 371 948050.2400001448
284 422 948050.2400001448
284 422 948050.2400001448
266 446 948050.2400001448
266 446 948050.2400001448
437 348 948050.2400001448
190 433 948050.2400001448
190 433 948050.2400001448
240 357 948050.2400001448
240 357 948050.2400001448
341 290 948050.2400001448
341 290 948050.2400001448
412 138 948050.2400001448
412 451 948050.2400001448
181 447 948050.2400001448
181 447 948050.2400001448
285 386 948050.2400001448
285 386 948050.2400001448
372 387 948050.2400001448
170 426 948050.2400001448
170 426 948050.2400001448
247 335 948050.2400001448
247 335 948050.2400001448
467 163 948050.2400001448
467 163 948050.2400001448
221 424 948050.2400001448
221 424 948050.2400001448
176 419 948050.2400001448
176 419 948050.2400001448
262 465 948050.2400001448
262 465 948050.2400001448
344 334 948050.2400001448
453 218 948050.2400001448
453 218 948050.2400001448
257 399 948050.2400001448
257 399 948050.2400001448
399 178 948050.2400001448
399 178 948050.2400001448
279 371 948050.2400001448
279 371 948050.2400001448
341 203 948050.2400001448
341 203 948050.2400001448
369 241 948050.2400001448
369 241 948050.2400001448
220 406 948050.2400001448
220 406 948050.2400001448
240 339 948050.2400001448
240 339 948050.2400001448
444 381 948050.2400001448
205 388 948050.2400001448
205 388 948050.2400001448
375 180 948050.2400001448
375 180 948050.2400001448
418 174 948050.2400001448
418 174 948050.2400001448
210 443 948050.2400001448
210 443 948050.2400001448
375 350 948050.2400001448
178 458 948050.2400001448
178 458 948050.2400001448
453 160 948050.2400001448
453 160 948050.2400001448
459 142 948050.2400001448
459 455 948050.2400001448
449 172 948050.2400001448
449 172 948050.2400001448
152 363 948050.2400001448
465 363 948050.2400001448
349 349 948050.2400001448
253 395 948050.2400001448
253 395 948050.2400001448
371 211 948050.2400001448
371 211 948050.2400001448
198 344 948050.2400001448
198 344 948050.2400001448
342 189 948050.2400001448
342 189 948050.2400001448
385 231 948050.2400001448
385 231 948050.2400001448
337 106 948050.2400001448
337 419 948050.2400001448
175 401 948050.2400001448
175 401 948050.2400001448
383 261 948050.2400001448
383 261 948050.2400001448
390 165 948050.2400001448
390 165 948050.2400001448
335 376 948050.2400001448
181 324 948050.2400001448
181 324 948050.2400001448
355 153 948050.2400001448
355 466 948050.2400001448
467 313 948050.2400001448
422 149 948050.2400001448
422 462 948050.2400001448
457 290 948050.2400001448
457 290 948050.2400001448
206 433 948050.2400001448
206 433 948050.2400001448
328 340 948050.2400001448
363 170 948050.2400001448
363 170 948050.2400001448
296 357 948050.2400001448
296 357 948050.2400001448
197 416 948050.2400001448
197 416 948050.2400001448
359 331 948050.2400001448
299 364 948050.2400001448
299 364 948050.2400001448
158 366 948050.2400001448
158 366 948050.2400001448
288 332 948050.2400001448
288 332 948050.2400001448
187 388 948050.2400001448
187 388 948050.2400001448
424 180 948050.2400001448
424 180 948050.2400001448
427 215 948050.2400001448
427 215 948050.2400001448
217 436 948050.2400001448
217 436 948050.2400001448
389 228 948050.2400001448
389 228 948050.2400001448
418 378 948050.2400001448
234 374 948050.2400001448
234 374 948050.2400001448
347 111 948050.2400001448
347 424 948050.2400001448
353 221 948050.2400001448
353 221 948050.2400001448
362 116 948050.2400001448
362 429 948050.2400001448
410 176 948050.2400001448
410 176 948050.2400001448
463 280 948050.2400001448
463 280 948050.2400001448
313 364 948050.2400001448
421 206 948050.2400001448
421 206 948050.2400001448
404 413 948050.2400001448
376 260 948050.2400001448
376 260 948050.2400001448
385 360 948050.2400001448
422 252 948050.2400001448
422 252 948050.2400001448
408 252 948050.2400001448
408 252 948050.2400001448
408 138 948050.2400001448
408 451 948050.2400001448
466 292 948050.2400001448
466 292 948050.2400001448
411 395 948050.2400001448
406 249 948050.2400001448
406 249 948050.2400001448
443 168 948050.2400001448
443 168 948050.2400001448
383 134 948050.2400001448
383 447 948050.2400001448
199 450 948050.2400001448
199 450 948050.2400001448
439 147 948050.2400001448
439 460 948050.2400001448
359 291 948050.2400001448
359 291 948050.2400001448
368 190 948050.2400001448
368 190 948050.2400001448
464 157 948050.2400001448
464 157 948050.2400001448
427 401 948050.2400001448
249 428 948050.2400001448
249 428 948050.2400001448
258 424 948050.2400001448
258 424 948050.2400001448
320 344 948050.2400001448
392 412 948050.2400001448
435 365 948050.2400001448
367 186 948050.2400001448
367 186 948050.2400001448
334.97 155.97000000000003 948050.2400001448
334.97 468.97 948050.2400001448
303.16999999999985 419.99 948050.2400001448
303.16999999999985 419.99 948050.2400001448
318.21000000000066 297.2299999999998 948050.2400001448
318.21000000000066 297.2299999999998 948050.2400001448
415.99 297.03 948050.2400001448
415.99 297.03 948050.2400001448
198.95000000000005 314.95000000000005 948050.2400001448
198.95000000000005 314.95000000000005 948050.2400001448
306.0699999999981 321.9900000000012 948050.2400001448
306.0699999999981 321.9900000000012 948050.2400001448
306.3899999999978 321.3900000000016 948050.2400001448
306.3899999999978 321.3900000000016 948050.2400001448
220.98000000000002 319.7000000000003 948050.2400001448
220.98000000000002 319.7000000000003 948050.2400001448
319.01000000000016 297.26999999999975 948050.2400001448
319.01000000000016 297.26999999999975 948050.2400001448
326.3500000000006 204.24999999999977 948050.2400001448
326.3500000000006 204.24999999999977 948050.2400001448
305.2099999999989 322.4900000000009 948050.2400001448
305.2099999999989 322.4900000000009 948050.2400001448
305.3499999999997 451.3099999999997 948050.2400001448
305.3499999999997 451.3099999999997 948050.2400001448
246.76000000000113 262.920000000001 948050.2400001448
341.89 301.14999999999895 948050.2400001448
341.89 301.14999999999895 948050.2400001448
123.05000000000003 175.16999999999985 948050.2400001448
169.04999999999905 311.5900000000013 948050.2400001448
196.94000000000005 104.72000000000037 948050.2400001448
256.73000000000025 324.9900000000009 948050.2400001448
256.73000000000025 324.9900000000009 948050.2400001448
305.4299999999987 324.81 948050.2400001448
305.4299999999987 324.81 948050.2400001448
358.28999999999996 323.3500000000006 948050.2400001448
149.95000000000005 277.830000000002 948050.2400001448
162.4600000000005 312.74000000000115 948050.2400001448
140.2300000000016 254.2299999999998 948050.2400001448
317.64000000000124 376.25999999999993 948050.2400001448
151.02999999999997 156.37000000000057 948050.2400001448
37.96000000000021 41.45999999999971 948050.2400001448
203.23999999999978 115.08000000000004 948050.2400001448
213.17999999999984 314.3600000000006 948050.2400001448
213.17999999999984 314.3600000000006 948050.2400001448
138.56999999999766 173.90999999999826 948050.2400001448
233.87000000000103 291.3100000000006 948050.2400001448
303.62000000000035 322.80000000000103 948050.2400001448
303.62000000000035 322.80000000000103 948050.2400001448
158.81000000000017 284.04999999999995 948050.2400001448
198.90999999999917 140.78999999999837 948050.2400001448
139.81000000000017 159.15000000000077 948050.2400001448
198.82000000000016 136.96000000000004 948050.2400001448
290.2999999999979 194.4399999999987 948050.2400001448
107.55000000000028 159.9899999999991 948050.2400001448
247.0200000000009 164.01999999999998 948050.2400001448
154.62999999999943 164.04999999999905 948050.2400001448
269.16999999999894 173.69000000000028 948050.2400001448
165.500000000005 203.54000000000042 948050.2400001448
199.900000000001 131.30000000000155 948050.2400001448
312.56000000000404 281.3399999999997 948050.2400001448
57.90000000000042 85.30000000000169 948050.2400001448
164.91000000000008 280.1099999999999 948050.2400001448
175.49999999999955 207.23999999999887 948050.2400001448
17.09000000000015 42.46999999999991 948050.2400001448
225.59999999999854 80.49999999999974 948050.2400001448
228.49000000000046 277.0899999999981 948050.2400001448
190.23999999999978 312.3400000000015 948050.2400001448
241.47999999999683 299.11999999999625 948050.2400001448
206.23999999999978 120.72000000000037 948050.2400001448
98.17000000000162 239.07000000000357 948050.2400001448
24.42000000000038 61.80000000000024 948050.2400001448
268.27999999999884 101.33999999999966 948050.2400001448
356.72 323.4800000000005 948050.2400001448
109.15000000000008 252.62999999999943 948050.2400001448
133.910000000001 279.2499999999998 948050.2400001448
313.9000000000019 98.47999999999973 948050.2400001448
313.9000000000019 411.47999999999973 948050.2400001448
150.18000000000347 309.3600000000033 948050.2400001448
236.95000000000005 127.93000000000099 948050.2400001448
84.6299999999993 178.72999999999934 948050.2400001448
90.03000000000053 217.8900000000001 948050.2400001448
258.6899999999994 185.78999999999564 948050.2400001448
128.86000000000104 166.10000000000173 948050.2400001448
91.8599999999984 134.52000000000317 948050.2400001448
105.48999999999974 153.30999999999972 948050.2400001448
135.21999999999798 55.39999999999972 948050.2400001448
167.61000000000217 266.05000000000086 948050.2400001448
309.09000000000265 257.28999999999974 948050.2400001448
264.51000000000136 135.9699999999973 948050.2400001448
131.89999999999736 188.33999999999514 948050.2400001448
329.80999999999995 300.9899999999982 948050.2400001448
329.80999999999995 300.9899999999982 948050.2400001448
166.16999999999894 300.7100000000021 948050.2400001448
170.59999999999945 278.02 948050.2400001448
166.96000000000004 142.900000000001 948050.2400001448
158.31000000000336 185.7099999999948 948050.2400001448
113.48000000000025 173.70000000000118 948050.2400001448
153.13999999999987 293.119999999999 948050.2400001448
196.01999999999998 259.57999999999856 948050.2400001448
188.88000000000102 120.0 948050.2400001448
218.39999999999964 287.5799999999995 948050.2400001448
246.6199999999967 277.9799999999982 948050.2400001448
232.74999999999932 308.2500000000007 948050.2400001448
129.6700000000012 55.88999999999982 948050.2400001448
62.31999999999934 72.19999999999908 948050.2400001448
117.63000000000032 184.36999999999784 948050.2400001448
96.34999999999916 80.36999999999917 948050.2400001448
382.6499999999998 305.36999999999694 948050.2400001448
382.6499999999998 305.36999999999694 948050.2400001448
315.09000000000356 297.48999999999955 948050.2400001448
315.09000000000356 297.48999999999955 948050.2400001448
257.50999999999954 158.68999999999937 948050.2400001448
205.34999999999968 74.04999999999951 948050.2400001448
283.02999999999906 163.91000000000463 948050.2400001448
15.069999999999999 24.04999999999954 948050.2400001448
301.1799999999989 166.84000000000196 948050.2400001448
321.97000000000185 228.95000000000005 948050.2400001448
321.97000000000185 228.95000000000005 948050.2400001448
197.60000000000127 289.9799999999991 948050.2400001448
240.43000000000052 274.14999999999986 948050.2400001448
72.47000000000024 49.80999999999944 948050.2400001448
240.97000000000003 206.83000000000106 948050.2400001448
200.06999999999994 308.73000000000206 948050.2400001448
189.73999999999933 79.70000000000138 948050.2400001448
92.17000000000009 95.92999999999894 948050.2400001448
74.15000000000212 134.01 948050.2400001448
174.48000000000138 104.51999999999924 948050.2400001448
142.48000000000138 291.9599999999982 948050.2400001448
103.8399999999994 183.4199999999978 948050.2400001448
312.0700000000045 243.65000000000214 948050.2400001448
242.61000000000217 242.48999999999955 948050.2400001448
158.0 146.80000000000018 948050.2400001448
158.95999999999913 63.179999999999765 948050.2400001448
143.33000000000243 141.91000000000008 948050.2400001448
252.93000000000006 77.42999999999766 948050.2400001448
257.9100000000001 110.82999999999991 948050.2400001448
185.18999999999983 95.94999999999997 948050.2400001448
117.95999999999998 133.54000000000406 948050.2400001448
107.18999999999856 214.54999999999768 948050.2400001448
104.8099999999999 64.04999999999951 948050.2400001448
109.9800000000005 147.96000000000095 948050.2400001448
142.84000000000106 129.3400000000015 948050.2400001448
132.1300000000017 272.9300000000028 948050.2400001448
161.15999999999713 51.68000000000026 948050.2400001448
129.98000000000002 110.69999999999882 948050.2400001448
141.14999999999986 239.43000000000052 948050.2400001448
316.86000000000286 385.1000000000006 948050.2400001448
237.86000000000377 183.99999999999727 948050.2400001448
220.99 233.52999999999952 948050.2400001448
64.78999999999938 134.30999999999972 948050.2400001448
48.239999999999554 19.580000000000247 948050.2400001448
180.47000000000048 132.6900000000012 948050.2400001448
183.59000000000128 308.7900000000029 948050.2400001448
245.66000000000304 113.2399999999991 948050.2400001448
288.32000000000426 249.90000000000373 948050.2400001448
120.12000000000057 259.3999999999987 948050.2400001448
105.0 172.96000000000095 948050.2400001448
52.70999999999986 63.989999999998986 948050.2400001448
129.2900000000061 289.0699999999945 948050.2400001448
132.61999999999853 70.00000000000102 948050.2400001448
186.27000000000066 69.9299999999974 948050.2400001448
210.46000000000413 224.46000000000504 948050.2400001448
235.93000000000097 147.93000000000188 948050.2400001448
153.90999999999735 253.21000000000072 948050.2400001448
147.5900000000022 87.63000000000186 948050.2400001448
41.05000000000019 52.94999999999981 948050.2400001448
285.50999999999954 181.06999999999994 948050.2400001448
54.19999999999976 123.83999999999992 948050.2400001448
110.91999999999996 180.8799999999992 948050.2400001448
177.98000000000002 145.2199999999998 948050.2400001448
224.87000000000285 267.8900000000019 948050.2400001448
71.12000000000108 86.91999999999945 948050.2400001448
94.920000000002 106.60000000000338 948050.2400001448
213.28999999999974 303.790000000002 948050.2400001448
305.2199999999989 323.0000000000006 948050.2400001448
305.2199999999989 323.0000000000006 948050.2400001448
117.05000000000156 214.95000000000005 948050.2400001448
188.87999999999465 208.79999999999654 948050.2400001448
59.970000000000404 36.85000000000003 948050.2400001448
179.9499999999964 282.01 948050.2400001448
133.5599999999995 47.84000000000043 948050.2400001448
295.86000000000195 267.55999999999676 948050.2400001448
165.72999999999752 229.68999999999846 948050.2400001448
29.039999999999694 17.99999999999953 948050.2400001448
198.82999999999834 99.4899999999982 948050.2400001448
262.3499999999933 267.32999999999606 948050.2400001448
313.42000000000235 116.44000000000023 948050.2400001448
313.42000000000235 429.4400000000002 948050.2400001448
92.8799999999984 148.01999999999725 948050.2400001448
299.02 91.19999999999857 948050.2400001448
40.110000000000575 79.49000000000179 948050.2400001448
118.96999999999998 75.94999999999997 948050.2400001448
233.03999999999905 269.5600000000013 948050.2400001448
301.42000000000144 109.08000000000106 948050.2400001448
284.61999999999944 109.68000000000035 948050.2400001448
231.51000000000408 166.0899999999981 948050.2400001448
284.56000000000313 287.6200000000049 948050.2400001448
178.37999999999874 165.67999999999847 948050.2400001448
149.85000000000196 47.93000000000041 948050.2400001448
275.8599999999983 221.51999999999953 948050.2400001448
49.479999999999706 40.25999999999995 948050.2400001448
296.23999999999614 219.23999999999887 948050.2400001448
76.97999999999999 163.18000000000166 948050.2400001448
176.9799999999982 259.52000000000317 948050.2400001448
169.94000000000005 114.40000000000072 948050.2400001448
141.5299999999986 214.2700000000034 948050.2400001448
68.9400000000015 35.980000000000004 948050.2400001448
191.8800000000001 150.39999999999782 948050.2400001448
246.88999999999555 289.2299999999998 948050.2400001448
101.7300000000014 133.73000000000388 948050.2400001448
35.0000000000002 33.88000000000042 948050.2400001448
148.3099999999988 142.2300000000007 948050.2400001448
271.30000000000337 307.5400000000059 948050.2400001448
98.41000000000021 142.01 948050.2400001448
301.9200000000028 141.1999999999971 948050.2400001448
115.10000000000056 91.04000000000156 948050.2400001448
222.36999999999875 109.86999999999942 948050.2400001448
224.17000000000075 251.87000000000012 948050.2400001448
198.8800000000001 109.97999999999999 948050.2400001448
95.69999999999933 175.4600000000005 948050.2400001448
124.10999999999954 230.02999999999815 948050.2400001448
208.80999999999835 160.00999999999635 948050.2400001448
306.99999999999727 320.9800000000016 948050.2400001448
306.99999999999727 320.9800000000016 948050.2400001448
277.7400000000039 199.35999999999876 948050.2400001448
221.48999999999864 94.07000000000055 948050.2400001448
163.089999999999 176.75000000000114 948050.2400001448
72.04000000000002 111.22000000000114 948050.2400001448
183.5199999999977 186.34000000000242 948050.2400001448
408.9899999999995 320.53000000000225 948050.2400001448
287.5599999999977 305.3200000000015 948050.2400001448
256.79999999999654 252.7000000000021 948050.2400001448
108.37000000000019 202.89000000000283 948050.2400001448
264.15999999999985 124.95999999999896 948050.2400001448
207.50000000000136 276.1600000000026 948050.2400001448
306.85000000000105 190.06999999999903 948050.2400001448
89.10999999999954 57.75000000000005 948050.2400001448
218.03999999999905 122.95999999999998 948050.2400001448
163.62000000000035 77.95999999999998 948050.2400001448
281.219999999998 131.11999999999898 948050.2400001448
251.96000000000004 175.74000000000024 948050.2400001448
264.98 227.94000000000005 948050.2400001448
174.10000000000082 87.97999999999999 948050.2400001448
197.94000000000278 242.62000000000216 948050.2400001448
213.82999999999652 134.12999999999624 948050.2400001448
49.119999999999976 111.99999999999795 948050.2400001448
209.27999999999702 192.07999999999993 948050.2400001448
85.2499999999991 197.4499999999996 948050.2400001448
233.01999999999907 225.48000000000138 948050.2400001448
314.06000000000176 131.14000000000078 948050.2400001448
314.06000000000176 444.1400000000008 948050.2400001448
118.92999999999843 51.05000000000019 948050.2400001448
156.32000000000153 118.77999999999938 948050.2400001448
126.92000000000047 147.51999999999953 948050.2400001448
254.07000000000266 89.27000000000167 948050.2400001448
252.58999999999946 234.1300000000017 948050.2400001448
78.2199999999996 99.08000000000004 948050.2400001448
270.37999999999874 88.06000000000054 948050.2400001448
263.7399999999984 149.96000000000186 948050.2400001448
34 -87 948050.2400001448
347 -87 948050.2400001448
34 -87 948050.2400001448
347 -87 948050.2400001448
-32 -263 948050.2400001448
-32 -263 948050.2400001448
141 -73 948050.2400001448
454 -73 948050.2400001448
141 -73 948050.2400001448
454 -73 948050.2400001448
-34 -183 948050.2400001448
-34 -183 948050.2400001448
-44 -226 948050.2400001448
-44 -226 948050.2400001448
107 -154 948050.2400001448
420 -154 948050.2400001448
107 -154 948050.2400001448
420 -154 948050.2400001448
255 -50 948050.2400001448
255 -50 948050.2400001448
215 -83 948050.2400001448
215 -83 948050.2400001448
183 -108 948050.2400001448
183 -108 948050.2400001448
258 -132 948050.2400001448
258 -132 948050.2400001448
-49 -186 948050.2400001448
-49 -186 948050.2400001448
89 -95 948050.2400001448
402 -95 948050.2400001448
89 -95 948050.2400001448
402 -95 948050.2400001448
134 -37 948050.2400001448
447 -37 948050.2400001448
134 -37 948050.2400001448
447 -37 948050.2400001448
135 -34 948050.2400001448
448 -34 948050.2400001448
135 -34 948050.2400001448
448 -34 948050.2400001448
201 -68 948050.2400001448
201 -68 948050.2400001448
252 -137 948050.2400001448
252 -137 948050.2400001448
199 -24 948050.2400001448
199 -24 948050.2400001448
151 -59 948050.2400001448
464 -59 948050.2400001448
151 -59 948050.2400001448
464 -59 948050.2400001448
64 -93 948050.2400001448
377 -93 948050.2400001448
64 -93 948050.2400001448
377 -93 948050.2400001448
384 25 948050.2400001448
355 52 948050.2400001448
129 -130 948050.2400001448
442 -130 948050.2400001448
129 -130 948050.2400001448
442 -130 948050.2400001448
298 -49 948050.2400001448
-15 -49 948050.2400001448
298 -49 948050.2400001448
-15 -49 948050.2400001448
89 -58 948050.2400001448
402 -58 948050.2400001448
89 -58 948050.2400001448
402 -58 948050.2400001448
110 -101 948050.2400001448
423 -101 948050.2400001448
110 -101 948050.2400001448
423 -101 948050.2400001448
12 -70 948050.2400001448
325 -70 948050.2400001448
12 -70 948050.2400001448
325 -70 948050.2400001448
235 -21 948050.2400001448
235 -21 948050.2400001448
-40 -287 948050.2400001448
-40 -287 948050.2400001448
318 50 948050.2400001448
232 -86 948050.2400001448
232 -86 948050.2400001448
352 40 948050.2400001448
-103 -273 948050.2400001448
-103 -273 948050.2400001448
38 -37 948050.2400001448
351 -37 948050.2400001448
38 -37 948050.2400001448
351 -37 948050.2400001448
64 -53 948050.2400001448
377 -53 948050.2400001448
64 -53 948050.2400001448
377 -53 948050.2400001448
-37 -237 948050.2400001448
-37 -237 948050.2400001448
136 -30 948050.2400001448
449 -30 948050.2400001448
136 -30 948050.2400001448
449 -30 948050.2400001448
13 -125 948050.2400001448
326 -125 948050.2400001448
13 -125 948050.2400001448
326 -125 948050.2400001448
43 -123 948050.2400001448
356 -123 948050.2400001448
43 -123 948050.2400001448
356 -123 948050.2400001448
232 -42 948050.2400001448
232 -42 948050.2400001448
446 54 948050.2400001448
248 -149 948050.2400001448
248 -149 948050.2400001448
-89 -232 948050.2400001448
-89 -232 948050.2400001448
123 -138 948050.2400001448
436 -138 948050.2400001448
123 -138 948050.2400001448
436 -138 948050.2400001448
459 9 948050.2400001448
-79 -289 948050.2400001448
-79 -289 948050.2400001448
328 42 948050.2400001448
218 -26 948050.2400001448
218 -26 948050.2400001448
-46 -211 948050.2400001448
-46 -211 948050.2400001448
176 -31 948050.2400001448
176 -31 948050.2400001448
32 -99 948050.2400001448
345 -99 948050.2400001448
32 -99 948050.2400001448
345 -99 948050.2400001448
125 -85 948050.2400001448
438 -85 948050.2400001448
125 -85 948050.2400001448
438 -85 948050.2400001448
-14 -219 948050.2400001448
-14 -219 948050.2400001448
48 -52 948050.2400001448
361 -52 948050.2400001448
48 -52 948050.2400001448
361 -52 948050.2400001448
241 -39 948050.2400001448
241 -39 948050.2400001448
170 -35 948050.2400001448
170 -35 948050.2400001448
162 -133 948050.2400001448
162 -133 948050.2400001448
142 -59 948050.2400001448
455 -59 948050.2400001448
142 -59 948050.2400001448
455 -59 948050.2400001448
444 55 948050.2400001448
229 -38 948050.2400001448
229 -38 948050.2400001448
469 24 948050.2400001448
117 -131 948050.2400001448
430 -131 948050.2400001448
117 -131 948050.2400001448
430 -131 948050.2400001448
53 -144 948050.2400001448
366 -144 948050.2400001448
53 -144 948050.2400001448
366 -144 948050.2400001448
95 -70 948050.2400001448
408 -70 948050.2400001448
95 -70 948050.2400001448
408 -70 948050.2400001448
213 -7 948050.2400001448
213 -7 948050.2400001448
365 66 948050.2400001448
282 -115 948050.2400001448
-31 -115 948050.2400001448
282 -115 948050.2400001448
-31 -115 948050.2400001448
451 27 948050.2400001448
41 -155 948050.2400001448
354 -155 948050.2400001448
41 -155 948050.2400001448
354 -155 948050.2400001448
248 -49 948050.2400001448
248 -49 948050.2400001448
25 -103 948050.2400001448
338 -103 948050.2400001448
25 -103 948050.2400001448
338 -103 948050.2400001448
361 40 948050.2400001448
379 36 948050.2400001448
463 84 948050.2400001448
413 24 948050.2400001448
-104 -280 948050.2400001448
-104 -280 948050.2400001448
288 -20 948050.2400001448
288 -20 948050.2400001448
442 33 948050.2400001448
86 -62 948050.2400001448
399 -62 948050.2400001448
86 -62 948050.2400001448
399 -62 948050.2400001448
171 -109 948050.2400001448
171 -109 948050.2400001448
236 -149 948050.2400001448
236 -149 948050.2400001448
288 -120 948050.2400001448
-25 -120 948050.2400001448
288 -120 948050.2400001448
-25 -120 948050.2400001448
25 -35 948050.2400001448
338 -35 948050.2400001448
25 -35 948050.2400001448
338 -35 948050.2400001448
-87 -259 948050.2400001448
-87 -259 948050.2400001448
105 -132 948050.2400001448
418 -132 948050.2400001448
105 -132 948050.2400001448
418 -132 948050.2400001448
-33 -282 948050.2400001448
-33 -282 948050.2400001448
20 -114 948050.2400001448
333 -114 948050.2400001448
20 -114 948050.2400001448
333 -114 948050.2400001448
87 -116 948050.2400001448
400 -116 948050.2400001448
87 -116 948050.2400001448
400 -116 948050.2400001448
257 -155 948050.2400001448
-56 -155 948050.2400001448
257 -155 948050.2400001448
-56 -155 948050.2400001448
38 -134 948050.2400001448
351 -134 948050.2400001448
38 -134 948050.2400001448
351 -134 948050.2400001448
165 -33 948050.2400001448
165 -33 948050.2400001448
446 50 948050.2400001448
159 -29 948050.2400001448
159 -29 948050.2400001448
-60 -273 948050.2400001448
-60 -273 948050.2400001448
252 -77 948050.2400001448
252 -77 948050.2400001448
48 -142 948050.2400001448
361 -142 948050.2400001448
48 -142 948050.2400001448
361 -142 948050.2400001448
119 -55 948050.2400001448
432 -55 948050.2400001448
119 -55 948050.2400001448
432 -55 948050.2400001448
89 -67 948050.2400001448
402 -67 948050.2400001448
89 -67 948050.2400001448
402 -67 948050.2400001448
6 -69 948050.2400001448
319 -69 948050.2400001448
6 -69 948050.2400001448
319 -69 948050.2400001448
432 76 948050.2400001448
19 -33 948050.2400001448
332 -33 948050.2400001448
19 -33 948050.2400001448
332 -33 948050.2400001448
113 -138 948050.2400001448
426 -138 948050.2400001448
113 -138 948050.2400001448
426 -138 948050.2400001448
268 -139 948050.2400001448
-45 -139 948050.2400001448
268 -139 948050.2400001448
-45 -139 948050.2400001448
-92 -258 948050.2400001448
-92 -258 948050.2400001448
403 58 948050.2400001448
245 -71 948050.2400001448
245 -71 948050.2400001448
282 -144 948050.2400001448
-31 -144 948050.2400001448
282 -144 948050.2400001448
-31 -144 948050.2400001448
265 -85 948050.2400001448
265 -85 948050.2400001448
-29 -204 948050.2400001448
-29 -204 948050.2400001448
242 -24 948050.2400001448
242 -24 948050.2400001448
-47 -180 948050.2400001448
-47 -180 948050.2400001448
437 35 948050.2400001448
-73 -269 948050.2400001448
-73 -269 948050.2400001448
28 -23 948050.2400001448
341 -23 948050.2400001448
28 -23 948050.2400001448
341 -23 948050.2400001448
-28 -240 948050.2400001448
-28 -240 948050.2400001448
372 74 948050.2400001448
238 -18 948050.2400001448
238 -18 948050.2400001448
-66 -291 948050.2400001448
-66 -291 948050.2400001448
154 -150 948050.2400001448
467 -150 948050.2400001448
154 -150 948050.2400001448
467 -150 948050.2400001448
293 -59 948050.2400001448
-20 -59 948050.2400001448
293 -59 948050.2400001448
-20 -59 948050.2400001448
163 -85 948050.2400001448
163 -85 948050.2400001448
-51 -161 948050.2400001448
-51 -161 948050.2400001448
175 -107 948050.2400001448
175 -107 948050.2400001448
170 -46 948050.2400001448
170 -46 948050.2400001448
177 -149 948050.2400001448
177 -149 948050.2400001448
344 21 948050.2400001448
140 -95 948050.2400001448
453 -95 948050.2400001448
140 -95 948050.2400001448
453 -95 948050.2400001448
-56 -227 948050.2400001448
-56 -227 948050.2400001448
86 -135 948050.2400001448
399 -135 948050.2400001448
86 -135 948050.2400001448
399 -135 948050.2400001448
-34 -255 948050.2400001448
-34 -255 948050.2400001448
28 -110 948050.2400001448
341 -110 948050.2400001448
28 -110 948050.2400001448
341 -110 948050.2400001448
56 -72 948050.2400001448
369 -72 948050.2400001448
56 -72 948050.2400001448
369 -72 948050.2400001448
-73 -287 948050.2400001448
-73 -287 948050.2400001448
444 68 948050.2400001448
228 -43 948050.2400001448
228 -43 948050.2400001448
62 -133 948050.2400001448
375 -133 948050.2400001448
62 -133 948050.2400001448
375 -133 948050.2400001448
253 -58 948050.2400001448
253 -58 948050.2400001448
105 -139 948050.2400001448
418 -139 948050.2400001448
105 -139 948050.2400001448
418 -139 948050.2400001448
375 37 948050.2400001448
241 -105 948050.2400001448
241 -105 948050.2400001448
140 -153 948050.2400001448
453 -153 948050.2400001448
140 -153 948050.2400001448
453 -153 948050.2400001448
136 -141 948050.2400001448
449 -141 948050.2400001448
136 -141 948050.2400001448
449 -141 948050.2400001448
465 50 948050.2400001448
349 36 948050.2400001448
-60 -231 948050.2400001448
-60 -231 948050.2400001448
58 -102 948050.2400001448
371 -102 948050.2400001448
58 -102 948050.2400001448
371 -102 948050.2400001448
29 -124 948050.2400001448
342 -124 948050.2400001448
29 -124 948050.2400001448
342 -124 948050.2400001448
72 -82 948050.2400001448
385 -82 948050.2400001448
72 -82 948050.2400001448
385 -82 948050.2400001448
70 -52 948050.2400001448
383 -52 948050.2400001448
70 -52 948050.2400001448
383 -52 948050.2400001448
77 -148 948050.2400001448
390 -148 948050.2400001448
77 -148 948050.2400001448
390 -148 948050.2400001448
175 -50 948050.2400001448
175 -50 948050.2400001448
335 63 948050.2400001448
243 -37 948050.2400001448
243 -37 948050.2400001448
467 0 948050.2400001448
144 -23 948050.2400001448
457 -23 948050.2400001448
144 -23 948050.2400001448
457 -23 948050.2400001448
242 -132 948050.2400001448
242 -132 948050.2400001448
328 27 948050.2400001448
50 -143 948050.2400001448
363 -143 948050.2400001448
50 -143 948050.2400001448
363 -143 948050.2400001448
-17 -269 948050.2400001448
-17 -269 948050.2400001448
206 -121 948050.2400001448
206 -121 948050.2400001448
359 18 948050.2400001448
-14 -262 948050.2400001448
-14 -262 948050.2400001448
-25 -294 948050.2400001448
-25 -294 948050.2400001448
181 -124 948050.2400001448
181 -124 948050.2400001448
111 -133 948050.2400001448
424 -133 948050.2400001448
111 -133 948050.2400001448
424 -133 948050.2400001448
114 -98 948050.2400001448
427 -98 948050.2400001448
114 -98 948050.2400001448
427 -98 948050.2400001448
76 -85 948050.2400001448
389 -85 948050.2400001448
76 -85 948050.2400001448
389 -85 948050.2400001448
418 65 948050.2400001448
-79 -252 948050.2400001448
-79 -252 948050.2400001448
165 -10 948050.2400001448
165 -10 948050.2400001448
285 -132 948050.2400001448
-28 -132 948050.2400001448
285 -132 948050.2400001448
-28 -132 948050.2400001448
40 -92 948050.2400001448
353 -92 948050.2400001448
40 -92 948050.2400001448
353 -92 948050.2400001448
97 -137 948050.2400001448
410 -137 948050.2400001448
97 -137 948050.2400001448
410 -137 948050.2400001448
209 -34 948050.2400001448
209 -34 948050.2400001448
162 -135 948050.2400001448
162 -135 948050.2400001448
150 -33 948050.2400001448
463 -33 948050.2400001448
150 -33 948050.2400001448
463 -33 948050.2400001448
108 -107 948050.2400001448
421 -107 948050.2400001448
108 -107 948050.2400001448
421 -107 948050.2400001448
196 -55 948050.2400001448
196 -55 948050.2400001448
63 -53 948050.2400001448
376 -53 948050.2400001448
63 -53 948050.2400001448
376 -53 948050.2400001448
385 47 948050.2400001448
109 -61 948050.2400001448
422 -61 948050.2400001448
109 -61 948050.2400001448
422 -61 948050.2400001448
225 -61 948050.2400001448
225 -61 948050.2400001448
95 -61 948050.2400001448
408 -61 948050.2400001448
95 -61 948050.2400001448
408 -61 948050.2400001448
153 -21 948050.2400001448
466 -21 948050.2400001448
153 -21 948050.2400001448
466 -21 948050.2400001448
411 82 948050.2400001448
93 -64 948050.2400001448
406 -64 948050.2400001448
93 -64 948050.2400001448
406 -64 948050.2400001448
130 -145 948050.2400001448
443 -145 948050.2400001448
130 -145 948050.2400001448
443 -145 948050.2400001448
221 -80 948050.2400001448
221 -80 948050.2400001448
274 -92 948050.2400001448
274 -92 948050.2400001448
46 -22 948050.2400001448
359 -22 948050.2400001448
46 -22 948050.2400001448
359 -22 948050.2400001448
55 -123 948050.2400001448
368 -123 948050.2400001448
55 -123 948050.2400001448
368 -123 948050.2400001448
151 -156 948050.2400001448
464 -156 948050.2400001448
151 -156 948050.2400001448
464 -156 948050.2400001448
-64 -198 948050.2400001448
-64 -198 948050.2400001448
-55 -202 948050.2400001448
-55 -202 948050.2400001448
320 31 948050.2400001448
435 52 948050.2400001448
54 -127 948050.2400001448
367 -127 948050.2400001448
54 -127 948050.2400001448
367 -127 948050.2400001448
5.620000000000337 -15.920000000000073 948050.2400001448
5.620000000000337 -15.920000000000073 948050.2400001448
292.04999999999995 -95.02999999999997 948050.2400001448
-20.950000000000045 -95.02999999999997 948050.2400001448
292.04999999999995 -95.02999999999997 948050.2400001448
-20.950000000000045 -95.02999999999997 948050.2400001448
4.22000000000161 -15.680000000000291 948050.2400001448
4.22000000000161 -15.680000000000291 948050.2400001448
4.190000000001637 -15.6700000000003 948050.2400001448
4.190000000001637 -15.6700000000003 948050.2400001448
3.8100000000020007 -15.650000000000318 948050.2400001448
3.8100000000020007 -15.650000000000318 948050.2400001448
-9.830000000000155 -206.01 948050.2400001448
-9.830000000000155 -206.01 948050.2400001448
5.210000000000683 -15.77000000000021 948050.2400001448
318.21000000000066 -15.77000000000021 948050.2400001448
5.210000000000683 -15.77000000000021 948050.2400001448
318.21000000000066 -15.77000000000021 948050.2400001448
102.99 -15.970000000000027 948050.2400001448
415.99 -15.970000000000027 948050.2400001448
102.99 -15.970000000000027 948050.2400001448
415.99 -15.970000000000027 948050.2400001448
-114.04999999999995 -311.04999999999995 948050.2400001448
-114.04999999999995 -311.04999999999995 948050.2400001448
-6.930000000001883 -304.0099999999988 948050.2400001448
-6.930000000001883 -304.0099999999988 948050.2400001448
167.99 -0.009999999999990905 948050.2400001448
167.99 -0.009999999999990905 948050.2400001448
-6.610000000002174 -304.6099999999984 948050.2400001448
-6.610000000002174 -304.6099999999984 948050.2400001448
-92.01999999999998 -306.2999999999997 948050.2400001448
-92.01999999999998 -306.2999999999997 948050.2400001448
6.0100000000001685 -15.730000000000246 948050.2400001448
319.01000000000016 -15.730000000000246 948050.2400001448
6.0100000000001685 -15.730000000000246 948050.2400001448
319.01000000000016 -15.730000000000246 948050.2400001448
13.350000000000591 -108.75000000000023 948050.2400001448
326.3500000000006 -108.75000000000023 948050.2400001448
13.350000000000591 -108.75000000000023 948050.2400001448
326.3500000000006 -108.75000000000023 948050.2400001448
308.3499999999997 -29.730000000000246 948050.2400001448
-4.650000000000318 -29.730000000000246 948050.2400001448
308.3499999999997 -29.730000000000246 948050.2400001448
-4.650000000000318 -29.730000000000246 948050.2400001448
-7.7900000000011005 -303.5099999999991 948050.2400001448
-7.7900000000011005 -303.5099999999991 948050.2400001448
-7.650000000000318 -174.69000000000028 948050.2400001448
-7.650000000000318 -174.69000000000028 948050.2400001448
28.889999999999983 -11.850000000001046 948050.2400001448
341.89 -11.850000000001046 948050.2400001448
28.889999999999983 -11.850000000001046 948050.2400001448
341.89 -11.850000000001046 948050.2400001448
311.6599999999985 -9.720000000001164 948050.2400001448
-1.3400000000015098 -9.720000000001164 948050.2400001448
311.6599999999985 -9.720000000001164 948050.2400001448
-1.3400000000015098 -9.720000000001164 948050.2400001448
-56.269999999999754 -301.0099999999991 948050.2400001448
-56.269999999999754 -301.0099999999991 948050.2400001448
-7.570000000001301 -301.19 948050.2400001448
-7.570000000001301 -301.19 948050.2400001448
358.28999999999996 10.350000000000591 948050.2400001448
198.95000000000005 5.389999999999928 948050.2400001448
317.64000000000124 63.25999999999995 948050.2400001448
-99.82000000000016 -311.6399999999994 948050.2400001448
-99.82000000000016 -311.6399999999994 948050.2400001448
302.23999999999796 -144.13999999999987 948050.2400001448
-10.760000000002037 -144.13999999999987 948050.2400001448
302.23999999999796 -144.13999999999987 948050.2400001448
-10.760000000002037 -144.13999999999987 948050.2400001448
-9.379999999999654 -303.19999999999897 948050.2400001448
-9.379999999999654 -303.19999999999897 948050.2400001448
310.4900000000023 50.870000000000026 948050.2400001448
298.96000000000004 54.0199999999994 948050.2400001448
44.69999999999986 7.400000000000077 948050.2400001448
138.60999999999945 26.86999999999998 948050.2400001448
185.07999999999993 0.799999999999091 948050.2400001448
187.05999999999995 26.739999999999647 948050.2400001448
356.72 10.480000000000473 948050.2400001448
200.06999999999994 -1.6100000000003547 948050.2400001448
200.06999999999994 -1.6100000000003547 948050.2400001448
310.53000000000407 27.470000000000073 948050.2400001448
161.98000000000002 14.0 948050.2400001448
180.81000000000017 12.229999999999974 948050.2400001448
270.84000000000196 25.87999999999998 948050.2400001448
247.73999999999933 22.020000000000003 948050.2400001448
16.80999999999997 -12.01000000000181 948050.2400001448
329.80999999999995 -12.01000000000181 948050.2400001448
16.80999999999997 -12.01000000000181 948050.2400001448
329.80999999999995 -12.01000000000181 948050.2400001448
211.64000000000124 4.3199999999999505 948050.2400001448
208.7900000000011 42.10999999999958 948050.2400001448
142.710000000003 9.269999999999994 948050.2400001448
258.109999999999 9.650000000000071 948050.2400001448
69.64999999999982 -7.630000000003065 948050.2400001448
382.6499999999998 -7.630000000003065 948050.2400001448
69.64999999999982 -7.630000000003065 948050.2400001448
382.6499999999998 -7.630000000003065 948050.2400001448
2.090000000003556 -15.510000000000446 948050.2400001448
315.09000000000356 -15.510000000000446 948050.2400001448
2.090000000003556 -15.510000000000446 948050.2400001448
315.09000000000356 -15.510000000000446 948050.2400001448
8.970000000001846 -84.04999999999995 948050.2400001448
321.97000000000185 -84.04999999999995 948050.2400001448
8.970000000001846 -84.04999999999995 948050.2400001448
321.97000000000185 -84.04999999999995 948050.2400001448
283.61000000000126 -1.1700000000043929 948050.2400001448
283.61000000000126 -1.1700000000043929 948050.2400001448
240.01 43.970000000000006 948050.2400001448
279.95000000000095 48.85000000000023 948050.2400001448
181.4600000000014 35.39999999999972 948050.2400001448
116.30000000000067 4.739999999999034 948050.2400001448
211.33999999999787 30.619999999999983 948050.2400001448
311.55999999999676 -123.90000000000009 948050.2400001448
-1.4400000000032378 -123.90000000000009 948050.2400001448
311.55999999999676 -123.90000000000009 948050.2400001448
-1.4400000000032378 -123.90000000000009 948050.2400001448
153.8900000000001 1.6100000000000103 948050.2400001448
93.56999999999825 9.55000000000001 948050.2400001448
-7.78000000000111 -302.9999999999994 948050.2400001448
-7.78000000000111 -302.9999999999994 948050.2400001448
288.01 17.769999999999808 948050.2400001448
281.099999999999 32.08000000000014 948050.2400001448
165.199999999998 28.02000000000016 948050.2400001448
198.1099999999999 30.469999999999917 948050.2400001448
255.55999999999767 41.79999999999964 948050.2400001448
221.57999999999947 9.399999999999949 948050.2400001448
239.8900000000001 26.370000000000058 948050.2400001448
295.99 40.83000000000063 948050.2400001448
-6.0000000000027285 -305.0199999999984 948050.2400001448
-6.0000000000027285 -305.0199999999984 948050.2400001448
154.29000000000156 24.07000000000001 948050.2400001448
408.9899999999995 7.5300000000022465 948050.2400001448
234.0799999999981 0.19999999999636206 948050.2400001448
169.63999999999942 3.359999999999971 948050.2400001448
231.22000000000253 23.919999999999987 948050.2400001448
303.85000000000014 9.870000000000024 948050.2400001448
356 76 948050.2400001448
373 82 948050.2400001448
443 113 948050.2400001448
385 109 948050.2400001448
457 131 948050.2400001448
328 69 948050.2400001448
382 88 948050.2400001448
405 98 948050.2400001448
404 100 948050.2400001448
427 88 948050.2400001448
392 99 948050.2400001448
288.35999999999694 73.04000000000002 948050.2400001448
273.51000000000226 74.94999999999946 948050.2400001448
226.16999999999985 52.570000000000285 948050.2400001448
119.61999999999776 34.4800000000001 948050.2400001448
276.19000000000256 59.329999999999735 948050.2400001448
316.86000000000286 72.10000000000056 948050.2400001448
237.27999999999702 63.0199999999996 948050.2400001448
73.17000000000111 21.329999999999426 948050.2400001448
128.84000000000015 31.74000000000016 948050.2400001448
100.07000000000004 27.170000000000496 948050.2400001448
185.46999999999957 47.989999999999206 948050.2400001448
217.23000000000343 56.60999999999968 948050.2400001448
-58 -50 948050.2400001448
-58 -50 948050.2400001448
-98 -83 948050.2400001448
-98 -83 948050.2400001448
-130 -108 948050.2400001448
-130 -108 948050.2400001448
-55 -132 948050.2400001448
-55 -132 948050.2400001448
-112 -68 948050.2400001448
-112 -68 948050.2400001448
-61 -137 948050.2400001448
-61 -137 948050.2400001448
-112 -180 948050.2400001448
-112 -180 948050.2400001448
-81 -86 948050.2400001448
-81 -86 948050.2400001448
-114 -203 948050.2400001448
-114 -203 948050.2400001448
-149 -235 948050.2400001448
-149 -235 948050.2400001448
-81 -42 948050.2400001448
-81 -42 948050.2400001448
-65 -149 948050.2400001448
-65 -149 948050.2400001448
-146 -169 948050.2400001448
-146 -169 948050.2400001448
-72 -39 948050.2400001448
-72 -39 948050.2400001448
-151 -133 948050.2400001448
-151 -133 948050.2400001448
-84 -38 948050.2400001448
-84 -38 948050.2400001448
-155 -166 948050.2400001448
-155 -166 948050.2400001448
-106 -157 948050.2400001448
-106 -157 948050.2400001448
-110 -198 948050.2400001448
-110 -198 948050.2400001448
-65 -49 948050.2400001448
-65 -49 948050.2400001448
-144 -311 948050.2400001448
-144 -311 948050.2400001448
-150 -286 948050.2400001448
-150 -286 948050.2400001448
-115 -174 948050.2400001448
-115 -174 948050.2400001448
-155 -193 948050.2400001448
-155 -193 948050.2400001448
-25 -20 948050.2400001448
-25 -20 948050.2400001448
-128 -269 948050.2400001448
-128 -269 948050.2400001448
-151 -299 948050.2400001448
-151 -299 948050.2400001448
-142 -109 948050.2400001448
-142 -109 948050.2400001448
-77 -149 948050.2400001448
-77 -149 948050.2400001448
-121 -165 948050.2400001448
-121 -165 948050.2400001448
-155 -251 948050.2400001448
-155 -251 948050.2400001448
-124 -236 948050.2400001448
-124 -236 948050.2400001448
-116 -209 948050.2400001448
-116 -209 948050.2400001448
-76 -163 948050.2400001448
-76 -163 948050.2400001448
-126 -284 948050.2400001448
-126 -284 948050.2400001448
-130 -279 948050.2400001448
-130 -279 948050.2400001448
-76 -187 948050.2400001448
-76 -187 948050.2400001448
-61 -77 948050.2400001448
-61 -77 948050.2400001448
-128 -217 948050.2400001448
-128 -217 948050.2400001448
-68 -71 948050.2400001448
-68 -71 948050.2400001448
-48 -85 948050.2400001448
-48 -85 948050.2400001448
-71 -24 948050.2400001448
-71 -24 948050.2400001448
-123 -193 948050.2400001448
-123 -193 948050.2400001448
-132 -179 948050.2400001448
-132 -179 948050.2400001448
-143 -200 948050.2400001448
-143 -200 948050.2400001448
-92 -202 948050.2400001448
-92 -202 948050.2400001448
-137 -207 948050.2400001448
-137 -207 948050.2400001448
-150 -85 948050.2400001448
-150 -85 948050.2400001448
-138 -107 948050.2400001448
-138 -107 948050.2400001448
-143 -46 948050.2400001448
-143 -46 948050.2400001448
-136 -149 948050.2400001448
-136 -149 948050.2400001448
-93 -220 948050.2400001448
-93 -220 948050.2400001448
-85 -43 948050.2400001448
-85 -43 948050.2400001448
-108 -238 948050.2400001448
-108 -238 948050.2400001448
-60 -58 948050.2400001448
-60 -58 948050.2400001448
-103 -183 948050.2400001448
-103 -183 948050.2400001448
-72 -105 948050.2400001448
-72 -105 948050.2400001448
-135 -168 948050.2400001448
-135 -168 948050.2400001448
-115 -282 948050.2400001448
-115 -282 948050.2400001448
-138 -225 948050.2400001448
-138 -225 948050.2400001448
-138 -50 948050.2400001448
-138 -50 948050.2400001448
-132 -302 948050.2400001448
-132 -302 948050.2400001448
-70 -37 948050.2400001448
-70 -37 948050.2400001448
-107 -193 948050.2400001448
-107 -193 948050.2400001448
-71 -132 948050.2400001448
-71 -132 948050.2400001448
-116 -210 948050.2400001448
-116 -210 948050.2400001448
-107 -121 948050.2400001448
-107 -121 948050.2400001448
-155 -260 948050.2400001448
-155 -260 948050.2400001448
-132 -124 948050.2400001448
-132 -124 948050.2400001448
-126 -238 948050.2400001448
-126 -238 948050.2400001448
-96 -190 948050.2400001448
-96 -190 948050.2400001448
-145 -313 948050.2400001448
-145 -313 948050.2400001448
-104 -34 948050.2400001448
-104 -34 948050.2400001448
-151 -135 948050.2400001448
-151 -135 948050.2400001448
-117 -55 948050.2400001448
-117 -55 948050.2400001448
-88 -61 948050.2400001448
-88 -61 948050.2400001448
-114 -176 948050.2400001448
-114 -176 948050.2400001448
-92 -80 948050.2400001448
-92 -80 948050.2400001448
-39 -92 948050.2400001448
-39 -92 948050.2400001448
-114 -24 948050.2400001448
-114 -24 948050.2400001448
-78 -21 948050.2400001448
-78 -21 948050.2400001448
-95 -26 948050.2400001448
-95 -26 948050.2400001448
-137 -31 948050.2400001448
-137 -31 948050.2400001448
-143 -35 948050.2400001448
-143 -35 948050.2400001448
-148 -33 948050.2400001448
-148 -33 948050.2400001448
-75 -18 948050.2400001448
-75 -18 948050.2400001448
