21 444 937139.480000025
-32 50 937139.480000025
-32 50 937139.480000025
-34 130 937139.480000025
-34 130 937139.480000025
-44 87 937139.480000025
-44 87 937139.480000025
-58 263 937139.480000025
-58 263 937139.480000025
-98 230 937139.480000025
-98 230 937139.480000025
-130 205 937139.480000025
-130 205 937139.480000025
-55 181 937139.480000025
-55 181 937139.480000025
43 389 937139.480000025
-49 127 937139.480000025
-49 127 937139.480000025
-112 245 937139.480000025
-112 245 937139.480000025
60 395 937139.480000025
-61 176 937139.480000025
-61 176 937139.480000025
-114 289 937139.480000025
-114 289 937139.480000025
71 338 937139.480000025
106 466 937139.480000025
55 466 937139.480000025
42 365 937139.480000025
-15 264 937139.480000025
-15 264 937139.480000025
-78 292 937139.480000025
-78 292 937139.480000025
-112 133 937139.480000025
-112 133 937139.480000025
-40 26 937139.480000025
-40 26 937139.480000025
5 363 937139.480000025
-81 227 937139.480000025
-81 227 937139.480000025
39 353 937139.480000025
50 459 937139.480000025
-103 40 937139.480000025
-103 40 937139.480000025
-114 110 937139.480000025
-114 110 937139.480000025
130 426 937139.480000025
-149 78 937139.480000025
-149 78 937139.480000025
-37 76 937139.480000025
-37 76 937139.480000025
-81 271 937139.480000025
-81 271 937139.480000025
66 447 937139.480000025
133 367 937139.480000025
-65 164 937139.480000025
-65 164 937139.480000025
-89 81 937139.480000025
-89 81 937139.480000025
-79 24 937139.480000025
-79 24 937139.480000025
15 355 937139.480000025
147 456 937139.480000025
-95 287 937139.480000025
-95 287 937139.480000025
-46 102 937139.480000025
-46 102 937139.480000025
72 422 937139.480000025
-137 282 937139.480000025
-137 282 937139.480000025
-146 144 937139.480000025
167 457 937139.480000025
-146 144 937139.480000025
167 457 937139.480000025
96 458 937139.480000025
-14 94 937139.480000025
-14 94 937139.480000025
-72 274 937139.480000025
-72 274 937139.480000025
-143 278 937139.480000025
-143 278 937139.480000025
-151 180 937139.480000025
-151 180 937139.480000025
23 457 937139.480000025
144 444 937139.480000025
131 368 937139.480000025
-84 275 937139.480000025
-84 275 937139.480000025
98 455 937139.480000025
-100 306 937139.480000025
-100 -7 937139.480000025
-100 306 937139.480000025
-100 -7 937139.480000025
-155 147 937139.480000025
158 460 937139.480000025
-155 147 937139.480000025
158 460 937139.480000025
15 382 937139.480000025
52 379 937139.480000025
-106 156 937139.480000025
-106 156 937139.480000025
-31 198 937139.480000025
-31 198 937139.480000025
-110 115 937139.480000025
-110 115 937139.480000025
-65 264 937139.480000025
-65 264 937139.480000025
69 401 937139.480000025
-144 2 937139.480000025
-144 2 937139.480000025
48 353 937139.480000025
66 349 937139.480000025
16 443 937139.480000025
-150 27 937139.480000025
-150 27 937139.480000025
150 397 937139.480000025
-115 139 937139.480000025
-115 139 937139.480000025
-155 120 937139.480000025
158 433 937139.480000025
-155 120 937139.480000025
158 433 937139.480000025
100 337 937139.480000025
-104 33 937139.480000025
-104 33 937139.480000025
-25 293 937139.480000025
-25 293 937139.480000025
-128 44 937139.480000025
-128 44 937139.480000025
129 346 937139.480000025
-151 14 937139.480000025
-151 14 937139.480000025
-142 204 937139.480000025
-142 204 937139.480000025
-77 164 937139.480000025
-77 164 937139.480000025
-121 148 937139.480000025
-121 148 937139.480000025
-155 62 937139.480000025
-155 62 937139.480000025
53 437 937139.480000025
-25 193 937139.480000025
-25 193 937139.480000025
-124 77 937139.480000025
-124 77 937139.480000025
-87 54 937139.480000025
-87 54 937139.480000025
42 445 937139.480000025
92 411 937139.480000025
-33 31 937139.480000025
-33 31 937139.480000025
-116 104 937139.480000025
-116 104 937139.480000025
-76 150 937139.480000025
-76 150 937139.480000025
-126 29 937139.480000025
-126 29 937139.480000025
-130 34 937139.480000025
-130 34 937139.480000025
-56 158 937139.480000025
-56 158 937139.480000025
-148 280 937139.480000025
-148 280 937139.480000025
133 363 937139.480000025
-154 284 937139.480000025
-154 -29 937139.480000025
-154 284 937139.480000025
-154 -29 937139.480000025
-76 126 937139.480000025
-76 126 937139.480000025
-60 40 937139.480000025
-60 40 937139.480000025
118 451 937139.480000025
-61 236 937139.480000025
-61 236 937139.480000025
119 389 937139.480000025
-128 96 937139.480000025
-128 96 937139.480000025
-45 174 937139.480000025
-45 174 937139.480000025
-92 55 937139.480000025
-92 55 937139.480000025
90 371 937139.480000025
-68 242 937139.480000025
-68 242 937139.480000025
-31 169 937139.480000025
-31 169 937139.480000025
-48 228 937139.480000025
-48 228 937139.480000025
-29 109 937139.480000025
-29 109 937139.480000025
-71 289 937139.480000025
-71 289 937139.480000025
-47 133 937139.480000025
-47 133 937139.480000025
124 348 937139.480000025
-123 120 937139.480000025
-123 120 937139.480000025
-73 44 937139.480000025
-73 44 937139.480000025
99 451 937139.480000025
-132 134 937139.480000025
-132 134 937139.480000025
-28 73 937139.480000025
-28 73 937139.480000025
59 387 937139.480000025
-75 295 937139.480000025
-75 295 937139.480000025
-143 113 937139.480000025
-143 113 937139.480000025
-66 22 937139.480000025
-66 22 937139.480000025
-20 254 937139.480000025
-20 254 937139.480000025
-92 111 937139.480000025
-92 111 937139.480000025
-137 106 937139.480000025
-137 106 937139.480000025
-150 228 937139.480000025
-150 228 937139.480000025
-51 152 937139.480000025
-51 152 937139.480000025
-138 206 937139.480000025
-138 206 937139.480000025
-143 267 937139.480000025
-143 267 937139.480000025
-136 164 937139.480000025
-136 164 937139.480000025
31 334 937139.480000025
-56 86 937139.480000025
-56 86 937139.480000025
-34 58 937139.480000025
-34 58 937139.480000025
-93 93 937139.480000025
-93 93 937139.480000025
-73 26 937139.480000025
-73 26 937139.480000025
131 381 937139.480000025
-85 270 937139.480000025
-85 270 937139.480000025
-108 75 937139.480000025
-108 75 937139.480000025
-60 255 937139.480000025
-60 255 937139.480000025
-103 130 937139.480000025
-103 130 937139.480000025
62 350 937139.480000025
-72 208 937139.480000025
-72 208 937139.480000025
-135 145 937139.480000025
-135 145 937139.480000025
146 455 937139.480000025
36 349 937139.480000025
-60 82 937139.480000025
-60 82 937139.480000025
-115 31 937139.480000025
-115 31 937139.480000025
24 419 937139.480000025
-138 88 937139.480000025
-138 88 937139.480000025
-138 263 937139.480000025
-138 263 937139.480000025
22 376 937139.480000025
-132 11 937139.480000025
-132 11 937139.480000025
-70 276 937139.480000025
-70 276 937139.480000025
42 466 937139.480000025
109 462 937139.480000025
-107 120 937139.480000025
-107 120 937139.480000025
-71 181 937139.480000025
-71 181 937139.480000025
15 340 937139.480000025
-17 44 937139.480000025
-17 44 937139.480000025
-116 103 937139.480000025
-116 103 937139.480000025
-107 192 937139.480000025
-107 192 937139.480000025
46 331 937139.480000025
-14 51 937139.480000025
-14 51 937139.480000025
-155 53 937139.480000025
-155 53 937139.480000025
-25 19 937139.480000025
-25 19 937139.480000025
-132 189 937139.480000025
-132 189 937139.480000025
-126 75 937139.480000025
-126 75 937139.480000025
-96 123 937139.480000025
-96 123 937139.480000025
105 378 937139.480000025
-79 61 937139.480000025
-79 61 937139.480000025
34 424 937139.480000025
-148 303 937139.480000025
-148 -10 937139.480000025
-148 303 937139.480000025
-148 -10 937139.480000025
-28 181 937139.480000025
-28 181 937139.480000025
-145 0 937139.480000025
-145 0 937139.480000025
49 429 937139.480000025
-104 279 937139.480000025
-104 279 937139.480000025
-151 178 937139.480000025
-151 178 937139.480000025
0 364 937139.480000025
-117 258 937139.480000025
-117 258 937139.480000025
91 413 937139.480000025
72 360 937139.480000025
-88 252 937139.480000025
-88 252 937139.480000025
95 451 937139.480000025
98 395 937139.480000025
70 447 937139.480000025
-114 137 937139.480000025
-114 137 937139.480000025
-92 233 937139.480000025
-92 233 937139.480000025
126 460 937139.480000025
-39 221 937139.480000025
-39 221 937139.480000025
114 401 937139.480000025
-64 115 937139.480000025
-64 115 937139.480000025
-55 111 937139.480000025
-55 111 937139.480000025
7 344 937139.480000025
79 412 937139.480000025
122 365 937139.480000025
-8.970000000000027 10.930000000000037 937139.480000025
-8.970000000000027 10.930000000000037 937139.480000025
-8.930000000000064 10.890000000000082 937139.480000025
-8.930000000000064 10.890000000000082 937139.480000025
-8.8900000000001 10.85000000000011 937139.480000025
-8.8900000000001 10.85000000000011 937139.480000025
-8.870000000000118 10.830000000000146 937139.480000025
-8.870000000000118 10.830000000000146 937139.480000025
-8.830000000000155 10.790000000000164 937139.480000025
-8.830000000000155 10.790000000000164 937139.480000025
-8.77000000000021 10.730000000000201 937139.480000025
-8.77000000000021 10.730000000000201 937139.480000025
-8.760000000000218 10.700000000000198 937139.480000025
-8.760000000000218 10.700000000000198 937139.480000025
-8.720000000000255 10.660000000000226 937139.480000025
-8.720000000000255 10.660000000000226 937139.480000025
-8.700000000000273 10.640000000000262 937139.480000025
-8.700000000000273 10.640000000000262 937139.480000025
-8.640000000000327 10.58000000000029 937139.480000025
-8.640000000000327 10.58000000000029 937139.480000025
-8.570000000000391 10.510000000000279 937139.480000025
-8.570000000000391 10.510000000000279 937139.480000025
-8.55000000000041 10.490000000000284 937139.480000025
-8.55000000000041 10.490000000000284 937139.480000025
-8.470000000000482 10.410000000000313 937139.480000025
-8.470000000000482 10.410000000000313 937139.480000025
-8.430000000000518 10.370000000000328 937139.480000025
-8.430000000000518 10.370000000000328 937139.480000025
-8.410000000000537 10.350000000000355 937139.480000025
-8.410000000000537 10.350000000000355 937139.480000025
-8.290000000000646 10.230000000000375 937139.480000025
-8.290000000000646 10.230000000000375 937139.480000025
-8.260000000000673 10.200000000000369 937139.480000025
-8.260000000000673 10.200000000000369 937139.480000025
-8.22000000000071 10.160000000000396 937139.480000025
-8.22000000000071 10.160000000000396 937139.480000025
-8.170000000000755 10.11000000000046 937139.480000025
-8.170000000000755 10.11000000000046 937139.480000025
-8.1200000000008 10.060000000000505 937139.480000025
-8.1200000000008 10.060000000000505 937139.480000025
-8.090000000000828 10.030000000000523 937139.480000025
-8.090000000000828 10.030000000000523 937139.480000025
-8.050000000000864 9.99000000000055 937139.480000025
-8.050000000000864 9.99000000000055 937139.480000025
-8.030000000000882 9.970000000000587 937139.480000025
-8.030000000000882 9.970000000000587 937139.480000025
-7.940000000000964 9.920000000000597 937139.480000025
-7.940000000000964 9.920000000000597 937139.480000025
-7.840000000001055 9.820000000000595 937139.480000025
-7.840000000001055 9.820000000000595 937139.480000025
-7.800000000001091 9.780000000000628 937139.480000025
-7.800000000001091 9.780000000000628 937139.480000025
-20.950000000000045 217.97000000000003 937139.480000025
-20.950000000000045 217.97000000000003 937139.480000025
-7.760000000001128 9.720000000000692 937139.480000025
-7.760000000001128 9.720000000000692 937139.480000025
-7.720000000001164 9.680000000000728 937139.480000025
-7.720000000001164 9.680000000000728 937139.480000025
-7.690000000001191 9.650000000000755 937139.480000025
-7.690000000001191 9.650000000000755 937139.480000025
-7.660000000001219 9.6000000000008 937139.480000025
-7.660000000001219 9.6000000000008 937139.480000025
-7.640000000001237 9.580000000000828 937139.480000025
-7.640000000001237 9.580000000000828 937139.480000025
-7.600000000001273 9.540000000000855 937139.480000025
-7.600000000001273 9.540000000000855 937139.480000025
-7.5800000000012915 9.520000000000882 937139.480000025
-7.5800000000012915 9.520000000000882 937139.480000025
-7.540000000001328 9.480000000000901 937139.480000025
-7.540000000001328 9.480000000000901 937139.480000025
-7.520000000001346 9.460000000000937 937139.480000025
-7.520000000001346 9.460000000000937 937139.480000025
-7.500000000001364 9.440000000000955 937139.480000025
-7.500000000001364 9.440000000000955 937139.480000025
-7.430000000001428 9.370000000001001 937139.480000025
-7.430000000001428 9.370000000001001 937139.480000025
-7.390000000001464 9.330000000001037 937139.480000025
-7.390000000001464 9.330000000001037 937139.480000025
-7.320000000001528 9.260000000001074 937139.480000025
-7.320000000001528 9.260000000001074 937139.480000025
-7.290000000001555 9.23000000000108 937139.480000025
-7.290000000001555 9.23000000000108 937139.480000025
-7.270000000001573 9.210000000001108 937139.480000025
-7.270000000001573 9.210000000001108 937139.480000025
-7.250000000001592 9.190000000001126 937139.480000025
-7.250000000001592 9.190000000001126 937139.480000025
-7.190000000001646 9.130000000001154 937139.480000025
-7.190000000001646 9.130000000001154 937139.480000025
-7.1600000000016735 9.100000000001142 937139.480000025
-7.1600000000016735 9.100000000001142 937139.480000025
-7.140000000001692 9.080000000001169 937139.480000025
-7.140000000001692 9.080000000001169 937139.480000025
-7.100000000001728 9.040000000001196 937139.480000025
-7.100000000001728 9.040000000001196 937139.480000025
-7.030000000001792 8.970000000001212 937139.480000025
-7.030000000001792 8.970000000001212 937139.480000025
-7.01000000000181 8.95000000000123 937139.480000025
-7.01000000000181 8.95000000000123 937139.480000025
21.970000000000027 468.97 937139.480000025
-6.960000000001855 8.900000000001267 937139.480000025
-6.960000000001855 8.900000000001267 937139.480000025
-6.940000000001874 8.880000000001294 937139.480000025
-6.940000000001874 8.880000000001294 937139.480000025
-6.910000000001901 8.850000000001312 937139.480000025
-6.910000000001901 8.850000000001312 937139.480000025
-6.860000000001946 8.800000000001349 937139.480000025
-6.860000000001946 8.800000000001349 937139.480000025
-6.79000000000201 8.730000000001386 937139.480000025
-6.79000000000201 8.730000000001386 937139.480000025
-6.750000000002046 8.690000000001392 937139.480000025
-6.750000000002046 8.690000000001392 937139.480000025
-6.6300000000021555 8.570000000001457 937139.480000025
-6.6300000000021555 8.570000000001457 937139.480000025
-6.57000000000221 8.51000000000149 937139.480000025
-6.57000000000221 8.51000000000149 937139.480000025
-6.550000000002228 8.490000000001478 937139.480000025
-6.550000000002228 8.490000000001478 937139.480000025
-6.5200000000022555 8.440000000001506 937139.480000025
-6.5200000000022555 8.440000000001506 937139.480000025
-6.410000000002356 8.330000000001544 937139.480000025
-6.410000000002356 8.330000000001544 937139.480000025
-6.3200000000024374 8.240000000001539 937139.480000025
-6.3200000000024374 8.240000000001539 937139.480000025
-6.290000000002465 8.210000000001553 937139.480000025
-6.290000000002465 8.210000000001553 937139.480000025
-6.260000000002492 8.18000000000158 937139.480000025
-6.260000000002492 8.18000000000158 937139.480000025
-6.230000000002519 8.150000000001608 937139.480000025
-6.230000000002519 8.150000000001608 937139.480000025
-6.170000000002574 8.090000000001636 937139.480000025
-6.170000000002574 8.090000000001636 937139.480000025
-6.120000000002619 8.040000000001633 937139.480000025
-6.120000000002619 8.040000000001633 937139.480000025
-114.04999999999995 1.9500000000000455 937139.480000025
-114.04999999999995 1.9500000000000455 937139.480000025
-5.970000000002756 7.950000000001619 937139.480000025
-5.970000000002756 7.950000000001619 937139.480000025
-6.920000000001892 9.000000000001224 937139.480000025
-6.920000000001892 9.000000000001224 937139.480000025
-7.750000000001137 9.990000000000604 937139.480000025
-7.750000000001137 9.990000000000604 937139.480000025
-7.6300000000003365 138.3299999999997 937139.480000025
-7.6300000000003365 138.3299999999997 937139.480000025
-5.8900000000028285 7.870000000001648 937139.480000025
-5.8900000000028285 7.870000000001648 937139.480000025
-5.850000000002865 7.830000000001663 937139.480000025
-5.850000000002865 7.830000000001663 937139.480000025
-9.760000000000218 106.97999999999999 937139.480000025
-9.760000000000218 106.97999999999999 937139.480000025
-6.0000000000027285 7.940000000001646 937139.480000025
-6.0000000000027285 7.940000000001646 937139.480000025
-6.620000000002165 8.380000000001587 937139.480000025
-6.620000000002165 8.380000000001587 937139.480000025
-5.820000000002892 7.800000000001699 937139.480000025
-5.820000000002892 7.800000000001699 937139.480000025
-7.800000000001091 9.480000000000928 937139.480000025
-7.800000000001091 9.480000000000928 937139.480000025
-56.36999999999966 11.870000000001028 937139.480000025
-56.36999999999966 11.870000000001028 937139.480000025
-112.87000000000012 311.5499999999995 937139.480000025
-112.87000000000012 -1.4500000000005002 937139.480000025
-112.87000000000012 311.5499999999995 937139.480000025
-112.87000000000012 -1.4500000000005002 937139.480000025
45.34999999999993 323.29000000000065 937139.480000025
4.410000000001446 376.3299999999999 937139.480000025
-1.0500000000017735 303.5299999999986 937139.480000025
-1.0500000000017735 303.5299999999986 937139.480000025
43.70000000000006 323.4200000000005 937139.480000025
-91.98000000000002 6.620000000000346 937139.480000025
-91.98000000000002 6.620000000000346 937139.480000025
-9.389999999999645 9.730000000001098 937139.480000025
-9.389999999999645 9.730000000001098 937139.480000025
6.150000000000018 73.05000000000105 937139.480000025
93.35000000000018 249.02999999999997 937139.480000025
-4.580000000000382 283.27999999999975 937139.480000025
-4.580000000000382 283.27999999999975 937139.480000025
-5.950000000002774 7.990000000001622 937139.480000025
-5.950000000002774 7.990000000001622 937139.480000025
33.09999999999978 214.01999999999998 937139.480000025
4.47999999999999 247.47999999999865 937139.480000025
39.329999999999735 274.870000000001 937139.480000025
5.730000000000006 241.75000000000205 937139.480000025
44.28000000000074 257.6000000000031 937139.480000025
58.93999999999981 208.44000000000233 937139.480000025
65.25000000000024 179.93000000000006 937139.480000025
35.24000000000055 176.6800000000021 937139.480000025
40.14000000000037 151.50000000000136 937139.480000025
-0.9800000000036562 189.0999999999999 937139.480000025
-0.9800000000036562 189.0999999999999 937139.480000025
65.1600000000006 259.18000000000075 937139.480000025
29.60000000000025 203.0 937139.480000025
0.0300000000027012 429.5500000000003 937139.480000025
57.179999999999566 193.05999999999722 937139.480000025
4.109999999999976 134.88999999999737 937139.480000025
3.400000000003274 385.2000000000006 937139.480000025
50.54999999999989 144.39000000000146 937139.480000025
-29.459999999998672 312.7199999999948 937139.480000025
-29.459999999998672 -0.2800000000052023 937139.480000025
-29.459999999998672 312.7199999999948 937139.480000025
-29.459999999998672 -0.2800000000052023 937139.480000025
55.77999999999945 167.96000000000095 937139.480000025
70.56999999999927 233.4299999999978 937139.480000025
22.949999999999992 143.99 937139.480000025
17.020000000000138 73.48000000000229 937139.480000025
6.309999999999972 50.029999999999994 937139.480000025
97.95000000000151 256.9299999999955 937139.480000025
0.5600000000000094 50.96000000000001 937139.480000025
83.78999999999887 251.04999999999995 937139.480000025
18.490000000000304 246.36999999999694 937139.480000025
5.790000000000026 30.68999999999995 937139.480000025
86.77999999999886 243.4800000000023 937139.480000025
28.889999999999983 188.25000000000068 937139.480000025
22.949999999999836 102.78999999999836 937139.480000025
46.05000000000039 170.97000000000003 937139.480000025
-5.740000000002965 7.720000000001736 937139.480000025
-5.740000000002965 7.720000000001736 937139.480000025
5.079999999999956 116.02000000000001 937139.480000025
53.71000000000006 184.97000000000094 937139.480000025
-99.82000000000016 1.2000000000007276 937139.480000025
-99.82000000000016 1.2000000000007276 937139.480000025
95.84999999999941 320.0500000000027 937139.480000025
59.450000000000706 263.22999999999706 937139.480000025
25.990000000000155 274.19000000000347 937139.480000025
9.600000000000094 205.99999999999818 937139.480000025
19.79999999999997 197.98000000000093 937139.480000025
43.20999999999996 192.7499999999975 937139.480000025
5.849999999999939 96.42999999999869 937139.480000025
18.249999999999414 159.46999999999684 937139.480000025
3.559999999999059 259.179999999998 937139.480000025
54.020000000000394 240.7800000000002 937139.480000025
6.2599999999999945 62.46000000000011 937139.480000025
23.239999999999725 212.3199999999979 937139.480000025
-7.310000000001537 11.929999999999998 937139.480000025
-7.310000000001537 11.929999999999998 937139.480000025
5.029999999999978 279.930000000001 937139.480000025
43.799999999999244 221.01999999999998 937139.480000025
7.029999999999978 296.7900000000002 937139.480000025
50.019999999999996 170.07999999999993 937139.480000025
16.869999999999667 278.7900000000011 937139.480000025
23.290000000000358 129.15000000000168 937139.480000025
40.89000000000022 131.95000000000005 937139.480000025
16.99 300.7299999999984 937139.480000025
10.99 226.85000000000196 937139.480000025
34.9899999999998 109.92999999999945 937139.480000025
31.280000000000356 303.01999999999725 937139.480000025
87.84999999999941 262.1699999999935 937139.480000025
28.71000000000011 289.71000000000026 937139.480000025
12.390000000000013 183.9300000000037 937139.480000025
103.95000000000049 294.53000000000225 937139.480000025
39.69000000000026 159.48999999999864 937139.480000025
78.41000000000123 227.3500000000006 937139.480000025
74.25000000000217 296.65000000000487 937139.480000025
49.90999999999922 290.99 937139.480000025
0.5100000000022646 411.46999999999974 937139.480000025
73.28000000000168 266.3799999999951 937139.480000025
67.26999999999963 309.5100000000041 937139.480000025
57.47999999999951 154.07999999999902 937139.480000025
0.5700000000022101 443.97000000000094 937139.480000025
-10.400000000002365 168.7800000000002 937139.480000025
-10.400000000002365 168.7800000000002 937139.480000025
64.08000000000004 220.05999999999995 937139.480000025
33.0100000000002 230.1699999999962 937139.480000025
14.920000000000023 128.88000000000102 937139.480000025
334 131 937139.480000025
334 444 937139.480000025
347 226 937139.480000025
347 226 937139.480000025
281 363 937139.480000025
281 363 937139.480000025
454 240 937139.480000025
454 240 937139.480000025
279 443 937139.480000025
279 443 937139.480000025
269 400 937139.480000025
269 400 937139.480000025
420 159 937139.480000025
420 159 937139.480000025
356 389 937139.480000025
264 440 937139.480000025
264 440 937139.480000025
402 218 937139.480000025
402 218 937139.480000025
447 276 937139.480000025
447 276 937139.480000025
448 279 937139.480000025
448 279 937139.480000025
373 395 937139.480000025
464 254 937139.480000025
464 254 937139.480000025
377 220 937139.480000025
377 220 937139.480000025
384 338 937139.480000025
419 153 937139.480000025
419 466 937139.480000025
368 153 937139.480000025
368 466 937139.480000025
355 365 937139.480000025
442 183 937139.480000025
442 183 937139.480000025
402 255 937139.480000025
402 255 937139.480000025
423 212 937139.480000025
423 212 937139.480000025
325 243 937139.480000025
325 243 937139.480000025
201 446 937139.480000025
201 446 937139.480000025
273 339 937139.480000025
273 339 937139.480000025
318 363 937139.480000025
352 353 937139.480000025
363 146 937139.480000025
363 459 937139.480000025
210 353 937139.480000025
210 353 937139.480000025
351 276 937139.480000025
351 276 937139.480000025
199 423 937139.480000025
199 423 937139.480000025
377 260 937139.480000025
377 260 937139.480000025
443 426 937139.480000025
164 391 937139.480000025
164 391 937139.480000025
276 389 937139.480000025
276 389 937139.480000025
449 283 937139.480000025
449 283 937139.480000025
326 188 937139.480000025
326 188 937139.480000025
356 190 937139.480000025
356 190 937139.480000025
379 134 937139.480000025
379 447 937139.480000025
446 367 937139.480000025
224 394 937139.480000025
224 394 937139.480000025
436 175 937139.480000025
436 175 937139.480000025
146 322 937139.480000025
459 322 937139.480000025
234 337 937139.480000025
234 337 937139.480000025
328 355 937139.480000025
460 143 937139.480000025
460 456 937139.480000025
267 415 937139.480000025
267 415 937139.480000025
385 422 937139.480000025
345 214 937139.480000025
345 214 937139.480000025
409 145 937139.480000025
409 458 937139.480000025
438 228 937139.480000025
438 228 937139.480000025
299 407 937139.480000025
299 407 937139.480000025
361 261 937139.480000025
361 261 937139.480000025
336 144 937139.480000025
336 457 937139.480000025
457 444 937139.480000025
455 254 937139.480000025
455 254 937139.480000025
444 368 937139.480000025
156 337 937139.480000025
469 337 937139.480000025
430 182 937139.480000025
430 182 937139.480000025
366 169 937139.480000025
366 169 937139.480000025
408 243 937139.480000025
408 243 937139.480000025
411 142 937139.480000025
411 455 937139.480000025
328 382 937139.480000025
365 379 937139.480000025
207 469 937139.480000025
207 469 937139.480000025
138 340 937139.480000025
451 340 937139.480000025
354 158 937139.480000025
354 158 937139.480000025
203 428 937139.480000025
203 428 937139.480000025
338 210 937139.480000025
338 210 937139.480000025
382 401 937139.480000025
169 315 937139.480000025
169 315 937139.480000025
361 353 937139.480000025
379 349 937139.480000025
329 130 937139.480000025
329 443 937139.480000025
163 340 937139.480000025
163 340 937139.480000025
463 397 937139.480000025
198 452 937139.480000025
198 452 937139.480000025
413 337 937139.480000025
209 346 937139.480000025
209 346 937139.480000025
185 357 937139.480000025
185 357 937139.480000025
442 346 937139.480000025
399 251 937139.480000025
399 251 937139.480000025
162 327 937139.480000025
162 327 937139.480000025
192 461 937139.480000025
192 461 937139.480000025
158 375 937139.480000025
158 375 937139.480000025
366 124 937139.480000025
366 437 937139.480000025
338 278 937139.480000025
338 278 937139.480000025
189 390 937139.480000025
189 390 937139.480000025
226 367 937139.480000025
226 367 937139.480000025
355 132 937139.480000025
355 445 937139.480000025
405 411 937139.480000025
418 181 937139.480000025
418 181 937139.480000025
280 344 937139.480000025
280 344 937139.480000025
197 417 937139.480000025
197 417 937139.480000025
333 199 937139.480000025
333 199 937139.480000025
237 463 937139.480000025
237 463 937139.480000025
400 197 937139.480000025
400 197 937139.480000025
187 342 937139.480000025
187 342 937139.480000025
183 347 937139.480000025
183 347 937139.480000025
351 179 937139.480000025
351 179 937139.480000025
446 363 937139.480000025
237 439 937139.480000025
237 439 937139.480000025
253 353 937139.480000025
253 353 937139.480000025
431 138 937139.480000025
431 451 937139.480000025
361 171 937139.480000025
361 171 937139.480000025
432 258 937139.480000025
432 258 937139.480000025
402 246 937139.480000025
402 246 937139.480000025
319 244 937139.480000025
319 244 937139.480000025
432 389 937139.480000025
332 280 937139.480000025
332 280 937139.480000025
185 409 937139.480000025
185 409 937139.480000025
426 175 937139.480000025
426 175 937139.480000025
221 368 937139.480000025
221 368 937139.480000025
403 371 937139.480000025
284 422 937139.480000025
284 422 937139.480000025
266 446 937139.480000025
266 446 937139.480000025
437 348 937139.480000025
190 433 937139.480000025
190 433 937139.480000025
240 357 937139.480000025
240 357 937139.480000025
341 290 937139.480000025
341 290 937139.480000025
412 138 937139.480000025
412 451 937139.480000025
181 447 937139.480000025
181 447 937139.480000025
285 386 937139.480000025
285 386 937139.480000025
372 387 937139.480000025
170 426 937139.480000025
170 426 937139.480000025
247 335 937139.480000025
247 335 937139.480000025
467 163 937139.480000025
467 163 937139.480000025
221 424 937139.480000025
221 424 937139.480000025
176 419 937139.480000025
176 419 937139.480000025
262 465 937139.480000025
262 465 937139.480000025
344 334 937139.480000025
453 218 937139.480000025
453 218 937139.480000025
257 399 937139.480000025
257 399 937139.480000025
399 178 937139.480000025
399 178 937139.480000025
279 371 937139.480000025
279 371 937139.480000025
341 203 937139.480000025
341 203 937139.480000025
369 241 937139.480000025
369 241 937139.480000025
220 406 937139.480000025
220 406 937139.480000025
240 339 937139.480000025
240 339 937139.480000025
444 381 937139.480000025
205 388 937139.480000025
205 388 937139.480000025
375 180 937139.480000025
375 180 937139.480000025
418 174 937139.480000025
418 174 937139.480000025
210 443 937139.480000025
210 443 937139.480000025
375 350 937139.480000025
178 458 937139.480000025
178 458 937139.480000025
453 160 937139.480000025
453 160 937139.480000025
459 142 937139.480000025
459 455 937139.480000025
449 172 937139.480000025
449 172 937139.480000025
152 363 937139.480000025
465 363 937139.480000025
349 349 937139.480000025
253 395 937139.480000025
253 395 937139.480000025
371 211 937139.480000025
371 211 937139.480000025
198 344 937139.480000025
198 344 937139.480000025
342 189 937139.480000025
342 189 937139.480000025
385 231 937139.480000025
385 231 937139.480000025
337 106 937139.480000025
337 419 937139.480000025
175 401 937139.480000025
175 401 937139.480000025
383 261 937139.480000025
383 261 937139.480000025
390 165 937139.480000025
390 165 937139.480000025
335 376 937139.480000025
181 324 937139.480000025
181 324 937139.480000025
355 153 937139.480000025
355 466 937139.480000025
467 313 937139.480000025
422 149 937139.480000025
422 462 937139.480000025
457 290 937139.480000025
457 290 937139.480000025
206 433 937139.480000025
206 433 937139.480000025
328 340 937139.480000025
363 170 937139.480000025
363 170 937139.480000025
296 357 937139.480000025
296 357 937139.480000025
197 416 937139.480000025
197 416 937139.480000025
359 331 937139.480000025
299 364 937139.480000025
299 364 937139.480000025
158 366 937139.480000025
158 366 937139.480000025
288 332 937139.480000025
288 332 937139.480000025
187 388 937139.480000025
187 388 937139.480000025
424 180 937139.480000025
424 180 937139.480000025
427 215 937139.480000025
427 215 937139.480000025
217 436 937139.480000025
217 436 937139.480000025
389 228 937139.480000025
389 228 937139.480000025
418 378 937139.480000025
234 374 937139.480000025
234 374 937139.480000025
347 111 937139.480000025
347 424 937139.480000025
353 221 937139.480000025
353 221 937139.480000025
362 116 937139.480000025
362 429 937139.480000025
410 176 937139.480000025
410 176 937139.480000025
463 280 937139.480000025
463 280 937139.480000025
313 364 937139.480000025
421 206 937139.480000025
421 206 937139.480000025
404 413 937139.480000025
376 260 937139.480000025
376 260 937139.480000025
385 360 937139.480000025
422 252 937139.480000025
422 252 937139.480000025
408 252 937139.480000025
408 252 937139.480000025
408 138 937139.480000025
408 451 937139.480000025
466 292 937139.480000025
466 292 937139.480000025
411 395 937139.480000025
406 249 937139.480000025
406 249 937139.480000025
443 168 937139.480000025
443 168 937139.480000025
383 134 937139.480000025
383 447 937139.480000025
199 450 937139.480000025
199 450 937139.480000025
439 147 937139.480000025
439 460 937139.480000025
359 291 937139.480000025
359 291 937139.480000025
368 190 937139.480000025
368 190 937139.480000025
464 157 937139.480000025
464 157 937139.480000025
427 401 937139.480000025
249 428 937139.480000025
249 428 937139.480000025
258 424 937139.480000025
258 424 937139.480000025
320 344 937139.480000025
392 412 937139.480000025
435 365 937139.480000025
367 186 937139.480000025
367 186 937139.480000025
334.97 155.97000000000003 937139.480000025
334.97 468.97 937139.480000025
318.21000000000066 297.2299999999998 937139.480000025
318.21000000000066 297.2299999999998 937139.480000025
415.99 297.03 937139.480000025
415.99 297.03 937139.480000025
198.95000000000005 314.95000000000005 937139.480000025
198.95000000000005 314.95000000000005 937139.480000025
319.02000000000015 297.27999999999975 937139.480000025
319.02000000000015 297.27999999999975 937139.480000025
306.0799999999981 322.00000000000125 937139.480000025
306.0799999999981 322.00000000000125 937139.480000025
305.24999999999886 322.9900000000006 937139.480000025
305.24999999999886 322.9900000000006 937139.480000025
305.36999999999966 451.3299999999997 937139.480000025
305.36999999999966 451.3299999999997 937139.480000025
303.2399999999998 419.98 937139.480000025
303.2399999999998 419.98 937139.480000025
306.99999999999727 320.94000000000165 937139.480000025
306.99999999999727 320.94000000000165 937139.480000025
306.37999999999784 321.3800000000016 937139.480000025
306.37999999999784 321.3800000000016 937139.480000025
305.1999999999989 322.4800000000009 937139.480000025
305.1999999999989 322.4800000000009 937139.480000025
256.63000000000034 324.870000000001 937139.480000025
256.63000000000034 324.870000000001 937139.480000025
326.2200000000007 204.3199999999997 937139.480000025
326.2200000000007 204.3199999999997 937139.480000025
358.3499999999999 323.29000000000065 937139.480000025
317.41000000000145 376.3299999999999 937139.480000025
356.70000000000005 323.4200000000005 937139.480000025
164.85000000000014 280.06999999999994 937139.480000025
221.01999999999998 319.62000000000035 937139.480000025
221.01999999999998 319.62000000000035 937139.480000025
162.37000000000057 312.61000000000126 937139.480000025
303.61000000000035 322.7300000000011 937139.480000025
303.61000000000035 322.7300000000011 937139.480000025
54.40999999999972 123.70999999999985 937139.480000025
307.0499999999972 320.9900000000016 937139.480000025
307.0499999999972 320.9900000000016 937139.480000025
135.71999999999753 55.5199999999997 937139.480000025
247.44999999999504 289.26999999999975 937139.480000025
169.15999999999894 311.3600000000015 937139.480000025
110.06000000000054 147.8000000000011 937139.480000025
199.12999999999897 141.12999999999806 937139.480000025
113.56000000000029 173.5800000000013 937139.480000025
240.3400000000006 274.1399999999999 937139.480000025
196.91000000000008 104.7700000000004 937139.480000025
92.23000000000012 95.70999999999883 937139.480000025
190.3299999999997 312.0300000000018 937139.480000025
133.60999999999945 47.4700000000005 937139.480000025
110.93999999999997 181.01999999999907 937139.480000025
143.08000000000266 141.9000000000001 937139.480000025
341.88 301.25999999999885 937139.480000025
341.88 301.25999999999885 937139.480000025
132.0200000000018 272.86000000000286 937139.480000025
124.10999999999954 230.16999999999803 937139.480000025
228.37000000000057 277.24999999999795 937139.480000025
298.82000000000016 90.97999999999845 937139.480000025
246.75000000000114 262.7100000000012 937139.480000025
197.20000000000164 290.0199999999991 937139.480000025
311.78000000000475 281.4199999999996 937139.480000025
158.02999999999997 146.71000000000026 937139.480000025
37.86000000000023 41.59999999999968 937139.480000025
133.0799999999981 70.42000000000124 937139.480000025
106.95999999999844 214.71999999999753 937139.480000025
233.87000000000103 291.3300000000006 937139.480000025
153.08999999999992 293.16999999999894 937139.480000025
189.89999999999918 79.96000000000151 937139.480000025
149.96000000000186 47.68000000000046 937139.480000025
90.04000000000053 217.72000000000025 937139.480000025
183.55000000000132 308.45000000000323 937139.480000025
329.84999999999997 301.26999999999794 937139.480000025
329.84999999999997 301.26999999999794 937139.480000025
198.7800000000002 110.02000000000001 937139.480000025
185.08999999999992 95.8099999999999 937139.480000025
251.85000000000014 175.85000000000014 937139.480000025
178.02999999999997 145.2299999999998 937139.480000025
191.91000000000008 150.80999999999744 937139.480000025
59.9800000000004 36.70000000000006 937139.480000025
17.070000000000146 42.56999999999989 937139.480000025
313.0300000000027 116.55000000000028 937139.480000025
313.0300000000027 429.5500000000003 937139.480000025
287.90000000000464 249.7000000000039 937139.480000025
245.35000000000332 113.14999999999905 937139.480000025
218.17999999999893 122.97999999999999 937139.480000025
314.21000000000436 297.5299999999995 937139.480000025
314.21000000000436 297.5299999999995 937139.480000025
242.0699999999963 299.5099999999959 937139.480000025
188.71000000000117 120.01 937139.480000025
295.5000000000023 267.7199999999966 937139.480000025
154.85999999999922 164.27999999999884 937139.480000025
246.9699999999964 277.9899999999982 937139.480000025
71.1600000000011 86.77999999999938 937139.480000025
175.56999999999948 207.50999999999863 937139.480000025
246.8000000000011 163.96000000000004 937139.480000025
316.4000000000033 385.2000000000006 937139.480000025
126.94000000000048 147.5399999999995 937139.480000025
151.15999999999985 156.30000000000064 937139.480000025
28.789999999999655 17.369999999999433 937139.480000025
91.56999999999825 134.0300000000036 937139.480000025
269.079999999999 173.54000000000042 937139.480000025
214.24999999999613 134.48999999999592 937139.480000025
98.5100000000018 238.63000000000397 937139.480000025
258.7999999999993 186.6199999999949 937139.480000025
141.2199999999998 239.2200000000007 937139.480000025
186.08000000000084 69.45999999999717 937139.480000025
382.67999999999984 305.8199999999965 937139.480000025
382.67999999999984 305.8199999999965 937139.480000025
133.6700000000012 279.2299999999998 937139.480000025
180.2999999999961 281.96000000000004 937139.480000025
49.45999999999971 40.279999999999944 937139.480000025
296.77999999999565 219.35999999999876 937139.480000025
264.17000000000166 136.0899999999972 937139.480000025
128.82000000000107 165.78000000000202 937139.480000025
69.42000000000175 35.94000000000001 937139.480000025
128.26000000000704 289.8199999999938 937139.480000025
281.45999999999776 130.9999999999991 937139.480000025
167.60000000000218 265.880000000001 937139.480000025
163.16999999999894 176.6900000000012 937139.480000025
199.95000000000095 131.0300000000018 937139.480000025
142.39000000000146 292.169999999998 937139.480000025
307.25999999999704 320.72000000000173 937139.480000025
307.25999999999704 320.72000000000173 937139.480000025
166.03999999999724 229.93999999999824 937139.480000025
158.74000000000024 284.0799999999999 937139.480000025
207.33000000000152 275.9100000000028 937139.480000025
277.43000000000416 199.5499999999986 937139.480000025
232.94999999999914 225.15000000000168 937139.480000025
257.9100000000001 110.64999999999982 937139.480000025
213.17999999999984 314.2000000000007 937139.480000025
213.17999999999984 314.2000000000007 937139.480000025
78.0299999999995 99.11000000000006 937139.480000025
408.8499999999994 320.0500000000027 937139.480000025
156.2400000000016 118.6199999999993 937139.480000025
189.46999999999412 209.04999999999632 937139.480000025
184.01999999999725 186.1400000000026 937139.480000025
237.47000000000412 184.34999999999695 937139.480000025
149.88000000000375 309.0600000000036 937139.480000025
222.70999999999844 109.94999999999946 937139.480000025
220.98000000000002 233.61999999999944 937139.480000025
24.49000000000039 61.69000000000026 937139.480000025
199.12999999999806 98.98999999999795 937139.480000025
64.6299999999993 134.3299999999997 937139.480000025
170.73999999999933 277.98 937139.480000025
40.95000000000021 53.029999999999795 937139.480000025
102.11000000000159 133.21000000000436 937139.480000025
39.87000000000062 79.79000000000194 937139.480000025
157.9200000000037 186.13999999999442 937139.480000025
203.19999999999982 115.0 937139.480000025
123.12000000000006 175.07999999999993 937139.480000025
232.96999999999912 308.05000000000086 937139.480000025
103.59999999999928 184.03999999999724 937139.480000025
63.0199999999992 71.99999999999898 937139.480000025
118.72999999999833 50.870000000000225 937139.480000025
284.01000000000363 287.25000000000523 937139.480000025
206.34999999999968 120.85000000000043 937139.480000025
48.56999999999949 19.67000000000026 937139.480000025
210.10000000000446 223.92000000000553 937139.480000025
139.7700000000002 159.09000000000083 937139.480000025
301.2100000000016 109.25000000000115 937139.480000025
205.4499999999996 74.10999999999954 937139.480000025
221.6499999999985 93.9700000000005 937139.480000025
305.68999999999846 324.93 937139.480000025
305.68999999999846 324.93 937139.480000025
88.79999999999939 57.70000000000006 937139.480000025
224.46000000000322 267.64000000000215 937139.480000025
166.94000000000005 142.84000000000106 937139.480000025
268.5499999999986 101.16999999999958 937139.480000025
72.0 111.72000000000139 937139.480000025
85.039999999999 197.69999999999936 937139.480000025
139.84000000000196 254.19999999999982 937139.480000025
285.49999999999955 180.94000000000005 937139.480000025
119.02000000000001 76.0 937139.480000025
225.88999999999828 80.32999999999966 937139.480000025
117.54000000000181 214.9000000000001 937139.480000025
105.4099999999997 153.30999999999972 937139.480000025
142.5800000000013 128.9000000000019 937139.480000025
76.90999999999995 162.97000000000185 937139.480000025
132.05999999999722 189.11999999999443 937139.480000025
109.03000000000002 252.7699999999993 937139.480000025
104.95999999999998 172.92000000000098 937139.480000025
257.409999999996 252.29000000000246 937139.480000025
235.81000000000108 147.73000000000206 937139.480000025
264.01 124.88999999999892 937139.480000025
84.50999999999924 178.80999999999926 937139.480000025
163.5600000000004 78.0 937139.480000025
287.8799999999974 305.1000000000017 937139.480000025
257.4099999999996 158.84999999999923 937139.480000025
148.5499999999986 142.15000000000077 937139.480000025
164.91000000000554 203.51000000000045 937139.480000025
284.81999999999925 109.96000000000049 937139.480000025
200.14999999999986 308.51000000000226 937139.480000025
104.86999999999993 63.90999999999951 937139.480000025
177.47999999999774 259.08000000000357 937139.480000025
253.67000000000303 89.55000000000182 937139.480000025
154.16999999999712 253.09000000000083 937139.480000025
308.730000000003 257.38999999999965 937139.480000025
231.09000000000447 166.28999999999792 937139.480000025
108.33000000000017 202.5900000000031 937139.480000025
159.01999999999907 63.23999999999975 937139.480000025
138.80999999999744 174.00999999999817 937139.480000025
197.4800000000032 242.28000000000247 937139.480000025
290.57999999999765 194.6399999999985 937139.480000025
117.85000000000043 184.72999999999752 937139.480000025
208.93999999999824 160.5199999999959 937139.480000025
237.01999999999998 128.2400000000008 937139.480000025
74.52000000000231 134.07999999999993 937139.480000025
72.33000000000017 50.16999999999937 937139.480000025
263.31999999999243 267.8199999999956 937139.480000025
233.03999999999905 269.4800000000014 937139.480000025
166.33999999999878 300.2800000000025 937139.480000025
174.3600000000015 104.37999999999917 937139.480000025
321.86000000000195 228.96000000000004 937139.480000025
321.86000000000195 228.96000000000004 937139.480000025
15.089999999999998 23.829999999999504 937139.480000025
95.53999999999925 175.42000000000053 937139.480000025
118.02000000000001 132.86000000000467 937139.480000025
195.99 259.7699999999984 937139.480000025
57.720000000000454 85.88000000000198 937139.480000025
282.81999999999925 163.34000000000515 937139.480000025
301.36999999999875 166.89000000000192 937139.480000025
96.17999999999907 80.21999999999909 937139.480000025
115.1600000000006 91.30000000000169 937139.480000025
141.8599999999983 214.10000000000355 937139.480000025
129.4500000000014 56.10999999999978 937139.480000025
149.8800000000001 277.6000000000022 937139.480000025
120.04000000000053 259.5399999999986 937139.480000025
92.54999999999824 148.309999999997 937139.480000025
98.28000000000014 142.05999999999995 937139.480000025
306.6500000000012 190.089999999999 937139.480000025
147.54000000000224 88.20000000000215 937139.480000025
252.49999999999955 233.60000000000218 937139.480000025
174.08000000000084 88.04000000000002 937139.480000025
313.51000000000226 98.46999999999973 937139.480000025
313.51000000000226 411.46999999999974 937139.480000025
263.92999999999824 149.85000000000196 937139.480000025
270.8300000000038 306.89000000000647 937139.480000025
223.85000000000105 252.06999999999994 937139.480000025
270.8499999999983 88.1700000000006 937139.480000025
264.84000000000015 227.86000000000013 937139.480000025
180.19000000000074 132.63000000000125 937139.480000025
311.34000000000515 243.28000000000247 937139.480000025
242.44000000000233 242.6599999999994 937139.480000025
198.6800000000003 136.9000000000001 937139.480000025
241.23999999999978 206.98000000000093 937139.480000025
170.02999999999997 114.51000000000077 937139.480000025
213.18999999999983 303.4500000000023 937139.480000025
218.41999999999962 287.6399999999994 937139.480000025
276.219999999998 221.49999999999955 937139.480000025
34.920000000000215 33.62000000000047 937139.480000025
130.01999999999998 110.71999999999883 937139.480000025
161.46999999999684 51.53000000000029 937139.480000025
313.5700000000022 130.97000000000094 937139.480000025
313.5700000000022 443.97000000000094 937139.480000025
178.25999999999885 165.67999999999847 937139.480000025
301.2500000000034 141.70999999999663 937139.480000025
95.41000000000226 107.07000000000362 937139.480000025
52.85999999999983 63.75999999999903 937139.480000025
209.64999999999668 192.1099999999999 937139.480000025
49.319999999999936 111.75999999999783 937139.480000025
253.03999999999996 76.95999999999742 937139.480000025
107.72000000000037 160.01999999999907 937139.480000025
34 -87 937139.480000025
347 -87 937139.480000025
34 -87 937139.480000025
347 -87 937139.480000025
-32 -263 937139.480000025
-32 -263 937139.480000025
141 -73 937139.480000025
454 -73 937139.480000025
141 -73 937139.480000025
454 -73 937139.480000025
-34 -183 937139.480000025
-34 -183 937139.480000025
-44 -226 937139.480000025
-44 -226 937139.480000025
107 -154 937139.480000025
420 -154 937139.480000025
107 -154 937139.480000025
420 -154 937139.480000025
255 -50 937139.480000025
255 -50 937139.480000025
215 -83 937139.480000025
215 -83 937139.480000025
183 -108 937139.480000025
183 -108 937139.480000025
258 -132 937139.480000025
258 -132 937139.480000025
-49 -186 937139.480000025
-49 -186 937139.480000025
89 -95 937139.480000025
402 -95 937139.480000025
89 -95 937139.480000025
402 -95 937139.480000025
134 -37 937139.480000025
447 -37 937139.480000025
134 -37 937139.480000025
447 -37 937139.480000025
135 -34 937139.480000025
448 -34 937139.480000025
135 -34 937139.480000025
448 -34 937139.480000025
201 -68 937139.480000025
201 -68 937139.480000025
252 -137 937139.480000025
252 -137 937139.480000025
199 -24 937139.480000025
199 -24 937139.480000025
151 -59 937139.480000025
464 -59 937139.480000025
151 -59 937139.480000025
464 -59 937139.480000025
64 -93 937139.480000025
377 -93 937139.480000025
64 -93 937139.480000025
377 -93 937139.480000025
384 25 937139.480000025
355 52 937139.480000025
129 -130 937139.480000025
442 -130 937139.480000025
129 -130 937139.480000025
442 -130 937139.480000025
298 -49 937139.480000025
-15 -49 937139.480000025
298 -49 937139.480000025
-15 -49 937139.480000025
89 -58 937139.480000025
402 -58 937139.480000025
89 -58 937139.480000025
402 -58 937139.480000025
110 -101 937139.480000025
423 -101 937139.480000025
110 -101 937139.480000025
423 -101 937139.480000025
12 -70 937139.480000025
325 -70 937139.480000025
12 -70 937139.480000025
325 -70 937139.480000025
235 -21 937139.480000025
235 -21 937139.480000025
-40 -287 937139.480000025
-40 -287 937139.480000025
318 50 937139.480000025
232 -86 937139.480000025
232 -86 937139.480000025
352 40 937139.480000025
-103 -273 937139.480000025
-103 -273 937139.480000025
38 -37 937139.480000025
351 -37 937139.480000025
38 -37 937139.480000025
351 -37 937139.480000025
64 -53 937139.480000025
377 -53 937139.480000025
64 -53 937139.480000025
377 -53 937139.480000025
-37 -237 937139.480000025
-37 -237 937139.480000025
136 -30 937139.480000025
449 -30 937139.480000025
136 -30 937139.480000025
449 -30 937139.480000025
13 -125 937139.480000025
326 -125 937139.480000025
13 -125 937139.480000025
326 -125 937139.480000025
43 -123 937139.480000025
356 -123 937139.480000025
43 -123 937139.480000025
356 -123 937139.480000025
232 -42 937139.480000025
232 -42 937139.480000025
446 54 937139.480000025
248 -149 937139.480000025
248 -149 937139.480000025
-89 -232 937139.480000025
-89 -232 937139.480000025
123 -138 937139.480000025
436 -138 937139.480000025
123 -138 937139.480000025
436 -138 937139.480000025
459 9 937139.480000025
-79 -289 937139.480000025
-79 -289 937139.480000025
328 42 937139.480000025
218 -26 937139.480000025
218 -26 937139.480000025
-46 -211 937139.480000025
-46 -211 937139.480000025
176 -31 937139.480000025
176 -31 937139.480000025
32 -99 937139.480000025
345 -99 937139.480000025
32 -99 937139.480000025
345 -99 937139.480000025
125 -85 937139.480000025
438 -85 937139.480000025
125 -85 937139.480000025
438 -85 937139.480000025
-14 -219 937139.480000025
-14 -219 937139.480000025
48 -52 937139.480000025
361 -52 937139.480000025
48 -52 937139.480000025
361 -52 937139.480000025
241 -39 937139.480000025
241 -39 937139.480000025
170 -35 937139.480000025
170 -35 937139.480000025
162 -133 937139.480000025
162 -133 937139.480000025
142 -59 937139.480000025
455 -59 937139.480000025
142 -59 937139.480000025
455 -59 937139.480000025
444 55 937139.480000025
229 -38 937139.480000025
229 -38 937139.480000025
469 24 937139.480000025
117 -131 937139.480000025
430 -131 937139.480000025
117 -131 937139.480000025
430 -131 937139.480000025
53 -144 937139.480000025
366 -144 937139.480000025
53 -144 937139.480000025
366 -144 937139.480000025
95 -70 937139.480000025
408 -70 937139.480000025
95 -70 937139.480000025
408 -70 937139.480000025
213 -7 937139.480000025
213 -7 937139.480000025
365 66 937139.480000025
282 -115 937139.480000025
-31 -115 937139.480000025
282 -115 937139.480000025
-31 -115 937139.480000025
451 27 937139.480000025
41 -155 937139.480000025
354 -155 937139.480000025
41 -155 937139.480000025
354 -155 937139.480000025
248 -49 937139.480000025
248 -49 937139.480000025
25 -103 937139.480000025
338 -103 937139.480000025
25 -103 937139.480000025
338 -103 937139.480000025
361 40 937139.480000025
379 36 937139.480000025
463 84 937139.480000025
413 24 937139.480000025
-104 -280 937139.480000025
-104 -280 937139.480000025
288 -20 937139.480000025
288 -20 937139.480000025
442 33 937139.480000025
86 -62 937139.480000025
399 -62 937139.480000025
86 -62 937139.480000025
399 -62 937139.480000025
171 -109 937139.480000025
171 -109 937139.480000025
236 -149 937139.480000025
236 -149 937139.480000025
288 -120 937139.480000025
-25 -120 937139.480000025
288 -120 937139.480000025
-25 -120 937139.480000025
25 -35 937139.480000025
338 -35 937139.480000025
25 -35 937139.480000025
338 -35 937139.480000025
-87 -259 937139.480000025
-87 -259 937139.480000025
105 -132 937139.480000025
418 -132 937139.480000025
105 -132 937139.480000025
418 -132 937139.480000025
-33 -282 937139.480000025
-33 -282 937139.480000025
20 -114 937139.480000025
333 -114 937139.480000025
20 -114 937139.480000025
333 -114 937139.480000025
87 -116 937139.480000025
400 -116 937139.480000025
87 -116 937139.480000025
400 -116 937139.480000025
257 -155 937139.480000025
-56 -155 937139.480000025
257 -155 937139.480000025
-56 -155 937139.480000025
38 -134 937139.480000025
351 -134 937139.480000025
38 -134 937139.480000025
351 -134 937139.480000025
165 -33 937139.480000025
165 -33 937139.480000025
446 50 937139.480000025
159 -29 937139.480000025
159 -29 937139.480000025
-60 -273 937139.480000025
-60 -273 937139.480000025
252 -77 937139.480000025
252 -77 937139.480000025
48 -142 937139.480000025
361 -142 937139.480000025
48 -142 937139.480000025
361 -142 937139.480000025
119 -55 937139.480000025
432 -55 937139.480000025
119 -55 937139.480000025
432 -55 937139.480000025
89 -67 937139.480000025
402 -67 937139.480000025
89 -67 937139.480000025
402 -67 937139.480000025
6 -69 937139.480000025
319 -69 937139.480000025
6 -69 937139.480000025
319 -69 937139.480000025
432 76 937139.480000025
19 -33 937139.480000025
332 -33 937139.480000025
19 -33 937139.480000025
332 -33 937139.480000025
113 -138 937139.480000025
426 -138 937139.480000025
113 -138 937139.480000025
426 -138 937139.480000025
268 -139 937139.480000025
-45 -139 937139.480000025
268 -139 937139.480000025
-45 -139 937139.480000025
-92 -258 937139.480000025
-92 -258 937139.480000025
403 58 937139.480000025
245 -71 937139.480000025
245 -71 937139.480000025
282 -144 937139.480000025
-31 -144 937139.480000025
282 -144 937139.480000025
-31 -144 937139.480000025
265 -85 937139.480000025
265 -85 937139.480000025
-29 -204 937139.480000025
-29 -204 937139.480000025
242 -24 937139.480000025
242 -24 937139.480000025
-47 -180 937139.480000025
-47 -180 937139.480000025
437 35 937139.480000025
-73 -269 937139.480000025
-73 -269 937139.480000025
28 -23 937139.480000025
341 -23 937139.480000025
28 -23 937139.480000025
341 -23 937139.480000025
-28 -240 937139.480000025
-28 -240 937139.480000025
372 74 937139.480000025
238 -18 937139.480000025
238 -18 937139.480000025
-66 -291 937139.480000025
-66 -291 937139.480000025
154 -150 937139.480000025
467 -150 937139.480000025
154 -150 937139.480000025
467 -150 937139.480000025
293 -59 937139.480000025
-20 -59 937139.480000025
293 -59 937139.480000025
-20 -59 937139.480000025
163 -85 937139.480000025
163 -85 937139.480000025
-51 -161 937139.480000025
-51 -161 937139.480000025
175 -107 937139.480000025
175 -107 937139.480000025
170 -46 937139.480000025
170 -46 937139.480000025
177 -149 937139.480000025
177 -149 937139.480000025
344 21 937139.480000025
140 -95 937139.480000025
453 -95 937139.480000025
140 -95 937139.480000025
453 -95 937139.480000025
-56 -227 937139.480000025
-56 -227 937139.480000025
86 -135 937139.480000025
399 -135 937139.480000025
86 -135 937139.480000025
399 -135 937139.480000025
-34 -255 937139.480000025
-34 -255 937139.480000025
28 -110 937139.480000025
341 -110 937139.480000025
28 -110 937139.480000025
341 -110 937139.480000025
56 -72 937139.480000025
369 -72 937139.480000025
56 -72 937139.480000025
369 -72 937139.480000025
-73 -287 937139.480000025
-73 -287 937139.480000025
444 68 937139.480000025
228 -43 937139.480000025
228 -43 937139.480000025
62 -133 937139.480000025
375 -133 937139.480000025
62 -133 937139.480000025
375 -133 937139.480000025
253 -58 937139.480000025
253 -58 937139.480000025
105 -139 937139.480000025
418 -139 937139.480000025
105 -139 937139.480000025
418 -139 937139.480000025
375 37 937139.480000025
241 -105 937139.480000025
241 -105 937139.480000025
140 -153 937139.480000025
453 -153 937139.480000025
140 -153 937139.480000025
453 -153 937139.480000025
136 -141 937139.480000025
449 -141 937139.480000025
136 -141 937139.480000025
449 -141 937139.480000025
465 50 937139.480000025
349 36 937139.480000025
-60 -231 937139.480000025
-60 -231 937139.480000025
58 -102 937139.480000025
371 -102 937139.480000025
58 -102 937139.480000025
371 -102 937139.480000025
29 -124 937139.480000025
342 -124 937139.480000025
29 -124 937139.480000025
342 -124 937139.480000025
72 -82 937139.480000025
385 -82 937139.480000025
72 -82 937139.480000025
385 -82 937139.480000025
70 -52 937139.480000025
383 -52 937139.480000025
70 -52 937139.480000025
383 -52 937139.480000025
77 -148 937139.480000025
390 -148 937139.480000025
77 -148 937139.480000025
390 -148 937139.480000025
175 -50 937139.480000025
175 -50 937139.480000025
335 63 937139.480000025
243 -37 937139.480000025
243 -37 937139.480000025
467 0 937139.480000025
144 -23 937139.480000025
457 -23 937139.480000025
144 -23 937139.480000025
457 -23 937139.480000025
242 -132 937139.480000025
242 -132 937139.480000025
328 27 937139.480000025
50 -143 937139.480000025
363 -143 937139.480000025
50 -143 937139.480000025
363 -143 937139.480000025
-17 -269 937139.480000025
-17 -269 937139.480000025
206 -121 937139.480000025
206 -121 937139.480000025
359 18 937139.480000025
-14 -262 937139.480000025
-14 -262 937139.480000025
-25 -294 937139.480000025
-25 -294 937139.480000025
181 -124 937139.480000025
181 -124 937139.480000025
111 -133 937139.480000025
424 -133 937139.480000025
111 -133 937139.480000025
424 -133 937139.480000025
114 -98 937139.480000025
427 -98 937139.480000025
114 -98 937139.480000025
427 -98 937139.480000025
76 -85 937139.480000025
389 -85 937139.480000025
76 -85 937139.480000025
389 -85 937139.480000025
418 65 937139.480000025
-79 -252 937139.480000025
-79 -252 937139.480000025
165 -10 937139.480000025
165 -10 937139.480000025
285 -132 937139.480000025
-28 -132 937139.480000025
285 -132 937139.480000025
-28 -132 937139.480000025
40 -92 937139.480000025
353 -92 937139.480000025
40 -92 937139.480000025
353 -92 937139.480000025
97 -137 937139.480000025
410 -137 937139.480000025
97 -137 937139.480000025
410 -137 937139.480000025
209 -34 937139.480000025
209 -34 937139.480000025
162 -135 937139.480000025
162 -135 937139.480000025
150 -33 937139.480000025
463 -33 937139.480000025
150 -33 937139.480000025
463 -33 937139.480000025
108 -107 937139.480000025
421 -107 937139.480000025
108 -107 937139.480000025
421 -107 937139.480000025
196 -55 937139.480000025
196 -55 937139.480000025
63 -53 937139.480000025
376 -53 937139.480000025
63 -53 937139.480000025
376 -53 937139.480000025
385 47 937139.480000025
109 -61 937139.480000025
422 -61 937139.480000025
109 -61 937139.480000025
422 -61 937139.480000025
225 -61 937139.480000025
225 -61 937139.480000025
95 -61 937139.480000025
408 -61 937139.480000025
95 -61 937139.480000025
408 -61 937139.480000025
153 -21 937139.480000025
466 -21 937139.480000025
153 -21 937139.480000025
466 -21 937139.480000025
411 82 937139.480000025
93 -64 937139.480000025
406 -64 937139.480000025
93 -64 937139.480000025
406 -64 937139.480000025
130 -145 937139.480000025
443 -145 937139.480000025
130 -145 937139.480000025
443 -145 937139.480000025
221 -80 937139.480000025
221 -80 937139.480000025
274 -92 937139.480000025
274 -92 937139.480000025
46 -22 937139.480000025
359 -22 937139.480000025
46 -22 937139.480000025
359 -22 937139.480000025
55 -123 937139.480000025
368 -123 937139.480000025
55 -123 937139.480000025
368 -123 937139.480000025
151 -156 937139.480000025
464 -156 937139.480000025
151 -156 937139.480000025
464 -156 937139.480000025
-64 -198 937139.480000025
-64 -198 937139.480000025
-55 -202 937139.480000025
-55 -202 937139.480000025
320 31 937139.480000025
435 52 937139.480000025
54 -127 937139.480000025
367 -127 937139.480000025
54 -127 937139.480000025
367 -127 937139.480000025
5.620000000000337 -15.920000000000073 937139.480000025
5.620000000000337 -15.920000000000073 937139.480000025
292.04999999999995 -95.02999999999997 937139.480000025
-20.950000000000045 -95.02999999999997 937139.480000025
292.04999999999995 -95.02999999999997 937139.480000025
-20.950000000000045 -95.02999999999997 937139.480000025
4.22000000000161 -15.680000000000291 937139.480000025
4.22000000000161 -15.680000000000291 937139.480000025
4.190000000001637 -15.6700000000003 937139.480000025
4.190000000001637 -15.6700000000003 937139.480000025
3.8100000000020007 -15.650000000000318 937139.480000025
3.8100000000020007 -15.650000000000318 937139.480000025
5.210000000000683 -15.77000000000021 937139.480000025
318.21000000000066 -15.77000000000021 937139.480000025
5.210000000000683 -15.77000000000021 937139.480000025
318.21000000000066 -15.77000000000021 937139.480000025
102.99 -15.970000000000027 937139.480000025
415.99 -15.970000000000027 937139.480000025
102.99 -15.970000000000027 937139.480000025
415.99 -15.970000000000027 937139.480000025
-114.04999999999995 -311.04999999999995 937139.480000025
-114.04999999999995 -311.04999999999995 937139.480000025
6.020000000000168 -15.720000000000255 937139.480000025
319.02000000000015 -15.720000000000255 937139.480000025
6.020000000000168 -15.720000000000255 937139.480000025
319.02000000000015 -15.720000000000255 937139.480000025
-6.920000000001892 -303.99999999999875 937139.480000025
-6.920000000001892 -303.99999999999875 937139.480000025
-7.750000000001137 -303.0099999999994 937139.480000025
-7.750000000001137 -303.0099999999994 937139.480000025
-7.6300000000003365 -174.6700000000003 937139.480000025
-7.6300000000003365 -174.6700000000003 937139.480000025
-9.760000000000218 -206.02 937139.480000025
-9.760000000000218 -206.02 937139.480000025
-6.0000000000027285 -305.05999999999835 937139.480000025
-6.0000000000027285 -305.05999999999835 937139.480000025
-6.620000000002165 -304.6199999999984 937139.480000025
-6.620000000002165 -304.6199999999984 937139.480000025
-7.800000000001091 -303.5199999999991 937139.480000025
-7.800000000001091 -303.5199999999991 937139.480000025
-56.36999999999966 -301.129999999999 937139.480000025
-56.36999999999966 -301.129999999999 937139.480000025
13.22000000000071 -108.68000000000029 937139.480000025
326.2200000000007 -108.68000000000029 937139.480000025
13.22000000000071 -108.68000000000029 937139.480000025
326.2200000000007 -108.68000000000029 937139.480000025
200.12999999999988 -1.4500000000005002 937139.480000025
200.12999999999988 -1.4500000000005002 937139.480000025
358.3499999999999 10.290000000000646 937139.480000025
317.41000000000145 63.329999999999934 937139.480000025
311.9499999999982 -9.470000000001392 937139.480000025
-1.0500000000017735 -9.470000000001392 937139.480000025
311.9499999999982 -9.470000000001392 937139.480000025
-1.0500000000017735 -9.470000000001392 937139.480000025
356.70000000000005 10.420000000000528 937139.480000025
185.05999999999995 0.8999999999990911 937139.480000025
-91.98000000000002 -306.37999999999965 937139.480000025
-91.98000000000002 -306.37999999999965 937139.480000025
-9.389999999999645 -303.2699999999989 937139.480000025
-9.389999999999645 -303.2699999999989 937139.480000025
308.4199999999996 -29.720000000000255 937139.480000025
-4.580000000000382 -29.720000000000255 937139.480000025
308.4199999999996 -29.720000000000255 937139.480000025
-4.580000000000382 -29.720000000000255 937139.480000025
-5.950000000002774 -305.0099999999984 937139.480000025
-5.950000000002774 -305.0099999999984 937139.480000025
167.98000000000002 0.020000000000009094 937139.480000025
180.72000000000025 12.459999999999969 937139.480000025
138.69999999999936 26.87999999999998 937139.480000025
28.87999999999998 -11.740000000001146 937139.480000025
341.88 -11.740000000001146 937139.480000025
28.87999999999998 -11.740000000001146 937139.480000025
341.88 -11.740000000001146 937139.480000025
153.94000000000005 1.8800000000000106 937139.480000025
181.18000000000166 35.679999999999666 937139.480000025
312.01999999999634 -123.90000000000009 937139.480000025
-0.9800000000036562 -123.90000000000009 937139.480000025
312.01999999999634 -123.90000000000009 937139.480000025
-0.9800000000036562 -123.90000000000009 937139.480000025
16.849999999999977 -11.730000000002065 937139.480000025
329.84999999999997 -11.730000000002065 937139.480000025
16.849999999999977 -11.730000000002065 937139.480000025
329.84999999999997 -11.730000000002065 937139.480000025
296.15999999999985 40.52000000000069 937139.480000025
198.94000000000005 5.879999999999917 937139.480000025
1.2100000000043565 -15.470000000000482 937139.480000025
314.21000000000436 -15.470000000000482 937139.480000025
1.2100000000043565 -15.470000000000482 937139.480000025
314.21000000000436 -15.470000000000482 937139.480000025
258.109999999999 9.310000000000079 937139.480000025
283.5400000000013 -0.2800000000052023 937139.480000025
283.5400000000013 -0.2800000000052023 937139.480000025
247.91999999999916 21.93999999999999 937139.480000025
69.67999999999984 -7.180000000003474 937139.480000025
382.67999999999984 -7.180000000003474 937139.480000025
69.67999999999984 -7.180000000003474 937139.480000025
382.67999999999984 -7.180000000003474 937139.480000025
198.17999999999984 30.279999999999887 937139.480000025
187.01 26.549999999999617 937139.480000025
281.14999999999895 32.03000000000015 937139.480000025
310.0300000000045 27.39000000000006 937139.480000025
165.189999999998 28.050000000000164 937139.480000025
303.71000000000026 9.790000000000026 937139.480000025
162.02999999999997 14.01 937139.480000025
-5.740000000002965 -305.27999999999827 937139.480000025
-5.740000000002965 -305.27999999999827 937139.480000025
-99.82000000000016 -311.7999999999993 937139.480000025
-99.82000000000016 -311.7999999999993 937139.480000025
408.8499999999994 7.050000000002683 937139.480000025
169.85999999999922 3.599999999999966 937139.480000025
298.82000000000016 54.31999999999934 937139.480000025
310.29000000000246 50.71000000000006 937139.480000025
211.66999999999757 30.52999999999997 937139.480000025
153.99000000000183 24.07000000000001 937139.480000025
-7.310000000001537 -301.07 937139.480000025
-7.310000000001537 -301.07 937139.480000025
230.83000000000288 23.969999999999995 937139.480000025
239.97000000000003 44.169999999999966 937139.480000025
279.910000000001 48.55000000000029 937139.480000025
234.189999999998 0.6899999999963624 937139.480000025
287.98 17.759999999999806 937139.480000025
116.3800000000007 5.1799999999990245 937139.480000025
221.7799999999993 9.679999999999943 937139.480000025
240.0 26.58000000000009 937139.480000025
211.62000000000126 4.619999999999944 937139.480000025
8.860000000001946 -84.03999999999996 937139.480000025
321.86000000000195 -84.03999999999996 937139.480000025
8.860000000001946 -84.03999999999996 937139.480000025
321.86000000000195 -84.03999999999996 937139.480000025
270.6600000000021 25.779999999999966 937139.480000025
255.87999999999738 42.079999999999586 937139.480000025
93.6799999999983 9.580000000000009 937139.480000025
44.93999999999981 7.080000000000084 937139.480000025
302.59999999999764 -144.2199999999998 937139.480000025
-10.400000000002365 -144.2199999999998 937139.480000025
302.59999999999764 -144.2199999999998 937139.480000025
-10.400000000002365 -144.2199999999998 937139.480000025
142.29000000000337 9.169999999999996 937139.480000025
356 76 937139.480000025
373 82 937139.480000025
443 113 937139.480000025
385 109 937139.480000025
457 131 937139.480000025
328 69 937139.480000025
382 88 937139.480000025
405 98 937139.480000025
404 100 937139.480000025
427 88 937139.480000025
392 99 937139.480000025
237.53999999999678 63.039999999999594 937139.480000025
216.80000000000382 56.89999999999962 937139.480000025
185.58999999999946 48.36999999999913 937139.480000025
208.82000000000107 42.39999999999952 937139.480000025
288.5999999999967 72.95999999999998 937139.480000025
316.4000000000033 72.20000000000061 937139.480000025
99.88999999999994 27.570000000000558 937139.480000025
73.13000000000109 20.929999999999364 937139.480000025
226.04999999999995 52.470000000000304 937139.480000025
119.13999999999751 34.24000000000015 937139.480000025
273.3300000000024 74.90999999999944 937139.480000025
275.89000000000283 59.46999999999971 937139.480000025
128.7900000000002 31.510000000000122 937139.480000025
-58 -50 937139.480000025
-58 -50 937139.480000025
-98 -83 937139.480000025
-98 -83 937139.480000025
-130 -108 937139.480000025
-130 -108 937139.480000025
-55 -132 937139.480000025
-55 -132 937139.480000025
-112 -68 937139.480000025
-112 -68 937139.480000025
-61 -137 937139.480000025
-61 -137 937139.480000025
-112 -180 937139.480000025
-112 -180 937139.480000025
-81 -86 937139.480000025
-81 -86 937139.480000025
-114 -203 937139.480000025
-114 -203 937139.480000025
-149 -235 937139.480000025
-149 -235 937139.480000025
-81 -42 937139.480000025
-81 -42 937139.480000025
-65 -149 937139.480000025
-65 -149 937139.480000025
-146 -169 937139.480000025
-146 -169 937139.480000025
-72 -39 937139.480000025
-72 -39 937139.480000025
-151 -133 937139.480000025
-151 -133 937139.480000025
-84 -38 937139.480000025
-84 -38 937139.480000025
-155 -166 937139.480000025
-155 -166 937139.480000025
-106 -157 937139.480000025
-106 -157 937139.480000025
-110 -198 937139.480000025
-110 -198 937139.480000025
-65 -49 937139.480000025
-65 -49 937139.480000025
-144 -311 937139.480000025
-144 -311 937139.480000025
-150 -286 937139.480000025
-150 -286 937139.480000025
-115 -174 937139.480000025
-115 -174 937139.480000025
-155 -193 937139.480000025
-155 -193 937139.480000025
-25 -20 937139.480000025
-25 -20 937139.480000025
-128 -269 937139.480000025
-128 -269 937139.480000025
-151 -299 937139.480000025
-151 -299 937139.480000025
-142 -109 937139.480000025
-142 -109 937139.480000025
-77 -149 937139.480000025
-77 -149 937139.480000025
-121 -165 937139.480000025
-121 -165 937139.480000025
-155 -251 937139.480000025
-155 -251 937139.480000025
-124 -236 937139.480000025
-124 -236 937139.480000025
-116 -209 937139.480000025
-116 -209 937139.480000025
-76 -163 937139.480000025
-76 -163 937139.480000025
-126 -284 937139.480000025
-126 -284 937139.480000025
-130 -279 937139.480000025
-130 -279 937139.480000025
-76 -187 937139.480000025
-76 -187 937139.480000025
-61 -77 937139.480000025
-61 -77 937139.480000025
-128 -217 937139.480000025
-128 -217 937139.480000025
-68 -71 937139.480000025
-68 -71 937139.480000025
-48 -85 937139.480000025
-48 -85 937139.480000025
-71 -24 937139.480000025
-71 -24 937139.480000025
-123 -193 937139.480000025
-123 -193 937139.480000025
-132 -179 937139.480000025
-132 -179 937139.480000025
-143 -200 937139.480000025
-143 -200 937139.480000025
-92 -202 937139.480000025
-92 -202 937139.480000025
-137 -207 937139.480000025
-137 -207 937139.480000025
-150 -85 937139.480000025
-150 -85 937139.480000025
-138 -107 937139.480000025
-138 -107 937139.480000025
-143 -46 937139.480000025
-143 -46 937139.480000025
-136 -149 937139.480000025
-136 -149 937139.480000025
-93 -220 937139.480000025
-93 -220 937139.480000025
-85 -43 937139.480000025
-85 -43 937139.480000025
-108 -238 937139.480000025
-108 -238 937139.480000025
-60 -58 937139.480000025
-60 -58 937139.480000025
-103 -183 937139.480000025
-103 -183 937139.480000025
-72 -105 937139.480000025
-72 -105 937139.480000025
-135 -168 937139.480000025
-135 -168 937139.480000025
-115 -282 937139.480000025
-115 -282 937139.480000025
-138 -225 937139.480000025
-138 -225 937139.480000025
-138 -50 937139.480000025
-138 -50 937139.480000025
-132 -302 937139.480000025
-132 -302 937139.480000025
-70 -37 937139.480000025
-70 -37 937139.480000025
-107 -193 937139.480000025
-107 -193 937139.480000025
-71 -132 937139.480000025
-71 -132 937139.480000025
-116 -210 937139.480000025
-116 -210 937139.480000025
-107 -121 937139.480000025
-107 -121 937139.480000025
-155 -260 937139.480000025
-155 -260 937139.480000025
-132 -124 937139.480000025
-132 -124 937139.480000025
-126 -238 937139.480000025
-126 -238 937139.480000025
-96 -190 937139.480000025
-96 -190 937139.480000025
-145 -313 937139.480000025
-145 -313 937139.480000025
-104 -34 937139.480000025
-104 -34 937139.480000025
-151 -135 937139.480000025
-151 -135 937139.480000025
-117 -55 937139.480000025
-117 -55 937139.480000025
-88 -61 937139.480000025
-88 -61 937139.480000025
-114 -176 937139.480000025
-114 -176 937139.480000025
-92 -80 937139.480000025
-92 -80 937139.480000025
-39 -92 937139.480000025
-39 -92 937139.480000025
-114 -24 937139.480000025
-114 -24 937139.480000025
-78 -21 937139.480000025
-78 -21 937139.480000025
-95 -26 937139.480000025
-95 -26 937139.480000025
-137 -31 937139.480000025
-137 -31 937139.480000025
-143 -35 937139.480000025
-143 -35 937139.480000025
-148 -33 937139.480000025
-148 -33 937139.480000025
-75 -18 937139.480000025
-75 -18 937139.480000025
