239 -36
239 -36
160 343
160 343
359 16
46 329
359 329
175 -114
175 -114
396 55
83 368
396 368
403 298
90 -15
403 -15
403 298
90 -15
403 -15
397 282
84 -31
397 -31
397 282
84 -31
397 -31
461 122
148 435
461 435
321 55
321 368
253 -33
253 -33
398 10
85 323
398 323
296 461
296 461
156 189
469 189
156 -124
469 -124
469 189
156 -124
469 -124
264 425
264 425
323 68
323 381
224 -57
224 -57
325 4
325 317
203 406
203 406
178 422
178 422
402 110
89 423
402 423
254 373
254 373
291 412
291 412
421 25
108 338
421 338
186 389
186 389
180 438
180 438
263 -65
263 -65
376 131
63 444
376 444
225 336
225 336
204 -30
204 -30
387 60
74 373
387 373
421 221
108 -92
421 -92
421 221
108 -92
421 -92
438 289
125 -24
438 -24
438 289
125 -24
438 -24
320 94
320 407
423 241
110 -72
423 -72
423 241
110 -72
423 -72
360 47
47 360
360 360
464 148
151 461
464 461
455 270
142 -43
455 -43
455 270
142 -43
455 -43
164 -142
164 -142
447 178
134 -135
447 -135
447 178
134 -135
447 -135
242 -64
242 -64
440 240
127 -73
440 -73
440 240
127 -73
440 -73
364 247
51 -66
364 -66
364 247
51 -66
364 -66
204 450
204 450
247 -43
247 -43
248 212
248 -101
248 -101
266 -58
266 -58
442 76
129 389
442 389
427 12
114 325
427 325
400 238
87 -75
400 -75
400 238
87 -75
400 -75
205 -150
205 -150
267 430
267 430
353 235
40 -78
353 -78
353 235
40 -78
353 -78
411 253
98 -60
411 -60
411 253
98 -60
411 -60
346 246
33 -67
346 -67
346 246
33 -67
346 -67
253 -138
253 -138
274 444
274 444
225 378
225 378
407 165
94 -148
407 -148
407 165
94 -148
407 -148
407 308
94 -5
407 -5
407 308
94 -5
407 -5
259 -64
259 -64
271 424
271 424
345 36
345 349
221 390
221 390
385 302
72 -11
385 -11
385 302
72 -11
385 -11
204 -147
204 -147
189 -51
189 -51
239 -21
239 -21
419 86
106 399
419 399
204 455
204 455
251 330
251 330
335 278
22 -35
335 -35
335 278
22 -35
335 -35
288 -37
288 -37
287 -154
287 -154
166 346
166 346
244 -109
244 -109
447 36
134 349
447 349
353 72
40 385
353 385
433 137
120 450
433 450
365 43
52 356
365 356
204 458
204 458
206 381
206 381
258 428
258 428
282 -115
282 -115
356 0
356 313
426 43
113 356
426 356
366 146
53 459
366 459
232 377
232 377
231 325
231 325
264 419
264 419
167 452
167 452
408 79
95 392
408 392
188 406
188 406
372 172
59 -141
372 -141
372 172
59 -141
372 -141
189 -125
189 -125
308 410
308 410
180 442
180 442
288 -111
288 -111
415 186
102 -127
415 -127
415 186
102 -127
415 -127
370 49
57 362
370 362
347 179
347 -134
347 179
347 -134
346 172
346 -141
346 172
346 -141
466 194
153 -119
466 -119
466 194
153 -119
466 -119
350 20
37 333
350 333
172 455
172 455
314 23
314 336
456 241
143 -72
456 -72
456 241
143 -72
456 -72
460 29
147 342
460 342
456 22
143 335
456 335
300 -21
300 -21
458 211
145 -102
458 -102
458 211
145 -102
458 -102
456 260
143 -53
456 -53
456 260
143 -53
456 -53
261 -41
261 -41
239 349
239 349
224 -22
224 -22
395 140
82 453
395 453
422 125
109 438
422 438
343 289
30 -24
343 -24
343 289
30 -24
343 -24
342 156
342 469
424 111
111 424
424 424
296 -148
296 -148
184 331
184 331
425 293
112 -20
425 -20
425 293
112 -20
425 -20
157 -94
157 -94
353 108
353 421
211 -14
211 -14
188 -149
188 -149
429 175
116 -138
429 -138
429 175
116 -138
429 -138
263 -123
263 -123
431 13
118 326
431 326
250 379
250 379
157 -126
157 -126
370 189
57 -124
370 -124
370 189
57 -124
370 -124
280 374
280 374
259 440
259 440
245 332
245 332
383 289
70 -24
383 -24
383 289
70 -24
383 -24
385 168
72 -145
385 -145
385 168
72 -145
385 -145
251 -76
251 -76
244 -88
244 -88
415 301
102 -12
415 -12
415 301
102 -12
415 -12
172 -125
172 -125
353 230
40 -83
353 -83
353 230
40 -83
353 -83
379 166
66 -147
379 -147
379 166
66 -147
379 -147
158 371
158 371
342 182
342 -131
342 182
342 -131
292 330
292 330
390 196
77 -117
390 -117
390 196
77 -117
390 -117
186 345
186 345
415 222
102 -91
415 -91
415 222
102 -91
415 -91
266 -68
266 -68
181 468
181 468
442 290
129 -23
442 -23
442 290
129 -23
442 -23
303 325
303 325
288 -156
288 -156
441 111
128 424
441 424
293 438
293 438
196 -143
196 -143
201 383
201 383
174 315
174 315
407 18
94 331
407 331
236 -96
236 -96
337 194
337 -119
337 194
337 -119
178 428
178 428
437 293
124 -20
437 -20
437 293
124 -20
437 -20
246 -97
246 -97
412 274
99 -39
412 -39
412 274
99 -39
412 -39
203 -96
203 -96
279 344
279 344
416 112
103 425
416 425
294 350
294 350
188 416
188 416
425 299
112 -14
425 -14
425 299
112 -14
425 -14
433 226
120 -87
433 -87
433 226
120 -87
433 -87
172 -134
172 -134
353 53
40 366
353 366
383 279
70 -34
383 -34
383 279
70 -34
383 -34
411 133
98 446
411 446
212 -98
212 -98
202 -108
202 -108
318 136
318 449
410 217
97 -96
410 -96
410 217
97 -96
410 -96
292 351
292 351
220 -100
220 -100
240 -104
240 -104
386 240
73 -73
386 -73
386 240
73 -73
386 -73
163 402
163 402
203 318
203 318
215 343
215 343
172 355
172 355
158 -77
158 -77
428 68
115 381
428 381
415 222
102 -91
415 -91
415 222
102 -91
415 -91
412 155
99 468
412 468
352 261
39 -52
352 -52
352 261
39 -52
352 -52
377 90
64 403
377 403
419 75
106 388
419 388
268 -44
268 -44
164 460
164 460
219 427
219 427
274 -45
274 -45
407 300
94 -13
407 -13
407 300
94 -13
407 -13
335 279
22 -34
335 -34
335 279
22 -34
335 -34
354 39
41 352
354 352
265 409
265 409
278 329
278 329
206 -58
206 -58
276 334
276 334
197 -18
197 -18
384 50
71 363
384 363
427 159
114 -154
427 -154
427 159
114 -154
427 -154
203 -31
203 -31
292 370
292 370
167 362
167 362
223 -62
223 -62
343 139
343 452
262 -106
262 -106
357 311
44 -2
357 -2
357 311
44 -2
357 -2
412 208
99 -105
412 -105
412 208
99 -105
412 -105
443 124
130 437
443 437
356 240
43 -73
356 -73
356 240
43 -73
356 -73
293 -37
293 -37
213 -41
213 -41
230 -82
230 -82
388 238
75 -75
388 -75
388 238
75 -75
388 -75
232 -155
232 -155
413 289
100 -24
413 -24
413 289
100 -24
413 -24
419 293
106 -20
419 -20
419 293
106 -20
419 -20
426 221
113 -92
426 -92
426 221
113 -92
426 -92
284 -77
284 -77
235 391
235 391
289 407
289 407
389 93
76 406
389 406
208 -109
208 -109
372 48
59 361
372 361
178 336
178 336
360 211
47 -102
360 -102
360 211
47 -102
360 -102
307 340
307 340
328 300
15 -13
328 -13
328 300
15 -13
328 -13
217 372
217 372
250 343
250 343
396 246
83 -67
396 -67
396 246
83 -67
396 -67
268 -21
268 -21
221 -84
221 -84
284 452
284 452
375 79
62 392
375 392
397 284
84 -29
397 -29
397 284
84 -29
397 -29
369 222
56 -91
369 -91
369 222
56 -91
369 -91
461 117
148 430
461 430
450 65
137 378
450 378
167 432
167 432
96 222
409 222
96 -91
409 -91
409 222
96 -91
409 -91
254 403
254 403
271 329
271 329
296 -125
296 -125
393 279
80 -34
393 -34
393 279
80 -34
393 -34
170 -49
170 -49
194 331
194 331
404 226
91 -87
404 -87
404 226
91 -87
404 -87
407 163
94 -150
407 -150
407 163
94 -150
407 -150
389 190
76 -123
389 -123
389 190
76 -123
389 -123
339 176
339 -137
339 176
339 -137
182 -106
182 -106
432 179
119 -134
432 -134
432 179
119 -134
432 -134
409 223
96 -90
409 -90
409 223
96 -90
409 -90
434 62
121 375
434 375
313 -148
313 -148
193 369
193 369
250 -65
250 -65
174 336
174 336
436 111
123 424
436 424
365 268
52 -45
365 -45
365 268
52 -45
365 -45
411 84
98 397
411 397
268 -155
268 -155
380 233
67 -80
380 -80
380 233
67 -80
380 -80
214 -59
214 -59
426 84
113 397
426 397
111 297
424 297
111 -16
424 -16
424 297
111 -16
424 -16
307 336
307 336
47.001 47.001
100.001 288.999
309.001 -24.000999999999976
309.001 -24.000999999999976
261.0 272.0
322.999 142.001
322.999 455.001
231.0 12.0
266.00199999999995 255.0
440.001 13.999000000000024
127.001 326.999
440.001 326.999
272.001 -13.999000000000024
272.001 -13.999000000000024
90.99799999999999 2.0
198.999 313.999
198.999 313.999
316.999 294.001
316.999 -18.999000000000024
316.999 294.001
316.999 -18.999000000000024
178.0 23.0
166.998 138.998
90.999 226.001
56.99600000000001 49.00399999999999
123.999 293.00299999999993
235.999 216.999
263.999 111.999
156.999 186.99699999999999
458.002 21.998000000000047
145.002 334.99800000000005
458.002 334.99800000000005
299.999 291.999
304.001 350.999
304.001 350.999
316.999 12.001
316.999 325.001
246.998 269.99800000000005
250.001 248.001
94.001 308.001
83.999 284.0049999999999
107.999 220.99699999999999
302.001 377.999
302.001 377.999
33.0 171.998
204.001 283.001
42.999 240.001
289.00199999999995 -93.00200000000001
289.00199999999995 -93.00200000000001
171.999 188.001
267.0 117.0
59.005999999999986 47.99600000000001
82.99799999999999 246.00400000000002
288.00199999999995 156.99399999999997
319.999 307.001
6.999 -5.999000000000024
319.999 -5.999000000000024
319.999 307.001
6.999 -5.999000000000024
319.999 -5.999000000000024
102.0 301.0
189.998 -6.998000000000047
189.998 -6.998000000000047
184.001 17.999
239.99599999999998 208.99599999999998
65.99799999999999 165.998
111.0 110.99599999999998
42.998000000000005 312.99800000000005
204.00500000000002 166.00700000000003
167.00300000000001 49.00499999999999
234.001 6.990999999999997
403.999 1.9990000000000236
90.999 314.999
403.999 314.999
177.998 109.0
241.99499999999998 249.001
310.999 278.99700000000007
318.99800000000005 61.0
318.99800000000005 374.0
188.002 92.99799999999999
180.00600000000003 125.00200000000001
319.99700000000007 300.001
6.997000000000071 -12.999000000000024
319.99700000000007 -12.999000000000024
319.99700000000007 300.001
6.997000000000071 -12.999000000000024
319.99700000000007 -12.999000000000024
46.00799999999998 15.998000000000001
187.99599999999998 164.0
52.001 268.0049999999999
253.99499999999998 90.00300000000001
271.00199999999995 110.99599999999998
58.99500000000001 171.99299999999997
203.998 141.998
203.00300000000001 5.003000000000001
292.001 57.00499999999999
305.999 44.00499999999999
80.001 278.99700000000007
195.99699999999999 170.00300000000001
97.99799999999999 84.00200000000001
210.00400000000002 311.99800000000005
306.00699999999983 427.001
306.00699999999983 427.001
208.001 203.99299999999997
266.00199999999995 244.99599999999998
95.999 223.001
210.001 -0.9950000000001182
210.001 -0.9950000000001182
72.999 240.00300000000001
178.00400000000002 115.00400000000002
308.0 97.0
99.00700000000003 273.9950000000001
110.0 241.00600000000003
41.0 38.998000000000005
8.003999999999998 54.99600000000001
113.99499999999998 11.999
84.98799999999994 10.007999999999996
51.00899999999998 247.00300000000001
224.99599999999998 65.00200000000001
43.001 0.005
107.99499999999998 25.005000000000006
121.00700000000003 61.99500000000001
211.002 299.00199999999995
206.00400000000002 68.00200000000001
97.99599999999998 132.998
39.999 234.99699999999999
274.001 267.999
157.01000000000005 218.998
62.0 78.99199999999996
148.0 122.00400000000002
130.002 124.00200000000001
4.007000000000002 12.006999999999996
307.00299999999993 27.001
25.997999999999998 176.0
63.998000000000005 90.00200000000001
96.99799999999999 216.998
153.0 194.00600000000003
232.0 63.994000000000014
182.002 207.00600000000003
234.99599999999998 78.00600000000003
106.0 292.99800000000005
87.001 237.99699999999999
278.001 15.993000000000004
94.001 18.00700000000001
254.00600000000003 59.99600000000001
213.00600000000003 272.0
306.00299999999993 356.997
306.00299999999993 356.997
257.9920000000002 114.99399999999997
196.99599999999998 295.0
205.00300000000001 162.99299999999997
293.00299999999993 -87.001
293.00299999999993 -87.001
230.00400000000002 231.002
124.99799999999999 288.9960000000001
30.00800000000001 289.00599999999986
313.99700000000007 96.001
313.99700000000007 409.001
290.999 99.00500000000002
202.98999999999995 217.01200000000006
83.00900000000004 54.99700000000001
142.998 241.0
34.006999999999984 179.00300000000001
32.99100000000002 245.999
307.00199999999995 23.0
194.00300000000001 17.999
312.9950000000001 165.00300000000001
296.001 147.999
294.0039999999999 36.99600000000001
39.97900000000005 229.98899999999995
244.00300000000001 225.001
172.00400000000002 42.001999999999995
198.998 1.0039999999999996
284.00299999999993 236.00300000000001
220.01100000000005 212.98899999999995
143.001 21.99099999999999
164.0 147.002
238.99199999999996 277.00199999999995
289.0039999999999 93.98999999999995
311.001 443.999
311.001 443.999
129.0210000000001 290.00699999999983
57.005999999999986 189.01000000000005
36.99600000000001 20.0
271.0 16.002000000000002
262.00299999999993 206.999
263.9960000000001 106.0
293.001 226.00300000000001
312.0049999999999 340.005
312.0049999999999 340.005
291.99400000000014 38.0
39.00399999999999 260.99400000000014
52.0 42.99600000000001
250.00700000000003 30.00700000000001
69.99799999999999 278.9920000000002
188.002 103.00400000000002
75.001 237.99299999999997
120.00400000000002 225.99599999999998
29.999 138.99299999999997
267.99800000000005 269.00199999999995
143.001 259.99700000000007
250.00400000000002 66.01000000000005
112.99599999999998 42.998000000000005
101.999 222.00300000000001
222.99599999999998 250.99599999999998
173.99199999999996 22.995999999999995
39.994000000000014 108.00200000000001
306.999 156.999
185.99399999999997 75.99599999999998
166.998 118.99799999999999
220.99699999999999 228.999
137.001 65.001
77.00200000000001 196.00800000000004
297.9960000000001 316.9960000000001
297.9960000000001 316.9960000000001
186.00300000000001 32.00299999999999
304.00299999999993 -123.999
304.00299999999993 -123.999
263.00299999999993 248.001
174.98899999999995 199.00300000000001
287.99400000000014 276.00199999999995
267.99800000000005 292.00199999999995
147.001 29.00900000000001
52.99500000000001 145.99699999999999
112.00300000000001 292.999
173.98999999999995 2.002
251.00400000000002 237.002
150.99399999999997 148.00400000000002
93.99699999999999 162.99499999999998
69.99399999999997 289.0079999999998
159.99699999999999 29.996999999999996
284.0 139.00400000000002
39.99600000000001 72.00400000000002
205.99399999999997 254.99399999999997
127.00300000000001 13.995000000000003
76.001 92.999
112.00300000000001 299.0049999999999
113.001 220.99299999999997
129.00400000000002 76.01000000000005
142.00500000000002 270.0089999999998
84.00300000000001 281.9950000000001
307.00199999999995 -156.002
307.00199999999995 -156.002
293.00599999999986 276.00199999999995
265.01499999999965 95.99099999999996
252.99299999999997 174.99299999999997
119.999 137.00500000000002
302.99800000000005 12.001999999999999
246.002 216.0
10.006999999999996 68.00500000000002
304.001 37.99500000000001
165.999 33.001
202.98999999999995 282.0039999999999
28.995999999999995 182.00400000000002
233.998 319.99400000000014
233.998 319.99400000000014
275.99700000000007 21.003000000000004
201.99399999999997 205.0
245.002 19.0
253.0 280.00199999999995
305.999 1.0049999999999994
289.00299999999993 219.99299999999997
211.999 215.00300000000001
180.99499999999998 154.999
214.002 253.998
345.998 311.0039999999999
32.998000000000005 -1.9960000000000946
345.998 -1.9960000000000946
345.998 311.0039999999999
32.998000000000005 -1.9960000000000946
345.998 -1.9960000000000946
122.99799999999999 110.99799999999999
46.998000000000005 211.00400000000002
67.00300000000001 232.98899999999995
310.9960000000001 130.998
116.0 174.998
311.0039999999999 -34.003999999999905
311.0039999999999 -34.003999999999905
55.99600000000001 222.0
113.00800000000004 83.99799999999999
88.99499999999998 109.99499999999998
44.001999999999995 310.9920000000002
81.99299999999997 140.001
305.0119999999997 -57.00800000000007
305.0119999999997 -57.00800000000007
63.005999999999986 130.99199999999996
301.99800000000005 65.00600000000003
70.999 49.99700000000001
118.00400000000002 13.0
106.0 86.00200000000001
114.00700000000003 158.99699999999999
203.01000000000005 92.99799999999999
278.9910000000002 31.00700000000001
108.999 125.001
267.999 158.001
127.0 239.99599999999998
258.9960000000001 249.002
147.999 116.98899999999995
128.00300000000001 110.99499999999998
105.999 75.001
94.999 78.99499999999998
263.00199999999995 189.998
214.99499999999998 30.003000000000004
258.999 127.00500000000002
221.001 77.00500000000002
97.999 253.00300000000001
114.99699999999999 67.999
93.99599999999998 165.00600000000003
305.0039999999999 256.00199999999995
225.001 22.999
101.99499999999998 185.999
172.002 141.998
72.0 168.002
193.0 55.99200000000002
175.00300000000001 313.98900000000026
175.00300000000001 313.98900000000026
217.00400000000002 58.994000000000014
157.98999999999995 57.998000000000005
40.0 53.001999999999995
286.9920000000002 159.00600000000003
293.0089999999998 124.99299999999997
172.00400000000002 179.002
239.002 292.00199999999995
243.99399999999997 203.98999999999995
162.99299999999997 88.999
200.99499999999998 70.001
288.00599999999986 202.00600000000003
251.00300000000001 16.999
31.988999999999987 36.001
23.99299999999999 194.01700000000008
71.99799999999999 302.00199999999995
224.00300000000001 256.0089999999998
102.99599999999998 112.0
305.99800000000005 313.99000000000024
305.99800000000005 313.99000000000024
119.00400000000002 179.00400000000002
144.98999999999995 210.99599999999998
189.0 188.0
89.99399999999997 297.99800000000005
281.9960000000001 197.998
170.0 264.01399999999967
134.0 36.001999999999995
204.002 136.99399999999997
224.0 290.99400000000014
73.999 59.999
204.00400000000002 145.01200000000006
99.001 154.99099999999996
292.0 17.004000000000005
267.0039999999999 315.99000000000024
267.0039999999999 315.99000000000024
158.00400000000002 236.002
412.0 307.0039999999999
99.0 -5.996000000000095
412.0 -5.996000000000095
412.0 307.0039999999999
99.0 -5.996000000000095
412.0 -5.996000000000095
231.99199999999996 157.98599999999993
28.989999999999988 155.998
180.001 128.999
295.99800000000005 165.00600000000003
12.0 4.0
295.99800000000005 188.0
274.0 131.0
238.99699999999999 36.001
279.9910000000002 60.99700000000001
165.99299999999997 318.9870000000003
165.99299999999997 318.9870000000003
76.00300000000001 189.99499999999998
98.99799999999999 207.99399999999997
188.99199999999996 261.99800000000005
93.99799999999999 299.99800000000005
219.002 114.00400000000002
134.00600000000003 177.99599999999998
164.00300000000001 170.99699999999999
-74 277
-74 -36
-74 277
-74 -36
-153 30
-153 -283
-153 30
-153 -283
-138 199
-138 -114
-138 199
-138 -114
-60 -33
-60 -33
-17 -165
-17 -165
-49 112
-49 -201
-49 112
-49 -201
-89 256
-89 -57
-89 256
-89 -57
-110 93
-110 -220
-110 93
-110 -220
-135 109
-135 -204
-135 109
-135 -204
-59 60
-59 -253
-59 60
-59 -253
-22 -214
-22 -214
-127 76
-127 -237
-127 76
-127 -237
-133 125
-133 -188
-133 125
-133 -188
-50 -65
-50 -65
-88 23
-88 -290
-88 23
-88 -290
-109 283
-109 -30
-109 283
-109 -30
-149 171
-149 -142
-149 171
-149 -142
-71 249
-71 -64
-71 249
-71 -64
-109 137
-109 -176
-109 137
-109 -176
-66 -43
-66 -43
-65 212
-65 -101
-65 212
-65 -101
-47 -58
-47 -58
-108 163
-108 -150
-108 163
-108 -150
-46 117
-46 -196
-46 117
-46 -196
-60 175
-60 -138
-60 175
-60 -138
-39 131
-39 -182
-39 131
-39 -182
-88 65
-88 -248
-88 65
-88 -248
-54 -64
-54 -64
-42 111
-42 -202
-42 111
-42 -202
-92 77
-92 -236
-92 77
-92 -236
-109 166
-109 -147
-109 166
-109 -147
-124 262
-124 -51
-124 262
-124 -51
-74 -21
-74 -21
-109 142
-109 -171
-109 142
-109 -171
-62 17
-62 -296
-62 17
-62 -296
-25 -37
-25 -37
-26 -154
-26 -154
-147 33
-147 -280
-147 33
-147 -280
-69 204
-69 -109
-69 204
-69 -109
-109 145
-109 -168
-109 145
-109 -168
-107 68
-107 -245
-107 68
-107 -245
-55 115
-55 -198
-55 115
-55 -198
-31 -115
-31 -115
-81 64
-81 -249
-81 64
-81 -249
-82 12
-82 -301
-82 12
-82 -301
-49 106
-49 -207
-49 106
-49 -207
-146 139
-146 -174
-146 139
-146 -174
-125 93
-125 -220
-125 93
-125 -220
-124 188
-124 -125
-124 188
-124 -125
-133 129
-133 -184
-133 129
-133 -184
-25 -111
-25 -111
-141 142
-141 -171
-141 142
-141 -171
-13 -21
-13 -21
-52 -41
-52 -41
-74 36
-74 -277
-74 36
-74 -277
-89 291
-89 -22
-89 291
-89 -22
-17 -148
-17 -148
-129 18
-129 -295
-129 18
-129 -295
-156 219
-156 -94
-156 219
-156 -94
-102 299
-102 -14
-102 299
-102 -14
-125 164
-125 -149
-125 164
-125 -149
-50 -123
-50 -123
-63 66
-63 -247
-63 66
-63 -247
-156 187
-156 -126
-156 187
-156 -126
-33 61
-33 -252
-33 61
-33 -252
-54 127
-54 -186
-54 127
-54 -186
-68 19
-68 -294
-68 19
-68 -294
-62 -76
-62 -76
-69 225
-69 -88
-69 225
-69 -88
-141 188
-141 -125
-141 188
-141 -125
-155 58
-155 -255
-155 58
-155 -255
-21 17
-21 17
-127 32
-127 -281
-127 32
-127 -281
-47 -68
-47 -68
-132 155
-132 -158
-132 155
-132 -158
-10 12
-10 12
-25 -156
-25 -156
-20 -188
-20 -188
-117 170
-117 -143
-117 170
-117 -143
-112 70
-112 -243
-112 70
-112 -243
-139 2
-139 -311
-139 2
-139 -311
-77 217
-77 -96
-77 217
-77 -96
-135 115
-135 -198
-135 115
-135 -198
-67 216
-67 -97
-67 216
-67 -97
-110 217
-110 -96
-110 217
-110 -96
-34 31
-34 -282
-34 31
-34 -282
-19 37
-19 37
-125 103
-125 -210
-125 103
-125 -210
-141 179
-141 -134
-141 179
-141 -134
-101 215
-101 -98
-101 215
-101 -98
-111 205
-111 -108
-111 205
-111 -108
-21 38
-21 38
-93 213
-93 -100
-93 213
-93 -100
-73 209
-73 -104
-73 209
-73 -104
-150 89
-150 -224
-150 89
-150 -224
-110 5
-110 -308
-110 5
-110 -308
-98 30
-98 -283
-98 30
-98 -283
-141 42
-141 -271
-141 42
-141 -271
-155 236
-155 -77
-155 236
-155 -77
-45 -44
-45 -44
-149 147
-149 -166
-149 147
-149 -166
-94 114
-94 -199
-94 114
-94 -199
-39 -45
-39 -45
-48 96
-48 -217
-48 96
-48 -217
-35 16
-35 -297
-35 16
-35 -297
-107 255
-107 -58
-107 255
-107 -58
-37 21
-37 -292
-37 21
-37 -292
-116 295
-116 -18
-116 295
-116 -18
-110 282
-110 -31
-110 282
-110 -31
-21 57
-21 57
-146 49
-146 -264
-146 49
-146 -264
-90 251
-90 -62
-90 251
-90 -62
-51 -106
-51 -106
-20 -37
-20 -37
-100 272
-100 -41
-100 272
-100 -41
-83 231
-83 -82
-83 231
-83 -82
-81 158
-81 -155
-81 158
-81 -155
-29 -77
-29 -77
-78 78
-78 -235
-78 78
-78 -235
-24 -219
-24 -219
-105 204
-105 -109
-105 204
-105 -109
-135 23
-135 -290
-135 23
-135 -290
-96 59
-96 -254
-96 59
-96 -254
-63 30
-63 -283
-63 30
-63 -283
-45 -21
-45 -21
-92 229
-92 -84
-92 229
-92 -84
-29 -174
-29 -174
-146 119
-146 -194
-146 119
-146 -194
-59 90
-59 -223
-59 90
-59 -223
-42 16
-42 -297
-42 16
-42 -297
-17 -125
-17 -125
-143 264
-143 -49
-143 264
-143 -49
-119 18
-119 -295
-119 18
-119 -295
-131 207
-131 -106
-131 207
-131 -106
-120 56
-120 -257
-120 56
-120 -257
-63 -65
-63 -65
-139 23
-139 -290
-139 23
-139 -290
-45 158
-45 -155
-45 158
-45 -155
-99 254
-99 -59
-99 254
-99 -59
-3.9990000000000236 -24.000999999999976
-3.9990000000000236 -24.000999999999976
-40.999000000000024 -13.999000000000024
-40.999000000000024 -13.999000000000024
-114.001 0.9990000000000236
-114.001 -312.001
-114.001 0.9990000000000236
-114.001 -312.001
-23.998000000000047 -93.00200000000001
-23.998000000000047 -93.00200000000001
-123.00200000000001 306.00199999999995
-123.00200000000001 -6.998000000000047
-123.00200000000001 306.00199999999995
-123.00200000000001 -6.998000000000047
-102.999 312.0049999999999
-102.999 -0.9950000000001182
-102.999 312.0049999999999
-102.999 -0.9950000000001182
-19.99700000000007 -87.001
-19.99700000000007 -87.001
-15.003999999999905 3.9960000000000946
-15.003999999999905 3.9960000000000946
-79.00200000000001 6.994000000000142
-79.00200000000001 -306.00599999999986
-79.00200000000001 6.994000000000142
-79.00200000000001 -306.00599999999986
-7.988000000000284 -57.00800000000007
-7.988000000000284 -57.00800000000007
-137.99699999999999 0.9890000000002601
-137.99699999999999 -312.01099999999974
-137.99699999999999 0.9890000000002601
-137.99699999999999 -312.01099999999974
-7.001999999999953 0.9900000000002365
-7.001999999999953 0.9900000000002365
-45.996000000000095 2.9900000000002365
-45.996000000000095 -310.00999999999976
-45.996000000000095 2.9900000000002365
-45.996000000000095 -310.00999999999976
-147.00700000000003 5.987000000000307
-147.00700000000003 -307.0129999999997
-147.00700000000003 5.987000000000307
-147.00700000000003 -307.0129999999997
8 368
-17 148
-17 148
10 381
12 317
7 407
32 349
-25 276
-25 276
-26 159
-26 159
-31 198
-31 198
-5 97
-5 97
-25 202
-25 202
1 336
-13 292
-13 292
29 469
-17 165
-17 165
40 421
-25 157
-25 157
-20 125
-20 125
5 449
-45 269
-45 269
-39 268
-39 268
30 452
-20 276
-20 276
-29 236
-29 236
-45 292
-45 292
-17 188
-17 188
-3.9990000000000236 288.999
-3.9990000000000236 288.999
9.999000000000024 455.001
-40.999000000000024 299.001
-40.999000000000024 299.001
3.9990000000000236 325.001
-10.999000000000024 64.999
-10.999000000000024 64.999
-23.998000000000047 219.998
-23.998000000000047 219.998
6.997999999999999 307.0
1.001 23.001
5.998000000000047 374.0
-6.9930000000001655 114.001
-6.9930000000001655 114.001
5.002000000000001 136.002
0.9999999999999999 96.0
-6.997000000000071 43.99700000000001
-6.997000000000071 43.99700000000001
-19.99700000000007 225.999
-19.99700000000007 225.999
0.9970000000000709 409.001
0.009000000000000001 165.00500000000002
-1.9990000000000236 130.999
-1.9990000000000236 130.999
-0.9950000000001182 27.005000000000006
-0.9950000000001182 27.005000000000006
15.001999999999999 300.0
-8.997000000000071 189.001
-8.997000000000071 189.001
-5.998000000000047 156.998
-5.998000000000047 156.998
21.997999999999998 277.9880000000003
-1.9960000000000946 278.9960000000001
-1.9960000000000946 278.9960000000001
-7.988000000000284 255.99199999999993
-7.988000000000284 255.99199999999993
7.014000000000005 94.0
21.999 278.999
4.001 293.99700000000007
-60 280
-60 280
-22 99
-22 99
-50 248
-50 248
-66 270
-66 270
-47 255
-47 255
-54 249
-54 249
-74 292
-74 292
-52 272
-52 272
-50 190
-50 190
-62 237
-62 237
-47 245
-47 245
-51 207
-51 207
-24 94
-24 94
-6 27
-6 27
-29 139
-29 139
-63 248
-63 248
-6 23
-6 23
-8.999000000000024 37.999
-8.999000000000024 37.999
-5 -216
-5 -216
-21 -296
-21 -296
-10 -301
-10 -301
-19 -276
-19 -276
-21 -275
-21 -275
-21 -256
-21 -256
-6 -286
-6 -286
0 -148
0 -148
-6 -290
-6 -290
-8.999000000000024 -275.001
-8.999000000000024 -275.001
-10.999000000000024 -248.001
-10.999000000000024 -248.001
-6.9930000000001655 -198.999
-6.9930000000001655 -198.999
-6.997000000000071 -269.003
-6.997000000000071 -269.003
-1.9990000000000236 -182.001
-1.9990000000000236 -182.001
-0.9950000000001182 -285.995
-0.9950000000001182 -285.995
-15.003999999999905 -309.0039999999999
-15.003999999999905 -309.0039999999999
-8.997000000000071 -123.999
-8.997000000000071 -123.999
-5.998000000000047 -156.002
-5.998000000000047 -156.002
-1.9960000000000946 -34.003999999999905
-1.9960000000000946 -34.003999999999905
-7.001999999999953 -312.00999999999976
-7.001999999999953 -312.00999999999976
34 -134
34 -134
33 -141
33 -141
29 -131
29 -131
24 -119
24 -119
26 -137
26 -137
3.9990000000000236 -18.999000000000024
3.9990000000000236 -18.999000000000024
1118650.6580000415