21 444 930394.9400000699
-32 50 930394.9400000699
-32 50 930394.9400000699
-34 130 930394.9400000699
-34 130 930394.9400000699
-44 87 930394.9400000699
-44 87 930394.9400000699
-58 263 930394.9400000699
-58 263 930394.9400000699
-98 230 930394.9400000699
-98 230 930394.9400000699
-130 205 930394.9400000699
-130 205 930394.9400000699
-55 181 930394.9400000699
-55 181 930394.9400000699
43 389 930394.9400000699
-49 127 930394.9400000699
-49 127 930394.9400000699
-112 245 930394.9400000699
-112 245 930394.9400000699
60 395 930394.9400000699
-61 176 930394.9400000699
-61 176 930394.9400000699
-114 289 930394.9400000699
-114 289 930394.9400000699
71 338 930394.9400000699
106 466 930394.9400000699
55 466 930394.9400000699
42 365 930394.9400000699
-15 264 930394.9400000699
-15 264 930394.9400000699
-78 292 930394.9400000699
-78 292 930394.9400000699
-112 133 930394.9400000699
-112 133 930394.9400000699
-40 26 930394.9400000699
-40 26 930394.9400000699
5 363 930394.9400000699
-81 227 930394.9400000699
-81 227 930394.9400000699
39 353 930394.9400000699
50 459 930394.9400000699
-103 40 930394.9400000699
-103 40 930394.9400000699
-114 110 930394.9400000699
-114 110 930394.9400000699
130 426 930394.9400000699
-149 78 930394.9400000699
-149 78 930394.9400000699
-37 76 930394.9400000699
-37 76 930394.9400000699
-81 271 930394.9400000699
-81 271 930394.9400000699
66 447 930394.9400000699
133 367 930394.9400000699
-65 164 930394.9400000699
-65 164 930394.9400000699
-89 81 930394.9400000699
-89 81 930394.9400000699
-79 24 930394.9400000699
-79 24 930394.9400000699
15 355 930394.9400000699
147 456 930394.9400000699
-95 287 930394.9400000699
-95 287 930394.9400000699
-46 102 930394.9400000699
-46 102 930394.9400000699
72 422 930394.9400000699
-137 282 930394.9400000699
-137 282 930394.9400000699
-146 144 930394.9400000699
167 457 930394.9400000699
-146 144 930394.9400000699
167 457 930394.9400000699
96 458 930394.9400000699
-14 94 930394.9400000699
-14 94 930394.9400000699
-72 274 930394.9400000699
-72 274 930394.9400000699
-143 278 930394.9400000699
-143 278 930394.9400000699
-151 180 930394.9400000699
-151 180 930394.9400000699
23 457 930394.9400000699
144 444 930394.9400000699
131 368 930394.9400000699
-84 275 930394.9400000699
-84 275 930394.9400000699
98 455 930394.9400000699
-100 306 930394.9400000699
-100 -7 930394.9400000699
-100 306 930394.9400000699
-100 -7 930394.9400000699
-155 147 930394.9400000699
158 460 930394.9400000699
-155 147 930394.9400000699
158 460 930394.9400000699
15 382 930394.9400000699
52 379 930394.9400000699
-106 156 930394.9400000699
-106 156 930394.9400000699
-31 198 930394.9400000699
-31 198 930394.9400000699
-110 115 930394.9400000699
-110 115 930394.9400000699
-65 264 930394.9400000699
-65 264 930394.9400000699
69 401 930394.9400000699
-144 2 930394.9400000699
-144 2 930394.9400000699
48 353 930394.9400000699
66 349 930394.9400000699
16 443 930394.9400000699
-150 27 930394.9400000699
-150 27 930394.9400000699
150 397 930394.9400000699
-115 139 930394.9400000699
-115 139 930394.9400000699
-155 120 930394.9400000699
158 433 930394.9400000699
-155 120 930394.9400000699
158 433 930394.9400000699
100 337 930394.9400000699
-104 33 930394.9400000699
-104 33 930394.9400000699
-25 293 930394.9400000699
-25 293 930394.9400000699
-128 44 930394.9400000699
-128 44 930394.9400000699
129 346 930394.9400000699
-151 14 930394.9400000699
-151 14 930394.9400000699
-142 204 930394.9400000699
-142 204 930394.9400000699
-77 164 930394.9400000699
-77 164 930394.9400000699
-121 148 930394.9400000699
-121 148 930394.9400000699
-155 62 930394.9400000699
-155 62 930394.9400000699
53 437 930394.9400000699
-25 193 930394.9400000699
-25 193 930394.9400000699
-124 77 930394.9400000699
-124 77 930394.9400000699
-87 54 930394.9400000699
-87 54 930394.9400000699
42 445 930394.9400000699
92 411 930394.9400000699
-33 31 930394.9400000699
-33 31 930394.9400000699
-116 104 930394.9400000699
-116 104 930394.9400000699
-76 150 930394.9400000699
-76 150 930394.9400000699
-126 29 930394.9400000699
-126 29 930394.9400000699
-130 34 930394.9400000699
-130 34 930394.9400000699
-56 158 930394.9400000699
-56 158 930394.9400000699
-148 280 930394.9400000699
-148 280 930394.9400000699
133 363 930394.9400000699
-154 284 930394.9400000699
-154 -29 930394.9400000699
-154 284 930394.9400000699
-154 -29 930394.9400000699
-76 126 930394.9400000699
-76 126 930394.9400000699
-60 40 930394.9400000699
-60 40 930394.9400000699
118 451 930394.9400000699
-61 236 930394.9400000699
-61 236 930394.9400000699
119 389 930394.9400000699
-128 96 930394.9400000699
-128 96 930394.9400000699
-45 174 930394.9400000699
-45 174 930394.9400000699
-92 55 930394.9400000699
-92 55 930394.9400000699
90 371 930394.9400000699
-68 242 930394.9400000699
-68 242 930394.9400000699
-31 169 930394.9400000699
-31 169 930394.9400000699
-48 228 930394.9400000699
-48 228 930394.9400000699
-29 109 930394.9400000699
-29 109 930394.9400000699
-71 289 930394.9400000699
-71 289 930394.9400000699
-47 133 930394.9400000699
-47 133 930394.9400000699
124 348 930394.9400000699
-123 120 930394.9400000699
-123 120 930394.9400000699
-73 44 930394.9400000699
-73 44 930394.9400000699
99 451 930394.9400000699
-132 134 930394.9400000699
-132 134 930394.9400000699
-28 73 930394.9400000699
-28 73 930394.9400000699
59 387 930394.9400000699
-75 295 930394.9400000699
-75 295 930394.9400000699
-143 113 930394.9400000699
-143 113 930394.9400000699
-66 22 930394.9400000699
-66 22 930394.9400000699
-20 254 930394.9400000699
-20 254 930394.9400000699
-92 111 930394.9400000699
-92 111 930394.9400000699
-137 106 930394.9400000699
-137 106 930394.9400000699
-150 228 930394.9400000699
-150 228 930394.9400000699
-51 152 930394.9400000699
-51 152 930394.9400000699
-138 206 930394.9400000699
-138 206 930394.9400000699
-143 267 930394.9400000699
-143 267 930394.9400000699
-136 164 930394.9400000699
-136 164 930394.9400000699
31 334 930394.9400000699
-56 86 930394.9400000699
-56 86 930394.9400000699
-34 58 930394.9400000699
-34 58 930394.9400000699
-93 93 930394.9400000699
-93 93 930394.9400000699
-73 26 930394.9400000699
-73 26 930394.9400000699
131 381 930394.9400000699
-85 270 930394.9400000699
-85 270 930394.9400000699
-108 75 930394.9400000699
-108 75 930394.9400000699
-60 255 930394.9400000699
-60 255 930394.9400000699
-103 130 930394.9400000699
-103 130 930394.9400000699
62 350 930394.9400000699
-72 208 930394.9400000699
-72 208 930394.9400000699
-135 145 930394.9400000699
-135 145 930394.9400000699
146 455 930394.9400000699
36 349 930394.9400000699
-60 82 930394.9400000699
-60 82 930394.9400000699
-115 31 930394.9400000699
-115 31 930394.9400000699
24 419 930394.9400000699
-138 88 930394.9400000699
-138 88 930394.9400000699
-138 263 930394.9400000699
-138 263 930394.9400000699
22 376 930394.9400000699
-132 11 930394.9400000699
-132 11 930394.9400000699
-70 276 930394.9400000699
-70 276 930394.9400000699
42 466 930394.9400000699
109 462 930394.9400000699
-107 120 930394.9400000699
-107 120 930394.9400000699
-71 181 930394.9400000699
-71 181 930394.9400000699
15 340 930394.9400000699
-17 44 930394.9400000699
-17 44 930394.9400000699
-116 103 930394.9400000699
-116 103 930394.9400000699
-107 192 930394.9400000699
-107 192 930394.9400000699
46 331 930394.9400000699
-14 51 930394.9400000699
-14 51 930394.9400000699
-155 53 930394.9400000699
-155 53 930394.9400000699
-25 19 930394.9400000699
-25 19 930394.9400000699
-132 189 930394.9400000699
-132 189 930394.9400000699
-126 75 930394.9400000699
-126 75 930394.9400000699
-96 123 930394.9400000699
-96 123 930394.9400000699
105 378 930394.9400000699
-79 61 930394.9400000699
-79 61 930394.9400000699
34 424 930394.9400000699
-148 303 930394.9400000699
-148 -10 930394.9400000699
-148 303 930394.9400000699
-148 -10 930394.9400000699
-28 181 930394.9400000699
-28 181 930394.9400000699
-145 0 930394.9400000699
-145 0 930394.9400000699
49 429 930394.9400000699
-104 279 930394.9400000699
-104 279 930394.9400000699
-151 178 930394.9400000699
-151 178 930394.9400000699
0 364 930394.9400000699
-117 258 930394.9400000699
-117 258 930394.9400000699
91 413 930394.9400000699
72 360 930394.9400000699
-88 252 930394.9400000699
-88 252 930394.9400000699
95 451 930394.9400000699
98 395 930394.9400000699
70 447 930394.9400000699
-114 137 930394.9400000699
-114 137 930394.9400000699
-92 233 930394.9400000699
-92 233 930394.9400000699
126 460 930394.9400000699
-39 221 930394.9400000699
-39 221 930394.9400000699
114 401 930394.9400000699
-64 115 930394.9400000699
-64 115 930394.9400000699
-55 111 930394.9400000699
-55 111 930394.9400000699
7 344 930394.9400000699
79 412 930394.9400000699
122 365 930394.9400000699
-8.970000000000027 10.930000000000037 930394.9400000699
-8.970000000000027 10.930000000000037 930394.9400000699
-8.930000000000064 10.890000000000082 930394.9400000699
-8.930000000000064 10.890000000000082 930394.9400000699
-8.8900000000001 10.85000000000011 930394.9400000699
-8.8900000000001 10.85000000000011 930394.9400000699
-8.870000000000118 10.830000000000146 930394.9400000699
-8.870000000000118 10.830000000000146 930394.9400000699
-8.830000000000155 10.790000000000164 930394.9400000699
-8.830000000000155 10.790000000000164 930394.9400000699
-8.77000000000021 10.730000000000201 930394.9400000699
-8.77000000000021 10.730000000000201 930394.9400000699
-8.760000000000218 10.700000000000198 930394.9400000699
-8.760000000000218 10.700000000000198 930394.9400000699
-8.720000000000255 10.660000000000226 930394.9400000699
-8.720000000000255 10.660000000000226 930394.9400000699
-8.700000000000273 10.640000000000262 930394.9400000699
-8.700000000000273 10.640000000000262 930394.9400000699
-8.640000000000327 10.58000000000029 930394.9400000699
-8.640000000000327 10.58000000000029 930394.9400000699
-8.570000000000391 10.510000000000279 930394.9400000699
-8.570000000000391 10.510000000000279 930394.9400000699
-8.55000000000041 10.490000000000284 930394.9400000699
-8.55000000000041 10.490000000000284 930394.9400000699
-8.470000000000482 10.410000000000313 930394.9400000699
-8.470000000000482 10.410000000000313 930394.9400000699
-8.430000000000518 10.370000000000328 930394.9400000699
-8.430000000000518 10.370000000000328 930394.9400000699
-8.410000000000537 10.350000000000355 930394.9400000699
-8.410000000000537 10.350000000000355 930394.9400000699
-8.290000000000646 10.230000000000375 930394.9400000699
-8.290000000000646 10.230000000000375 930394.9400000699
-8.260000000000673 10.200000000000369 930394.9400000699
-8.260000000000673 10.200000000000369 930394.9400000699
-8.22000000000071 10.160000000000396 930394.9400000699
-8.22000000000071 10.160000000000396 930394.9400000699
-8.170000000000755 10.11000000000046 930394.9400000699
-8.170000000000755 10.11000000000046 930394.9400000699
-8.1200000000008 10.060000000000505 930394.9400000699
-8.1200000000008 10.060000000000505 930394.9400000699
-8.090000000000828 10.030000000000523 930394.9400000699
-8.090000000000828 10.030000000000523 930394.9400000699
-8.050000000000864 9.99000000000055 930394.9400000699
-8.050000000000864 9.99000000000055 930394.9400000699
-8.030000000000882 9.970000000000587 930394.9400000699
-8.030000000000882 9.970000000000587 930394.9400000699
-7.940000000000964 9.920000000000597 930394.9400000699
-7.940000000000964 9.920000000000597 930394.9400000699
-7.840000000001055 9.820000000000595 930394.9400000699
-7.840000000001055 9.820000000000595 930394.9400000699
-7.800000000001091 9.780000000000628 930394.9400000699
-7.800000000001091 9.780000000000628 930394.9400000699
-20.950000000000045 217.97000000000003 930394.9400000699
-20.950000000000045 217.97000000000003 930394.9400000699
-7.760000000001128 9.720000000000692 930394.9400000699
-7.760000000001128 9.720000000000692 930394.9400000699
-7.720000000001164 9.680000000000728 930394.9400000699
-7.720000000001164 9.680000000000728 930394.9400000699
-7.690000000001191 9.650000000000755 930394.9400000699
-7.690000000001191 9.650000000000755 930394.9400000699
-7.660000000001219 9.6000000000008 930394.9400000699
-7.660000000001219 9.6000000000008 930394.9400000699
-7.640000000001237 9.580000000000828 930394.9400000699
-7.640000000001237 9.580000000000828 930394.9400000699
-7.600000000001273 9.540000000000855 930394.9400000699
-7.600000000001273 9.540000000000855 930394.9400000699
-7.5800000000012915 9.520000000000882 930394.9400000699
-7.5800000000012915 9.520000000000882 930394.9400000699
-7.540000000001328 9.480000000000901 930394.9400000699
-7.540000000001328 9.480000000000901 930394.9400000699
-7.520000000001346 9.460000000000937 930394.9400000699
-7.520000000001346 9.460000000000937 930394.9400000699
-7.500000000001364 9.440000000000955 930394.9400000699
-7.500000000001364 9.440000000000955 930394.9400000699
-7.430000000001428 9.370000000001001 930394.9400000699
-7.430000000001428 9.370000000001001 930394.9400000699
-7.390000000001464 9.330000000001037 930394.9400000699
-7.390000000001464 9.330000000001037 930394.9400000699
-7.320000000001528 9.260000000001074 930394.9400000699
-7.320000000001528 9.260000000001074 930394.9400000699
-7.290000000001555 9.23000000000108 930394.9400000699
-7.290000000001555 9.23000000000108 930394.9400000699
-7.270000000001573 9.210000000001108 930394.9400000699
-7.270000000001573 9.210000000001108 930394.9400000699
-7.250000000001592 9.190000000001126 930394.9400000699
-7.250000000001592 9.190000000001126 930394.9400000699
-7.190000000001646 9.130000000001154 930394.9400000699
-7.190000000001646 9.130000000001154 930394.9400000699
-7.1600000000016735 9.100000000001142 930394.9400000699
-7.1600000000016735 9.100000000001142 930394.9400000699
-7.140000000001692 9.080000000001169 930394.9400000699
-7.140000000001692 9.080000000001169 930394.9400000699
-7.100000000001728 9.040000000001196 930394.9400000699
-7.100000000001728 9.040000000001196 930394.9400000699
-7.030000000001792 8.970000000001212 930394.9400000699
-7.030000000001792 8.970000000001212 930394.9400000699
-7.01000000000181 8.95000000000123 930394.9400000699
-7.01000000000181 8.95000000000123 930394.9400000699
21.970000000000027 468.97 930394.9400000699
-6.960000000001855 8.900000000001267 930394.9400000699
-6.960000000001855 8.900000000001267 930394.9400000699
-6.940000000001874 8.880000000001294 930394.9400000699
-6.940000000001874 8.880000000001294 930394.9400000699
-6.910000000001901 8.850000000001312 930394.9400000699
-6.910000000001901 8.850000000001312 930394.9400000699
-6.860000000001946 8.800000000001349 930394.9400000699
-6.860000000001946 8.800000000001349 930394.9400000699
-6.79000000000201 8.730000000001386 930394.9400000699
-6.79000000000201 8.730000000001386 930394.9400000699
-6.750000000002046 8.690000000001392 930394.9400000699
-6.750000000002046 8.690000000001392 930394.9400000699
-6.6300000000021555 8.570000000001457 930394.9400000699
-6.6300000000021555 8.570000000001457 930394.9400000699
-6.57000000000221 8.51000000000149 930394.9400000699
-6.57000000000221 8.51000000000149 930394.9400000699
-6.550000000002228 8.490000000001478 930394.9400000699
-6.550000000002228 8.490000000001478 930394.9400000699
-6.5200000000022555 8.440000000001506 930394.9400000699
-6.5200000000022555 8.440000000001506 930394.9400000699
-6.410000000002356 8.330000000001544 930394.9400000699
-6.410000000002356 8.330000000001544 930394.9400000699
-6.3200000000024374 8.240000000001539 930394.9400000699
-6.3200000000024374 8.240000000001539 930394.9400000699
-6.290000000002465 8.210000000001553 930394.9400000699
-6.290000000002465 8.210000000001553 930394.9400000699
-6.260000000002492 8.18000000000158 930394.9400000699
-6.260000000002492 8.18000000000158 930394.9400000699
-6.230000000002519 8.150000000001608 930394.9400000699
-6.230000000002519 8.150000000001608 930394.9400000699
-6.170000000002574 8.090000000001636 930394.9400000699
-6.170000000002574 8.090000000001636 930394.9400000699
-6.120000000002619 8.040000000001633 930394.9400000699
-6.120000000002619 8.040000000001633 930394.9400000699
-114.04999999999995 1.9500000000000455 930394.9400000699
-114.04999999999995 1.9500000000000455 930394.9400000699
-5.970000000002756 7.950000000001619 930394.9400000699
-5.970000000002756 7.950000000001619 930394.9400000699
-7.6300000000003365 138.3299999999997 930394.9400000699
-7.6300000000003365 138.3299999999997 930394.9400000699
-5.8900000000028285 7.870000000001648 930394.9400000699
-5.8900000000028285 7.870000000001648 930394.9400000699
-5.850000000002865 7.830000000001663 930394.9400000699
-5.850000000002865 7.830000000001663 930394.9400000699
-9.760000000000218 106.97999999999999 930394.9400000699
-9.760000000000218 106.97999999999999 930394.9400000699
-5.820000000002892 7.800000000001699 930394.9400000699
-5.820000000002892 7.800000000001699 930394.9400000699
-5.69000000000301 7.670000000001737 930394.9400000699
-5.69000000000301 7.670000000001737 930394.9400000699
-7.820000000001073 9.460000000000946 930394.9400000699
-7.820000000001073 9.460000000000946 930394.9400000699
-7.740000000001146 10.000000000000604 930394.9400000699
-7.740000000001146 10.000000000000604 930394.9400000699
-5.610000000003083 7.590000000001732 930394.9400000699
-5.610000000003083 7.590000000001732 930394.9400000699
-5.5800000000031105 7.560000000001747 930394.9400000699
-5.5800000000031105 7.560000000001747 930394.9400000699
-6.6300000000021555 8.370000000001596 930394.9400000699
-6.6300000000021555 8.370000000001596 930394.9400000699
-5.560000000003129 7.540000000001774 930394.9400000699
-5.560000000003129 7.540000000001774 930394.9400000699
43.680000000000064 323.38000000000056 930394.9400000699
-5.540000000003147 7.520000000001792 930394.9400000699
-5.540000000003147 7.520000000001792 930394.9400000699
-4.5300000000004275 283.3099999999997 930394.9400000699
-4.5300000000004275 283.3099999999997 930394.9400000699
-99.80000000000018 1.0200000000008913 930394.9400000699
-99.80000000000018 1.0200000000008913 930394.9400000699
-5.510000000003174 7.490000000001819 930394.9400000699
-5.510000000003174 7.490000000001819 930394.9400000699
-9.459999999999582 9.620000000001198 930394.9400000699
-9.459999999999582 9.620000000001198 930394.9400000699
-5.490000000003192 7.470000000001837 930394.9400000699
-5.490000000003192 7.470000000001837 930394.9400000699
4.499999999999989 247.59999999999854 930394.9400000699
-112.91000000000008 311.6699999999994 930394.9400000699
-112.91000000000008 -1.3300000000006094 930394.9400000699
-112.91000000000008 311.6699999999994 930394.9400000699
-112.91000000000008 -1.3300000000006094 930394.9400000699
-92.00999999999999 6.570000000000391 930394.9400000699
-92.00999999999999 6.570000000000391 930394.9400000699
5.259999999999952 116.04000000000002 930394.9400000699
0.6500000000000095 50.930000000000014 930394.9400000699
-6.860000000001946 9.000000000001224 930394.9400000699
-6.860000000001946 9.000000000001224 930394.9400000699
35.0000000000006 176.4800000000023 930394.9400000699
-6.0000000000027285 7.900000000001683 930394.9400000699
-6.0000000000027285 7.900000000001683 930394.9400000699
83.56999999999876 251.1099999999999 930394.9400000699
86.63999999999879 243.2400000000025 930394.9400000699
57.46999999999951 193.22999999999706 930394.9400000699
50.04999999999999 170.02999999999997 930394.9400000699
43.229999999999954 192.8499999999974 930394.9400000699
45.429999999999914 323.1300000000008 930394.9400000699
5.750000000000005 241.53000000000225 930394.9400000699
-0.8200000000019827 303.71999999999844 930394.9400000699
-0.8200000000019827 303.71999999999844 930394.9400000699
39.61999999999968 274.7600000000011 930394.9400000699
4.290000000001555 376.28999999999996 930394.9400000699
29.030000000000005 188.31000000000063 930394.9400000699
-5.8900000000028285 7.990000000001622 930394.9400000699
-5.8900000000028285 7.990000000001622 930394.9400000699
56.0099999999994 167.93000000000097 930394.9400000699
6.449999999999969 49.99 930394.9400000699
5.039999999999978 279.94000000000096 930394.9400000699
23.01 143.97000000000003 930394.9400000699
-56.40999999999963 11.810000000001082 930394.9400000699
-56.40999999999963 11.810000000001082 930394.9400000699
31.470000000000386 303.0499999999972 930394.9400000699
16.979999999999997 300.9999999999982 930394.9400000699
44.05999999999919 220.96000000000004 930394.9400000699
3.749999999999055 259.24999999999795 930394.9400000699
23.00999999999969 212.4099999999978 930394.9400000699
22.999999999999844 102.39999999999816 930394.9400000699
17.09000000000015 73.8900000000025 930394.9400000699
-7.170000000001664 12.049999999999995 930394.9400000699
-7.170000000001664 12.049999999999995 930394.9400000699
93.47000000000024 249.01 930394.9400000699
73.39000000000173 266.8299999999947 930394.9400000699
65.46000000000035 180.0 930394.9400000699
32.89000000000022 230.46999999999593 930394.9400000699
98.09000000000158 257.30999999999517 930394.9400000699
67.04999999999951 309.2500000000043 930394.9400000699
9.360000000000099 206.13999999999805 930394.9400000699
39.63000000000027 159.46999999999866 930394.9400000699
5.800000000000026 30.859999999999978 930394.9400000699
53.90000000000042 240.96000000000004 930394.9400000699
50.38999999999913 291.01 930394.9400000699
26.120000000000175 273.9600000000037 930394.9400000699
57.72999999999946 154.00999999999908 930394.9400000699
45.9800000000004 171.05999999999995 930394.9400000699
59.029999999999795 208.17000000000257 930394.9400000699
-10.150000000002592 168.73000000000025 930394.9400000699
-10.150000000002592 168.73000000000025 930394.9400000699
3.0500000000035925 385.2500000000006 930394.9400000699
33.04999999999979 214.08999999999992 930394.9400000699
19.919999999999987 197.98000000000093 930394.9400000699
50.5099999999999 144.29000000000156 930394.9400000699
53.55000000000009 184.83000000000106 930394.9400000699
4.039999999999978 135.13999999999714 930394.9400000699
6.000000000000021 73.26000000000116 930394.9400000699
0.19000000000255568 411.50999999999976 930394.9400000699
6.039999999999935 96.31999999999863 930394.9400000699
11.149999999999997 226.65000000000214 930394.9400000699
-0.5400000000040563 189.19999999999982 930394.9400000699
-0.5400000000040563 189.19999999999982 930394.9400000699
29.760000000000275 202.8800000000001 930394.9400000699
16.869999999999667 278.95000000000095 930394.9400000699
104.01000000000052 294.29000000000246 930394.9400000699
64.01 220.04999999999995 930394.9400000699
74.45000000000228 296.0700000000054 930394.9400000699
28.800000000000125 289.7800000000002 930394.9400000699
59.110000000000774 263.6099999999967 930394.9400000699
34.9999999999998 109.87999999999943 930394.9400000699
39.970000000000404 151.43000000000143 930394.9400000699
0.2200000000025284 443.94000000000096 930394.9400000699
6.319999999999993 62.40000000000012 930394.9400000699
87.88999999999943 262.5899999999931 930394.9400000699
44.02000000000079 257.4600000000032 930394.9400000699
40.820000000000235 132.0999999999999 930394.9400000699
23.49000000000039 128.87000000000194 930394.9400000699
78.36000000000121 227.3400000000006 930394.9400000699
12.270000000000016 183.67000000000394 930394.9400000699
14.920000000000023 128.88000000000102 930394.9400000699
65.3700000000007 258.95000000000095 930394.9400000699
6.989999999999979 296.7500000000002 930394.9400000699
70.52999999999925 233.66999999999757 930394.9400000699
95.8299999999994 319.730000000003 930394.9400000699
18.930000000000373 246.64999999999668 930394.9400000699
17.869999999999354 159.58999999999673 930394.9400000699
334 131 930394.9400000699
334 444 930394.9400000699
347 226 930394.9400000699
347 226 930394.9400000699
281 363 930394.9400000699
281 363 930394.9400000699
454 240 930394.9400000699
454 240 930394.9400000699
279 443 930394.9400000699
279 443 930394.9400000699
269 400 930394.9400000699
269 400 930394.9400000699
420 159 930394.9400000699
420 159 930394.9400000699
356 389 930394.9400000699
264 440 930394.9400000699
264 440 930394.9400000699
402 218 930394.9400000699
402 218 930394.9400000699
447 276 930394.9400000699
447 276 930394.9400000699
448 279 930394.9400000699
448 279 930394.9400000699
373 395 930394.9400000699
464 254 930394.9400000699
464 254 930394.9400000699
377 220 930394.9400000699
377 220 930394.9400000699
384 338 930394.9400000699
419 153 930394.9400000699
419 466 930394.9400000699
368 153 930394.9400000699
368 466 930394.9400000699
355 365 930394.9400000699
442 183 930394.9400000699
442 183 930394.9400000699
402 255 930394.9400000699
402 255 930394.9400000699
423 212 930394.9400000699
423 212 930394.9400000699
325 243 930394.9400000699
325 243 930394.9400000699
201 446 930394.9400000699
201 446 930394.9400000699
273 339 930394.9400000699
273 339 930394.9400000699
318 363 930394.9400000699
352 353 930394.9400000699
363 146 930394.9400000699
363 459 930394.9400000699
210 353 930394.9400000699
210 353 930394.9400000699
351 276 930394.9400000699
351 276 930394.9400000699
199 423 930394.9400000699
199 423 930394.9400000699
377 260 930394.9400000699
377 260 930394.9400000699
443 426 930394.9400000699
164 391 930394.9400000699
164 391 930394.9400000699
276 389 930394.9400000699
276 389 930394.9400000699
449 283 930394.9400000699
449 283 930394.9400000699
326 188 930394.9400000699
326 188 930394.9400000699
356 190 930394.9400000699
356 190 930394.9400000699
379 134 930394.9400000699
379 447 930394.9400000699
446 367 930394.9400000699
224 394 930394.9400000699
224 394 930394.9400000699
436 175 930394.9400000699
436 175 930394.9400000699
146 322 930394.9400000699
459 322 930394.9400000699
234 337 930394.9400000699
234 337 930394.9400000699
328 355 930394.9400000699
460 143 930394.9400000699
460 456 930394.9400000699
267 415 930394.9400000699
267 415 930394.9400000699
385 422 930394.9400000699
345 214 930394.9400000699
345 214 930394.9400000699
409 145 930394.9400000699
409 458 930394.9400000699
438 228 930394.9400000699
438 228 930394.9400000699
299 407 930394.9400000699
299 407 930394.9400000699
361 261 930394.9400000699
361 261 930394.9400000699
336 144 930394.9400000699
336 457 930394.9400000699
457 444 930394.9400000699
455 254 930394.9400000699
455 254 930394.9400000699
444 368 930394.9400000699
156 337 930394.9400000699
469 337 930394.9400000699
430 182 930394.9400000699
430 182 930394.9400000699
366 169 930394.9400000699
366 169 930394.9400000699
408 243 930394.9400000699
408 243 930394.9400000699
411 142 930394.9400000699
411 455 930394.9400000699
328 382 930394.9400000699
365 379 930394.9400000699
207 469 930394.9400000699
207 469 930394.9400000699
138 340 930394.9400000699
451 340 930394.9400000699
354 158 930394.9400000699
354 158 930394.9400000699
203 428 930394.9400000699
203 428 930394.9400000699
338 210 930394.9400000699
338 210 930394.9400000699
382 401 930394.9400000699
169 315 930394.9400000699
169 315 930394.9400000699
361 353 930394.9400000699
379 349 930394.9400000699
329 130 930394.9400000699
329 443 930394.9400000699
163 340 930394.9400000699
163 340 930394.9400000699
463 397 930394.9400000699
198 452 930394.9400000699
198 452 930394.9400000699
413 337 930394.9400000699
209 346 930394.9400000699
209 346 930394.9400000699
185 357 930394.9400000699
185 357 930394.9400000699
442 346 930394.9400000699
399 251 930394.9400000699
399 251 930394.9400000699
162 327 930394.9400000699
162 327 930394.9400000699
192 461 930394.9400000699
192 461 930394.9400000699
158 375 930394.9400000699
158 375 930394.9400000699
366 124 930394.9400000699
366 437 930394.9400000699
338 278 930394.9400000699
338 278 930394.9400000699
189 390 930394.9400000699
189 390 930394.9400000699
226 367 930394.9400000699
226 367 930394.9400000699
355 132 930394.9400000699
355 445 930394.9400000699
405 411 930394.9400000699
418 181 930394.9400000699
418 181 930394.9400000699
280 344 930394.9400000699
280 344 930394.9400000699
197 417 930394.9400000699
197 417 930394.9400000699
333 199 930394.9400000699
333 199 930394.9400000699
237 463 930394.9400000699
237 463 930394.9400000699
400 197 930394.9400000699
400 197 930394.9400000699
187 342 930394.9400000699
187 342 930394.9400000699
183 347 930394.9400000699
183 347 930394.9400000699
351 179 930394.9400000699
351 179 930394.9400000699
446 363 930394.9400000699
237 439 930394.9400000699
237 439 930394.9400000699
253 353 930394.9400000699
253 353 930394.9400000699
431 138 930394.9400000699
431 451 930394.9400000699
361 171 930394.9400000699
361 171 930394.9400000699
432 258 930394.9400000699
432 258 930394.9400000699
402 246 930394.9400000699
402 246 930394.9400000699
319 244 930394.9400000699
319 244 930394.9400000699
432 389 930394.9400000699
332 280 930394.9400000699
332 280 930394.9400000699
185 409 930394.9400000699
185 409 930394.9400000699
426 175 930394.9400000699
426 175 930394.9400000699
221 368 930394.9400000699
221 368 930394.9400000699
403 371 930394.9400000699
284 422 930394.9400000699
284 422 930394.9400000699
266 446 930394.9400000699
266 446 930394.9400000699
437 348 930394.9400000699
190 433 930394.9400000699
190 433 930394.9400000699
240 357 930394.9400000699
240 357 930394.9400000699
341 290 930394.9400000699
341 290 930394.9400000699
412 138 930394.9400000699
412 451 930394.9400000699
181 447 930394.9400000699
181 447 930394.9400000699
285 386 930394.9400000699
285 386 930394.9400000699
372 387 930394.9400000699
170 426 930394.9400000699
170 426 930394.9400000699
247 335 930394.9400000699
247 335 930394.9400000699
467 163 930394.9400000699
467 163 930394.9400000699
221 424 930394.9400000699
221 424 930394.9400000699
176 419 930394.9400000699
176 419 930394.9400000699
262 465 930394.9400000699
262 465 930394.9400000699
344 334 930394.9400000699
453 218 930394.9400000699
453 218 930394.9400000699
257 399 930394.9400000699
257 399 930394.9400000699
399 178 930394.9400000699
399 178 930394.9400000699
279 371 930394.9400000699
279 371 930394.9400000699
341 203 930394.9400000699
341 203 930394.9400000699
369 241 930394.9400000699
369 241 930394.9400000699
220 406 930394.9400000699
220 406 930394.9400000699
240 339 930394.9400000699
240 339 930394.9400000699
444 381 930394.9400000699
205 388 930394.9400000699
205 388 930394.9400000699
375 180 930394.9400000699
375 180 930394.9400000699
418 174 930394.9400000699
418 174 930394.9400000699
210 443 930394.9400000699
210 443 930394.9400000699
375 350 930394.9400000699
178 458 930394.9400000699
178 458 930394.9400000699
453 160 930394.9400000699
453 160 930394.9400000699
459 142 930394.9400000699
459 455 930394.9400000699
449 172 930394.9400000699
449 172 930394.9400000699
152 363 930394.9400000699
465 363 930394.9400000699
349 349 930394.9400000699
253 395 930394.9400000699
253 395 930394.9400000699
371 211 930394.9400000699
371 211 930394.9400000699
198 344 930394.9400000699
198 344 930394.9400000699
342 189 930394.9400000699
342 189 930394.9400000699
385 231 930394.9400000699
385 231 930394.9400000699
337 106 930394.9400000699
337 419 930394.9400000699
175 401 930394.9400000699
175 401 930394.9400000699
383 261 930394.9400000699
383 261 930394.9400000699
390 165 930394.9400000699
390 165 930394.9400000699
335 376 930394.9400000699
181 324 930394.9400000699
181 324 930394.9400000699
355 153 930394.9400000699
355 466 930394.9400000699
467 313 930394.9400000699
422 149 930394.9400000699
422 462 930394.9400000699
457 290 930394.9400000699
457 290 930394.9400000699
206 433 930394.9400000699
206 433 930394.9400000699
328 340 930394.9400000699
363 170 930394.9400000699
363 170 930394.9400000699
296 357 930394.9400000699
296 357 930394.9400000699
197 416 930394.9400000699
197 416 930394.9400000699
359 331 930394.9400000699
299 364 930394.9400000699
299 364 930394.9400000699
158 366 930394.9400000699
158 366 930394.9400000699
288 332 930394.9400000699
288 332 930394.9400000699
187 388 930394.9400000699
187 388 930394.9400000699
424 180 930394.9400000699
424 180 930394.9400000699
427 215 930394.9400000699
427 215 930394.9400000699
217 436 930394.9400000699
217 436 930394.9400000699
389 228 930394.9400000699
389 228 930394.9400000699
418 378 930394.9400000699
234 374 930394.9400000699
234 374 930394.9400000699
347 111 930394.9400000699
347 424 930394.9400000699
353 221 930394.9400000699
353 221 930394.9400000699
362 116 930394.9400000699
362 429 930394.9400000699
410 176 930394.9400000699
410 176 930394.9400000699
463 280 930394.9400000699
463 280 930394.9400000699
313 364 930394.9400000699
421 206 930394.9400000699
421 206 930394.9400000699
404 413 930394.9400000699
376 260 930394.9400000699
376 260 930394.9400000699
385 360 930394.9400000699
422 252 930394.9400000699
422 252 930394.9400000699
408 252 930394.9400000699
408 252 930394.9400000699
408 138 930394.9400000699
408 451 930394.9400000699
466 292 930394.9400000699
466 292 930394.9400000699
411 395 930394.9400000699
406 249 930394.9400000699
406 249 930394.9400000699
443 168 930394.9400000699
443 168 930394.9400000699
383 134 930394.9400000699
383 447 930394.9400000699
199 450 930394.9400000699
199 450 930394.9400000699
439 147 930394.9400000699
439 460 930394.9400000699
359 291 930394.9400000699
359 291 930394.9400000699
368 190 930394.9400000699
368 190 930394.9400000699
464 157 930394.9400000699
464 157 930394.9400000699
427 401 930394.9400000699
249 428 930394.9400000699
249 428 930394.9400000699
258 424 930394.9400000699
258 424 930394.9400000699
320 344 930394.9400000699
392 412 930394.9400000699
435 365 930394.9400000699
367 186 930394.9400000699
367 186 930394.9400000699
334.97 155.97000000000003 930394.9400000699
334.97 468.97 930394.9400000699
318.21000000000066 297.2299999999998 930394.9400000699
318.21000000000066 297.2299999999998 930394.9400000699
198.95000000000005 314.95000000000005 930394.9400000699
198.95000000000005 314.95000000000005 930394.9400000699
305.36999999999966 451.3299999999997 930394.9400000699
305.36999999999966 451.3299999999997 930394.9400000699
303.2399999999998 419.98 930394.9400000699
303.2399999999998 419.98 930394.9400000699
305.1799999999989 322.46000000000095 930394.9400000699
305.1799999999989 322.46000000000095 930394.9400000699
319.03000000000014 297.28999999999974 930394.9400000699
319.03000000000014 297.28999999999974 930394.9400000699
305.25999999999885 323.0000000000006 930394.9400000699
305.25999999999885 323.0000000000006 930394.9400000699
306.36999999999784 321.3700000000016 930394.9400000699
306.36999999999784 321.3700000000016 930394.9400000699
416.01 297.04999999999995 930394.9400000699
416.01 297.04999999999995 930394.9400000699
356.68000000000006 323.38000000000056 930394.9400000699
213.19999999999982 314.0200000000009 930394.9400000699
213.19999999999982 314.0200000000009 930394.9400000699
326.1300000000008 204.38999999999965 930394.9400000699
326.1300000000008 204.38999999999965 930394.9400000699
303.5400000000004 322.6200000000012 930394.9400000699
303.5400000000004 322.6200000000012 930394.9400000699
307.5099999999968 320.47000000000185 930394.9400000699
307.5099999999968 320.47000000000185 930394.9400000699
198.70000000000027 136.98000000000002 930394.9400000699
220.99 319.5700000000004 930394.9400000699
220.99 319.5700000000004 930394.9400000699
123.12000000000006 175.01999999999998 930394.9400000699
329.87 301.4499999999978 930394.9400000699
329.87 301.4499999999978 930394.9400000699
158.05999999999995 146.72000000000025 930394.9400000699
306.13999999999805 322.00000000000125 930394.9400000699
306.13999999999805 322.00000000000125 930394.9400000699
136.05999999999722 55.779999999999646 930394.9400000699
306.99999999999727 320.9000000000017 930394.9400000699
306.99999999999727 320.9000000000017 930394.9400000699
133.38999999999783 70.7500000000014 930394.9400000699
151.08999999999992 156.29000000000065 930394.9400000699
113.65000000000033 173.39000000000146 930394.9400000699
118.59999999999826 50.86000000000023 930394.9400000699
92.33999999999813 148.47999999999683 930394.9400000699
149.57000000000403 308.9300000000037 930394.9400000699
169.22999999999888 311.2300000000016 930394.9400000699
218.2199999999998 287.6399999999994 930394.9400000699
218.24999999999886 122.99 930394.9400000699
139.03999999999724 174.21999999999798 930394.9400000699
91.42999999999817 133.85000000000377 930394.9400000699
358.4299999999999 323.1300000000008 930394.9400000699
142.79000000000292 141.8900000000001 930394.9400000699
133.6800000000012 279.2399999999998 930394.9400000699
105.27999999999963 153.3399999999997 930394.9400000699
170.01999999999998 114.74000000000089 930394.9400000699
48.55999999999949 19.72000000000027 930394.9400000699
173.98000000000093 88.04000000000002 930394.9400000699
166.57999999999856 300.08000000000266 930394.9400000699
200.17999999999984 308.3600000000024 930394.9400000699
110.82999999999991 181.12999999999897 930394.9400000699
203.2199999999998 115.02000000000001 930394.9400000699
180.54999999999586 281.93000000000006 930394.9400000699
317.29000000000156 376.28999999999996 930394.9400000699
228.32000000000062 277.4199999999978 930394.9400000699
199.10999999999808 98.64999999999777 930394.9400000699
308.4600000000032 257.4399999999996 930394.9400000699
63.249999999999154 71.96999999999896 930394.9400000699
307.10999999999717 320.9900000000016 930394.9400000699
307.10999999999717 320.9900000000016 930394.9400000699
321.6800000000021 228.9000000000001 930394.9400000699
321.6800000000021 228.9000000000001 930394.9400000699
196.91000000000008 104.71000000000036 930394.9400000699
256.5900000000004 324.8100000000011 930394.9400000699
256.5900000000004 324.8100000000011 930394.9400000699
139.71000000000026 158.910000000001 930394.9400000699
199.97000000000094 130.9100000000019 930394.9400000699
103.39999999999918 184.27999999999702 930394.9400000699
242.389999999996 299.86999999999557 930394.9400000699
251.93000000000006 175.85000000000014 930394.9400000699
179.99000000000092 132.5700000000013 930394.9400000699
313.68000000000484 297.5799999999995 930394.9400000699
313.68000000000484 297.5799999999995 930394.9400000699
224.09000000000356 267.5700000000022 930394.9400000699
110.21000000000062 147.6900000000012 930394.9400000699
185.1199999999999 95.93999999999997 930394.9400000699
162.3300000000006 312.4500000000014 930394.9400000699
257.4099999999996 158.80999999999926 930394.9400000699
118.00000000000051 185.01999999999725 930394.9400000699
128.77000000000112 165.73000000000206 930394.9400000699
98.85000000000197 238.21000000000436 930394.9400000699
133.62999999999943 47.25000000000055 930394.9400000699
77.95999999999947 99.02000000000001 930394.9400000699
305.82999999999834 325.05 930394.9400000699
305.82999999999834 325.05 930394.9400000699
268.69999999999845 101.11999999999955 930394.9400000699
265.02 227.8800000000001 930394.9400000699
127.05000000000054 147.48999999999955 930394.9400000699
257.75999999999567 252.18000000000256 930394.9400000699
268.9899999999991 173.61000000000035 930394.9400000699
178.01 145.3299999999997 930394.9400000699
209.13999999999805 160.4999999999959 930394.9400000699
196.97000000000185 290.02999999999906 930394.9400000699
281.69999999999754 131.05999999999904 930394.9400000699
141.26999999999975 239.05000000000086 930394.9400000699
170.71999999999935 277.98 930394.9400000699
264.0200000000018 136.27999999999702 930394.9400000699
310.81000000000563 243.07000000000266 930394.9400000699
233.66000000000122 291.38000000000056 930394.9400000699
300.9900000000018 109.39000000000122 930394.9400000699
129.26000000000158 56.19999999999976 930394.9400000699
149.95000000000186 47.57000000000048 930394.9400000699
214.58999999999583 134.8499999999956 930394.9400000699
49.379999999999725 40.4999999999999 930394.9400000699
147.51000000000226 88.33000000000222 930394.9400000699
64.4399999999992 134.41999999999962 930394.9400000699
222.77999999999838 109.67999999999932 930394.9400000699
158.7800000000002 284.02 930394.9400000699
84.51999999999924 178.91999999999916 930394.9400000699
164.68000000000575 203.62000000000035 930394.9400000699
92.25000000000013 95.50999999999873 930394.9400000699
225.89999999999827 80.31999999999965 930394.9400000699
166.96000000000004 142.7800000000011 930394.9400000699
236.0000000000009 147.78000000000202 930394.9400000699
183.62000000000126 308.20000000000346 930394.9400000699
117.81000000000195 214.6700000000003 930394.9400000699
72.18000000000009 50.27999999999935 930394.9400000699
84.82999999999889 197.7699999999993 930394.9400000699
153.06999999999994 293.1899999999989 930394.9400000699
232.96999999999912 308.07000000000085 930394.9400000699
104.93999999999997 172.94000000000096 930394.9400000699
90.04000000000053 217.62000000000035 930394.9400000699
316.0500000000036 385.2500000000006 930394.9400000699
197.2600000000034 241.9200000000028 930394.9400000699
175.71999999999935 207.51999999999862 930394.9400000699
24.600000000000406 61.56000000000029 930394.9400000699
198.76000000000022 110.0 930394.9400000699
270.8899999999983 88.1700000000006 930394.9400000699
199.23999999999887 141.35999999999785 930394.9400000699
164.8800000000001 280.05999999999995 930394.9400000699
69.70000000000189 36.019999999999996 930394.9400000699
161.7399999999966 51.44000000000031 930394.9400000699
72.01 111.77000000000142 930394.9400000699
313.19000000000256 98.50999999999975 930394.9400000699
313.19000000000256 411.50999999999976 930394.9400000699
177.43999999999778 258.7400000000039 930394.9400000699
341.84999999999997 301.3299999999988 930394.9400000699
341.84999999999997 301.3299999999988 930394.9400000699
96.049999999999 79.98999999999897 930394.9400000699
191.99 150.98999999999728 930394.9400000699
283.03999999999905 163.02000000000544 930394.9400000699
167.51000000000226 265.930000000001 930394.9400000699
119.9900000000005 259.58999999999855 930394.9400000699
132.00000000000182 272.64000000000306 930394.9400000699
105.0 64.07999999999953 930394.9400000699
15.119999999999997 23.579999999999465 930394.9400000699
124.29999999999964 230.27999999999793 930394.9400000699
207.16000000000167 275.8000000000029 930394.9400000699
95.66000000000238 107.48000000000383 930394.9400000699
95.41999999999919 175.2200000000007 930394.9400000699
221.7499999999984 93.9900000000005 930394.9400000699
283.90000000000373 287.2000000000053 930394.9400000699
276.48999999999774 221.38999999999965 930394.9400000699
149.80000000000018 277.4800000000023 930394.9400000699
284.83999999999924 110.22000000000062 930394.9400000699
223.71000000000117 252.02999999999997 930394.9400000699
285.48999999999955 181.02999999999997 930394.9400000699
163.14999999999895 176.73000000000116 930394.9400000699
188.4500000000014 119.92999999999996 930394.9400000699
190.41999999999962 311.780000000002 930394.9400000699
174.1200000000017 104.25999999999911 930394.9400000699
232.96999999999912 224.93000000000188 930394.9400000699
108.37000000000019 202.41000000000327 930394.9400000699
263.93999999999187 267.97999999999547 930394.9400000699
131.98999999999728 189.68999999999392 930394.9400000699
213.12999999999988 303.31000000000245 930394.9400000699
142.05999999999813 214.08000000000357 930394.9400000699
28.76999999999965 17.109999999999392 930394.9400000699
74.85000000000248 134.01 930394.9400000699
59.93000000000041 36.65000000000007 930394.9400000699
270.55000000000405 306.67000000000667 930394.9400000699
264.2099999999998 124.82999999999889 930394.9400000699
209.86999999999648 192.24999999999977 930394.9400000699
34.81000000000024 33.43000000000051 930394.9400000699
156.05000000000177 118.40999999999919 930394.9400000699
118.08000000000004 132.56000000000495 930394.9400000699
312.7900000000029 116.61000000000031 930394.9400000699
127.87000000000721 290.2499999999934 930394.9400000699
246.75000000000114 163.85000000000014 930394.9400000699
206.47999999999956 120.94000000000048 930394.9400000699
148.72999999999843 141.99000000000092 930394.9400000699
98.27000000000014 142.02999999999997 930394.9400000699
184.24999999999704 185.85000000000286 930394.9400000699
114.9900000000005 91.61000000000185 930394.9400000699
247.7099999999948 289.2499999999998 930394.9400000699
257.9000000000001 110.73999999999987 930394.9400000699
109.09000000000005 252.90999999999917 930394.9400000699
233.00999999999908 269.31000000000154 930394.9400000699
154.20999999999708 252.99000000000092 930394.9400000699
297.0799999999954 219.49999999999864 930394.9400000699
237.2199999999998 128.3400000000007 930394.9400000699
264.1099999999981 149.83000000000197 930394.9400000699
57.63000000000047 86.25000000000217 930394.9400000699
107.7700000000004 159.9899999999991 930394.9400000699
301.3299999999988 166.85000000000196 930394.9400000699
230.87000000000467 166.4099999999978 930394.9400000699
210.0400000000045 223.58000000000584 930394.9400000699
195.96000000000004 259.91999999999825 930394.9400000699
158.95999999999913 63.29999999999974 930394.9400000699
240.19000000000074 274.1099999999999 930394.9400000699
106.73999999999833 214.81999999999744 930394.9400000699
236.99000000000456 184.36999999999694 930394.9400000699
246.64000000000124 262.7000000000012 930394.9400000699
295.3600000000024 267.7599999999966 930394.9400000699
52.81999999999984 63.75999999999903 930394.9400000699
185.92000000000098 68.95999999999691 930394.9400000699
157.7000000000039 186.53999999999405 930394.9400000699
382.6499999999998 306.2699999999961 930394.9400000699
382.6499999999998 306.2699999999961 930394.9400000699
247.1799999999962 278.13999999999805 930394.9400000699
313.2200000000025 130.94000000000096 930394.9400000699
313.2200000000025 443.94000000000096 930394.9400000699
88.67999999999932 57.60000000000008 930394.9400000699
205.40999999999963 74.06999999999952 930394.9400000699
287.7100000000048 249.610000000004 930394.9400000699
178.39999999999873 165.81999999999834 930394.9400000699
49.369999999999926 111.46999999999768 930394.9400000699
189.8299999999938 209.1899999999962 930394.9400000699
258.81999999999925 187.17999999999438 930394.9400000699
277.0600000000045 199.7599999999984 930394.9400000699
220.93000000000006 233.80999999999926 930394.9400000699
288.32999999999697 304.770000000002 930394.9400000699
142.38000000000147 128.76000000000204 930394.9400000699
252.4399999999996 233.42000000000235 930394.9400000699
166.27999999999702 230.0999999999981 930394.9400000699
54.31999999999974 123.51999999999975 930394.9400000699
245.08000000000357 112.99999999999898 930394.9400000699
242.20000000000255 242.93999999999915 930394.9400000699
241.34999999999968 206.83000000000106 930394.9400000699
119.02000000000001 75.85999999999993 930394.9400000699
142.30000000000155 292.3399999999979 930394.9400000699
154.9799999999991 164.37999999999874 930394.9400000699
408.8299999999994 319.730000000003 930394.9400000699
40.95000000000021 53.14999999999977 930394.9400000699
163.41000000000054 77.94999999999997 930394.9400000699
298.7700000000002 90.8699999999984 930394.9400000699
253.52000000000317 89.80000000000194 930394.9400000699
311.1800000000053 281.47999999999956 930394.9400000699
37.75000000000025 41.70999999999966 930394.9400000699
189.9799999999991 80.1400000000016 930394.9400000699
130.0999999999999 110.57999999999876 930394.9400000699
290.80999999999744 194.90999999999826 930394.9400000699
17.270000000000177 42.70999999999986 930394.9400000699
71.3500000000012 86.6299999999993 930394.9400000699
306.7100000000012 190.16999999999894 930394.9400000699
76.86999999999993 163.0300000000018 930394.9400000699
39.82000000000063 80.00000000000205 930394.9400000699
253.01999999999998 76.77999999999733 930394.9400000699
301.0700000000036 142.08999999999628 930394.9400000699
139.7000000000021 254.27999999999975 930394.9400000699
102.3300000000017 132.9300000000046 930394.9400000699
34 -87 930394.9400000699
347 -87 930394.9400000699
34 -87 930394.9400000699
347 -87 930394.9400000699
-32 -263 930394.9400000699
-32 -263 930394.9400000699
141 -73 930394.9400000699
454 -73 930394.9400000699
141 -73 930394.9400000699
454 -73 930394.9400000699
-34 -183 930394.9400000699
-34 -183 930394.9400000699
-44 -226 930394.9400000699
-44 -226 930394.9400000699
107 -154 930394.9400000699
420 -154 930394.9400000699
107 -154 930394.9400000699
420 -154 930394.9400000699
255 -50 930394.9400000699
255 -50 930394.9400000699
215 -83 930394.9400000699
215 -83 930394.9400000699
183 -108 930394.9400000699
183 -108 930394.9400000699
258 -132 930394.9400000699
258 -132 930394.9400000699
-49 -186 930394.9400000699
-49 -186 930394.9400000699
89 -95 930394.9400000699
402 -95 930394.9400000699
89 -95 930394.9400000699
402 -95 930394.9400000699
134 -37 930394.9400000699
447 -37 930394.9400000699
134 -37 930394.9400000699
447 -37 930394.9400000699
135 -34 930394.9400000699
448 -34 930394.9400000699
135 -34 930394.9400000699
448 -34 930394.9400000699
201 -68 930394.9400000699
201 -68 930394.9400000699
252 -137 930394.9400000699
252 -137 930394.9400000699
199 -24 930394.9400000699
199 -24 930394.9400000699
151 -59 930394.9400000699
464 -59 930394.9400000699
151 -59 930394.9400000699
464 -59 930394.9400000699
64 -93 930394.9400000699
377 -93 930394.9400000699
64 -93 930394.9400000699
377 -93 930394.9400000699
384 25 930394.9400000699
355 52 930394.9400000699
129 -130 930394.9400000699
442 -130 930394.9400000699
129 -130 930394.9400000699
442 -130 930394.9400000699
298 -49 930394.9400000699
-15 -49 930394.9400000699
298 -49 930394.9400000699
-15 -49 930394.9400000699
89 -58 930394.9400000699
402 -58 930394.9400000699
89 -58 930394.9400000699
402 -58 930394.9400000699
110 -101 930394.9400000699
423 -101 930394.9400000699
110 -101 930394.9400000699
423 -101 930394.9400000699
12 -70 930394.9400000699
325 -70 930394.9400000699
12 -70 930394.9400000699
325 -70 930394.9400000699
235 -21 930394.9400000699
235 -21 930394.9400000699
-40 -287 930394.9400000699
-40 -287 930394.9400000699
318 50 930394.9400000699
232 -86 930394.9400000699
232 -86 930394.9400000699
352 40 930394.9400000699
-103 -273 930394.9400000699
-103 -273 930394.9400000699
38 -37 930394.9400000699
351 -37 930394.9400000699
38 -37 930394.9400000699
351 -37 930394.9400000699
64 -53 930394.9400000699
377 -53 930394.9400000699
64 -53 930394.9400000699
377 -53 930394.9400000699
-37 -237 930394.9400000699
-37 -237 930394.9400000699
136 -30 930394.9400000699
449 -30 930394.9400000699
136 -30 930394.9400000699
449 -30 930394.9400000699
13 -125 930394.9400000699
326 -125 930394.9400000699
13 -125 930394.9400000699
326 -125 930394.9400000699
43 -123 930394.9400000699
356 -123 930394.9400000699
43 -123 930394.9400000699
356 -123 930394.9400000699
232 -42 930394.9400000699
232 -42 930394.9400000699
446 54 930394.9400000699
248 -149 930394.9400000699
248 -149 930394.9400000699
-89 -232 930394.9400000699
-89 -232 930394.9400000699
123 -138 930394.9400000699
436 -138 930394.9400000699
123 -138 930394.9400000699
436 -138 930394.9400000699
459 9 930394.9400000699
-79 -289 930394.9400000699
-79 -289 930394.9400000699
328 42 930394.9400000699
218 -26 930394.9400000699
218 -26 930394.9400000699
-46 -211 930394.9400000699
-46 -211 930394.9400000699
176 -31 930394.9400000699
176 -31 930394.9400000699
32 -99 930394.9400000699
345 -99 930394.9400000699
32 -99 930394.9400000699
345 -99 930394.9400000699
125 -85 930394.9400000699
438 -85 930394.9400000699
125 -85 930394.9400000699
438 -85 930394.9400000699
-14 -219 930394.9400000699
-14 -219 930394.9400000699
48 -52 930394.9400000699
361 -52 930394.9400000699
48 -52 930394.9400000699
361 -52 930394.9400000699
241 -39 930394.9400000699
241 -39 930394.9400000699
170 -35 930394.9400000699
170 -35 930394.9400000699
162 -133 930394.9400000699
162 -133 930394.9400000699
142 -59 930394.9400000699
455 -59 930394.9400000699
142 -59 930394.9400000699
455 -59 930394.9400000699
444 55 930394.9400000699
229 -38 930394.9400000699
229 -38 930394.9400000699
469 24 930394.9400000699
117 -131 930394.9400000699
430 -131 930394.9400000699
117 -131 930394.9400000699
430 -131 930394.9400000699
53 -144 930394.9400000699
366 -144 930394.9400000699
53 -144 930394.9400000699
366 -144 930394.9400000699
95 -70 930394.9400000699
408 -70 930394.9400000699
95 -70 930394.9400000699
408 -70 930394.9400000699
213 -7 930394.9400000699
213 -7 930394.9400000699
365 66 930394.9400000699
282 -115 930394.9400000699
-31 -115 930394.9400000699
282 -115 930394.9400000699
-31 -115 930394.9400000699
451 27 930394.9400000699
41 -155 930394.9400000699
354 -155 930394.9400000699
41 -155 930394.9400000699
354 -155 930394.9400000699
248 -49 930394.9400000699
248 -49 930394.9400000699
25 -103 930394.9400000699
338 -103 930394.9400000699
25 -103 930394.9400000699
338 -103 930394.9400000699
361 40 930394.9400000699
379 36 930394.9400000699
463 84 930394.9400000699
413 24 930394.9400000699
-104 -280 930394.9400000699
-104 -280 930394.9400000699
288 -20 930394.9400000699
288 -20 930394.9400000699
442 33 930394.9400000699
86 -62 930394.9400000699
399 -62 930394.9400000699
86 -62 930394.9400000699
399 -62 930394.9400000699
171 -109 930394.9400000699
171 -109 930394.9400000699
236 -149 930394.9400000699
236 -149 930394.9400000699
288 -120 930394.9400000699
-25 -120 930394.9400000699
288 -120 930394.9400000699
-25 -120 930394.9400000699
25 -35 930394.9400000699
338 -35 930394.9400000699
25 -35 930394.9400000699
338 -35 930394.9400000699
-87 -259 930394.9400000699
-87 -259 930394.9400000699
105 -132 930394.9400000699
418 -132 930394.9400000699
105 -132 930394.9400000699
418 -132 930394.9400000699
-33 -282 930394.9400000699
-33 -282 930394.9400000699
20 -114 930394.9400000699
333 -114 930394.9400000699
20 -114 930394.9400000699
333 -114 930394.9400000699
87 -116 930394.9400000699
400 -116 930394.9400000699
87 -116 930394.9400000699
400 -116 930394.9400000699
257 -155 930394.9400000699
-56 -155 930394.9400000699
257 -155 930394.9400000699
-56 -155 930394.9400000699
38 -134 930394.9400000699
351 -134 930394.9400000699
38 -134 930394.9400000699
351 -134 930394.9400000699
165 -33 930394.9400000699
165 -33 930394.9400000699
446 50 930394.9400000699
159 -29 930394.9400000699
159 -29 930394.9400000699
-60 -273 930394.9400000699
-60 -273 930394.9400000699
252 -77 930394.9400000699
252 -77 930394.9400000699
48 -142 930394.9400000699
361 -142 930394.9400000699
48 -142 930394.9400000699
361 -142 930394.9400000699
119 -55 930394.9400000699
432 -55 930394.9400000699
119 -55 930394.9400000699
432 -55 930394.9400000699
89 -67 930394.9400000699
402 -67 930394.9400000699
89 -67 930394.9400000699
402 -67 930394.9400000699
6 -69 930394.9400000699
319 -69 930394.9400000699
6 -69 930394.9400000699
319 -69 930394.9400000699
432 76 930394.9400000699
19 -33 930394.9400000699
332 -33 930394.9400000699
19 -33 930394.9400000699
332 -33 930394.9400000699
113 -138 930394.9400000699
426 -138 930394.9400000699
113 -138 930394.9400000699
426 -138 930394.9400000699
268 -139 930394.9400000699
-45 -139 930394.9400000699
268 -139 930394.9400000699
-45 -139 930394.9400000699
-92 -258 930394.9400000699
-92 -258 930394.9400000699
403 58 930394.9400000699
245 -71 930394.9400000699
245 -71 930394.9400000699
282 -144 930394.9400000699
-31 -144 930394.9400000699
282 -144 930394.9400000699
-31 -144 930394.9400000699
265 -85 930394.9400000699
265 -85 930394.9400000699
-29 -204 930394.9400000699
-29 -204 930394.9400000699
242 -24 930394.9400000699
242 -24 930394.9400000699
-47 -180 930394.9400000699
-47 -180 930394.9400000699
437 35 930394.9400000699
-73 -269 930394.9400000699
-73 -269 930394.9400000699
28 -23 930394.9400000699
341 -23 930394.9400000699
28 -23 930394.9400000699
341 -23 930394.9400000699
-28 -240 930394.9400000699
-28 -240 930394.9400000699
372 74 930394.9400000699
238 -18 930394.9400000699
238 -18 930394.9400000699
-66 -291 930394.9400000699
-66 -291 930394.9400000699
154 -150 930394.9400000699
467 -150 930394.9400000699
154 -150 930394.9400000699
467 -150 930394.9400000699
293 -59 930394.9400000699
-20 -59 930394.9400000699
293 -59 930394.9400000699
-20 -59 930394.9400000699
163 -85 930394.9400000699
163 -85 930394.9400000699
-51 -161 930394.9400000699
-51 -161 930394.9400000699
175 -107 930394.9400000699
175 -107 930394.9400000699
170 -46 930394.9400000699
170 -46 930394.9400000699
177 -149 930394.9400000699
177 -149 930394.9400000699
344 21 930394.9400000699
140 -95 930394.9400000699
453 -95 930394.9400000699
140 -95 930394.9400000699
453 -95 930394.9400000699
-56 -227 930394.9400000699
-56 -227 930394.9400000699
86 -135 930394.9400000699
399 -135 930394.9400000699
86 -135 930394.9400000699
399 -135 930394.9400000699
-34 -255 930394.9400000699
-34 -255 930394.9400000699
28 -110 930394.9400000699
341 -110 930394.9400000699
28 -110 930394.9400000699
341 -110 930394.9400000699
56 -72 930394.9400000699
369 -72 930394.9400000699
56 -72 930394.9400000699
369 -72 930394.9400000699
-73 -287 930394.9400000699
-73 -287 930394.9400000699
444 68 930394.9400000699
228 -43 930394.9400000699
228 -43 930394.9400000699
62 -133 930394.9400000699
375 -133 930394.9400000699
62 -133 930394.9400000699
375 -133 930394.9400000699
253 -58 930394.9400000699
253 -58 930394.9400000699
105 -139 930394.9400000699
418 -139 930394.9400000699
105 -139 930394.9400000699
418 -139 930394.9400000699
375 37 930394.9400000699
241 -105 930394.9400000699
241 -105 930394.9400000699
140 -153 930394.9400000699
453 -153 930394.9400000699
140 -153 930394.9400000699
453 -153 930394.9400000699
136 -141 930394.9400000699
449 -141 930394.9400000699
136 -141 930394.9400000699
449 -141 930394.9400000699
465 50 930394.9400000699
349 36 930394.9400000699
-60 -231 930394.9400000699
-60 -231 930394.9400000699
58 -102 930394.9400000699
371 -102 930394.9400000699
58 -102 930394.9400000699
371 -102 930394.9400000699
29 -124 930394.9400000699
342 -124 930394.9400000699
29 -124 930394.9400000699
342 -124 930394.9400000699
72 -82 930394.9400000699
385 -82 930394.9400000699
72 -82 930394.9400000699
385 -82 930394.9400000699
70 -52 930394.9400000699
383 -52 930394.9400000699
70 -52 930394.9400000699
383 -52 930394.9400000699
77 -148 930394.9400000699
390 -148 930394.9400000699
77 -148 930394.9400000699
390 -148 930394.9400000699
175 -50 930394.9400000699
175 -50 930394.9400000699
335 63 930394.9400000699
243 -37 930394.9400000699
243 -37 930394.9400000699
467 0 930394.9400000699
144 -23 930394.9400000699
457 -23 930394.9400000699
144 -23 930394.9400000699
457 -23 930394.9400000699
242 -132 930394.9400000699
242 -132 930394.9400000699
328 27 930394.9400000699
50 -143 930394.9400000699
363 -143 930394.9400000699
50 -143 930394.9400000699
363 -143 930394.9400000699
-17 -269 930394.9400000699
-17 -269 930394.9400000699
206 -121 930394.9400000699
206 -121 930394.9400000699
359 18 930394.9400000699
-14 -262 930394.9400000699
-14 -262 930394.9400000699
-25 -294 930394.9400000699
-25 -294 930394.9400000699
181 -124 930394.9400000699
181 -124 930394.9400000699
111 -133 930394.9400000699
424 -133 930394.9400000699
111 -133 930394.9400000699
424 -133 930394.9400000699
114 -98 930394.9400000699
427 -98 930394.9400000699
114 -98 930394.9400000699
427 -98 930394.9400000699
76 -85 930394.9400000699
389 -85 930394.9400000699
76 -85 930394.9400000699
389 -85 930394.9400000699
418 65 930394.9400000699
-79 -252 930394.9400000699
-79 -252 930394.9400000699
165 -10 930394.9400000699
165 -10 930394.9400000699
285 -132 930394.9400000699
-28 -132 930394.9400000699
285 -132 930394.9400000699
-28 -132 930394.9400000699
40 -92 930394.9400000699
353 -92 930394.9400000699
40 -92 930394.9400000699
353 -92 930394.9400000699
97 -137 930394.9400000699
410 -137 930394.9400000699
97 -137 930394.9400000699
410 -137 930394.9400000699
209 -34 930394.9400000699
209 -34 930394.9400000699
162 -135 930394.9400000699
162 -135 930394.9400000699
150 -33 930394.9400000699
463 -33 930394.9400000699
150 -33 930394.9400000699
463 -33 930394.9400000699
108 -107 930394.9400000699
421 -107 930394.9400000699
108 -107 930394.9400000699
421 -107 930394.9400000699
196 -55 930394.9400000699
196 -55 930394.9400000699
63 -53 930394.9400000699
376 -53 930394.9400000699
63 -53 930394.9400000699
376 -53 930394.9400000699
385 47 930394.9400000699
109 -61 930394.9400000699
422 -61 930394.9400000699
109 -61 930394.9400000699
422 -61 930394.9400000699
225 -61 930394.9400000699
225 -61 930394.9400000699
95 -61 930394.9400000699
408 -61 930394.9400000699
95 -61 930394.9400000699
408 -61 930394.9400000699
153 -21 930394.9400000699
466 -21 930394.9400000699
153 -21 930394.9400000699
466 -21 930394.9400000699
411 82 930394.9400000699
93 -64 930394.9400000699
406 -64 930394.9400000699
93 -64 930394.9400000699
406 -64 930394.9400000699
130 -145 930394.9400000699
443 -145 930394.9400000699
130 -145 930394.9400000699
443 -145 930394.9400000699
221 -80 930394.9400000699
221 -80 930394.9400000699
274 -92 930394.9400000699
274 -92 930394.9400000699
46 -22 930394.9400000699
359 -22 930394.9400000699
46 -22 930394.9400000699
359 -22 930394.9400000699
55 -123 930394.9400000699
368 -123 930394.9400000699
55 -123 930394.9400000699
368 -123 930394.9400000699
151 -156 930394.9400000699
464 -156 930394.9400000699
151 -156 930394.9400000699
464 -156 930394.9400000699
-64 -198 930394.9400000699
-64 -198 930394.9400000699
-55 -202 930394.9400000699
-55 -202 930394.9400000699
320 31 930394.9400000699
435 52 930394.9400000699
54 -127 930394.9400000699
367 -127 930394.9400000699
54 -127 930394.9400000699
367 -127 930394.9400000699
5.620000000000337 -15.920000000000073 930394.9400000699
5.620000000000337 -15.920000000000073 930394.9400000699
292.04999999999995 -95.02999999999997 930394.9400000699
-20.950000000000045 -95.02999999999997 930394.9400000699
292.04999999999995 -95.02999999999997 930394.9400000699
-20.950000000000045 -95.02999999999997 930394.9400000699
4.22000000000161 -15.680000000000291 930394.9400000699
4.22000000000161 -15.680000000000291 930394.9400000699
4.190000000001637 -15.6700000000003 930394.9400000699
4.190000000001637 -15.6700000000003 930394.9400000699
3.8100000000020007 -15.650000000000318 930394.9400000699
3.8100000000020007 -15.650000000000318 930394.9400000699
5.210000000000683 -15.77000000000021 930394.9400000699
318.21000000000066 -15.77000000000021 930394.9400000699
5.210000000000683 -15.77000000000021 930394.9400000699
318.21000000000066 -15.77000000000021 930394.9400000699
-114.04999999999995 -311.04999999999995 930394.9400000699
-114.04999999999995 -311.04999999999995 930394.9400000699
-7.6300000000003365 -174.6700000000003 930394.9400000699
-7.6300000000003365 -174.6700000000003 930394.9400000699
-9.760000000000218 -206.02 930394.9400000699
-9.760000000000218 -206.02 930394.9400000699
-7.820000000001073 -303.53999999999905 930394.9400000699
-7.820000000001073 -303.53999999999905 930394.9400000699
6.030000000000168 -15.710000000000264 930394.9400000699
319.03000000000014 -15.710000000000264 930394.9400000699
6.030000000000168 -15.710000000000264 930394.9400000699
319.03000000000014 -15.710000000000264 930394.9400000699
-7.740000000001146 -302.9999999999994 930394.9400000699
-7.740000000001146 -302.9999999999994 930394.9400000699
-6.6300000000021555 -304.6299999999984 930394.9400000699
-6.6300000000021555 -304.6299999999984 930394.9400000699
103.01 -15.950000000000045 930394.9400000699
416.01 -15.950000000000045 930394.9400000699
103.01 -15.950000000000045 930394.9400000699
416.01 -15.950000000000045 930394.9400000699
356.68000000000006 10.380000000000564 930394.9400000699
308.4699999999996 -29.690000000000282 930394.9400000699
-4.5300000000004275 -29.690000000000282 930394.9400000699
308.4699999999996 -29.690000000000282 930394.9400000699
-4.5300000000004275 -29.690000000000282 930394.9400000699
-99.80000000000018 -311.9799999999991 930394.9400000699
-99.80000000000018 -311.9799999999991 930394.9400000699
13.130000000000791 -108.61000000000035 930394.9400000699
326.1300000000008 -108.61000000000035 930394.9400000699
13.130000000000791 -108.61000000000035 930394.9400000699
326.1300000000008 -108.61000000000035 930394.9400000699
-9.459999999999582 -303.3799999999988 930394.9400000699
-9.459999999999582 -303.3799999999988 930394.9400000699
-5.490000000003192 -305.52999999999815 930394.9400000699
-5.490000000003192 -305.52999999999815 930394.9400000699
200.08999999999992 -1.3300000000006094 930394.9400000699
200.08999999999992 -1.3300000000006094 930394.9400000699
-92.00999999999999 -306.4299999999996 930394.9400000699
-92.00999999999999 -306.4299999999996 930394.9400000699
16.86999999999998 -11.550000000002228 930394.9400000699
329.87 -11.550000000002228 930394.9400000699
16.86999999999998 -11.550000000002228 930394.9400000699
329.87 -11.550000000002228 930394.9400000699
-6.860000000001946 -303.99999999999875 930394.9400000699
-6.860000000001946 -303.99999999999875 930394.9400000699
230.61000000000308 24.030000000000005 930394.9400000699
-6.0000000000027285 -305.0999999999983 930394.9400000699
-6.0000000000027285 -305.0999999999983 930394.9400000699
168.01 0.010000000000009095 930394.9400000699
153.88000000000193 24.0 930394.9400000699
296.04999999999995 40.350000000000726 930394.9400000699
358.4299999999999 10.130000000000791 930394.9400000699
312.179999999998 -9.280000000001564 930394.9400000699
-0.8200000000019827 -9.280000000001564 930394.9400000699
312.179999999998 -9.280000000001564 930394.9400000699
-0.8200000000019827 -9.280000000001564 930394.9400000699
180.61000000000035 12.749999999999963 930394.9400000699
185.1099999999999 1.0899999999990913 930394.9400000699
317.29000000000156 63.28999999999994 930394.9400000699
-5.8900000000028285 -305.0099999999984 930394.9400000699
-5.8900000000028285 -305.0099999999984 930394.9400000699
8.68000000000211 -84.09999999999991 930394.9400000699
321.6800000000021 -84.09999999999991 930394.9400000699
8.68000000000211 -84.09999999999991 930394.9400000699
321.6800000000021 -84.09999999999991 930394.9400000699
-56.40999999999963 -301.1899999999989 930394.9400000699
-56.40999999999963 -301.1899999999989 930394.9400000699
283.3200000000015 0.19999999999454307 930394.9400000699
234.2999999999979 1.0999999999963628 930394.9400000699
0.6800000000048385 -15.420000000000528 930394.9400000699
313.68000000000484 -15.420000000000528 930394.9400000699
0.6800000000048385 -15.420000000000528 930394.9400000699
313.68000000000484 -15.420000000000528 930394.9400000699
279.72000000000116 48.38000000000032 930394.9400000699
248.06999999999903 21.909999999999986 930394.9400000699
-7.170000000001664 -300.95 930394.9400000699
-7.170000000001664 -300.95 930394.9400000699
198.1099999999999 30.089999999999858 930394.9400000699
116.5500000000008 5.40999999999902 930394.9400000699
256.24999999999704 42.229999999999556 930394.9400000699
93.43999999999818 9.580000000000009 930394.9400000699
302.8499999999974 -144.26999999999975 930394.9400000699
-10.150000000002592 -144.26999999999975 930394.9400000699
302.8499999999974 -144.26999999999975 930394.9400000699
-10.150000000002592 -144.26999999999975 930394.9400000699
165.39999999999782 28.16000000000018 930394.9400000699
28.849999999999977 -11.67000000000121 930394.9400000699
341.84999999999997 -11.67000000000121 930394.9400000699
28.849999999999977 -11.67000000000121 930394.9400000699
341.84999999999997 -11.67000000000121 930394.9400000699
169.91999999999916 3.6999999999999638 930394.9400000699
181.05000000000177 35.929999999999616 930394.9400000699
312.45999999999594 -123.80000000000018 930394.9400000699
-0.5400000000040563 -123.80000000000018 930394.9400000699
312.45999999999594 -123.80000000000018 930394.9400000699
-0.5400000000040563 -123.80000000000018 930394.9400000699
298.9000000000001 54.539999999999296 930394.9400000699
310.10000000000264 50.70000000000006 930394.9400000699
303.7000000000003 9.740000000000027 930394.9400000699
239.96000000000004 44.05999999999999 930394.9400000699
258.16999999999894 9.110000000000083 930394.9400000699
309.80000000000473 27.400000000000063 930394.9400000699
138.6699999999994 26.889999999999983 930394.9400000699
141.99000000000365 9.149999999999997 930394.9400000699
186.99 26.389999999999592 930394.9400000699
45.08999999999978 6.910000000000087 930394.9400000699
69.64999999999982 -6.7300000000038835 930394.9400000699
382.6499999999998 -6.7300000000038835 930394.9400000699
69.64999999999982 -6.7300000000038835 930394.9400000699
382.6499999999998 -6.7300000000038835 930394.9400000699
211.76999999999748 30.449999999999957 930394.9400000699
281.14999999999895 32.07000000000014 930394.9400000699
221.8899999999992 9.78999999999994 930394.9400000699
211.61000000000126 4.7899999999999405 930394.9400000699
198.97000000000003 6.169999999999911 930394.9400000699
162.02999999999997 14.049999999999999 930394.9400000699
408.8299999999994 6.730000000002974 930394.9400000699
153.86000000000013 2.0600000000000094 930394.9400000699
288.03 17.78999999999981 930394.9400000699
270.4900000000023 25.629999999999942 930394.9400000699
239.87000000000012 26.730000000000114 930394.9400000699
356 76 930394.9400000699
373 82 930394.9400000699
443 113 930394.9400000699
385 109 930394.9400000699
457 131 930394.9400000699
328 69 930394.9400000699
382 88 930394.9400000699
405 98 930394.9400000699
404 100 930394.9400000699
427 88 930394.9400000699
392 99 930394.9400000699
208.7900000000011 42.5299999999995 930394.9400000699
118.88999999999739 34.33000000000013 930394.9400000699
128.73000000000025 31.17000000000007 930394.9400000699
288.66999999999666 72.96999999999998 930394.9400000699
237.8499999999965 63.129999999999576 930394.9400000699
316.0500000000036 72.25000000000064 930394.9400000699
226.14999999999986 52.370000000000324 930394.9400000699
273.2500000000025 74.94999999999946 930394.9400000699
216.74000000000387 57.279999999999546 930394.9400000699
275.710000000003 59.40999999999972 930394.9400000699
99.81999999999991 27.860000000000603 930394.9400000699
185.73999999999933 48.61999999999908 930394.9400000699
73.11000000000108 20.76999999999934 930394.9400000699
-58 -50 930394.9400000699
-58 -50 930394.9400000699
-98 -83 930394.9400000699
-98 -83 930394.9400000699
-130 -108 930394.9400000699
-130 -108 930394.9400000699
-55 -132 930394.9400000699
-55 -132 930394.9400000699
-112 -68 930394.9400000699
-112 -68 930394.9400000699
-61 -137 930394.9400000699
-61 -137 930394.9400000699
-112 -180 930394.9400000699
-112 -180 930394.9400000699
-81 -86 930394.9400000699
-81 -86 930394.9400000699
-114 -203 930394.9400000699
-114 -203 930394.9400000699
-149 -235 930394.9400000699
-149 -235 930394.9400000699
-81 -42 930394.9400000699
-81 -42 930394.9400000699
-65 -149 930394.9400000699
-65 -149 930394.9400000699
-146 -169 930394.9400000699
-146 -169 930394.9400000699
-72 -39 930394.9400000699
-72 -39 930394.9400000699
-151 -133 930394.9400000699
-151 -133 930394.9400000699
-84 -38 930394.9400000699
-84 -38 930394.9400000699
-155 -166 930394.9400000699
-155 -166 930394.9400000699
-106 -157 930394.9400000699
-106 -157 930394.9400000699
-110 -198 930394.9400000699
-110 -198 930394.9400000699
-65 -49 930394.9400000699
-65 -49 930394.9400000699
-144 -311 930394.9400000699
-144 -311 930394.9400000699
-150 -286 930394.9400000699
-150 -286 930394.9400000699
-115 -174 930394.9400000699
-115 -174 930394.9400000699
-155 -193 930394.9400000699
-155 -193 930394.9400000699
-25 -20 930394.9400000699
-25 -20 930394.9400000699
-128 -269 930394.9400000699
-128 -269 930394.9400000699
-151 -299 930394.9400000699
-151 -299 930394.9400000699
-142 -109 930394.9400000699
-142 -109 930394.9400000699
-77 -149 930394.9400000699
-77 -149 930394.9400000699
-121 -165 930394.9400000699
-121 -165 930394.9400000699
-155 -251 930394.9400000699
-155 -251 930394.9400000699
-124 -236 930394.9400000699
-124 -236 930394.9400000699
-116 -209 930394.9400000699
-116 -209 930394.9400000699
-76 -163 930394.9400000699
-76 -163 930394.9400000699
-126 -284 930394.9400000699
-126 -284 930394.9400000699
-130 -279 930394.9400000699
-130 -279 930394.9400000699
-76 -187 930394.9400000699
-76 -187 930394.9400000699
-61 -77 930394.9400000699
-61 -77 930394.9400000699
-128 -217 930394.9400000699
-128 -217 930394.9400000699
-68 -71 930394.9400000699
-68 -71 930394.9400000699
-48 -85 930394.9400000699
-48 -85 930394.9400000699
-71 -24 930394.9400000699
-71 -24 930394.9400000699
-123 -193 930394.9400000699
-123 -193 930394.9400000699
-132 -179 930394.9400000699
-132 -179 930394.9400000699
-143 -200 930394.9400000699
-143 -200 930394.9400000699
-92 -202 930394.9400000699
-92 -202 930394.9400000699
-137 -207 930394.9400000699
-137 -207 930394.9400000699
-150 -85 930394.9400000699
-150 -85 930394.9400000699
-138 -107 930394.9400000699
-138 -107 930394.9400000699
-143 -46 930394.9400000699
-143 -46 930394.9400000699
-136 -149 930394.9400000699
-136 -149 930394.9400000699
-93 -220 930394.9400000699
-93 -220 930394.9400000699
-85 -43 930394.9400000699
-85 -43 930394.9400000699
-108 -238 930394.9400000699
-108 -238 930394.9400000699
-60 -58 930394.9400000699
-60 -58 930394.9400000699
-103 -183 930394.9400000699
-103 -183 930394.9400000699
-72 -105 930394.9400000699
-72 -105 930394.9400000699
-135 -168 930394.9400000699
-135 -168 930394.9400000699
-115 -282 930394.9400000699
-115 -282 930394.9400000699
-138 -225 930394.9400000699
-138 -225 930394.9400000699
-138 -50 930394.9400000699
-138 -50 930394.9400000699
-132 -302 930394.9400000699
-132 -302 930394.9400000699
-70 -37 930394.9400000699
-70 -37 930394.9400000699
-107 -193 930394.9400000699
-107 -193 930394.9400000699
-71 -132 930394.9400000699
-71 -132 930394.9400000699
-116 -210 930394.9400000699
-116 -210 930394.9400000699
-107 -121 930394.9400000699
-107 -121 930394.9400000699
-155 -260 930394.9400000699
-155 -260 930394.9400000699
-132 -124 930394.9400000699
-132 -124 930394.9400000699
-126 -238 930394.9400000699
-126 -238 930394.9400000699
-96 -190 930394.9400000699
-96 -190 930394.9400000699
-145 -313 930394.9400000699
-145 -313 930394.9400000699
-104 -34 930394.9400000699
-104 -34 930394.9400000699
-151 -135 930394.9400000699
-151 -135 930394.9400000699
-117 -55 930394.9400000699
-117 -55 930394.9400000699
-88 -61 930394.9400000699
-88 -61 930394.9400000699
-114 -176 930394.9400000699
-114 -176 930394.9400000699
-92 -80 930394.9400000699
-92 -80 930394.9400000699
-39 -92 930394.9400000699
-39 -92 930394.9400000699
-114 -24 930394.9400000699
-114 -24 930394.9400000699
-78 -21 930394.9400000699
-78 -21 930394.9400000699
-95 -26 930394.9400000699
-95 -26 930394.9400000699
-137 -31 930394.9400000699
-137 -31 930394.9400000699
-143 -35 930394.9400000699
-143 -35 930394.9400000699
-148 -33 930394.9400000699
-148 -33 930394.9400000699
-75 -18 930394.9400000699
-75 -18 930394.9400000699
