21 444 921578.3200000976
-32 50 921578.3200000976
-32 50 921578.3200000976
-34 130 921578.3200000976
-34 130 921578.3200000976
-44 87 921578.3200000976
-44 87 921578.3200000976
-58 263 921578.3200000976
-58 263 921578.3200000976
-98 230 921578.3200000976
-98 230 921578.3200000976
-130 205 921578.3200000976
-130 205 921578.3200000976
-55 181 921578.3200000976
-55 181 921578.3200000976
43 389 921578.3200000976
-49 127 921578.3200000976
-49 127 921578.3200000976
-112 245 921578.3200000976
-112 245 921578.3200000976
60 395 921578.3200000976
-61 176 921578.3200000976
-61 176 921578.3200000976
-114 289 921578.3200000976
-114 289 921578.3200000976
71 338 921578.3200000976
106 466 921578.3200000976
55 466 921578.3200000976
42 365 921578.3200000976
-15 264 921578.3200000976
-15 264 921578.3200000976
-78 292 921578.3200000976
-78 292 921578.3200000976
-112 133 921578.3200000976
-112 133 921578.3200000976
-40 26 921578.3200000976
-40 26 921578.3200000976
5 363 921578.3200000976
-81 227 921578.3200000976
-81 227 921578.3200000976
39 353 921578.3200000976
50 459 921578.3200000976
-103 40 921578.3200000976
-103 40 921578.3200000976
-114 110 921578.3200000976
-114 110 921578.3200000976
130 426 921578.3200000976
-149 78 921578.3200000976
-149 78 921578.3200000976
-37 76 921578.3200000976
-37 76 921578.3200000976
-81 271 921578.3200000976
-81 271 921578.3200000976
66 447 921578.3200000976
133 367 921578.3200000976
-65 164 921578.3200000976
-65 164 921578.3200000976
-89 81 921578.3200000976
-89 81 921578.3200000976
-79 24 921578.3200000976
-79 24 921578.3200000976
15 355 921578.3200000976
147 456 921578.3200000976
-95 287 921578.3200000976
-95 287 921578.3200000976
-46 102 921578.3200000976
-46 102 921578.3200000976
72 422 921578.3200000976
-137 282 921578.3200000976
-137 282 921578.3200000976
-146 144 921578.3200000976
167 457 921578.3200000976
-146 144 921578.3200000976
167 457 921578.3200000976
96 458 921578.3200000976
-14 94 921578.3200000976
-14 94 921578.3200000976
-72 274 921578.3200000976
-72 274 921578.3200000976
-143 278 921578.3200000976
-143 278 921578.3200000976
-151 180 921578.3200000976
-151 180 921578.3200000976
23 457 921578.3200000976
144 444 921578.3200000976
131 368 921578.3200000976
-84 275 921578.3200000976
-84 275 921578.3200000976
98 455 921578.3200000976
-100 306 921578.3200000976
-100 -7 921578.3200000976
-100 306 921578.3200000976
-100 -7 921578.3200000976
-155 147 921578.3200000976
158 460 921578.3200000976
-155 147 921578.3200000976
158 460 921578.3200000976
15 382 921578.3200000976
52 379 921578.3200000976
-106 156 921578.3200000976
-106 156 921578.3200000976
-31 198 921578.3200000976
-31 198 921578.3200000976
-110 115 921578.3200000976
-110 115 921578.3200000976
-65 264 921578.3200000976
-65 264 921578.3200000976
69 401 921578.3200000976
-144 2 921578.3200000976
-144 2 921578.3200000976
48 353 921578.3200000976
66 349 921578.3200000976
16 443 921578.3200000976
-150 27 921578.3200000976
-150 27 921578.3200000976
150 397 921578.3200000976
-115 139 921578.3200000976
-115 139 921578.3200000976
-155 120 921578.3200000976
158 433 921578.3200000976
-155 120 921578.3200000976
158 433 921578.3200000976
100 337 921578.3200000976
-104 33 921578.3200000976
-104 33 921578.3200000976
-25 293 921578.3200000976
-25 293 921578.3200000976
-128 44 921578.3200000976
-128 44 921578.3200000976
129 346 921578.3200000976
-151 14 921578.3200000976
-151 14 921578.3200000976
-142 204 921578.3200000976
-142 204 921578.3200000976
-77 164 921578.3200000976
-77 164 921578.3200000976
-121 148 921578.3200000976
-121 148 921578.3200000976
-155 62 921578.3200000976
-155 62 921578.3200000976
53 437 921578.3200000976
-25 193 921578.3200000976
-25 193 921578.3200000976
-124 77 921578.3200000976
-124 77 921578.3200000976
-87 54 921578.3200000976
-87 54 921578.3200000976
42 445 921578.3200000976
92 411 921578.3200000976
-33 31 921578.3200000976
-33 31 921578.3200000976
-116 104 921578.3200000976
-116 104 921578.3200000976
-76 150 921578.3200000976
-76 150 921578.3200000976
-126 29 921578.3200000976
-126 29 921578.3200000976
-130 34 921578.3200000976
-130 34 921578.3200000976
-56 158 921578.3200000976
-56 158 921578.3200000976
-148 280 921578.3200000976
-148 280 921578.3200000976
133 363 921578.3200000976
-154 284 921578.3200000976
-154 -29 921578.3200000976
-154 284 921578.3200000976
-154 -29 921578.3200000976
-76 126 921578.3200000976
-76 126 921578.3200000976
-60 40 921578.3200000976
-60 40 921578.3200000976
118 451 921578.3200000976
-61 236 921578.3200000976
-61 236 921578.3200000976
119 389 921578.3200000976
-128 96 921578.3200000976
-128 96 921578.3200000976
-45 174 921578.3200000976
-45 174 921578.3200000976
-92 55 921578.3200000976
-92 55 921578.3200000976
90 371 921578.3200000976
-68 242 921578.3200000976
-68 242 921578.3200000976
-31 169 921578.3200000976
-31 169 921578.3200000976
-48 228 921578.3200000976
-48 228 921578.3200000976
-29 109 921578.3200000976
-29 109 921578.3200000976
-71 289 921578.3200000976
-71 289 921578.3200000976
-47 133 921578.3200000976
-47 133 921578.3200000976
124 348 921578.3200000976
-123 120 921578.3200000976
-123 120 921578.3200000976
-73 44 921578.3200000976
-73 44 921578.3200000976
99 451 921578.3200000976
-132 134 921578.3200000976
-132 134 921578.3200000976
-28 73 921578.3200000976
-28 73 921578.3200000976
59 387 921578.3200000976
-75 295 921578.3200000976
-75 295 921578.3200000976
-143 113 921578.3200000976
-143 113 921578.3200000976
-66 22 921578.3200000976
-66 22 921578.3200000976
-20 254 921578.3200000976
-20 254 921578.3200000976
-92 111 921578.3200000976
-92 111 921578.3200000976
-137 106 921578.3200000976
-137 106 921578.3200000976
-150 228 921578.3200000976
-150 228 921578.3200000976
-51 152 921578.3200000976
-51 152 921578.3200000976
-138 206 921578.3200000976
-138 206 921578.3200000976
-143 267 921578.3200000976
-143 267 921578.3200000976
-136 164 921578.3200000976
-136 164 921578.3200000976
31 334 921578.3200000976
-56 86 921578.3200000976
-56 86 921578.3200000976
-34 58 921578.3200000976
-34 58 921578.3200000976
-93 93 921578.3200000976
-93 93 921578.3200000976
-73 26 921578.3200000976
-73 26 921578.3200000976
131 381 921578.3200000976
-85 270 921578.3200000976
-85 270 921578.3200000976
-108 75 921578.3200000976
-108 75 921578.3200000976
-60 255 921578.3200000976
-60 255 921578.3200000976
-103 130 921578.3200000976
-103 130 921578.3200000976
62 350 921578.3200000976
-72 208 921578.3200000976
-72 208 921578.3200000976
-135 145 921578.3200000976
-135 145 921578.3200000976
146 455 921578.3200000976
36 349 921578.3200000976
-60 82 921578.3200000976
-60 82 921578.3200000976
-115 31 921578.3200000976
-115 31 921578.3200000976
24 419 921578.3200000976
-138 88 921578.3200000976
-138 88 921578.3200000976
-138 263 921578.3200000976
-138 263 921578.3200000976
22 376 921578.3200000976
-132 11 921578.3200000976
-132 11 921578.3200000976
-70 276 921578.3200000976
-70 276 921578.3200000976
42 466 921578.3200000976
109 462 921578.3200000976
-107 120 921578.3200000976
-107 120 921578.3200000976
-71 181 921578.3200000976
-71 181 921578.3200000976
15 340 921578.3200000976
-17 44 921578.3200000976
-17 44 921578.3200000976
-116 103 921578.3200000976
-116 103 921578.3200000976
-107 192 921578.3200000976
-107 192 921578.3200000976
46 331 921578.3200000976
-14 51 921578.3200000976
-14 51 921578.3200000976
-155 53 921578.3200000976
-155 53 921578.3200000976
-25 19 921578.3200000976
-25 19 921578.3200000976
-132 189 921578.3200000976
-132 189 921578.3200000976
-126 75 921578.3200000976
-126 75 921578.3200000976
-96 123 921578.3200000976
-96 123 921578.3200000976
105 378 921578.3200000976
-79 61 921578.3200000976
-79 61 921578.3200000976
34 424 921578.3200000976
-148 303 921578.3200000976
-148 -10 921578.3200000976
-148 303 921578.3200000976
-148 -10 921578.3200000976
-28 181 921578.3200000976
-28 181 921578.3200000976
-145 0 921578.3200000976
-145 0 921578.3200000976
49 429 921578.3200000976
-104 279 921578.3200000976
-104 279 921578.3200000976
-151 178 921578.3200000976
-151 178 921578.3200000976
0 364 921578.3200000976
-117 258 921578.3200000976
-117 258 921578.3200000976
91 413 921578.3200000976
72 360 921578.3200000976
-88 252 921578.3200000976
-88 252 921578.3200000976
95 451 921578.3200000976
98 395 921578.3200000976
70 447 921578.3200000976
-114 137 921578.3200000976
-114 137 921578.3200000976
-92 233 921578.3200000976
-92 233 921578.3200000976
126 460 921578.3200000976
-39 221 921578.3200000976
-39 221 921578.3200000976
114 401 921578.3200000976
-64 115 921578.3200000976
-64 115 921578.3200000976
-55 111 921578.3200000976
-55 111 921578.3200000976
7 344 921578.3200000976
79 412 921578.3200000976
122 365 921578.3200000976
-8.970000000000027 10.930000000000037 921578.3200000976
-8.970000000000027 10.930000000000037 921578.3200000976
-8.930000000000064 10.890000000000082 921578.3200000976
-8.930000000000064 10.890000000000082 921578.3200000976
-8.8900000000001 10.85000000000011 921578.3200000976
-8.8900000000001 10.85000000000011 921578.3200000976
-8.870000000000118 10.830000000000146 921578.3200000976
-8.870000000000118 10.830000000000146 921578.3200000976
-8.830000000000155 10.790000000000164 921578.3200000976
-8.830000000000155 10.790000000000164 921578.3200000976
-8.77000000000021 10.730000000000201 921578.3200000976
-8.77000000000021 10.730000000000201 921578.3200000976
-8.760000000000218 10.700000000000198 921578.3200000976
-8.760000000000218 10.700000000000198 921578.3200000976
-8.720000000000255 10.660000000000226 921578.3200000976
-8.720000000000255 10.660000000000226 921578.3200000976
-8.700000000000273 10.640000000000262 921578.3200000976
-8.700000000000273 10.640000000000262 921578.3200000976
-8.640000000000327 10.58000000000029 921578.3200000976
-8.640000000000327 10.58000000000029 921578.3200000976
-8.570000000000391 10.510000000000279 921578.3200000976
-8.570000000000391 10.510000000000279 921578.3200000976
-8.55000000000041 10.490000000000284 921578.3200000976
-8.55000000000041 10.490000000000284 921578.3200000976
-8.470000000000482 10.410000000000313 921578.3200000976
-8.470000000000482 10.410000000000313 921578.3200000976
-8.430000000000518 10.370000000000328 921578.3200000976
-8.430000000000518 10.370000000000328 921578.3200000976
-8.410000000000537 10.350000000000355 921578.3200000976
-8.410000000000537 10.350000000000355 921578.3200000976
-8.290000000000646 10.230000000000375 921578.3200000976
-8.290000000000646 10.230000000000375 921578.3200000976
-8.260000000000673 10.200000000000369 921578.3200000976
-8.260000000000673 10.200000000000369 921578.3200000976
-8.22000000000071 10.160000000000396 921578.3200000976
-8.22000000000071 10.160000000000396 921578.3200000976
-8.170000000000755 10.11000000000046 921578.3200000976
-8.170000000000755 10.11000000000046 921578.3200000976
-8.1200000000008 10.060000000000505 921578.3200000976
-8.1200000000008 10.060000000000505 921578.3200000976
-8.090000000000828 10.030000000000523 921578.3200000976
-8.090000000000828 10.030000000000523 921578.3200000976
-8.050000000000864 9.99000000000055 921578.3200000976
-8.050000000000864 9.99000000000055 921578.3200000976
-8.030000000000882 9.970000000000587 921578.3200000976
-8.030000000000882 9.970000000000587 921578.3200000976
-7.940000000000964 9.920000000000597 921578.3200000976
-7.940000000000964 9.920000000000597 921578.3200000976
-7.840000000001055 9.820000000000595 921578.3200000976
-7.840000000001055 9.820000000000595 921578.3200000976
-7.800000000001091 9.780000000000628 921578.3200000976
-7.800000000001091 9.780000000000628 921578.3200000976
-20.950000000000045 217.97000000000003 921578.3200000976
-20.950000000000045 217.97000000000003 921578.3200000976
-7.760000000001128 9.720000000000692 921578.3200000976
-7.760000000001128 9.720000000000692 921578.3200000976
-7.720000000001164 9.680000000000728 921578.3200000976
-7.720000000001164 9.680000000000728 921578.3200000976
-7.690000000001191 9.650000000000755 921578.3200000976
-7.690000000001191 9.650000000000755 921578.3200000976
-7.660000000001219 9.6000000000008 921578.3200000976
-7.660000000001219 9.6000000000008 921578.3200000976
-7.640000000001237 9.580000000000828 921578.3200000976
-7.640000000001237 9.580000000000828 921578.3200000976
-7.600000000001273 9.540000000000855 921578.3200000976
-7.600000000001273 9.540000000000855 921578.3200000976
-7.5800000000012915 9.520000000000882 921578.3200000976
-7.5800000000012915 9.520000000000882 921578.3200000976
-7.540000000001328 9.480000000000901 921578.3200000976
-7.540000000001328 9.480000000000901 921578.3200000976
-7.520000000001346 9.460000000000937 921578.3200000976
-7.520000000001346 9.460000000000937 921578.3200000976
-7.500000000001364 9.440000000000955 921578.3200000976
-7.500000000001364 9.440000000000955 921578.3200000976
-7.430000000001428 9.370000000001001 921578.3200000976
-7.430000000001428 9.370000000001001 921578.3200000976
-7.390000000001464 9.330000000001037 921578.3200000976
-7.390000000001464 9.330000000001037 921578.3200000976
-7.320000000001528 9.260000000001074 921578.3200000976
-7.320000000001528 9.260000000001074 921578.3200000976
-7.290000000001555 9.23000000000108 921578.3200000976
-7.290000000001555 9.23000000000108 921578.3200000976
-7.270000000001573 9.210000000001108 921578.3200000976
-7.270000000001573 9.210000000001108 921578.3200000976
-7.250000000001592 9.190000000001126 921578.3200000976
-7.250000000001592 9.190000000001126 921578.3200000976
-7.190000000001646 9.130000000001154 921578.3200000976
-7.190000000001646 9.130000000001154 921578.3200000976
-7.1600000000016735 9.100000000001142 921578.3200000976
-7.1600000000016735 9.100000000001142 921578.3200000976
-7.140000000001692 9.080000000001169 921578.3200000976
-7.140000000001692 9.080000000001169 921578.3200000976
-7.100000000001728 9.040000000001196 921578.3200000976
-7.100000000001728 9.040000000001196 921578.3200000976
-7.030000000001792 8.970000000001212 921578.3200000976
-7.030000000001792 8.970000000001212 921578.3200000976
-7.01000000000181 8.95000000000123 921578.3200000976
-7.01000000000181 8.95000000000123 921578.3200000976
21.970000000000027 468.97 921578.3200000976
-6.960000000001855 8.900000000001267 921578.3200000976
-6.960000000001855 8.900000000001267 921578.3200000976
-6.940000000001874 8.880000000001294 921578.3200000976
-6.940000000001874 8.880000000001294 921578.3200000976
-6.910000000001901 8.850000000001312 921578.3200000976
-6.910000000001901 8.850000000001312 921578.3200000976
-6.860000000001946 8.800000000001349 921578.3200000976
-6.860000000001946 8.800000000001349 921578.3200000976
-6.79000000000201 8.730000000001386 921578.3200000976
-6.79000000000201 8.730000000001386 921578.3200000976
-6.750000000002046 8.690000000001392 921578.3200000976
-6.750000000002046 8.690000000001392 921578.3200000976
-6.6300000000021555 8.570000000001457 921578.3200000976
-6.6300000000021555 8.570000000001457 921578.3200000976
-6.57000000000221 8.51000000000149 921578.3200000976
-6.57000000000221 8.51000000000149 921578.3200000976
-6.550000000002228 8.490000000001478 921578.3200000976
-6.550000000002228 8.490000000001478 921578.3200000976
-6.5200000000022555 8.440000000001506 921578.3200000976
-6.5200000000022555 8.440000000001506 921578.3200000976
-6.410000000002356 8.330000000001544 921578.3200000976
-6.410000000002356 8.330000000001544 921578.3200000976
-6.3200000000024374 8.240000000001539 921578.3200000976
-6.3200000000024374 8.240000000001539 921578.3200000976
-6.290000000002465 8.210000000001553 921578.3200000976
-6.290000000002465 8.210000000001553 921578.3200000976
-6.260000000002492 8.18000000000158 921578.3200000976
-6.260000000002492 8.18000000000158 921578.3200000976
-6.230000000002519 8.150000000001608 921578.3200000976
-6.230000000002519 8.150000000001608 921578.3200000976
-6.170000000002574 8.090000000001636 921578.3200000976
-6.170000000002574 8.090000000001636 921578.3200000976
-6.120000000002619 8.040000000001633 921578.3200000976
-6.120000000002619 8.040000000001633 921578.3200000976
-114.04999999999995 1.9500000000000455 921578.3200000976
-114.04999999999995 1.9500000000000455 921578.3200000976
-5.970000000002756 7.950000000001619 921578.3200000976
-5.970000000002756 7.950000000001619 921578.3200000976
-7.6300000000003365 138.3299999999997 921578.3200000976
-7.6300000000003365 138.3299999999997 921578.3200000976
-5.8900000000028285 7.870000000001648 921578.3200000976
-5.8900000000028285 7.870000000001648 921578.3200000976
-5.850000000002865 7.830000000001663 921578.3200000976
-5.850000000002865 7.830000000001663 921578.3200000976
-5.820000000002892 7.800000000001699 921578.3200000976
-5.820000000002892 7.800000000001699 921578.3200000976
-5.69000000000301 7.670000000001737 921578.3200000976
-5.69000000000301 7.670000000001737 921578.3200000976
-5.610000000003083 7.590000000001732 921578.3200000976
-5.610000000003083 7.590000000001732 921578.3200000976
-5.5800000000031105 7.560000000001747 921578.3200000976
-5.5800000000031105 7.560000000001747 921578.3200000976
-6.6300000000021555 8.370000000001596 921578.3200000976
-6.6300000000021555 8.370000000001596 921578.3200000976
-5.560000000003129 7.540000000001774 921578.3200000976
-5.560000000003129 7.540000000001774 921578.3200000976
-5.540000000003147 7.520000000001792 921578.3200000976
-5.540000000003147 7.520000000001792 921578.3200000976
-5.510000000003174 7.490000000001819 921578.3200000976
-5.510000000003174 7.490000000001819 921578.3200000976
-5.4700000000032105 7.450000000001838 921578.3200000976
-5.4700000000032105 7.450000000001838 921578.3200000976
-5.450000000003229 7.430000000001874 921578.3200000976
-5.450000000003229 7.430000000001874 921578.3200000976
-6.0000000000027285 7.880000000001701 921578.3200000976
-6.0000000000027285 7.880000000001701 921578.3200000976
-5.35000000000332 7.3300000000019025 921578.3200000976
-5.35000000000332 7.3300000000019025 921578.3200000976
-5.330000000003338 7.310000000001926 921578.3200000976
-5.330000000003338 7.310000000001926 921578.3200000976
-6.8400000000019645 9.000000000001224 921578.3200000976
-6.8400000000019645 9.000000000001224 921578.3200000976
-5.2600000000034015 7.240000000001945 921578.3200000976
-5.2600000000034015 7.240000000001945 921578.3200000976
-7.840000000001055 9.440000000000964 921578.3200000976
-7.840000000001055 9.440000000000964 921578.3200000976
-9.740000000000236 106.97999999999999 921578.3200000976
-9.740000000000236 106.97999999999999 921578.3200000976
43.66000000000007 323.2400000000007 921578.3200000976
-5.230000000003429 7.21000000000196 921578.3200000976
-5.230000000003429 7.21000000000196 921578.3200000976
-99.79000000000019 0.8100000000010823 921578.3200000976
-99.79000000000019 0.8100000000010823 921578.3200000976
93.47000000000024 249.02999999999997 921578.3200000976
-5.830000000002883 8.010000000001622 921578.3200000976
-5.830000000002883 8.010000000001622 921578.3200000976
-92.0 6.540000000000418 921578.3200000976
-92.0 6.540000000000418 921578.3200000976
-7.6800000000012005 10.000000000000604 921578.3200000976
-7.6800000000012005 10.000000000000604 921578.3200000976
-6.9500000000018645 12.049999999999995 921578.3200000976
-6.9500000000018645 12.049999999999995 921578.3200000976
45.529999999999895 322.95000000000095 921578.3200000976
-56.45999999999958 11.700000000001182 921578.3200000976
-56.45999999999958 11.700000000001182 921578.3200000976
-9.489999999999554 9.53000000000128 921578.3200000976
-9.489999999999554 9.53000000000128 921578.3200000976
6.519999999999989 62.420000000000115 921578.3200000976
5.780000000000026 30.819999999999972 921578.3200000976
-5.200000000003456 7.180000000001979 921578.3200000976
-5.200000000003456 7.180000000001979 921578.3200000976
-112.87000000000012 311.82999999999925 921578.3200000976
-112.87000000000012 -1.1700000000007549 921578.3200000976
-112.87000000000012 311.82999999999925 921578.3200000976
-112.87000000000012 -1.1700000000007549 921578.3200000976
-4.4200000000005275 283.3599999999997 921578.3200000976
-4.4200000000005275 283.3599999999997 921578.3200000976
-5.190000000003465 7.170000000002005 921578.3200000976
-5.190000000003465 7.170000000002005 921578.3200000976
95.90999999999944 319.1500000000035 921578.3200000976
-9.830000000002883 168.75000000000023 921578.3200000976
-9.830000000002883 168.75000000000023 921578.3200000976
53.53000000000009 184.6900000000012 921578.3200000976
4.0500000000017735 376.3299999999999 921578.3200000976
39.45000000000031 159.68999999999846 921578.3200000976
56.139999999999375 168.0000000000009 921578.3200000976
6.809999999999961 50.04999999999999 921578.3200000976
22.999999999999687 212.65999999999758 921578.3200000976
70.38999999999918 234.0699999999972 921578.3200000976
23.12000000000002 144.03999999999996 921578.3200000976
39.920000000000414 151.40000000000146 921578.3200000976
0.07999999999545253 189.15999999999985 921578.3200000976
34.9999999999998 109.8199999999994 921578.3200000976
59.24999999999975 207.97000000000276 921578.3200000976
83.18999999999856 251.14999999999986 921578.3200000976
51.029999999999 290.99 921578.3200000976
65.47000000000075 258.6500000000012 921578.3200000976
17.539999999999303 159.71999999999662 921578.3200000976
3.989999999999979 135.5299999999968 921578.3200000976
42.96000000000001 193.03999999999724 921578.3200000976
34.78000000000064 176.34000000000242 921578.3200000976
16.68999999999964 278.930000000001 921578.3200000976
50.5099999999999 144.09000000000174 921578.3200000976
45.9800000000004 171.05999999999995 921578.3200000976
4.109999999999047 259.6099999999976 921578.3200000976
12.290000000000015 183.45000000000414 921578.3200000976
0.7400000000000095 50.920000000000016 921578.3200000976
28.889999999999983 188.1300000000008 921578.3200000976
29.03000000000016 289.8100000000002 921578.3200000976
4.4899999999999896 247.72999999999843 921578.3200000976
19.969999999999995 197.97000000000094 921578.3200000976
5.409999999999949 115.92999999999996 921578.3200000976
17.380000000000194 74.2800000000027 921578.3200000976
5.089999999999977 279.890000000001 921578.3200000976
31.860000000000447 303.1799999999971 921578.3200000976
14.970000000000022 128.7900000000011 921578.3200000976
11.02 226.54000000000224 921578.3200000976
58.93000000000081 264.1699999999962 921578.3200000976
58.07999999999939 153.93999999999915 921578.3200000976
65.77000000000051 179.97000000000003 921578.3200000976
23.88000000000045 128.44000000000233 921578.3200000976
5.860000000000003 241.18000000000256 921578.3200000976
19.250000000000423 246.78999999999655 921578.3200000976
26.130000000000177 273.630000000004 921578.3200000976
-0.5700000000022101 303.8499999999983 921578.3200000976
-0.5700000000022101 303.8499999999983 921578.3200000976
7.059999999999977 296.6400000000003 921578.3200000976
33.21999999999976 214.01999999999998 921578.3200000976
66.79999999999939 308.9200000000046 921578.3200000976
98.23000000000165 257.96999999999457 921578.3200000976
22.989999999999842 102.06999999999799 921578.3200000976
104.15000000000059 293.99000000000274 921578.3200000976
32.920000000000215 230.8399999999956 921578.3200000976
50.029999999999994 169.97000000000003 921578.3200000976
86.43999999999869 243.00000000000273 921578.3200000976
57.81999999999944 193.3999999999969 921578.3200000976
39.71999999999966 274.7800000000011 921578.3200000976
88.10999999999954 263.38999999999237 921578.3200000976
44.30999999999914 221.01 921578.3200000976
74.7000000000024 295.70000000000573 921578.3200000976
40.71000000000026 132.24999999999977 921578.3200000976
8.84000000000011 206.17999999999802 921578.3200000976
5.940000000000023 73.32000000000119 921578.3200000976
17.050000000000008 301.1099999999981 921578.3200000976
78.40000000000123 227.0200000000009 921578.3200000976
6.1199999999999335 96.01999999999848 921578.3200000976
2.450000000004138 385.29000000000065 921578.3200000976
30.080000000000325 202.86000000000013 921578.3200000976
43.810000000000834 257.31000000000336 921578.3200000976
53.90000000000042 241.07999999999993 921578.3200000976
73.5300000000018 267.42999999999415 921578.3200000976
64.07000000000004 220.16999999999985 921578.3200000976
334 131 921578.3200000976
334 444 921578.3200000976
347 226 921578.3200000976
347 226 921578.3200000976
281 363 921578.3200000976
281 363 921578.3200000976
454 240 921578.3200000976
454 240 921578.3200000976
279 443 921578.3200000976
279 443 921578.3200000976
269 400 921578.3200000976
269 400 921578.3200000976
420 159 921578.3200000976
420 159 921578.3200000976
356 389 921578.3200000976
264 440 921578.3200000976
264 440 921578.3200000976
402 218 921578.3200000976
402 218 921578.3200000976
447 276 921578.3200000976
447 276 921578.3200000976
448 279 921578.3200000976
448 279 921578.3200000976
373 395 921578.3200000976
464 254 921578.3200000976
464 254 921578.3200000976
377 220 921578.3200000976
377 220 921578.3200000976
384 338 921578.3200000976
419 153 921578.3200000976
419 466 921578.3200000976
368 153 921578.3200000976
368 466 921578.3200000976
355 365 921578.3200000976
442 183 921578.3200000976
442 183 921578.3200000976
402 255 921578.3200000976
402 255 921578.3200000976
423 212 921578.3200000976
423 212 921578.3200000976
325 243 921578.3200000976
325 243 921578.3200000976
201 446 921578.3200000976
201 446 921578.3200000976
273 339 921578.3200000976
273 339 921578.3200000976
318 363 921578.3200000976
352 353 921578.3200000976
363 146 921578.3200000976
363 459 921578.3200000976
210 353 921578.3200000976
210 353 921578.3200000976
351 276 921578.3200000976
351 276 921578.3200000976
199 423 921578.3200000976
199 423 921578.3200000976
377 260 921578.3200000976
377 260 921578.3200000976
443 426 921578.3200000976
164 391 921578.3200000976
164 391 921578.3200000976
276 389 921578.3200000976
276 389 921578.3200000976
449 283 921578.3200000976
449 283 921578.3200000976
326 188 921578.3200000976
326 188 921578.3200000976
356 190 921578.3200000976
356 190 921578.3200000976
379 134 921578.3200000976
379 447 921578.3200000976
446 367 921578.3200000976
224 394 921578.3200000976
224 394 921578.3200000976
436 175 921578.3200000976
436 175 921578.3200000976
146 322 921578.3200000976
459 322 921578.3200000976
234 337 921578.3200000976
234 337 921578.3200000976
328 355 921578.3200000976
460 143 921578.3200000976
460 456 921578.3200000976
267 415 921578.3200000976
267 415 921578.3200000976
385 422 921578.3200000976
345 214 921578.3200000976
345 214 921578.3200000976
409 145 921578.3200000976
409 458 921578.3200000976
438 228 921578.3200000976
438 228 921578.3200000976
299 407 921578.3200000976
299 407 921578.3200000976
361 261 921578.3200000976
361 261 921578.3200000976
336 144 921578.3200000976
336 457 921578.3200000976
457 444 921578.3200000976
455 254 921578.3200000976
455 254 921578.3200000976
444 368 921578.3200000976
156 337 921578.3200000976
469 337 921578.3200000976
430 182 921578.3200000976
430 182 921578.3200000976
366 169 921578.3200000976
366 169 921578.3200000976
408 243 921578.3200000976
408 243 921578.3200000976
411 142 921578.3200000976
411 455 921578.3200000976
328 382 921578.3200000976
365 379 921578.3200000976
207 469 921578.3200000976
207 469 921578.3200000976
138 340 921578.3200000976
451 340 921578.3200000976
354 158 921578.3200000976
354 158 921578.3200000976
203 428 921578.3200000976
203 428 921578.3200000976
338 210 921578.3200000976
338 210 921578.3200000976
382 401 921578.3200000976
169 315 921578.3200000976
169 315 921578.3200000976
361 353 921578.3200000976
379 349 921578.3200000976
329 130 921578.3200000976
329 443 921578.3200000976
163 340 921578.3200000976
163 340 921578.3200000976
463 397 921578.3200000976
198 452 921578.3200000976
198 452 921578.3200000976
413 337 921578.3200000976
209 346 921578.3200000976
209 346 921578.3200000976
185 357 921578.3200000976
185 357 921578.3200000976
442 346 921578.3200000976
399 251 921578.3200000976
399 251 921578.3200000976
162 327 921578.3200000976
162 327 921578.3200000976
192 461 921578.3200000976
192 461 921578.3200000976
158 375 921578.3200000976
158 375 921578.3200000976
366 124 921578.3200000976
366 437 921578.3200000976
338 278 921578.3200000976
338 278 921578.3200000976
189 390 921578.3200000976
189 390 921578.3200000976
226 367 921578.3200000976
226 367 921578.3200000976
355 132 921578.3200000976
355 445 921578.3200000976
405 411 921578.3200000976
418 181 921578.3200000976
418 181 921578.3200000976
280 344 921578.3200000976
280 344 921578.3200000976
197 417 921578.3200000976
197 417 921578.3200000976
333 199 921578.3200000976
333 199 921578.3200000976
237 463 921578.3200000976
237 463 921578.3200000976
400 197 921578.3200000976
400 197 921578.3200000976
187 342 921578.3200000976
187 342 921578.3200000976
183 347 921578.3200000976
183 347 921578.3200000976
351 179 921578.3200000976
351 179 921578.3200000976
446 363 921578.3200000976
237 439 921578.3200000976
237 439 921578.3200000976
253 353 921578.3200000976
253 353 921578.3200000976
431 138 921578.3200000976
431 451 921578.3200000976
361 171 921578.3200000976
361 171 921578.3200000976
432 258 921578.3200000976
432 258 921578.3200000976
402 246 921578.3200000976
402 246 921578.3200000976
319 244 921578.3200000976
319 244 921578.3200000976
432 389 921578.3200000976
332 280 921578.3200000976
332 280 921578.3200000976
185 409 921578.3200000976
185 409 921578.3200000976
426 175 921578.3200000976
426 175 921578.3200000976
221 368 921578.3200000976
221 368 921578.3200000976
403 371 921578.3200000976
284 422 921578.3200000976
284 422 921578.3200000976
266 446 921578.3200000976
266 446 921578.3200000976
437 348 921578.3200000976
190 433 921578.3200000976
190 433 921578.3200000976
240 357 921578.3200000976
240 357 921578.3200000976
341 290 921578.3200000976
341 290 921578.3200000976
412 138 921578.3200000976
412 451 921578.3200000976
181 447 921578.3200000976
181 447 921578.3200000976
285 386 921578.3200000976
285 386 921578.3200000976
372 387 921578.3200000976
170 426 921578.3200000976
170 426 921578.3200000976
247 335 921578.3200000976
247 335 921578.3200000976
467 163 921578.3200000976
467 163 921578.3200000976
221 424 921578.3200000976
221 424 921578.3200000976
176 419 921578.3200000976
176 419 921578.3200000976
262 465 921578.3200000976
262 465 921578.3200000976
344 334 921578.3200000976
453 218 921578.3200000976
453 218 921578.3200000976
257 399 921578.3200000976
257 399 921578.3200000976
399 178 921578.3200000976
399 178 921578.3200000976
279 371 921578.3200000976
279 371 921578.3200000976
341 203 921578.3200000976
341 203 921578.3200000976
369 241 921578.3200000976
369 241 921578.3200000976
220 406 921578.3200000976
220 406 921578.3200000976
240 339 921578.3200000976
240 339 921578.3200000976
444 381 921578.3200000976
205 388 921578.3200000976
205 388 921578.3200000976
375 180 921578.3200000976
375 180 921578.3200000976
418 174 921578.3200000976
418 174 921578.3200000976
210 443 921578.3200000976
210 443 921578.3200000976
375 350 921578.3200000976
178 458 921578.3200000976
178 458 921578.3200000976
453 160 921578.3200000976
453 160 921578.3200000976
459 142 921578.3200000976
459 455 921578.3200000976
449 172 921578.3200000976
449 172 921578.3200000976
152 363 921578.3200000976
465 363 921578.3200000976
349 349 921578.3200000976
253 395 921578.3200000976
253 395 921578.3200000976
371 211 921578.3200000976
371 211 921578.3200000976
198 344 921578.3200000976
198 344 921578.3200000976
342 189 921578.3200000976
342 189 921578.3200000976
385 231 921578.3200000976
385 231 921578.3200000976
337 106 921578.3200000976
337 419 921578.3200000976
175 401 921578.3200000976
175 401 921578.3200000976
383 261 921578.3200000976
383 261 921578.3200000976
390 165 921578.3200000976
390 165 921578.3200000976
335 376 921578.3200000976
181 324 921578.3200000976
181 324 921578.3200000976
355 153 921578.3200000976
355 466 921578.3200000976
467 313 921578.3200000976
422 149 921578.3200000976
422 462 921578.3200000976
457 290 921578.3200000976
457 290 921578.3200000976
206 433 921578.3200000976
206 433 921578.3200000976
328 340 921578.3200000976
363 170 921578.3200000976
363 170 921578.3200000976
296 357 921578.3200000976
296 357 921578.3200000976
197 416 921578.3200000976
197 416 921578.3200000976
359 331 921578.3200000976
299 364 921578.3200000976
299 364 921578.3200000976
158 366 921578.3200000976
158 366 921578.3200000976
288 332 921578.3200000976
288 332 921578.3200000976
187 388 921578.3200000976
187 388 921578.3200000976
424 180 921578.3200000976
424 180 921578.3200000976
427 215 921578.3200000976
427 215 921578.3200000976
217 436 921578.3200000976
217 436 921578.3200000976
389 228 921578.3200000976
389 228 921578.3200000976
418 378 921578.3200000976
234 374 921578.3200000976
234 374 921578.3200000976
347 111 921578.3200000976
347 424 921578.3200000976
353 221 921578.3200000976
353 221 921578.3200000976
362 116 921578.3200000976
362 429 921578.3200000976
410 176 921578.3200000976
410 176 921578.3200000976
463 280 921578.3200000976
463 280 921578.3200000976
313 364 921578.3200000976
421 206 921578.3200000976
421 206 921578.3200000976
404 413 921578.3200000976
376 260 921578.3200000976
376 260 921578.3200000976
385 360 921578.3200000976
422 252 921578.3200000976
422 252 921578.3200000976
408 252 921578.3200000976
408 252 921578.3200000976
408 138 921578.3200000976
408 451 921578.3200000976
466 292 921578.3200000976
466 292 921578.3200000976
411 395 921578.3200000976
406 249 921578.3200000976
406 249 921578.3200000976
443 168 921578.3200000976
443 168 921578.3200000976
383 134 921578.3200000976
383 447 921578.3200000976
199 450 921578.3200000976
199 450 921578.3200000976
439 147 921578.3200000976
439 460 921578.3200000976
359 291 921578.3200000976
359 291 921578.3200000976
368 190 921578.3200000976
368 190 921578.3200000976
464 157 921578.3200000976
464 157 921578.3200000976
427 401 921578.3200000976
249 428 921578.3200000976
249 428 921578.3200000976
258 424 921578.3200000976
258 424 921578.3200000976
320 344 921578.3200000976
392 412 921578.3200000976
435 365 921578.3200000976
367 186 921578.3200000976
367 186 921578.3200000976
334.97 155.97000000000003 921578.3200000976
334.97 468.97 921578.3200000976
318.21000000000066 297.2299999999998 921578.3200000976
318.21000000000066 297.2299999999998 921578.3200000976
198.95000000000005 314.95000000000005 921578.3200000976
198.95000000000005 314.95000000000005 921578.3200000976
305.36999999999966 451.3299999999997 921578.3200000976
305.36999999999966 451.3299999999997 921578.3200000976
306.36999999999784 321.3700000000016 921578.3200000976
306.36999999999784 321.3700000000016 921578.3200000976
306.99999999999727 320.8800000000017 921578.3200000976
306.99999999999727 320.8800000000017 921578.3200000976
306.15999999999804 322.00000000000125 921578.3200000976
306.15999999999804 322.00000000000125 921578.3200000976
305.15999999999894 322.44000000000096 921578.3200000976
305.15999999999894 322.44000000000096 921578.3200000976
341.87 301.4099999999987 921578.3200000976
341.87 301.4099999999987 921578.3200000976
303.25999999999976 419.98 921578.3200000976
303.25999999999976 419.98 921578.3200000976
356.6600000000001 323.2400000000007 921578.3200000976
326.0000000000009 204.45999999999958 921578.3200000976
326.0000000000009 204.45999999999958 921578.3200000976
213.2099999999998 313.8100000000011 921578.3200000976
213.2099999999998 313.8100000000011 921578.3200000976
307.1699999999971 321.01000000000164 921578.3200000976
307.1699999999971 321.01000000000164 921578.3200000976
221.0 319.5400000000004 921578.3200000976
221.0 319.5400000000004 921578.3200000976
319.0600000000002 297.3199999999997 921578.3200000976
319.0600000000002 297.3199999999997 921578.3200000976
305.3199999999988 323.0000000000006 921578.3200000976
305.3199999999988 323.0000000000006 921578.3200000976
321.53000000000225 228.85000000000014 921578.3200000976
321.53000000000225 228.85000000000014 921578.3200000976
306.04999999999814 325.05 921578.3200000976
306.04999999999814 325.05 921578.3200000976
358.5299999999999 322.95000000000095 921578.3200000976
256.5400000000004 324.7000000000012 921578.3200000976
256.5400000000004 324.7000000000012 921578.3200000976
303.51000000000045 322.5300000000013 921578.3200000976
303.51000000000045 322.5300000000013 921578.3200000976
416.01 297.06999999999994 921578.3200000976
416.01 297.06999999999994 921578.3200000976
158.82000000000016 284.0 921578.3200000976
312.64000000000306 98.33999999999966 921578.3200000976
183.41000000000145 308.0300000000036 921578.3200000976
190.45999999999958 311.5600000000022 921578.3200000976
307.80999999999653 320.170000000002 921578.3200000976
307.80999999999653 320.170000000002 921578.3200000976
188.39000000000146 119.92999999999996 921578.3200000976
408.90999999999946 319.1500000000035 921578.3200000976
203.26999999999975 114.96999999999998 921578.3200000976
218.5399999999986 122.97999999999999 921578.3200000976
310.1800000000062 242.700000000003 921578.3200000976
175.81999999999925 207.6399999999985 921578.3200000976
200.18999999999983 308.09000000000265 921578.3200000976
151.0999999999999 156.14000000000078 921578.3200000976
162.2200000000007 312.1600000000017 921578.3200000976
317.0500000000018 376.3299999999999 921578.3200000976
129.00000000000182 56.479999999999706 921578.3200000976
95.32999999999915 175.2300000000007 921578.3200000976
198.53000000000043 136.97000000000003 921578.3200000976
191.98000000000002 151.35999999999694 921578.3200000976
382.6499999999998 306.76999999999566 921578.3200000976
382.6499999999998 306.76999999999566 921578.3200000976
91.93999999999792 148.89999999999645 921578.3200000976
196.91000000000008 104.65000000000033 921578.3200000976
329.87 301.7699999999975 921578.3200000976
329.87 301.7699999999975 921578.3200000976
84.54999999999926 179.109999999999 921578.3200000976
148.9899999999982 141.83000000000106 921578.3200000976
257.39999999999964 159.03999999999905 921578.3200000976
70.32000000000221 36.079999999999984 921578.3200000976
213.03999999999996 302.9000000000028 921578.3200000976
233.01999999999907 269.1000000000017 921578.3200000976
131.98000000000184 272.44000000000324 921578.3200000976
17.55000000000022 42.729999999999855 921578.3200000976
108.07000000000055 160.00999999999908 921578.3200000976
170.92999999999915 277.93000000000006 921578.3200000976
253.17999999999984 76.41999999999715 921578.3200000976
133.28000000000156 279.1999999999998 921578.3200000976
233.37000000000148 291.3500000000006 921578.3200000976
71.46000000000126 86.49999999999923 921578.3200000976
291.1599999999971 195.39999999999782 921578.3200000976
142.08000000000175 128.72000000000207 921578.3200000976
163.33999999999878 176.5800000000013 921578.3200000976
141.97000000000185 292.4299999999978 921578.3200000976
118.30999999999811 50.770000000000245 921578.3200000976
248.2799999999943 289.2399999999998 921578.3200000976
162.14999999999623 51.210000000000356 921578.3200000976
185.0999999999999 95.93999999999997 921578.3200000976
220.99 234.06999999999903 921578.3200000976
153.01 293.14999999999895 921578.3200000976
264.2099999999998 124.70999999999883 921578.3200000976
310.420000000006 281.4599999999996 921578.3200000976
49.43999999999971 40.61999999999988 921578.3200000976
52.85999999999983 63.57999999999907 921578.3200000976
312.63000000000306 130.910000000001 921578.3200000976
198.8800000000001 109.91999999999996 921578.3200000976
253.23000000000343 90.07000000000208 921578.3200000976
301.5699999999986 166.87000000000194 921578.3200000976
263.74000000000206 136.5199999999968 921578.3200000976
240.08000000000084 274.1199999999999 921578.3200000976
15.03 23.28999999999942 921578.3200000976
155.82000000000198 118.33999999999915 921578.3200000976
105.0 63.899999999999515 921578.3200000976
108.63000000000032 201.95000000000368 921578.3200000976
103.13999999999905 184.7399999999966 921578.3200000976
196.96000000000367 241.76000000000295 921578.3200000976
142.46000000000322 141.82000000000016 921578.3200000976
199.4399999999987 141.59999999999764 921578.3200000976
39.600000000000676 79.96000000000203 921578.3200000976
49.40999999999992 111.00999999999745 921578.3200000976
40.81000000000024 53.5099999999997 921578.3200000976
246.4700000000014 163.71000000000026 921578.3200000976
57.23000000000055 86.55000000000233 921578.3200000976
28.87999999999967 16.759999999999337 921578.3200000976
110.77999999999989 181.15999999999894 921578.3200000976
78.2099999999996 99.01 921578.3200000976
190.0299999999936 209.44999999999595 921578.3200000976
84.60999999999878 198.00999999999908 921578.3200000976
283.13999999999896 162.60000000000582 921578.3200000976
63.80999999999904 71.72999999999884 921578.3200000976
232.92999999999915 307.930000000001 921578.3200000976
139.16999999999712 174.209999999998 921578.3200000976
136.22999999999706 56.089999999999584 921578.3200000976
264.26999999999794 149.75000000000205 921578.3200000976
157.45000000000414 186.84999999999377 921578.3200000976
236.10000000000082 147.56000000000222 921578.3200000976
306.5900000000013 190.14999999999895 921578.3200000976
110.31000000000067 147.51000000000136 921578.3200000976
196.0 260.0599999999981 921578.3200000976
210.0699999999963 192.36999999999966 921578.3200000976
184.26999999999703 185.87000000000285 921578.3200000976
218.23999999999978 287.8999999999992 921578.3200000976
283.8100000000038 286.9700000000055 921578.3200000976
98.26000000000013 142.0 921578.3200000976
72.2000000000001 50.47999999999931 921578.3200000976
99.21000000000215 237.81000000000472 921578.3200000976
221.6399999999985 93.94000000000048 921578.3200000976
167.04999999999995 142.63000000000125 921578.3200000976
132.10999999999717 190.1499999999935 921578.3200000976
284.72999999999934 110.29000000000066 921578.3200000976
207.05000000000177 275.55000000000314 921578.3200000976
247.56999999999584 278.02999999999815 921578.3200000976
118.11000000000006 131.91000000000554 921578.3200000976
139.74000000000024 158.88000000000102 921578.3200000976
76.64999999999982 162.95000000000186 921578.3200000976
269.0099999999991 173.51000000000045 921578.3200000976
258.20999999999526 251.95000000000277 921578.3200000976
106.41999999999817 215.09999999999718 921578.3200000976
118.02000000000052 185.31999999999698 921578.3200000976
206.58999999999946 121.01000000000052 921578.3200000976
312.8700000000056 297.6899999999994 921578.3200000976
241.4499999999996 206.6900000000012 921578.3200000976
105.14999999999957 153.46999999999957 921578.3200000976
294.99000000000274 267.98999999999637 921578.3200000976
177.71999999999753 257.9600000000046 921578.3200000976
209.16999999999803 160.86999999999557 921578.3200000976
119.05000000000003 75.84999999999992 921578.3200000976
59.960000000000406 36.56000000000009 921578.3200000976
167.39000000000237 265.97000000000094 921578.3200000976
124.34999999999967 230.54999999999768 921578.3200000976
64.56999999999927 134.46999999999957 921578.3200000976
155.05999999999904 164.5399999999986 921578.3200000976
96.07999999999902 79.91999999999894 921578.3200000976
242.78999999999564 300.1699999999953 921578.3200000976
154.36999999999694 253.07000000000085 921578.3200000976
133.5599999999995 46.9800000000006 921578.3200000976
104.87999999999994 172.84000000000106 921578.3200000976
158.07999999999993 146.72000000000025 921578.3200000976
88.8199999999994 57.44000000000011 921578.3200000976
142.16999999999803 213.85000000000377 921578.3200000976
72.02000000000001 112.10000000000159 921578.3200000976
276.78999999999746 221.3299999999997 921578.3200000976
149.21000000000436 308.79000000000383 921578.3200000976
102.70000000000189 132.46000000000504 921578.3200000976
169.35999999999876 311.0200000000018 921578.3200000976
199.900000000001 130.72000000000207 921578.3200000976
113.81000000000041 173.27000000000157 921578.3200000976
149.64000000000033 276.9400000000028 921578.3200000976
244.91000000000372 112.76999999999886 921578.3200000976
246.66000000000122 262.6000000000013 921578.3200000976
223.04999999999814 109.4499999999992 921578.3200000976
141.36999999999966 238.75000000000114 921578.3200000976
205.38999999999965 73.94999999999946 921578.3200000976
92.12000000000006 95.41999999999868 921578.3200000976
164.01000000000636 203.83000000000015 921578.3200000976
223.61000000000126 252.04999999999995 921578.3200000976
166.35999999999694 230.5399999999977 921578.3200000976
178.01999999999998 145.35999999999967 921578.3200000976
298.63000000000034 90.6899999999983 921578.3200000976
237.41999999999962 128.4600000000006 921578.3200000976
24.94000000000046 61.360000000000326 921578.3200000976
214.89999999999554 135.13999999999533 921578.3200000976
228.1300000000008 277.6499999999976 921578.3200000976
164.7900000000002 280.03 921578.3200000976
312.2600000000034 116.76000000000039 921578.3200000976
159.12999999999897 63.44999999999971 921578.3200000976
199.5399999999977 98.33999999999762 921578.3200000976
174.0100000000009 88.09000000000005 921578.3200000976
109.15000000000008 252.68999999999937 921578.3200000976
251.94000000000005 175.94000000000005 921578.3200000976
123.14000000000007 175.07999999999993 921578.3200000976
179.86000000000104 132.32000000000153 921578.3200000976
54.54999999999969 123.44999999999972 921578.3200000976
264.93000000000006 227.7700000000002 921578.3200000976
233.05999999999904 224.84000000000196 921578.3200000976
128.61000000000126 165.61000000000217 921578.3200000976
163.21000000000072 78.01 921578.3200000976
258.7899999999993 187.8299999999938 921578.3200000976
223.58000000000402 267.32000000000244 921578.3200000976
236.88000000000466 184.55999999999676 921578.3200000976
297.2999999999952 219.49999999999864 921578.3200000976
166.7599999999984 299.8400000000029 921578.3200000976
173.62000000000216 104.11999999999904 921578.3200000976
117.94000000000202 214.60000000000036 921578.3200000976
95.87000000000249 107.830000000004 921578.3200000976
300.76000000000386 142.31999999999607 921578.3200000976
75.10000000000261 134.03999999999996 921578.3200000976
276.65000000000487 200.00999999999817 921578.3200000976
130.01999999999998 110.21999999999858 921578.3200000976
308.19000000000347 257.5299999999995 921578.3200000976
257.9200000000001 110.73999999999987 921578.3200000976
170.13999999999987 114.84000000000094 921578.3200000976
180.96999999999548 281.99 921578.3200000976
150.0100000000018 47.310000000000535 921578.3200000976
139.51000000000226 254.2299999999998 921578.3200000976
270.1500000000044 306.2100000000071 921578.3200000976
252.36999999999966 233.01000000000272 921578.3200000976
34.66000000000027 33.24000000000055 921578.3200000976
48.76999999999945 19.67000000000026 921578.3200000976
178.49999999999864 165.99999999999818 921578.3200000976
241.94000000000278 243.07999999999902 921578.3200000976
37.5000000000003 41.979999999999606 921578.3200000976
126.9700000000005 147.74999999999932 921578.3200000976
230.23000000000525 166.90999999999735 921578.3200000976
196.85000000000196 290.04999999999905 921578.3200000976
147.16000000000258 88.86000000000249 921578.3200000976
285.4499999999996 181.06999999999994 921578.3200000976
315.45000000000414 385.29000000000065 921578.3200000976
90.95999999999793 133.42000000000417 921578.3200000976
190.05999999999904 80.3200000000017 921578.3200000976
287.4000000000051 249.2800000000043 921578.3200000976
120.1700000000006 259.5099999999986 921578.3200000976
271.04999999999814 88.21000000000062 921578.3200000976
264.52999999999133 268.2899999999952 921578.3200000976
282.279999999997 131.07999999999902 921578.3200000976
268.80999999999835 101.14999999999957 921578.3200000976
300.7000000000021 109.80000000000143 921578.3200000976
90.14000000000058 217.40000000000055 921578.3200000976
225.9799999999982 80.09999999999954 921578.3200000976
185.6900000000012 68.3499999999966 921578.3200000976
133.6499999999976 70.97000000000152 921578.3200000976
114.96000000000049 92.12000000000211 921578.3200000976
127.38000000000696 290.9999999999927 921578.3200000976
209.81000000000472 223.1700000000062 921578.3200000976
288.80999999999653 304.65000000000214 921578.3200000976
34 -87 921578.3200000976
347 -87 921578.3200000976
34 -87 921578.3200000976
347 -87 921578.3200000976
-32 -263 921578.3200000976
-32 -263 921578.3200000976
141 -73 921578.3200000976
454 -73 921578.3200000976
141 -73 921578.3200000976
454 -73 921578.3200000976
-34 -183 921578.3200000976
-34 -183 921578.3200000976
-44 -226 921578.3200000976
-44 -226 921578.3200000976
107 -154 921578.3200000976
420 -154 921578.3200000976
107 -154 921578.3200000976
420 -154 921578.3200000976
255 -50 921578.3200000976
255 -50 921578.3200000976
215 -83 921578.3200000976
215 -83 921578.3200000976
183 -108 921578.3200000976
183 -108 921578.3200000976
258 -132 921578.3200000976
258 -132 921578.3200000976
-49 -186 921578.3200000976
-49 -186 921578.3200000976
89 -95 921578.3200000976
402 -95 921578.3200000976
89 -95 921578.3200000976
402 -95 921578.3200000976
134 -37 921578.3200000976
447 -37 921578.3200000976
134 -37 921578.3200000976
447 -37 921578.3200000976
135 -34 921578.3200000976
448 -34 921578.3200000976
135 -34 921578.3200000976
448 -34 921578.3200000976
201 -68 921578.3200000976
201 -68 921578.3200000976
252 -137 921578.3200000976
252 -137 921578.3200000976
199 -24 921578.3200000976
199 -24 921578.3200000976
151 -59 921578.3200000976
464 -59 921578.3200000976
151 -59 921578.3200000976
464 -59 921578.3200000976
64 -93 921578.3200000976
377 -93 921578.3200000976
64 -93 921578.3200000976
377 -93 921578.3200000976
384 25 921578.3200000976
355 52 921578.3200000976
129 -130 921578.3200000976
442 -130 921578.3200000976
129 -130 921578.3200000976
442 -130 921578.3200000976
298 -49 921578.3200000976
-15 -49 921578.3200000976
298 -49 921578.3200000976
-15 -49 921578.3200000976
89 -58 921578.3200000976
402 -58 921578.3200000976
89 -58 921578.3200000976
402 -58 921578.3200000976
110 -101 921578.3200000976
423 -101 921578.3200000976
110 -101 921578.3200000976
423 -101 921578.3200000976
12 -70 921578.3200000976
325 -70 921578.3200000976
12 -70 921578.3200000976
325 -70 921578.3200000976
235 -21 921578.3200000976
235 -21 921578.3200000976
-40 -287 921578.3200000976
-40 -287 921578.3200000976
318 50 921578.3200000976
232 -86 921578.3200000976
232 -86 921578.3200000976
352 40 921578.3200000976
-103 -273 921578.3200000976
-103 -273 921578.3200000976
38 -37 921578.3200000976
351 -37 921578.3200000976
38 -37 921578.3200000976
351 -37 921578.3200000976
64 -53 921578.3200000976
377 -53 921578.3200000976
64 -53 921578.3200000976
377 -53 921578.3200000976
-37 -237 921578.3200000976
-37 -237 921578.3200000976
136 -30 921578.3200000976
449 -30 921578.3200000976
136 -30 921578.3200000976
449 -30 921578.3200000976
13 -125 921578.3200000976
326 -125 921578.3200000976
13 -125 921578.3200000976
326 -125 921578.3200000976
43 -123 921578.3200000976
356 -123 921578.3200000976
43 -123 921578.3200000976
356 -123 921578.3200000976
232 -42 921578.3200000976
232 -42 921578.3200000976
446 54 921578.3200000976
248 -149 921578.3200000976
248 -149 921578.3200000976
-89 -232 921578.3200000976
-89 -232 921578.3200000976
123 -138 921578.3200000976
436 -138 921578.3200000976
123 -138 921578.3200000976
436 -138 921578.3200000976
459 9 921578.3200000976
-79 -289 921578.3200000976
-79 -289 921578.3200000976
328 42 921578.3200000976
218 -26 921578.3200000976
218 -26 921578.3200000976
-46 -211 921578.3200000976
-46 -211 921578.3200000976
176 -31 921578.3200000976
176 -31 921578.3200000976
32 -99 921578.3200000976
345 -99 921578.3200000976
32 -99 921578.3200000976
345 -99 921578.3200000976
125 -85 921578.3200000976
438 -85 921578.3200000976
125 -85 921578.3200000976
438 -85 921578.3200000976
-14 -219 921578.3200000976
-14 -219 921578.3200000976
48 -52 921578.3200000976
361 -52 921578.3200000976
48 -52 921578.3200000976
361 -52 921578.3200000976
241 -39 921578.3200000976
241 -39 921578.3200000976
170 -35 921578.3200000976
170 -35 921578.3200000976
162 -133 921578.3200000976
162 -133 921578.3200000976
142 -59 921578.3200000976
455 -59 921578.3200000976
142 -59 921578.3200000976
455 -59 921578.3200000976
444 55 921578.3200000976
229 -38 921578.3200000976
229 -38 921578.3200000976
469 24 921578.3200000976
117 -131 921578.3200000976
430 -131 921578.3200000976
117 -131 921578.3200000976
430 -131 921578.3200000976
53 -144 921578.3200000976
366 -144 921578.3200000976
53 -144 921578.3200000976
366 -144 921578.3200000976
95 -70 921578.3200000976
408 -70 921578.3200000976
95 -70 921578.3200000976
408 -70 921578.3200000976
213 -7 921578.3200000976
213 -7 921578.3200000976
365 66 921578.3200000976
282 -115 921578.3200000976
-31 -115 921578.3200000976
282 -115 921578.3200000976
-31 -115 921578.3200000976
451 27 921578.3200000976
41 -155 921578.3200000976
354 -155 921578.3200000976
41 -155 921578.3200000976
354 -155 921578.3200000976
248 -49 921578.3200000976
248 -49 921578.3200000976
25 -103 921578.3200000976
338 -103 921578.3200000976
25 -103 921578.3200000976
338 -103 921578.3200000976
361 40 921578.3200000976
379 36 921578.3200000976
463 84 921578.3200000976
413 24 921578.3200000976
-104 -280 921578.3200000976
-104 -280 921578.3200000976
288 -20 921578.3200000976
288 -20 921578.3200000976
442 33 921578.3200000976
86 -62 921578.3200000976
399 -62 921578.3200000976
86 -62 921578.3200000976
399 -62 921578.3200000976
171 -109 921578.3200000976
171 -109 921578.3200000976
236 -149 921578.3200000976
236 -149 921578.3200000976
288 -120 921578.3200000976
-25 -120 921578.3200000976
288 -120 921578.3200000976
-25 -120 921578.3200000976
25 -35 921578.3200000976
338 -35 921578.3200000976
25 -35 921578.3200000976
338 -35 921578.3200000976
-87 -259 921578.3200000976
-87 -259 921578.3200000976
105 -132 921578.3200000976
418 -132 921578.3200000976
105 -132 921578.3200000976
418 -132 921578.3200000976
-33 -282 921578.3200000976
-33 -282 921578.3200000976
20 -114 921578.3200000976
333 -114 921578.3200000976
20 -114 921578.3200000976
333 -114 921578.3200000976
87 -116 921578.3200000976
400 -116 921578.3200000976
87 -116 921578.3200000976
400 -116 921578.3200000976
257 -155 921578.3200000976
-56 -155 921578.3200000976
257 -155 921578.3200000976
-56 -155 921578.3200000976
38 -134 921578.3200000976
351 -134 921578.3200000976
38 -134 921578.3200000976
351 -134 921578.3200000976
165 -33 921578.3200000976
165 -33 921578.3200000976
446 50 921578.3200000976
159 -29 921578.3200000976
159 -29 921578.3200000976
-60 -273 921578.3200000976
-60 -273 921578.3200000976
252 -77 921578.3200000976
252 -77 921578.3200000976
48 -142 921578.3200000976
361 -142 921578.3200000976
48 -142 921578.3200000976
361 -142 921578.3200000976
119 -55 921578.3200000976
432 -55 921578.3200000976
119 -55 921578.3200000976
432 -55 921578.3200000976
89 -67 921578.3200000976
402 -67 921578.3200000976
89 -67 921578.3200000976
402 -67 921578.3200000976
6 -69 921578.3200000976
319 -69 921578.3200000976
6 -69 921578.3200000976
319 -69 921578.3200000976
432 76 921578.3200000976
19 -33 921578.3200000976
332 -33 921578.3200000976
19 -33 921578.3200000976
332 -33 921578.3200000976
113 -138 921578.3200000976
426 -138 921578.3200000976
113 -138 921578.3200000976
426 -138 921578.3200000976
268 -139 921578.3200000976
-45 -139 921578.3200000976
268 -139 921578.3200000976
-45 -139 921578.3200000976
-92 -258 921578.3200000976
-92 -258 921578.3200000976
403 58 921578.3200000976
245 -71 921578.3200000976
245 -71 921578.3200000976
282 -144 921578.3200000976
-31 -144 921578.3200000976
282 -144 921578.3200000976
-31 -144 921578.3200000976
265 -85 921578.3200000976
265 -85 921578.3200000976
-29 -204 921578.3200000976
-29 -204 921578.3200000976
242 -24 921578.3200000976
242 -24 921578.3200000976
-47 -180 921578.3200000976
-47 -180 921578.3200000976
437 35 921578.3200000976
-73 -269 921578.3200000976
-73 -269 921578.3200000976
28 -23 921578.3200000976
341 -23 921578.3200000976
28 -23 921578.3200000976
341 -23 921578.3200000976
-28 -240 921578.3200000976
-28 -240 921578.3200000976
372 74 921578.3200000976
238 -18 921578.3200000976
238 -18 921578.3200000976
-66 -291 921578.3200000976
-66 -291 921578.3200000976
154 -150 921578.3200000976
467 -150 921578.3200000976
154 -150 921578.3200000976
467 -150 921578.3200000976
293 -59 921578.3200000976
-20 -59 921578.3200000976
293 -59 921578.3200000976
-20 -59 921578.3200000976
163 -85 921578.3200000976
163 -85 921578.3200000976
-51 -161 921578.3200000976
-51 -161 921578.3200000976
175 -107 921578.3200000976
175 -107 921578.3200000976
170 -46 921578.3200000976
170 -46 921578.3200000976
177 -149 921578.3200000976
177 -149 921578.3200000976
344 21 921578.3200000976
140 -95 921578.3200000976
453 -95 921578.3200000976
140 -95 921578.3200000976
453 -95 921578.3200000976
-56 -227 921578.3200000976
-56 -227 921578.3200000976
86 -135 921578.3200000976
399 -135 921578.3200000976
86 -135 921578.3200000976
399 -135 921578.3200000976
-34 -255 921578.3200000976
-34 -255 921578.3200000976
28 -110 921578.3200000976
341 -110 921578.3200000976
28 -110 921578.3200000976
341 -110 921578.3200000976
56 -72 921578.3200000976
369 -72 921578.3200000976
56 -72 921578.3200000976
369 -72 921578.3200000976
-73 -287 921578.3200000976
-73 -287 921578.3200000976
444 68 921578.3200000976
228 -43 921578.3200000976
228 -43 921578.3200000976
62 -133 921578.3200000976
375 -133 921578.3200000976
62 -133 921578.3200000976
375 -133 921578.3200000976
253 -58 921578.3200000976
253 -58 921578.3200000976
105 -139 921578.3200000976
418 -139 921578.3200000976
105 -139 921578.3200000976
418 -139 921578.3200000976
375 37 921578.3200000976
241 -105 921578.3200000976
241 -105 921578.3200000976
140 -153 921578.3200000976
453 -153 921578.3200000976
140 -153 921578.3200000976
453 -153 921578.3200000976
136 -141 921578.3200000976
449 -141 921578.3200000976
136 -141 921578.3200000976
449 -141 921578.3200000976
465 50 921578.3200000976
349 36 921578.3200000976
-60 -231 921578.3200000976
-60 -231 921578.3200000976
58 -102 921578.3200000976
371 -102 921578.3200000976
58 -102 921578.3200000976
371 -102 921578.3200000976
29 -124 921578.3200000976
342 -124 921578.3200000976
29 -124 921578.3200000976
342 -124 921578.3200000976
72 -82 921578.3200000976
385 -82 921578.3200000976
72 -82 921578.3200000976
385 -82 921578.3200000976
70 -52 921578.3200000976
383 -52 921578.3200000976
70 -52 921578.3200000976
383 -52 921578.3200000976
77 -148 921578.3200000976
390 -148 921578.3200000976
77 -148 921578.3200000976
390 -148 921578.3200000976
175 -50 921578.3200000976
175 -50 921578.3200000976
335 63 921578.3200000976
243 -37 921578.3200000976
243 -37 921578.3200000976
467 0 921578.3200000976
144 -23 921578.3200000976
457 -23 921578.3200000976
144 -23 921578.3200000976
457 -23 921578.3200000976
242 -132 921578.3200000976
242 -132 921578.3200000976
328 27 921578.3200000976
50 -143 921578.3200000976
363 -143 921578.3200000976
50 -143 921578.3200000976
363 -143 921578.3200000976
-17 -269 921578.3200000976
-17 -269 921578.3200000976
206 -121 921578.3200000976
206 -121 921578.3200000976
359 18 921578.3200000976
-14 -262 921578.3200000976
-14 -262 921578.3200000976
-25 -294 921578.3200000976
-25 -294 921578.3200000976
181 -124 921578.3200000976
181 -124 921578.3200000976
111 -133 921578.3200000976
424 -133 921578.3200000976
111 -133 921578.3200000976
424 -133 921578.3200000976
114 -98 921578.3200000976
427 -98 921578.3200000976
114 -98 921578.3200000976
427 -98 921578.3200000976
76 -85 921578.3200000976
389 -85 921578.3200000976
76 -85 921578.3200000976
389 -85 921578.3200000976
418 65 921578.3200000976
-79 -252 921578.3200000976
-79 -252 921578.3200000976
165 -10 921578.3200000976
165 -10 921578.3200000976
285 -132 921578.3200000976
-28 -132 921578.3200000976
285 -132 921578.3200000976
-28 -132 921578.3200000976
40 -92 921578.3200000976
353 -92 921578.3200000976
40 -92 921578.3200000976
353 -92 921578.3200000976
97 -137 921578.3200000976
410 -137 921578.3200000976
97 -137 921578.3200000976
410 -137 921578.3200000976
209 -34 921578.3200000976
209 -34 921578.3200000976
162 -135 921578.3200000976
162 -135 921578.3200000976
150 -33 921578.3200000976
463 -33 921578.3200000976
150 -33 921578.3200000976
463 -33 921578.3200000976
108 -107 921578.3200000976
421 -107 921578.3200000976
108 -107 921578.3200000976
421 -107 921578.3200000976
196 -55 921578.3200000976
196 -55 921578.3200000976
63 -53 921578.3200000976
376 -53 921578.3200000976
63 -53 921578.3200000976
376 -53 921578.3200000976
385 47 921578.3200000976
109 -61 921578.3200000976
422 -61 921578.3200000976
109 -61 921578.3200000976
422 -61 921578.3200000976
225 -61 921578.3200000976
225 -61 921578.3200000976
95 -61 921578.3200000976
408 -61 921578.3200000976
95 -61 921578.3200000976
408 -61 921578.3200000976
153 -21 921578.3200000976
466 -21 921578.3200000976
153 -21 921578.3200000976
466 -21 921578.3200000976
411 82 921578.3200000976
93 -64 921578.3200000976
406 -64 921578.3200000976
93 -64 921578.3200000976
406 -64 921578.3200000976
130 -145 921578.3200000976
443 -145 921578.3200000976
130 -145 921578.3200000976
443 -145 921578.3200000976
221 -80 921578.3200000976
221 -80 921578.3200000976
274 -92 921578.3200000976
274 -92 921578.3200000976
46 -22 921578.3200000976
359 -22 921578.3200000976
46 -22 921578.3200000976
359 -22 921578.3200000976
55 -123 921578.3200000976
368 -123 921578.3200000976
55 -123 921578.3200000976
368 -123 921578.3200000976
151 -156 921578.3200000976
464 -156 921578.3200000976
151 -156 921578.3200000976
464 -156 921578.3200000976
-64 -198 921578.3200000976
-64 -198 921578.3200000976
-55 -202 921578.3200000976
-55 -202 921578.3200000976
320 31 921578.3200000976
435 52 921578.3200000976
54 -127 921578.3200000976
367 -127 921578.3200000976
54 -127 921578.3200000976
367 -127 921578.3200000976
5.620000000000337 -15.920000000000073 921578.3200000976
5.620000000000337 -15.920000000000073 921578.3200000976
292.04999999999995 -95.02999999999997 921578.3200000976
-20.950000000000045 -95.02999999999997 921578.3200000976
292.04999999999995 -95.02999999999997 921578.3200000976
-20.950000000000045 -95.02999999999997 921578.3200000976
4.22000000000161 -15.680000000000291 921578.3200000976
4.22000000000161 -15.680000000000291 921578.3200000976
4.190000000001637 -15.6700000000003 921578.3200000976
4.190000000001637 -15.6700000000003 921578.3200000976
3.8100000000020007 -15.650000000000318 921578.3200000976
3.8100000000020007 -15.650000000000318 921578.3200000976
5.210000000000683 -15.77000000000021 921578.3200000976
318.21000000000066 -15.77000000000021 921578.3200000976
5.210000000000683 -15.77000000000021 921578.3200000976
318.21000000000066 -15.77000000000021 921578.3200000976
-114.04999999999995 -311.04999999999995 921578.3200000976
-114.04999999999995 -311.04999999999995 921578.3200000976
-7.6300000000003365 -174.6700000000003 921578.3200000976
-7.6300000000003365 -174.6700000000003 921578.3200000976
-6.6300000000021555 -304.6299999999984 921578.3200000976
-6.6300000000021555 -304.6299999999984 921578.3200000976
-6.0000000000027285 -305.1199999999983 921578.3200000976
-6.0000000000027285 -305.1199999999983 921578.3200000976
-6.8400000000019645 -303.99999999999875 921578.3200000976
-6.8400000000019645 -303.99999999999875 921578.3200000976
-7.840000000001055 -303.55999999999904 921578.3200000976
-7.840000000001055 -303.55999999999904 921578.3200000976
28.86999999999998 -11.590000000001282 921578.3200000976
341.87 -11.590000000001282 921578.3200000976
28.86999999999998 -11.590000000001282 921578.3200000976
341.87 -11.590000000001282 921578.3200000976
-9.740000000000236 -206.02 921578.3200000976
-9.740000000000236 -206.02 921578.3200000976
356.6600000000001 10.240000000000691 921578.3200000976
13.00000000000091 -108.54000000000042 921578.3200000976
326.0000000000009 -108.54000000000042 921578.3200000976
13.00000000000091 -108.54000000000042 921578.3200000976
326.0000000000009 -108.54000000000042 921578.3200000976
-99.79000000000019 -312.1899999999989 921578.3200000976
-99.79000000000019 -312.1899999999989 921578.3200000976
-5.830000000002883 -304.98999999999836 921578.3200000976
-5.830000000002883 -304.98999999999836 921578.3200000976
-92.0 -306.4599999999996 921578.3200000976
-92.0 -306.4599999999996 921578.3200000976
6.0600000000001675 -15.680000000000291 921578.3200000976
319.0600000000002 -15.680000000000291 921578.3200000976
6.0600000000001675 -15.680000000000291 921578.3200000976
319.0600000000002 -15.680000000000291 921578.3200000976
-7.6800000000012005 -302.9999999999994 921578.3200000976
-7.6800000000012005 -302.9999999999994 921578.3200000976
8.530000000002246 -84.14999999999986 921578.3200000976
321.53000000000225 -84.14999999999986 921578.3200000976
8.530000000002246 -84.14999999999986 921578.3200000976
321.53000000000225 -84.14999999999986 921578.3200000976
-6.9500000000018645 -300.95 921578.3200000976
-6.9500000000018645 -300.95 921578.3200000976
358.5299999999999 9.950000000000955 921578.3200000976
-56.45999999999958 -301.2999999999988 921578.3200000976
-56.45999999999958 -301.2999999999988 921578.3200000976
-9.489999999999554 -303.4699999999987 921578.3200000976
-9.489999999999554 -303.4699999999987 921578.3200000976
103.01 -15.930000000000064 921578.3200000976
416.01 -15.930000000000064 921578.3200000976
103.01 -15.930000000000064 921578.3200000976
416.01 -15.930000000000064 921578.3200000976
167.98000000000002 9.093420461070423e-15 921578.3200000976
162.08999999999992 13.99 921578.3200000976
200.12999999999988 -1.1700000000007549 921578.3200000976
200.12999999999988 -1.1700000000007549 921578.3200000976
308.5799999999995 -29.640000000000327 921578.3200000976
-4.4200000000005275 -29.640000000000327 921578.3200000976
308.5799999999995 -29.640000000000327 921578.3200000976
-4.4200000000005275 -29.640000000000327 921578.3200000976
270.21000000000254 25.569999999999933 921578.3200000976
-5.190000000003465 -305.829999999998 921578.3200000976
-5.190000000003465 -305.829999999998 921578.3200000976
408.90999999999946 6.1500000000035016 921578.3200000976
303.1699999999971 -144.24999999999977 921578.3200000976
-9.830000000002883 -144.24999999999977 921578.3200000976
303.1699999999971 -144.24999999999977 921578.3200000976
-9.830000000002883 -144.24999999999977 921578.3200000976
185.17999999999984 1.3199999999990915 921578.3200000976
296.06999999999994 40.010000000000794 921578.3200000976
317.0500000000018 63.329999999999934 921578.3200000976
187.04999999999995 26.169999999999558 921578.3200000976
69.64999999999982 -6.230000000004338 921578.3200000976
382.6499999999998 -6.230000000004338 921578.3200000976
69.64999999999982 -6.230000000004338 921578.3200000976
382.6499999999998 -6.230000000004338 921578.3200000976
16.86999999999998 -11.23000000000252 921578.3200000976
329.87 -11.23000000000252 921578.3200000976
16.86999999999998 -11.23000000000252 921578.3200000976
329.87 -11.23000000000252 921578.3200000976
298.96000000000004 54.839999999999236 921578.3200000976
44.9999999999998 6.8000000000000895 921578.3200000976
281.3399999999988 32.02000000000015 921578.3200000976
234.45999999999776 1.4799999999963631 921578.3200000976
170.02999999999906 4.009999999999957 921578.3200000976
230.33000000000334 24.050000000000008 921578.3200000976
93.13999999999803 9.54000000000001 921578.3200000976
211.55000000000132 5.049999999999935 921578.3200000976
256.33999999999696 42.5199999999995 921578.3200000976
283.1400000000017 0.8599999999945436 921578.3200000976
309.99000000000274 50.59000000000008 921578.3200000976
240.02999999999997 44.129999999999974 921578.3200000976
153.9000000000001 2.320000000000004 921578.3200000976
165.54999999999768 28.450000000000227 921578.3200000976
180.84000000000196 36.05999999999959 921578.3200000976
303.5500000000004 9.690000000000028 921578.3200000976
198.97000000000003 6.469999999999905 921578.3200000976
288.02 17.999999999999844 921578.3200000976
141.7000000000039 9.239999999999995 921578.3200000976
279.5800000000013 48.24000000000035 921578.3200000976
198.2199999999998 29.859999999999822 921578.3200000976
221.93999999999915 10.019999999999936 921578.3200000976
116.42000000000073 5.819999999999011 921578.3200000976
309.4000000000051 27.340000000000053 921578.3200000976
312.4299999999978 -9.150000000001683 921578.3200000976
-0.5700000000022101 -9.150000000001683 921578.3200000976
312.4299999999978 -9.150000000001683 921578.3200000976
-0.5700000000022101 -9.150000000001683 921578.3200000976
248.17999999999893 21.919999999999987 921578.3200000976
239.99 26.910000000000142 921578.3200000976
153.7000000000021 24.100000000000016 921578.3200000976
211.9599999999973 30.039999999999893 921578.3200000976
138.85999999999922 26.899999999999984 921578.3200000976
180.6600000000003 13.039999999999957 921578.3200000976
258.119999999999 8.900000000000087 921578.3200000976
356 76 921578.3200000976
373 82 921578.3200000976
443 113 921578.3200000976
385 109 921578.3200000976
457 131 921578.3200000976
328 69 921578.3200000976
382 88 921578.3200000976
405 98 921578.3200000976
404 100 921578.3200000976
427 88 921578.3200000976
392 99 921578.3200000976
128.7700000000002 30.950000000000035 921578.3200000976
238.10999999999626 63.10999999999958 921578.3200000976
273.0600000000027 74.97999999999948 921578.3200000976
208.54000000000133 42.739999999999455 921578.3200000976
275.34000000000333 59.31999999999974 921578.3200000976
289.02999999999633 73.07000000000004 921578.3200000976
118.64999999999726 34.370000000000125 921578.3200000976
216.32000000000426 57.59999999999948 921578.3200000976
99.68999999999984 28.270000000000667 921578.3200000976
73.21000000000113 20.369999999999276 921578.3200000976
315.45000000000414 72.29000000000066 921578.3200000976
226.15999999999985 52.120000000000374 921578.3200000976
185.9899999999991 48.82999999999904 921578.3200000976
-58 -50 921578.3200000976
-58 -50 921578.3200000976
-98 -83 921578.3200000976
-98 -83 921578.3200000976
-130 -108 921578.3200000976
-130 -108 921578.3200000976
-55 -132 921578.3200000976
-55 -132 921578.3200000976
-112 -68 921578.3200000976
-112 -68 921578.3200000976
-61 -137 921578.3200000976
-61 -137 921578.3200000976
-112 -180 921578.3200000976
-112 -180 921578.3200000976
-81 -86 921578.3200000976
-81 -86 921578.3200000976
-114 -203 921578.3200000976
-114 -203 921578.3200000976
-149 -235 921578.3200000976
-149 -235 921578.3200000976
-81 -42 921578.3200000976
-81 -42 921578.3200000976
-65 -149 921578.3200000976
-65 -149 921578.3200000976
-146 -169 921578.3200000976
-146 -169 921578.3200000976
-72 -39 921578.3200000976
-72 -39 921578.3200000976
-151 -133 921578.3200000976
-151 -133 921578.3200000976
-84 -38 921578.3200000976
-84 -38 921578.3200000976
-155 -166 921578.3200000976
-155 -166 921578.3200000976
-106 -157 921578.3200000976
-106 -157 921578.3200000976
-110 -198 921578.3200000976
-110 -198 921578.3200000976
-65 -49 921578.3200000976
-65 -49 921578.3200000976
-144 -311 921578.3200000976
-144 -311 921578.3200000976
-150 -286 921578.3200000976
-150 -286 921578.3200000976
-115 -174 921578.3200000976
-115 -174 921578.3200000976
-155 -193 921578.3200000976
-155 -193 921578.3200000976
-25 -20 921578.3200000976
-25 -20 921578.3200000976
-128 -269 921578.3200000976
-128 -269 921578.3200000976
-151 -299 921578.3200000976
-151 -299 921578.3200000976
-142 -109 921578.3200000976
-142 -109 921578.3200000976
-77 -149 921578.3200000976
-77 -149 921578.3200000976
-121 -165 921578.3200000976
-121 -165 921578.3200000976
-155 -251 921578.3200000976
-155 -251 921578.3200000976
-124 -236 921578.3200000976
-124 -236 921578.3200000976
-116 -209 921578.3200000976
-116 -209 921578.3200000976
-76 -163 921578.3200000976
-76 -163 921578.3200000976
-126 -284 921578.3200000976
-126 -284 921578.3200000976
-130 -279 921578.3200000976
-130 -279 921578.3200000976
-76 -187 921578.3200000976
-76 -187 921578.3200000976
-61 -77 921578.3200000976
-61 -77 921578.3200000976
-128 -217 921578.3200000976
-128 -217 921578.3200000976
-68 -71 921578.3200000976
-68 -71 921578.3200000976
-48 -85 921578.3200000976
-48 -85 921578.3200000976
-71 -24 921578.3200000976
-71 -24 921578.3200000976
-123 -193 921578.3200000976
-123 -193 921578.3200000976
-132 -179 921578.3200000976
-132 -179 921578.3200000976
-143 -200 921578.3200000976
-143 -200 921578.3200000976
-92 -202 921578.3200000976
-92 -202 921578.3200000976
-137 -207 921578.3200000976
-137 -207 921578.3200000976
-150 -85 921578.3200000976
-150 -85 921578.3200000976
-138 -107 921578.3200000976
-138 -107 921578.3200000976
-143 -46 921578.3200000976
-143 -46 921578.3200000976
-136 -149 921578.3200000976
-136 -149 921578.3200000976
-93 -220 921578.3200000976
-93 -220 921578.3200000976
-85 -43 921578.3200000976
-85 -43 921578.3200000976
-108 -238 921578.3200000976
-108 -238 921578.3200000976
-60 -58 921578.3200000976
-60 -58 921578.3200000976
-103 -183 921578.3200000976
-103 -183 921578.3200000976
-72 -105 921578.3200000976
-72 -105 921578.3200000976
-135 -168 921578.3200000976
-135 -168 921578.3200000976
-115 -282 921578.3200000976
-115 -282 921578.3200000976
-138 -225 921578.3200000976
-138 -225 921578.3200000976
-138 -50 921578.3200000976
-138 -50 921578.3200000976
-132 -302 921578.3200000976
-132 -302 921578.3200000976
-70 -37 921578.3200000976
-70 -37 921578.3200000976
-107 -193 921578.3200000976
-107 -193 921578.3200000976
-71 -132 921578.3200000976
-71 -132 921578.3200000976
-116 -210 921578.3200000976
-116 -210 921578.3200000976
-107 -121 921578.3200000976
-107 -121 921578.3200000976
-155 -260 921578.3200000976
-155 -260 921578.3200000976
-132 -124 921578.3200000976
-132 -124 921578.3200000976
-126 -238 921578.3200000976
-126 -238 921578.3200000976
-96 -190 921578.3200000976
-96 -190 921578.3200000976
-145 -313 921578.3200000976
-145 -313 921578.3200000976
-104 -34 921578.3200000976
-104 -34 921578.3200000976
-151 -135 921578.3200000976
-151 -135 921578.3200000976
-117 -55 921578.3200000976
-117 -55 921578.3200000976
-88 -61 921578.3200000976
-88 -61 921578.3200000976
-114 -176 921578.3200000976
-114 -176 921578.3200000976
-92 -80 921578.3200000976
-92 -80 921578.3200000976
-39 -92 921578.3200000976
-39 -92 921578.3200000976
-114 -24 921578.3200000976
-114 -24 921578.3200000976
-78 -21 921578.3200000976
-78 -21 921578.3200000976
-95 -26 921578.3200000976
-95 -26 921578.3200000976
-137 -31 921578.3200000976
-137 -31 921578.3200000976
-143 -35 921578.3200000976
-143 -35 921578.3200000976
-148 -33 921578.3200000976
-148 -33 921578.3200000976
-75 -18 921578.3200000976
-75 -18 921578.3200000976
