21 444 920188.8200000033
-32 50 920188.8200000033
-32 50 920188.8200000033
-34 130 920188.8200000033
-34 130 920188.8200000033
-44 87 920188.8200000033
-44 87 920188.8200000033
-58 263 920188.8200000033
-58 263 920188.8200000033
-98 230 920188.8200000033
-98 230 920188.8200000033
-130 205 920188.8200000033
-130 205 920188.8200000033
-55 181 920188.8200000033
-55 181 920188.8200000033
43 389 920188.8200000033
-49 127 920188.8200000033
-49 127 920188.8200000033
-112 245 920188.8200000033
-112 245 920188.8200000033
60 395 920188.8200000033
-61 176 920188.8200000033
-61 176 920188.8200000033
-114 289 920188.8200000033
-114 289 920188.8200000033
71 338 920188.8200000033
106 466 920188.8200000033
55 466 920188.8200000033
42 365 920188.8200000033
-15 264 920188.8200000033
-15 264 920188.8200000033
-78 292 920188.8200000033
-78 292 920188.8200000033
-112 133 920188.8200000033
-112 133 920188.8200000033
-40 26 920188.8200000033
-40 26 920188.8200000033
5 363 920188.8200000033
-81 227 920188.8200000033
-81 227 920188.8200000033
39 353 920188.8200000033
50 459 920188.8200000033
-103 40 920188.8200000033
-103 40 920188.8200000033
-114 110 920188.8200000033
-114 110 920188.8200000033
130 426 920188.8200000033
-149 78 920188.8200000033
-149 78 920188.8200000033
-37 76 920188.8200000033
-37 76 920188.8200000033
-81 271 920188.8200000033
-81 271 920188.8200000033
66 447 920188.8200000033
133 367 920188.8200000033
-65 164 920188.8200000033
-65 164 920188.8200000033
-89 81 920188.8200000033
-89 81 920188.8200000033
-79 24 920188.8200000033
-79 24 920188.8200000033
15 355 920188.8200000033
147 456 920188.8200000033
-95 287 920188.8200000033
-95 287 920188.8200000033
-46 102 920188.8200000033
-46 102 920188.8200000033
72 422 920188.8200000033
-137 282 920188.8200000033
-137 282 920188.8200000033
-146 144 920188.8200000033
167 457 920188.8200000033
-146 144 920188.8200000033
167 457 920188.8200000033
96 458 920188.8200000033
-14 94 920188.8200000033
-14 94 920188.8200000033
-72 274 920188.8200000033
-72 274 920188.8200000033
-143 278 920188.8200000033
-143 278 920188.8200000033
-151 180 920188.8200000033
-151 180 920188.8200000033
23 457 920188.8200000033
144 444 920188.8200000033
131 368 920188.8200000033
-84 275 920188.8200000033
-84 275 920188.8200000033
98 455 920188.8200000033
-100 306 920188.8200000033
-100 -7 920188.8200000033
-100 306 920188.8200000033
-100 -7 920188.8200000033
-155 147 920188.8200000033
158 460 920188.8200000033
-155 147 920188.8200000033
158 460 920188.8200000033
15 382 920188.8200000033
52 379 920188.8200000033
-106 156 920188.8200000033
-106 156 920188.8200000033
-31 198 920188.8200000033
-31 198 920188.8200000033
-110 115 920188.8200000033
-110 115 920188.8200000033
-65 264 920188.8200000033
-65 264 920188.8200000033
69 401 920188.8200000033
-144 2 920188.8200000033
-144 2 920188.8200000033
48 353 920188.8200000033
66 349 920188.8200000033
16 443 920188.8200000033
-150 27 920188.8200000033
-150 27 920188.8200000033
150 397 920188.8200000033
-115 139 920188.8200000033
-115 139 920188.8200000033
-155 120 920188.8200000033
158 433 920188.8200000033
-155 120 920188.8200000033
158 433 920188.8200000033
100 337 920188.8200000033
-104 33 920188.8200000033
-104 33 920188.8200000033
-25 293 920188.8200000033
-25 293 920188.8200000033
-128 44 920188.8200000033
-128 44 920188.8200000033
129 346 920188.8200000033
-151 14 920188.8200000033
-151 14 920188.8200000033
-142 204 920188.8200000033
-142 204 920188.8200000033
-77 164 920188.8200000033
-77 164 920188.8200000033
-121 148 920188.8200000033
-121 148 920188.8200000033
-155 62 920188.8200000033
-155 62 920188.8200000033
53 437 920188.8200000033
-25 193 920188.8200000033
-25 193 920188.8200000033
-124 77 920188.8200000033
-124 77 920188.8200000033
-87 54 920188.8200000033
-87 54 920188.8200000033
42 445 920188.8200000033
92 411 920188.8200000033
-33 31 920188.8200000033
-33 31 920188.8200000033
-116 104 920188.8200000033
-116 104 920188.8200000033
-76 150 920188.8200000033
-76 150 920188.8200000033
-126 29 920188.8200000033
-126 29 920188.8200000033
-130 34 920188.8200000033
-130 34 920188.8200000033
-56 158 920188.8200000033
-56 158 920188.8200000033
-148 280 920188.8200000033
-148 280 920188.8200000033
133 363 920188.8200000033
-154 284 920188.8200000033
-154 -29 920188.8200000033
-154 284 920188.8200000033
-154 -29 920188.8200000033
-76 126 920188.8200000033
-76 126 920188.8200000033
-60 40 920188.8200000033
-60 40 920188.8200000033
118 451 920188.8200000033
-61 236 920188.8200000033
-61 236 920188.8200000033
119 389 920188.8200000033
-128 96 920188.8200000033
-128 96 920188.8200000033
-45 174 920188.8200000033
-45 174 920188.8200000033
-92 55 920188.8200000033
-92 55 920188.8200000033
90 371 920188.8200000033
-68 242 920188.8200000033
-68 242 920188.8200000033
-31 169 920188.8200000033
-31 169 920188.8200000033
-48 228 920188.8200000033
-48 228 920188.8200000033
-29 109 920188.8200000033
-29 109 920188.8200000033
-71 289 920188.8200000033
-71 289 920188.8200000033
-47 133 920188.8200000033
-47 133 920188.8200000033
124 348 920188.8200000033
-123 120 920188.8200000033
-123 120 920188.8200000033
-73 44 920188.8200000033
-73 44 920188.8200000033
99 451 920188.8200000033
-132 134 920188.8200000033
-132 134 920188.8200000033
-28 73 920188.8200000033
-28 73 920188.8200000033
59 387 920188.8200000033
-75 295 920188.8200000033
-75 295 920188.8200000033
-143 113 920188.8200000033
-143 113 920188.8200000033
-66 22 920188.8200000033
-66 22 920188.8200000033
-20 254 920188.8200000033
-20 254 920188.8200000033
-92 111 920188.8200000033
-92 111 920188.8200000033
-137 106 920188.8200000033
-137 106 920188.8200000033
-150 228 920188.8200000033
-150 228 920188.8200000033
-51 152 920188.8200000033
-51 152 920188.8200000033
-138 206 920188.8200000033
-138 206 920188.8200000033
-143 267 920188.8200000033
-143 267 920188.8200000033
-136 164 920188.8200000033
-136 164 920188.8200000033
31 334 920188.8200000033
-56 86 920188.8200000033
-56 86 920188.8200000033
-34 58 920188.8200000033
-34 58 920188.8200000033
-93 93 920188.8200000033
-93 93 920188.8200000033
-73 26 920188.8200000033
-73 26 920188.8200000033
131 381 920188.8200000033
-85 270 920188.8200000033
-85 270 920188.8200000033
-108 75 920188.8200000033
-108 75 920188.8200000033
-60 255 920188.8200000033
-60 255 920188.8200000033
-103 130 920188.8200000033
-103 130 920188.8200000033
62 350 920188.8200000033
-72 208 920188.8200000033
-72 208 920188.8200000033
-135 145 920188.8200000033
-135 145 920188.8200000033
146 455 920188.8200000033
36 349 920188.8200000033
-60 82 920188.8200000033
-60 82 920188.8200000033
-115 31 920188.8200000033
-115 31 920188.8200000033
24 419 920188.8200000033
-138 88 920188.8200000033
-138 88 920188.8200000033
-138 263 920188.8200000033
-138 263 920188.8200000033
22 376 920188.8200000033
-132 11 920188.8200000033
-132 11 920188.8200000033
-70 276 920188.8200000033
-70 276 920188.8200000033
42 466 920188.8200000033
109 462 920188.8200000033
-107 120 920188.8200000033
-107 120 920188.8200000033
-71 181 920188.8200000033
-71 181 920188.8200000033
15 340 920188.8200000033
-17 44 920188.8200000033
-17 44 920188.8200000033
-116 103 920188.8200000033
-116 103 920188.8200000033
-107 192 920188.8200000033
-107 192 920188.8200000033
46 331 920188.8200000033
-14 51 920188.8200000033
-14 51 920188.8200000033
-155 53 920188.8200000033
-155 53 920188.8200000033
-25 19 920188.8200000033
-25 19 920188.8200000033
-132 189 920188.8200000033
-132 189 920188.8200000033
-126 75 920188.8200000033
-126 75 920188.8200000033
-96 123 920188.8200000033
-96 123 920188.8200000033
105 378 920188.8200000033
-79 61 920188.8200000033
-79 61 920188.8200000033
34 424 920188.8200000033
-148 303 920188.8200000033
-148 -10 920188.8200000033
-148 303 920188.8200000033
-148 -10 920188.8200000033
-28 181 920188.8200000033
-28 181 920188.8200000033
-145 0 920188.8200000033
-145 0 920188.8200000033
49 429 920188.8200000033
-104 279 920188.8200000033
-104 279 920188.8200000033
-151 178 920188.8200000033
-151 178 920188.8200000033
0 364 920188.8200000033
-117 258 920188.8200000033
-117 258 920188.8200000033
91 413 920188.8200000033
72 360 920188.8200000033
-88 252 920188.8200000033
-88 252 920188.8200000033
95 451 920188.8200000033
98 395 920188.8200000033
70 447 920188.8200000033
-114 137 920188.8200000033
-114 137 920188.8200000033
-92 233 920188.8200000033
-92 233 920188.8200000033
126 460 920188.8200000033
-39 221 920188.8200000033
-39 221 920188.8200000033
114 401 920188.8200000033
-64 115 920188.8200000033
-64 115 920188.8200000033
-55 111 920188.8200000033
-55 111 920188.8200000033
7 344 920188.8200000033
79 412 920188.8200000033
122 365 920188.8200000033
-8.970000000000027 10.930000000000037 920188.8200000033
-8.970000000000027 10.930000000000037 920188.8200000033
-8.930000000000064 10.890000000000082 920188.8200000033
-8.930000000000064 10.890000000000082 920188.8200000033
-8.8900000000001 10.85000000000011 920188.8200000033
-8.8900000000001 10.85000000000011 920188.8200000033
-8.870000000000118 10.830000000000146 920188.8200000033
-8.870000000000118 10.830000000000146 920188.8200000033
-8.830000000000155 10.790000000000164 920188.8200000033
-8.830000000000155 10.790000000000164 920188.8200000033
-8.77000000000021 10.730000000000201 920188.8200000033
-8.77000000000021 10.730000000000201 920188.8200000033
-8.760000000000218 10.700000000000198 920188.8200000033
-8.760000000000218 10.700000000000198 920188.8200000033
-8.720000000000255 10.660000000000226 920188.8200000033
-8.720000000000255 10.660000000000226 920188.8200000033
-8.700000000000273 10.640000000000262 920188.8200000033
-8.700000000000273 10.640000000000262 920188.8200000033
-8.640000000000327 10.58000000000029 920188.8200000033
-8.640000000000327 10.58000000000029 920188.8200000033
-8.570000000000391 10.510000000000279 920188.8200000033
-8.570000000000391 10.510000000000279 920188.8200000033
-8.55000000000041 10.490000000000284 920188.8200000033
-8.55000000000041 10.490000000000284 920188.8200000033
-8.470000000000482 10.410000000000313 920188.8200000033
-8.470000000000482 10.410000000000313 920188.8200000033
-8.430000000000518 10.370000000000328 920188.8200000033
-8.430000000000518 10.370000000000328 920188.8200000033
-8.410000000000537 10.350000000000355 920188.8200000033
-8.410000000000537 10.350000000000355 920188.8200000033
-8.290000000000646 10.230000000000375 920188.8200000033
-8.290000000000646 10.230000000000375 920188.8200000033
-8.260000000000673 10.200000000000369 920188.8200000033
-8.260000000000673 10.200000000000369 920188.8200000033
-8.22000000000071 10.160000000000396 920188.8200000033
-8.22000000000071 10.160000000000396 920188.8200000033
-8.170000000000755 10.11000000000046 920188.8200000033
-8.170000000000755 10.11000000000046 920188.8200000033
-8.1200000000008 10.060000000000505 920188.8200000033
-8.1200000000008 10.060000000000505 920188.8200000033
-8.090000000000828 10.030000000000523 920188.8200000033
-8.090000000000828 10.030000000000523 920188.8200000033
-8.050000000000864 9.99000000000055 920188.8200000033
-8.050000000000864 9.99000000000055 920188.8200000033
-8.030000000000882 9.970000000000587 920188.8200000033
-8.030000000000882 9.970000000000587 920188.8200000033
-7.940000000000964 9.920000000000597 920188.8200000033
-7.940000000000964 9.920000000000597 920188.8200000033
-7.840000000001055 9.820000000000595 920188.8200000033
-7.840000000001055 9.820000000000595 920188.8200000033
-7.800000000001091 9.780000000000628 920188.8200000033
-7.800000000001091 9.780000000000628 920188.8200000033
-20.950000000000045 217.97000000000003 920188.8200000033
-20.950000000000045 217.97000000000003 920188.8200000033
-7.760000000001128 9.720000000000692 920188.8200000033
-7.760000000001128 9.720000000000692 920188.8200000033
-7.720000000001164 9.680000000000728 920188.8200000033
-7.720000000001164 9.680000000000728 920188.8200000033
-7.690000000001191 9.650000000000755 920188.8200000033
-7.690000000001191 9.650000000000755 920188.8200000033
-7.660000000001219 9.6000000000008 920188.8200000033
-7.660000000001219 9.6000000000008 920188.8200000033
-7.640000000001237 9.580000000000828 920188.8200000033
-7.640000000001237 9.580000000000828 920188.8200000033
-7.600000000001273 9.540000000000855 920188.8200000033
-7.600000000001273 9.540000000000855 920188.8200000033
-7.5800000000012915 9.520000000000882 920188.8200000033
-7.5800000000012915 9.520000000000882 920188.8200000033
-7.540000000001328 9.480000000000901 920188.8200000033
-7.540000000001328 9.480000000000901 920188.8200000033
-7.520000000001346 9.460000000000937 920188.8200000033
-7.520000000001346 9.460000000000937 920188.8200000033
-7.500000000001364 9.440000000000955 920188.8200000033
-7.500000000001364 9.440000000000955 920188.8200000033
-7.430000000001428 9.370000000001001 920188.8200000033
-7.430000000001428 9.370000000001001 920188.8200000033
-7.390000000001464 9.330000000001037 920188.8200000033
-7.390000000001464 9.330000000001037 920188.8200000033
-7.320000000001528 9.260000000001074 920188.8200000033
-7.320000000001528 9.260000000001074 920188.8200000033
-7.290000000001555 9.23000000000108 920188.8200000033
-7.290000000001555 9.23000000000108 920188.8200000033
-7.270000000001573 9.210000000001108 920188.8200000033
-7.270000000001573 9.210000000001108 920188.8200000033
-7.250000000001592 9.190000000001126 920188.8200000033
-7.250000000001592 9.190000000001126 920188.8200000033
-7.190000000001646 9.130000000001154 920188.8200000033
-7.190000000001646 9.130000000001154 920188.8200000033
-7.1600000000016735 9.100000000001142 920188.8200000033
-7.1600000000016735 9.100000000001142 920188.8200000033
-7.140000000001692 9.080000000001169 920188.8200000033
-7.140000000001692 9.080000000001169 920188.8200000033
-7.100000000001728 9.040000000001196 920188.8200000033
-7.100000000001728 9.040000000001196 920188.8200000033
-7.030000000001792 8.970000000001212 920188.8200000033
-7.030000000001792 8.970000000001212 920188.8200000033
-7.01000000000181 8.95000000000123 920188.8200000033
-7.01000000000181 8.95000000000123 920188.8200000033
21.970000000000027 468.97 920188.8200000033
-6.960000000001855 8.900000000001267 920188.8200000033
-6.960000000001855 8.900000000001267 920188.8200000033
-6.940000000001874 8.880000000001294 920188.8200000033
-6.940000000001874 8.880000000001294 920188.8200000033
-6.910000000001901 8.850000000001312 920188.8200000033
-6.910000000001901 8.850000000001312 920188.8200000033
-6.860000000001946 8.800000000001349 920188.8200000033
-6.860000000001946 8.800000000001349 920188.8200000033
-6.79000000000201 8.730000000001386 920188.8200000033
-6.79000000000201 8.730000000001386 920188.8200000033
-6.750000000002046 8.690000000001392 920188.8200000033
-6.750000000002046 8.690000000001392 920188.8200000033
-6.6300000000021555 8.570000000001457 920188.8200000033
-6.6300000000021555 8.570000000001457 920188.8200000033
-6.57000000000221 8.51000000000149 920188.8200000033
-6.57000000000221 8.51000000000149 920188.8200000033
-6.550000000002228 8.490000000001478 920188.8200000033
-6.550000000002228 8.490000000001478 920188.8200000033
-6.5200000000022555 8.440000000001506 920188.8200000033
-6.5200000000022555 8.440000000001506 920188.8200000033
-6.410000000002356 8.330000000001544 920188.8200000033
-6.410000000002356 8.330000000001544 920188.8200000033
-6.3200000000024374 8.240000000001539 920188.8200000033
-6.3200000000024374 8.240000000001539 920188.8200000033
-6.290000000002465 8.210000000001553 920188.8200000033
-6.290000000002465 8.210000000001553 920188.8200000033
-6.260000000002492 8.18000000000158 920188.8200000033
-6.260000000002492 8.18000000000158 920188.8200000033
-6.230000000002519 8.150000000001608 920188.8200000033
-6.230000000002519 8.150000000001608 920188.8200000033
-6.170000000002574 8.090000000001636 920188.8200000033
-6.170000000002574 8.090000000001636 920188.8200000033
-6.120000000002619 8.040000000001633 920188.8200000033
-6.120000000002619 8.040000000001633 920188.8200000033
-114.04999999999995 1.9500000000000455 920188.8200000033
-114.04999999999995 1.9500000000000455 920188.8200000033
-5.970000000002756 7.950000000001619 920188.8200000033
-5.970000000002756 7.950000000001619 920188.8200000033
-7.6300000000003365 138.3299999999997 920188.8200000033
-7.6300000000003365 138.3299999999997 920188.8200000033
-5.8900000000028285 7.870000000001648 920188.8200000033
-5.8900000000028285 7.870000000001648 920188.8200000033
-5.850000000002865 7.830000000001663 920188.8200000033
-5.850000000002865 7.830000000001663 920188.8200000033
-5.820000000002892 7.800000000001699 920188.8200000033
-5.820000000002892 7.800000000001699 920188.8200000033
-5.69000000000301 7.670000000001737 920188.8200000033
-5.69000000000301 7.670000000001737 920188.8200000033
-5.610000000003083 7.590000000001732 920188.8200000033
-5.610000000003083 7.590000000001732 920188.8200000033
-5.5800000000031105 7.560000000001747 920188.8200000033
-5.5800000000031105 7.560000000001747 920188.8200000033
-6.6300000000021555 8.370000000001596 920188.8200000033
-6.6300000000021555 8.370000000001596 920188.8200000033
-5.560000000003129 7.540000000001774 920188.8200000033
-5.560000000003129 7.540000000001774 920188.8200000033
-5.540000000003147 7.520000000001792 920188.8200000033
-5.540000000003147 7.520000000001792 920188.8200000033
-5.510000000003174 7.490000000001819 920188.8200000033
-5.510000000003174 7.490000000001819 920188.8200000033
-5.4700000000032105 7.450000000001838 920188.8200000033
-5.4700000000032105 7.450000000001838 920188.8200000033
-5.450000000003229 7.430000000001874 920188.8200000033
-5.450000000003229 7.430000000001874 920188.8200000033
-5.35000000000332 7.3300000000019025 920188.8200000033
-5.35000000000332 7.3300000000019025 920188.8200000033
-5.330000000003338 7.310000000001926 920188.8200000033
-5.330000000003338 7.310000000001926 920188.8200000033
-6.8400000000019645 9.000000000001224 920188.8200000033
-6.8400000000019645 9.000000000001224 920188.8200000033
-5.2600000000034015 7.240000000001945 920188.8200000033
-5.2600000000034015 7.240000000001945 920188.8200000033
-7.840000000001055 9.440000000000964 920188.8200000033
-7.840000000001055 9.440000000000964 920188.8200000033
-9.740000000000236 106.97999999999999 920188.8200000033
-9.740000000000236 106.97999999999999 920188.8200000033
-5.230000000003429 7.21000000000196 920188.8200000033
-5.230000000003429 7.21000000000196 920188.8200000033
-5.200000000003456 7.180000000001979 920188.8200000033
-5.200000000003456 7.180000000001979 920188.8200000033
-5.180000000003474 7.160000000002006 920188.8200000033
-5.180000000003474 7.160000000002006 920188.8200000033
-5.990000000002738 7.87000000000171 920188.8200000033
-5.990000000002738 7.87000000000171 920188.8200000033
-5.820000000002892 8.000000000001622 920188.8200000033
-5.820000000002892 8.000000000001622 920188.8200000033
43.65000000000007 323.2300000000007 920188.8200000033
-7.660000000001219 10.000000000000604 920188.8200000033
-7.660000000001219 10.000000000000604 920188.8200000033
33.21999999999976 214.01999999999998 920188.8200000033
0.7500000000000095 50.91000000000002 920188.8200000033
7.049999999999978 296.61000000000035 920188.8200000033
45.53999999999989 322.900000000001 920188.8200000033
-112.87000000000012 311.8499999999992 920188.8200000033
-112.87000000000012 -1.150000000000773 920188.8200000033
-112.87000000000012 311.8499999999992 920188.8200000033
-112.87000000000012 -1.150000000000773 920188.8200000033
40.770000000000245 132.28999999999974 920188.8200000033
83.0599999999985 251.15999999999985 920188.8200000033
-5.140000000003511 7.120000000002024 920188.8200000033
-5.140000000003511 7.120000000002024 920188.8200000033
23.090000000000014 143.99 920188.8200000033
-92.00999999999999 6.510000000000446 920188.8200000033
-92.00999999999999 6.510000000000446 920188.8200000033
-4.410000000000537 283.36999999999966 920188.8200000033
-4.410000000000537 283.36999999999966 920188.8200000033
-99.79000000000019 0.7700000000011187 920188.8200000033
-99.79000000000019 0.7700000000011187 920188.8200000033
17.12000000000002 301.1199999999981 920188.8200000033
6.509999999999989 62.41000000000012 920188.8200000033
45.95000000000041 171.1099999999999 920188.8200000033
-9.509999999999536 9.510000000001298 920188.8200000033
-9.509999999999536 9.510000000001298 920188.8200000033
50.04999999999999 169.95000000000005 920188.8200000033
19.899999999999984 197.94000000000096 920188.8200000033
44.32999999999914 220.97000000000003 920188.8200000033
4.509999999999989 247.7699999999984 920188.8200000033
65.82000000000053 179.96000000000004 920188.8200000033
-0.5200000000022555 303.8999999999983 920188.8200000033
-0.5200000000022555 303.8999999999983 920188.8200000033
5.830000000000004 241.1300000000026 920188.8200000033
66.8199999999994 308.9200000000046 920188.8200000033
70.38999999999918 234.0899999999972 920188.8200000033
22.999999999999844 102.01999999999796 920188.8200000033
98.3200000000017 258.0599999999945 920188.8200000033
56.19999999999936 168.04000000000087 920188.8200000033
29.000000000000156 289.8000000000002 920188.8200000033
65.5500000000008 258.61000000000126 920188.8200000033
0.11999999999545251 189.17999999999984 920188.8200000033
30.080000000000325 202.9000000000001 920188.8200000033
93.48000000000025 249.01999999999998 920188.8200000033
53.4800000000001 184.6800000000012 920188.8200000033
88.17999999999958 263.49999999999227 920188.8200000033
39.420000000000314 159.71999999999844 920188.8200000033
5.419999999999948 115.87999999999994 920188.8200000033
12.330000000000014 183.45000000000414 920188.8200000033
-56.489999999999554 11.67000000000121 920188.8200000033
-56.489999999999554 11.67000000000121 920188.8200000033
-6.930000000001883 12.069999999999995 920188.8200000033
-6.930000000001883 12.069999999999995 920188.8200000033
42.980000000000004 193.01999999999725 920188.8200000033
64.05000000000003 220.14999999999986 920188.8200000033
39.870000000000424 151.37000000000148 920188.8200000033
5.049999999999978 279.8100000000011 920188.8200000033
78.41000000000123 226.99000000000092 920188.8200000033
26.120000000000175 273.5200000000041 920188.8200000033
50.97999999999901 290.94000000000005 920188.8200000033
3.9599999999999795 135.57999999999674 920188.8200000033
14.960000000000022 128.76000000000113 920188.8200000033
6.86999999999996 50.029999999999994 920188.8200000033
2.350000000004229 385.33000000000067 920188.8200000033
28.889999999999983 188.1300000000008 920188.8200000033
-9.820000000002892 168.74000000000024 920188.8200000033
-9.820000000002892 168.74000000000024 920188.8200000033
6.149999999999933 96.02999999999848 920188.8200000033
73.59000000000184 267.62999999999397 920188.8200000033
4.139999999999047 259.59999999999764 920188.8200000033
95.89999999999944 319.0400000000036 920188.8200000033
74.78000000000245 295.7400000000057 920188.8200000033
104.07000000000055 293.89000000000283 920188.8200000033
57.86999999999943 193.46999999999684 920188.8200000033
58.09999999999938 153.89999999999918 920188.8200000033
19.35000000000044 246.82999999999652 920188.8200000033
22.939999999999678 212.6399999999976 920188.8200000033
8.88000000000011 206.15999999999804 920188.8200000033
23.960000000000463 128.40000000000236 920188.8200000033
5.730000000000027 30.889999999999983 920188.8200000033
17.57999999999931 159.75999999999658 920188.8200000033
31.88000000000045 303.1999999999971 920188.8200000033
34.760000000000645 176.34000000000242 920188.8200000033
43.750000000000846 257.21000000000345 920188.8200000033
59.21999999999976 207.96000000000276 920188.8200000033
16.679999999999637 278.94000000000096 920188.8200000033
35.04999999999979 109.80999999999939 920188.8200000033
11.04 226.56000000000222 920188.8200000033
5.940000000000023 73.38000000000122 920188.8200000033
53.9900000000004 241.1099999999999 920188.8200000033
86.41999999999868 242.98000000000275 920188.8200000033
58.84000000000083 264.2799999999961 920188.8200000033
17.400000000000198 74.36000000000274 920188.8200000033
39.839999999999634 274.920000000001 920188.8200000033
4.01000000000181 376.30999999999995 920188.8200000033
32.86000000000023 230.9399999999955 920188.8200000033
50.54999999999989 144.09000000000174 920188.8200000033
334 131 920188.8200000033
334 444 920188.8200000033
347 226 920188.8200000033
347 226 920188.8200000033
281 363 920188.8200000033
281 363 920188.8200000033
454 240 920188.8200000033
454 240 920188.8200000033
279 443 920188.8200000033
279 443 920188.8200000033
269 400 920188.8200000033
269 400 920188.8200000033
420 159 920188.8200000033
420 159 920188.8200000033
356 389 920188.8200000033
264 440 920188.8200000033
264 440 920188.8200000033
402 218 920188.8200000033
402 218 920188.8200000033
447 276 920188.8200000033
447 276 920188.8200000033
448 279 920188.8200000033
448 279 920188.8200000033
373 395 920188.8200000033
464 254 920188.8200000033
464 254 920188.8200000033
377 220 920188.8200000033
377 220 920188.8200000033
384 338 920188.8200000033
419 153 920188.8200000033
419 466 920188.8200000033
368 153 920188.8200000033
368 466 920188.8200000033
355 365 920188.8200000033
442 183 920188.8200000033
442 183 920188.8200000033
402 255 920188.8200000033
402 255 920188.8200000033
423 212 920188.8200000033
423 212 920188.8200000033
325 243 920188.8200000033
325 243 920188.8200000033
201 446 920188.8200000033
201 446 920188.8200000033
273 339 920188.8200000033
273 339 920188.8200000033
318 363 920188.8200000033
352 353 920188.8200000033
363 146 920188.8200000033
363 459 920188.8200000033
210 353 920188.8200000033
210 353 920188.8200000033
351 276 920188.8200000033
351 276 920188.8200000033
199 423 920188.8200000033
199 423 920188.8200000033
377 260 920188.8200000033
377 260 920188.8200000033
443 426 920188.8200000033
164 391 920188.8200000033
164 391 920188.8200000033
276 389 920188.8200000033
276 389 920188.8200000033
449 283 920188.8200000033
449 283 920188.8200000033
326 188 920188.8200000033
326 188 920188.8200000033
356 190 920188.8200000033
356 190 920188.8200000033
379 134 920188.8200000033
379 447 920188.8200000033
446 367 920188.8200000033
224 394 920188.8200000033
224 394 920188.8200000033
436 175 920188.8200000033
436 175 920188.8200000033
146 322 920188.8200000033
459 322 920188.8200000033
234 337 920188.8200000033
234 337 920188.8200000033
328 355 920188.8200000033
460 143 920188.8200000033
460 456 920188.8200000033
267 415 920188.8200000033
267 415 920188.8200000033
385 422 920188.8200000033
345 214 920188.8200000033
345 214 920188.8200000033
409 145 920188.8200000033
409 458 920188.8200000033
438 228 920188.8200000033
438 228 920188.8200000033
299 407 920188.8200000033
299 407 920188.8200000033
361 261 920188.8200000033
361 261 920188.8200000033
336 144 920188.8200000033
336 457 920188.8200000033
457 444 920188.8200000033
455 254 920188.8200000033
455 254 920188.8200000033
444 368 920188.8200000033
156 337 920188.8200000033
469 337 920188.8200000033
430 182 920188.8200000033
430 182 920188.8200000033
366 169 920188.8200000033
366 169 920188.8200000033
408 243 920188.8200000033
408 243 920188.8200000033
411 142 920188.8200000033
411 455 920188.8200000033
328 382 920188.8200000033
365 379 920188.8200000033
207 469 920188.8200000033
207 469 920188.8200000033
138 340 920188.8200000033
451 340 920188.8200000033
354 158 920188.8200000033
354 158 920188.8200000033
203 428 920188.8200000033
203 428 920188.8200000033
338 210 920188.8200000033
338 210 920188.8200000033
382 401 920188.8200000033
169 315 920188.8200000033
169 315 920188.8200000033
361 353 920188.8200000033
379 349 920188.8200000033
329 130 920188.8200000033
329 443 920188.8200000033
163 340 920188.8200000033
163 340 920188.8200000033
463 397 920188.8200000033
198 452 920188.8200000033
198 452 920188.8200000033
413 337 920188.8200000033
209 346 920188.8200000033
209 346 920188.8200000033
185 357 920188.8200000033
185 357 920188.8200000033
442 346 920188.8200000033
399 251 920188.8200000033
399 251 920188.8200000033
162 327 920188.8200000033
162 327 920188.8200000033
192 461 920188.8200000033
192 461 920188.8200000033
158 375 920188.8200000033
158 375 920188.8200000033
366 124 920188.8200000033
366 437 920188.8200000033
338 278 920188.8200000033
338 278 920188.8200000033
189 390 920188.8200000033
189 390 920188.8200000033
226 367 920188.8200000033
226 367 920188.8200000033
355 132 920188.8200000033
355 445 920188.8200000033
405 411 920188.8200000033
418 181 920188.8200000033
418 181 920188.8200000033
280 344 920188.8200000033
280 344 920188.8200000033
197 417 920188.8200000033
197 417 920188.8200000033
333 199 920188.8200000033
333 199 920188.8200000033
237 463 920188.8200000033
237 463 920188.8200000033
400 197 920188.8200000033
400 197 920188.8200000033
187 342 920188.8200000033
187 342 920188.8200000033
183 347 920188.8200000033
183 347 920188.8200000033
351 179 920188.8200000033
351 179 920188.8200000033
446 363 920188.8200000033
237 439 920188.8200000033
237 439 920188.8200000033
253 353 920188.8200000033
253 353 920188.8200000033
431 138 920188.8200000033
431 451 920188.8200000033
361 171 920188.8200000033
361 171 920188.8200000033
432 258 920188.8200000033
432 258 920188.8200000033
402 246 920188.8200000033
402 246 920188.8200000033
319 244 920188.8200000033
319 244 920188.8200000033
432 389 920188.8200000033
332 280 920188.8200000033
332 280 920188.8200000033
185 409 920188.8200000033
185 409 920188.8200000033
426 175 920188.8200000033
426 175 920188.8200000033
221 368 920188.8200000033
221 368 920188.8200000033
403 371 920188.8200000033
284 422 920188.8200000033
284 422 920188.8200000033
266 446 920188.8200000033
266 446 920188.8200000033
437 348 920188.8200000033
190 433 920188.8200000033
190 433 920188.8200000033
240 357 920188.8200000033
240 357 920188.8200000033
341 290 920188.8200000033
341 290 920188.8200000033
412 138 920188.8200000033
412 451 920188.8200000033
181 447 920188.8200000033
181 447 920188.8200000033
285 386 920188.8200000033
285 386 920188.8200000033
372 387 920188.8200000033
170 426 920188.8200000033
170 426 920188.8200000033
247 335 920188.8200000033
247 335 920188.8200000033
467 163 920188.8200000033
467 163 920188.8200000033
221 424 920188.8200000033
221 424 920188.8200000033
176 419 920188.8200000033
176 419 920188.8200000033
262 465 920188.8200000033
262 465 920188.8200000033
344 334 920188.8200000033
453 218 920188.8200000033
453 218 920188.8200000033
257 399 920188.8200000033
257 399 920188.8200000033
399 178 920188.8200000033
399 178 920188.8200000033
279 371 920188.8200000033
279 371 920188.8200000033
341 203 920188.8200000033
341 203 920188.8200000033
369 241 920188.8200000033
369 241 920188.8200000033
220 406 920188.8200000033
220 406 920188.8200000033
240 339 920188.8200000033
240 339 920188.8200000033
444 381 920188.8200000033
205 388 920188.8200000033
205 388 920188.8200000033
375 180 920188.8200000033
375 180 920188.8200000033
418 174 920188.8200000033
418 174 920188.8200000033
210 443 920188.8200000033
210 443 920188.8200000033
375 350 920188.8200000033
178 458 920188.8200000033
178 458 920188.8200000033
453 160 920188.8200000033
453 160 920188.8200000033
459 142 920188.8200000033
459 455 920188.8200000033
449 172 920188.8200000033
449 172 920188.8200000033
152 363 920188.8200000033
465 363 920188.8200000033
349 349 920188.8200000033
253 395 920188.8200000033
253 395 920188.8200000033
371 211 920188.8200000033
371 211 920188.8200000033
198 344 920188.8200000033
198 344 920188.8200000033
342 189 920188.8200000033
342 189 920188.8200000033
385 231 920188.8200000033
385 231 920188.8200000033
337 106 920188.8200000033
337 419 920188.8200000033
175 401 920188.8200000033
175 401 920188.8200000033
383 261 920188.8200000033
383 261 920188.8200000033
390 165 920188.8200000033
390 165 920188.8200000033
335 376 920188.8200000033
181 324 920188.8200000033
181 324 920188.8200000033
355 153 920188.8200000033
355 466 920188.8200000033
467 313 920188.8200000033
422 149 920188.8200000033
422 462 920188.8200000033
457 290 920188.8200000033
457 290 920188.8200000033
206 433 920188.8200000033
206 433 920188.8200000033
328 340 920188.8200000033
363 170 920188.8200000033
363 170 920188.8200000033
296 357 920188.8200000033
296 357 920188.8200000033
197 416 920188.8200000033
197 416 920188.8200000033
359 331 920188.8200000033
299 364 920188.8200000033
299 364 920188.8200000033
158 366 920188.8200000033
158 366 920188.8200000033
288 332 920188.8200000033
288 332 920188.8200000033
187 388 920188.8200000033
187 388 920188.8200000033
424 180 920188.8200000033
424 180 920188.8200000033
427 215 920188.8200000033
427 215 920188.8200000033
217 436 920188.8200000033
217 436 920188.8200000033
389 228 920188.8200000033
389 228 920188.8200000033
418 378 920188.8200000033
234 374 920188.8200000033
234 374 920188.8200000033
347 111 920188.8200000033
347 424 920188.8200000033
353 221 920188.8200000033
353 221 920188.8200000033
362 116 920188.8200000033
362 429 920188.8200000033
410 176 920188.8200000033
410 176 920188.8200000033
463 280 920188.8200000033
463 280 920188.8200000033
313 364 920188.8200000033
421 206 920188.8200000033
421 206 920188.8200000033
404 413 920188.8200000033
376 260 920188.8200000033
376 260 920188.8200000033
385 360 920188.8200000033
422 252 920188.8200000033
422 252 920188.8200000033
408 252 920188.8200000033
408 252 920188.8200000033
408 138 920188.8200000033
408 451 920188.8200000033
466 292 920188.8200000033
466 292 920188.8200000033
411 395 920188.8200000033
406 249 920188.8200000033
406 249 920188.8200000033
443 168 920188.8200000033
443 168 920188.8200000033
383 134 920188.8200000033
383 447 920188.8200000033
199 450 920188.8200000033
199 450 920188.8200000033
439 147 920188.8200000033
439 460 920188.8200000033
359 291 920188.8200000033
359 291 920188.8200000033
368 190 920188.8200000033
368 190 920188.8200000033
464 157 920188.8200000033
464 157 920188.8200000033
427 401 920188.8200000033
249 428 920188.8200000033
249 428 920188.8200000033
258 424 920188.8200000033
258 424 920188.8200000033
320 344 920188.8200000033
392 412 920188.8200000033
435 365 920188.8200000033
367 186 920188.8200000033
367 186 920188.8200000033
334.97 155.97000000000003 920188.8200000033
334.97 468.97 920188.8200000033
318.21000000000066 297.2299999999998 920188.8200000033
318.21000000000066 297.2299999999998 920188.8200000033
198.95000000000005 314.95000000000005 920188.8200000033
198.95000000000005 314.95000000000005 920188.8200000033
305.36999999999966 451.3299999999997 920188.8200000033
305.36999999999966 451.3299999999997 920188.8200000033
306.36999999999784 321.3700000000016 920188.8200000033
306.36999999999784 321.3700000000016 920188.8200000033
306.15999999999804 322.00000000000125 920188.8200000033
306.15999999999804 322.00000000000125 920188.8200000033
305.15999999999894 322.44000000000096 920188.8200000033
305.15999999999894 322.44000000000096 920188.8200000033
303.25999999999976 419.98 920188.8200000033
303.25999999999976 419.98 920188.8200000033
319.0600000000002 297.3199999999997 920188.8200000033
319.0600000000002 297.3199999999997 920188.8200000033
416.01 297.06999999999994 920188.8200000033
416.01 297.06999999999994 920188.8200000033
307.00999999999726 320.8700000000017 920188.8200000033
307.00999999999726 320.8700000000017 920188.8200000033
307.1799999999971 321.00000000000165 920188.8200000033
307.1799999999971 321.00000000000165 920188.8200000033
356.6500000000001 323.2300000000007 920188.8200000033
305.3399999999988 323.0000000000006 920188.8200000033
305.3399999999988 323.0000000000006 920188.8200000033
158.86000000000013 284.02 920188.8200000033
113.86000000000044 173.2400000000016 920188.8200000033
228.1300000000008 277.6699999999976 920188.8200000033
341.85999999999996 301.4199999999987 920188.8200000033
341.85999999999996 301.4199999999987 920188.8200000033
128.5800000000013 165.56000000000222 920188.8200000033
198.86000000000013 109.95999999999998 920188.8200000033
133.32000000000153 279.2199999999998 920188.8200000033
71.94999999999997 112.07000000000157 920188.8200000033
358.5399999999999 322.900000000001 920188.8200000033
90.90999999999791 133.3700000000042 920188.8200000033
200.2299999999998 308.07000000000266 920188.8200000033
103.07999999999902 184.75999999999658 920188.8200000033
155.06999999999903 164.5499999999986 920188.8200000033
192.01 151.38999999999692 920188.8200000033
307.8599999999965 320.12000000000205 920188.8200000033
307.8599999999965 320.12000000000205 920188.8200000033
325.9800000000009 204.47999999999956 920188.8200000033
325.9800000000009 204.47999999999956 920188.8200000033
264.26999999999975 124.68999999999882 920188.8200000033
248.34999999999422 289.2499999999998 920188.8200000033
91.85999999999788 148.9599999999964 920188.8200000033
220.99 319.51000000000045 920188.8200000033
220.99 319.51000000000045 920188.8200000033
196.86000000000013 104.6000000000003 920188.8200000033
92.07000000000004 95.38999999999866 920188.8200000033
253.07000000000357 90.15000000000212 920188.8200000033
157.98000000000002 146.6800000000003 920188.8200000033
291.14999999999714 195.44999999999777 920188.8200000033
90.10000000000056 217.32000000000062 920188.8200000033
213.2099999999998 313.7700000000011 920188.8200000033
213.2099999999998 313.7700000000011 920188.8200000033
251.8800000000001 175.96000000000004 920188.8200000033
164.7800000000002 279.98 920188.8200000033
303.49000000000046 322.5100000000013 920188.8200000033
303.49000000000046 322.5100000000013 920188.8200000033
205.38999999999965 73.86999999999942 920188.8200000033
223.53000000000407 267.29000000000246 920188.8200000033
185.04999999999995 95.96999999999998 920188.8200000033
240.04000000000087 274.1399999999999 920188.8200000033
190.06999999999357 209.42999999999597 920188.8200000033
308.09000000000356 257.6299999999994 920188.8200000033
104.84999999999992 172.81000000000108 920188.8200000033
206.60999999999945 121.03000000000053 920188.8200000033
60.020000000000394 36.620000000000076 920188.8200000033
310.03000000000634 242.67000000000303 920188.8200000033
241.95000000000277 243.06999999999903 920188.8200000033
246.4500000000014 163.7700000000002 920188.8200000033
203.25999999999976 114.95999999999998 920188.8200000033
155.72000000000207 118.27999999999912 920188.8200000033
257.99 110.72999999999986 920188.8200000033
104.95999999999998 63.85999999999952 920188.8200000033
306.5900000000013 190.12999999999897 920188.8200000033
242.81999999999562 300.1799999999953 920188.8200000033
37.420000000000314 41.979999999999606 920188.8200000033
98.26000000000013 142.0 920188.8200000033
179.87000000000103 132.33000000000152 920188.8200000033
123.15000000000008 175.08999999999992 920188.8200000033
130.0 110.13999999999854 920188.8200000033
124.35999999999967 230.5399999999977 920188.8200000033
170.9999999999991 277.98 920188.8200000033
133.77999999999747 71.02000000000155 920188.8200000033
70.41000000000226 36.129999999999974 920188.8200000033
188.3500000000015 119.94999999999997 920188.8200000033
214.91999999999553 135.1799999999953 920188.8200000033
106.39999999999816 215.13999999999714 920188.8200000033
141.34999999999968 238.75000000000114 920188.8200000033
163.93000000000643 203.85000000000014 920188.8200000033
133.6499999999994 46.89000000000062 920188.8200000033
283.13999999999896 162.48000000000593 920188.8200000033
232.9999999999991 224.72000000000207 920188.8200000033
199.900000000001 130.72000000000207 920188.8200000033
142.39000000000328 141.85000000000014 920188.8200000033
173.99000000000092 88.13000000000007 920188.8200000033
220.97000000000003 234.06999999999903 920188.8200000033
310.35000000000605 281.50999999999954 920188.8200000033
118.25999999999809 50.80000000000024 920188.8200000033
119.08000000000004 75.87999999999994 920188.8200000033
139.12999999999715 174.189999999998 920188.8200000033
233.27000000000157 291.3700000000006 920188.8200000033
154.43999999999687 253.08000000000084 920188.8200000033
232.8899999999992 307.910000000001 920188.8200000033
95.9000000000025 107.94000000000406 920188.8200000033
15.0 23.259999999999415 920188.8200000033
163.10000000000082 78.0 920188.8200000033
288.8599999999965 304.6600000000021 920188.8200000033
52.86999999999983 63.56999999999907 920188.8200000033
17.60000000000023 42.65999999999987 920188.8200000033
108.56000000000029 201.96000000000367 920188.8200000033
167.05999999999995 142.70000000000118 920188.8200000033
49.45999999999991 110.97999999999743 920188.8200000033
207.06000000000176 275.5000000000032 920188.8200000033
198.51000000000045 136.99 920188.8200000033
287.2900000000052 249.21000000000436 920188.8200000033
167.3600000000024 266.0000000000009 920188.8200000033
221.57999999999856 93.9800000000005 920188.8200000033
270.1700000000044 306.0900000000072 920188.8200000033
252.39999999999964 233.00000000000273 920188.8200000033
64.56999999999927 134.48999999999955 920188.8200000033
230.11000000000536 167.02999999999724 920188.8200000033
114.9900000000005 92.15000000000212 920188.8200000033
149.99000000000183 47.310000000000535 920188.8200000033
312.20000000000346 116.76000000000039 920188.8200000033
102.75000000000192 132.37000000000512 920188.8200000033
256.51000000000045 324.6700000000012 920188.8200000033
256.51000000000045 324.6700000000012 920188.8200000033
306.0699999999981 325.07 920188.8200000033
306.0699999999981 325.07 920188.8200000033
149.18000000000438 308.76000000000386 920188.8200000033
312.55000000000314 130.910000000001 920188.8200000033
276.8699999999974 221.3299999999997 920188.8200000033
34.670000000000265 33.17000000000056 920188.8200000033
178.0 145.35999999999967 920188.8200000033
209.8200000000047 223.02000000000635 920188.8200000033
136.299999999997 56.039999999999594 920188.8200000033
157.3900000000042 186.94999999999368 920188.8200000033
147.19000000000256 88.97000000000254 920188.8200000033
84.55999999999875 198.05999999999904 920188.8200000033
78.18999999999959 99.07000000000004 920188.8200000033
169.39999999999873 310.96000000000186 920188.8200000033
118.01000000000052 185.38999999999692 920188.8200000033
264.6599999999912 268.31999999999516 920188.8200000033
49.45999999999971 40.679999999999865 920188.8200000033
300.7200000000039 142.5199999999959 920188.8200000033
181.02999999999543 281.9100000000001 920188.8200000033
218.2199999999998 287.8999999999992 920188.8200000033
76.70999999999985 162.95000000000186 920188.8200000033
139.51000000000226 254.24999999999977 920188.8200000033
110.77999999999989 181.17999999999893 920188.8200000033
265.0 227.74000000000024 920188.8200000033
128.97000000000185 56.54999999999969 920188.8200000033
84.59999999999928 179.15999999999894 920188.8200000033
28.869999999999667 16.689999999999326 920188.8200000033
300.6800000000021 109.82000000000144 920188.8200000033
264.209999999998 149.77000000000203 920188.8200000033
329.9 301.81999999999744 920188.8200000033
329.9 301.81999999999744 920188.8200000033
139.71000000000026 158.87000000000103 920188.8200000033
244.91000000000372 112.70999999999883 920188.8200000033
315.35000000000423 385.33000000000067 920188.8200000033
63.85999999999903 71.6599999999988 920188.8200000033
75.10000000000261 134.05999999999995 920188.8200000033
151.14999999999986 156.1300000000008 920188.8200000033
196.88000000000375 241.64000000000306 920188.8200000033
39.58000000000068 80.00000000000205 920188.8200000033
284.70999999999935 110.33000000000068 920188.8200000033
88.80999999999939 57.43000000000011 920188.8200000033
233.05999999999904 269.0000000000018 920188.8200000033
408.8999999999994 319.0400000000036 920188.8200000033
163.34999999999877 176.55000000000132 920188.8200000033
312.52000000000317 98.29999999999964 920188.8200000033
110.41000000000072 147.53000000000134 920188.8200000033
166.44999999999686 230.56999999999766 920188.8200000033
257.4299999999996 159.02999999999906 920188.8200000033
268.79999999999836 101.13999999999956 920188.8200000033
253.1199999999999 76.45999999999717 920188.8200000033
54.59999999999968 123.49999999999974 920188.8200000033
118.07000000000004 131.89000000000556 920188.8200000033
285.5599999999995 180.98000000000002 920188.8200000033
190.48999999999955 311.4900000000023 920188.8200000033
209.0999999999981 161.01999999999543 920188.8200000033
162.21999999999616 51.160000000000366 920188.8200000033
149.6800000000003 276.9000000000028 920188.8200000033
108.10000000000056 160.01999999999907 920188.8200000033
57.210000000000555 86.51000000000231 920188.8200000033
126.93000000000048 147.70999999999935 920188.8200000033
178.5499999999986 166.00999999999817 920188.8200000033
162.21000000000072 312.1300000000017 920188.8200000033
241.38999999999965 206.6700000000012 920188.8200000033
184.23999999999705 185.96000000000276 920188.8200000033
173.63000000000216 104.08999999999902 920188.8200000033
213.05999999999995 302.88000000000284 920188.8200000033
236.04000000000087 147.52000000000226 920188.8200000033
132.16999999999712 190.2699999999934 920188.8200000033
225.91999999999825 80.05999999999952 920188.8200000033
153.0 293.13999999999896 920188.8200000033
218.56999999999857 123.09000000000005 920188.8200000033
149.02999999999815 141.7900000000011 920188.8200000033
263.6800000000021 136.6199999999967 920188.8200000033
276.65000000000487 200.00999999999817 920188.8200000033
166.81999999999834 299.720000000003 920188.8200000033
175.90999999999917 207.58999999999855 920188.8200000033
185.74000000000115 68.31999999999658 920188.8200000033
237.4299999999996 128.51000000000056 920188.8200000033
48.74999999999945 19.710000000000267 920188.8200000033
71.49000000000127 86.50999999999924 920188.8200000033
297.32999999999515 219.40999999999872 920188.8200000033
127.23000000000688 291.1299999999926 920188.8200000033
170.1099999999999 114.93000000000099 920188.8200000033
196.800000000002 290.0199999999991 920188.8200000033
199.61999999999762 98.23999999999756 920188.8200000033
177.80999999999744 257.91000000000463 920188.8200000033
298.60000000000036 90.73999999999833 920188.8200000033
321.4800000000023 228.82000000000016 920188.8200000033
321.4800000000023 228.82000000000016 920188.8200000033
24.970000000000464 61.310000000000336 920188.8200000033
301.5699999999986 166.9100000000019 920188.8200000033
142.08000000000175 128.74000000000206 920188.8200000033
120.10000000000056 259.5399999999986 920188.8200000033
190.03999999999905 80.28000000000168 920188.8200000033
258.2599999999952 251.86000000000286 920188.8200000033
99.2900000000022 237.8300000000047 920188.8200000033
196.03999999999996 260.01999999999816 920188.8200000033
236.90000000000464 184.5199999999968 920188.8200000033
118.03000000000206 214.5700000000004 920188.8200000033
382.67999999999984 306.8599999999956 920188.8200000033
382.67999999999984 306.8599999999956 920188.8200000033
96.11999999999904 79.89999999999893 920188.8200000033
183.3400000000015 307.9600000000037 920188.8200000033
159.04999999999905 63.34999999999973 920188.8200000033
131.9000000000019 272.4000000000033 920188.8200000033
72.09000000000005 50.449999999999314 920188.8200000033
109.17000000000009 252.7699999999993 920188.8200000033
269.0199999999991 173.52000000000044 920188.8200000033
40.770000000000245 53.489999999999704 920188.8200000033
95.27999999999912 175.14000000000078 920188.8200000033
210.0799999999963 192.3399999999997 920188.8200000033
141.99000000000183 292.5099999999977 920188.8200000033
199.51999999999862 141.65999999999758 920188.8200000033
247.68999999999573 278.04999999999814 920188.8200000033
223.10999999999808 109.4499999999992 920188.8200000033
258.8699999999992 187.84999999999377 920188.8200000033
223.5700000000013 252.01 920188.8200000033
312.6500000000058 297.6299999999994 920188.8200000033
317.0100000000018 376.30999999999995 920188.8200000033
282.319999999997 131.05999999999904 920188.8200000033
246.6700000000012 262.5700000000013 920188.8200000033
294.9000000000028 268.0599999999963 920188.8200000033
271.0899999999981 88.15000000000059 920188.8200000033
283.77000000000385 286.89000000000556 920188.8200000033
105.12999999999955 153.46999999999957 920188.8200000033
142.22999999999797 213.85000000000377 920188.8200000033
34 -87 920188.8200000033
347 -87 920188.8200000033
34 -87 920188.8200000033
347 -87 920188.8200000033
-32 -263 920188.8200000033
-32 -263 920188.8200000033
141 -73 920188.8200000033
454 -73 920188.8200000033
141 -73 920188.8200000033
454 -73 920188.8200000033
-34 -183 920188.8200000033
-34 -183 920188.8200000033
-44 -226 920188.8200000033
-44 -226 920188.8200000033
107 -154 920188.8200000033
420 -154 920188.8200000033
107 -154 920188.8200000033
420 -154 920188.8200000033
255 -50 920188.8200000033
255 -50 920188.8200000033
215 -83 920188.8200000033
215 -83 920188.8200000033
183 -108 920188.8200000033
183 -108 920188.8200000033
258 -132 920188.8200000033
258 -132 920188.8200000033
-49 -186 920188.8200000033
-49 -186 920188.8200000033
89 -95 920188.8200000033
402 -95 920188.8200000033
89 -95 920188.8200000033
402 -95 920188.8200000033
134 -37 920188.8200000033
447 -37 920188.8200000033
134 -37 920188.8200000033
447 -37 920188.8200000033
135 -34 920188.8200000033
448 -34 920188.8200000033
135 -34 920188.8200000033
448 -34 920188.8200000033
201 -68 920188.8200000033
201 -68 920188.8200000033
252 -137 920188.8200000033
252 -137 920188.8200000033
199 -24 920188.8200000033
199 -24 920188.8200000033
151 -59 920188.8200000033
464 -59 920188.8200000033
151 -59 920188.8200000033
464 -59 920188.8200000033
64 -93 920188.8200000033
377 -93 920188.8200000033
64 -93 920188.8200000033
377 -93 920188.8200000033
384 25 920188.8200000033
355 52 920188.8200000033
129 -130 920188.8200000033
442 -130 920188.8200000033
129 -130 920188.8200000033
442 -130 920188.8200000033
298 -49 920188.8200000033
-15 -49 920188.8200000033
298 -49 920188.8200000033
-15 -49 920188.8200000033
89 -58 920188.8200000033
402 -58 920188.8200000033
89 -58 920188.8200000033
402 -58 920188.8200000033
110 -101 920188.8200000033
423 -101 920188.8200000033
110 -101 920188.8200000033
423 -101 920188.8200000033
12 -70 920188.8200000033
325 -70 920188.8200000033
12 -70 920188.8200000033
325 -70 920188.8200000033
235 -21 920188.8200000033
235 -21 920188.8200000033
-40 -287 920188.8200000033
-40 -287 920188.8200000033
318 50 920188.8200000033
232 -86 920188.8200000033
232 -86 920188.8200000033
352 40 920188.8200000033
-103 -273 920188.8200000033
-103 -273 920188.8200000033
38 -37 920188.8200000033
351 -37 920188.8200000033
38 -37 920188.8200000033
351 -37 920188.8200000033
64 -53 920188.8200000033
377 -53 920188.8200000033
64 -53 920188.8200000033
377 -53 920188.8200000033
-37 -237 920188.8200000033
-37 -237 920188.8200000033
136 -30 920188.8200000033
449 -30 920188.8200000033
136 -30 920188.8200000033
449 -30 920188.8200000033
13 -125 920188.8200000033
326 -125 920188.8200000033
13 -125 920188.8200000033
326 -125 920188.8200000033
43 -123 920188.8200000033
356 -123 920188.8200000033
43 -123 920188.8200000033
356 -123 920188.8200000033
232 -42 920188.8200000033
232 -42 920188.8200000033
446 54 920188.8200000033
248 -149 920188.8200000033
248 -149 920188.8200000033
-89 -232 920188.8200000033
-89 -232 920188.8200000033
123 -138 920188.8200000033
436 -138 920188.8200000033
123 -138 920188.8200000033
436 -138 920188.8200000033
459 9 920188.8200000033
-79 -289 920188.8200000033
-79 -289 920188.8200000033
328 42 920188.8200000033
218 -26 920188.8200000033
218 -26 920188.8200000033
-46 -211 920188.8200000033
-46 -211 920188.8200000033
176 -31 920188.8200000033
176 -31 920188.8200000033
32 -99 920188.8200000033
345 -99 920188.8200000033
32 -99 920188.8200000033
345 -99 920188.8200000033
125 -85 920188.8200000033
438 -85 920188.8200000033
125 -85 920188.8200000033
438 -85 920188.8200000033
-14 -219 920188.8200000033
-14 -219 920188.8200000033
48 -52 920188.8200000033
361 -52 920188.8200000033
48 -52 920188.8200000033
361 -52 920188.8200000033
241 -39 920188.8200000033
241 -39 920188.8200000033
170 -35 920188.8200000033
170 -35 920188.8200000033
162 -133 920188.8200000033
162 -133 920188.8200000033
142 -59 920188.8200000033
455 -59 920188.8200000033
142 -59 920188.8200000033
455 -59 920188.8200000033
444 55 920188.8200000033
229 -38 920188.8200000033
229 -38 920188.8200000033
469 24 920188.8200000033
117 -131 920188.8200000033
430 -131 920188.8200000033
117 -131 920188.8200000033
430 -131 920188.8200000033
53 -144 920188.8200000033
366 -144 920188.8200000033
53 -144 920188.8200000033
366 -144 920188.8200000033
95 -70 920188.8200000033
408 -70 920188.8200000033
95 -70 920188.8200000033
408 -70 920188.8200000033
213 -7 920188.8200000033
213 -7 920188.8200000033
365 66 920188.8200000033
282 -115 920188.8200000033
-31 -115 920188.8200000033
282 -115 920188.8200000033
-31 -115 920188.8200000033
451 27 920188.8200000033
41 -155 920188.8200000033
354 -155 920188.8200000033
41 -155 920188.8200000033
354 -155 920188.8200000033
248 -49 920188.8200000033
248 -49 920188.8200000033
25 -103 920188.8200000033
338 -103 920188.8200000033
25 -103 920188.8200000033
338 -103 920188.8200000033
361 40 920188.8200000033
379 36 920188.8200000033
463 84 920188.8200000033
413 24 920188.8200000033
-104 -280 920188.8200000033
-104 -280 920188.8200000033
288 -20 920188.8200000033
288 -20 920188.8200000033
442 33 920188.8200000033
86 -62 920188.8200000033
399 -62 920188.8200000033
86 -62 920188.8200000033
399 -62 920188.8200000033
171 -109 920188.8200000033
171 -109 920188.8200000033
236 -149 920188.8200000033
236 -149 920188.8200000033
288 -120 920188.8200000033
-25 -120 920188.8200000033
288 -120 920188.8200000033
-25 -120 920188.8200000033
25 -35 920188.8200000033
338 -35 920188.8200000033
25 -35 920188.8200000033
338 -35 920188.8200000033
-87 -259 920188.8200000033
-87 -259 920188.8200000033
105 -132 920188.8200000033
418 -132 920188.8200000033
105 -132 920188.8200000033
418 -132 920188.8200000033
-33 -282 920188.8200000033
-33 -282 920188.8200000033
20 -114 920188.8200000033
333 -114 920188.8200000033
20 -114 920188.8200000033
333 -114 920188.8200000033
87 -116 920188.8200000033
400 -116 920188.8200000033
87 -116 920188.8200000033
400 -116 920188.8200000033
257 -155 920188.8200000033
-56 -155 920188.8200000033
257 -155 920188.8200000033
-56 -155 920188.8200000033
38 -134 920188.8200000033
351 -134 920188.8200000033
38 -134 920188.8200000033
351 -134 920188.8200000033
165 -33 920188.8200000033
165 -33 920188.8200000033
446 50 920188.8200000033
159 -29 920188.8200000033
159 -29 920188.8200000033
-60 -273 920188.8200000033
-60 -273 920188.8200000033
252 -77 920188.8200000033
252 -77 920188.8200000033
48 -142 920188.8200000033
361 -142 920188.8200000033
48 -142 920188.8200000033
361 -142 920188.8200000033
119 -55 920188.8200000033
432 -55 920188.8200000033
119 -55 920188.8200000033
432 -55 920188.8200000033
89 -67 920188.8200000033
402 -67 920188.8200000033
89 -67 920188.8200000033
402 -67 920188.8200000033
6 -69 920188.8200000033
319 -69 920188.8200000033
6 -69 920188.8200000033
319 -69 920188.8200000033
432 76 920188.8200000033
19 -33 920188.8200000033
332 -33 920188.8200000033
19 -33 920188.8200000033
332 -33 920188.8200000033
113 -138 920188.8200000033
426 -138 920188.8200000033
113 -138 920188.8200000033
426 -138 920188.8200000033
268 -139 920188.8200000033
-45 -139 920188.8200000033
268 -139 920188.8200000033
-45 -139 920188.8200000033
-92 -258 920188.8200000033
-92 -258 920188.8200000033
403 58 920188.8200000033
245 -71 920188.8200000033
245 -71 920188.8200000033
282 -144 920188.8200000033
-31 -144 920188.8200000033
282 -144 920188.8200000033
-31 -144 920188.8200000033
265 -85 920188.8200000033
265 -85 920188.8200000033
-29 -204 920188.8200000033
-29 -204 920188.8200000033
242 -24 920188.8200000033
242 -24 920188.8200000033
-47 -180 920188.8200000033
-47 -180 920188.8200000033
437 35 920188.8200000033
-73 -269 920188.8200000033
-73 -269 920188.8200000033
28 -23 920188.8200000033
341 -23 920188.8200000033
28 -23 920188.8200000033
341 -23 920188.8200000033
-28 -240 920188.8200000033
-28 -240 920188.8200000033
372 74 920188.8200000033
238 -18 920188.8200000033
238 -18 920188.8200000033
-66 -291 920188.8200000033
-66 -291 920188.8200000033
154 -150 920188.8200000033
467 -150 920188.8200000033
154 -150 920188.8200000033
467 -150 920188.8200000033
293 -59 920188.8200000033
-20 -59 920188.8200000033
293 -59 920188.8200000033
-20 -59 920188.8200000033
163 -85 920188.8200000033
163 -85 920188.8200000033
-51 -161 920188.8200000033
-51 -161 920188.8200000033
175 -107 920188.8200000033
175 -107 920188.8200000033
170 -46 920188.8200000033
170 -46 920188.8200000033
177 -149 920188.8200000033
177 -149 920188.8200000033
344 21 920188.8200000033
140 -95 920188.8200000033
453 -95 920188.8200000033
140 -95 920188.8200000033
453 -95 920188.8200000033
-56 -227 920188.8200000033
-56 -227 920188.8200000033
86 -135 920188.8200000033
399 -135 920188.8200000033
86 -135 920188.8200000033
399 -135 920188.8200000033
-34 -255 920188.8200000033
-34 -255 920188.8200000033
28 -110 920188.8200000033
341 -110 920188.8200000033
28 -110 920188.8200000033
341 -110 920188.8200000033
56 -72 920188.8200000033
369 -72 920188.8200000033
56 -72 920188.8200000033
369 -72 920188.8200000033
-73 -287 920188.8200000033
-73 -287 920188.8200000033
444 68 920188.8200000033
228 -43 920188.8200000033
228 -43 920188.8200000033
62 -133 920188.8200000033
375 -133 920188.8200000033
62 -133 920188.8200000033
375 -133 920188.8200000033
253 -58 920188.8200000033
253 -58 920188.8200000033
105 -139 920188.8200000033
418 -139 920188.8200000033
105 -139 920188.8200000033
418 -139 920188.8200000033
375 37 920188.8200000033
241 -105 920188.8200000033
241 -105 920188.8200000033
140 -153 920188.8200000033
453 -153 920188.8200000033
140 -153 920188.8200000033
453 -153 920188.8200000033
136 -141 920188.8200000033
449 -141 920188.8200000033
136 -141 920188.8200000033
449 -141 920188.8200000033
465 50 920188.8200000033
349 36 920188.8200000033
-60 -231 920188.8200000033
-60 -231 920188.8200000033
58 -102 920188.8200000033
371 -102 920188.8200000033
58 -102 920188.8200000033
371 -102 920188.8200000033
29 -124 920188.8200000033
342 -124 920188.8200000033
29 -124 920188.8200000033
342 -124 920188.8200000033
72 -82 920188.8200000033
385 -82 920188.8200000033
72 -82 920188.8200000033
385 -82 920188.8200000033
70 -52 920188.8200000033
383 -52 920188.8200000033
70 -52 920188.8200000033
383 -52 920188.8200000033
77 -148 920188.8200000033
390 -148 920188.8200000033
77 -148 920188.8200000033
390 -148 920188.8200000033
175 -50 920188.8200000033
175 -50 920188.8200000033
335 63 920188.8200000033
243 -37 920188.8200000033
243 -37 920188.8200000033
467 0 920188.8200000033
144 -23 920188.8200000033
457 -23 920188.8200000033
144 -23 920188.8200000033
457 -23 920188.8200000033
242 -132 920188.8200000033
242 -132 920188.8200000033
328 27 920188.8200000033
50 -143 920188.8200000033
363 -143 920188.8200000033
50 -143 920188.8200000033
363 -143 920188.8200000033
-17 -269 920188.8200000033
-17 -269 920188.8200000033
206 -121 920188.8200000033
206 -121 920188.8200000033
359 18 920188.8200000033
-14 -262 920188.8200000033
-14 -262 920188.8200000033
-25 -294 920188.8200000033
-25 -294 920188.8200000033
181 -124 920188.8200000033
181 -124 920188.8200000033
111 -133 920188.8200000033
424 -133 920188.8200000033
111 -133 920188.8200000033
424 -133 920188.8200000033
114 -98 920188.8200000033
427 -98 920188.8200000033
114 -98 920188.8200000033
427 -98 920188.8200000033
76 -85 920188.8200000033
389 -85 920188.8200000033
76 -85 920188.8200000033
389 -85 920188.8200000033
418 65 920188.8200000033
-79 -252 920188.8200000033
-79 -252 920188.8200000033
165 -10 920188.8200000033
165 -10 920188.8200000033
285 -132 920188.8200000033
-28 -132 920188.8200000033
285 -132 920188.8200000033
-28 -132 920188.8200000033
40 -92 920188.8200000033
353 -92 920188.8200000033
40 -92 920188.8200000033
353 -92 920188.8200000033
97 -137 920188.8200000033
410 -137 920188.8200000033
97 -137 920188.8200000033
410 -137 920188.8200000033
209 -34 920188.8200000033
209 -34 920188.8200000033
162 -135 920188.8200000033
162 -135 920188.8200000033
150 -33 920188.8200000033
463 -33 920188.8200000033
150 -33 920188.8200000033
463 -33 920188.8200000033
108 -107 920188.8200000033
421 -107 920188.8200000033
108 -107 920188.8200000033
421 -107 920188.8200000033
196 -55 920188.8200000033
196 -55 920188.8200000033
63 -53 920188.8200000033
376 -53 920188.8200000033
63 -53 920188.8200000033
376 -53 920188.8200000033
385 47 920188.8200000033
109 -61 920188.8200000033
422 -61 920188.8200000033
109 -61 920188.8200000033
422 -61 920188.8200000033
225 -61 920188.8200000033
225 -61 920188.8200000033
95 -61 920188.8200000033
408 -61 920188.8200000033
95 -61 920188.8200000033
408 -61 920188.8200000033
153 -21 920188.8200000033
466 -21 920188.8200000033
153 -21 920188.8200000033
466 -21 920188.8200000033
411 82 920188.8200000033
93 -64 920188.8200000033
406 -64 920188.8200000033
93 -64 920188.8200000033
406 -64 920188.8200000033
130 -145 920188.8200000033
443 -145 920188.8200000033
130 -145 920188.8200000033
443 -145 920188.8200000033
221 -80 920188.8200000033
221 -80 920188.8200000033
274 -92 920188.8200000033
274 -92 920188.8200000033
46 -22 920188.8200000033
359 -22 920188.8200000033
46 -22 920188.8200000033
359 -22 920188.8200000033
55 -123 920188.8200000033
368 -123 920188.8200000033
55 -123 920188.8200000033
368 -123 920188.8200000033
151 -156 920188.8200000033
464 -156 920188.8200000033
151 -156 920188.8200000033
464 -156 920188.8200000033
-64 -198 920188.8200000033
-64 -198 920188.8200000033
-55 -202 920188.8200000033
-55 -202 920188.8200000033
320 31 920188.8200000033
435 52 920188.8200000033
54 -127 920188.8200000033
367 -127 920188.8200000033
54 -127 920188.8200000033
367 -127 920188.8200000033
5.620000000000337 -15.920000000000073 920188.8200000033
5.620000000000337 -15.920000000000073 920188.8200000033
292.04999999999995 -95.02999999999997 920188.8200000033
-20.950000000000045 -95.02999999999997 920188.8200000033
292.04999999999995 -95.02999999999997 920188.8200000033
-20.950000000000045 -95.02999999999997 920188.8200000033
4.22000000000161 -15.680000000000291 920188.8200000033
4.22000000000161 -15.680000000000291 920188.8200000033
4.190000000001637 -15.6700000000003 920188.8200000033
4.190000000001637 -15.6700000000003 920188.8200000033
3.8100000000020007 -15.650000000000318 920188.8200000033
3.8100000000020007 -15.650000000000318 920188.8200000033
5.210000000000683 -15.77000000000021 920188.8200000033
318.21000000000066 -15.77000000000021 920188.8200000033
5.210000000000683 -15.77000000000021 920188.8200000033
318.21000000000066 -15.77000000000021 920188.8200000033
-114.04999999999995 -311.04999999999995 920188.8200000033
-114.04999999999995 -311.04999999999995 920188.8200000033
-7.6300000000003365 -174.6700000000003 920188.8200000033
-7.6300000000003365 -174.6700000000003 920188.8200000033
-6.6300000000021555 -304.6299999999984 920188.8200000033
-6.6300000000021555 -304.6299999999984 920188.8200000033
-6.8400000000019645 -303.99999999999875 920188.8200000033
-6.8400000000019645 -303.99999999999875 920188.8200000033
-7.840000000001055 -303.55999999999904 920188.8200000033
-7.840000000001055 -303.55999999999904 920188.8200000033
-9.740000000000236 -206.02 920188.8200000033
-9.740000000000236 -206.02 920188.8200000033
6.0600000000001675 -15.680000000000291 920188.8200000033
319.0600000000002 -15.680000000000291 920188.8200000033
6.0600000000001675 -15.680000000000291 920188.8200000033
319.0600000000002 -15.680000000000291 920188.8200000033
103.01 -15.930000000000064 920188.8200000033
416.01 -15.930000000000064 920188.8200000033
103.01 -15.930000000000064 920188.8200000033
416.01 -15.930000000000064 920188.8200000033
-5.990000000002738 -305.1299999999983 920188.8200000033
-5.990000000002738 -305.1299999999983 920188.8200000033
-5.820000000002892 -304.99999999999835 920188.8200000033
-5.820000000002892 -304.99999999999835 920188.8200000033
168.0 0.020000000000009094 920188.8200000033
356.6500000000001 10.2300000000007 920188.8200000033
-7.660000000001219 -302.9999999999994 920188.8200000033
-7.660000000001219 -302.9999999999994 920188.8200000033
28.859999999999978 -11.580000000001291 920188.8200000033
341.85999999999996 -11.580000000001291 920188.8200000033
28.859999999999978 -11.580000000001291 920188.8200000033
341.85999999999996 -11.580000000001291 920188.8200000033
180.86000000000195 36.139999999999574 920188.8200000033
358.5399999999999 9.900000000001 920188.8200000033
200.12999999999988 -1.150000000000773 920188.8200000033
200.12999999999988 -1.150000000000773 920188.8200000033
279.6000000000013 48.220000000000354 920188.8200000033
-5.140000000003511 -305.87999999999795 920188.8200000033
-5.140000000003511 -305.87999999999795 920188.8200000033
12.980000000000928 -108.52000000000044 920188.8200000033
325.9800000000009 -108.52000000000044 920188.8200000033
12.980000000000928 -108.52000000000044 920188.8200000033
325.9800000000009 -108.52000000000044 920188.8200000033
-92.00999999999999 -306.48999999999955 920188.8200000033
-92.00999999999999 -306.48999999999955 920188.8200000033
308.58999999999946 -29.630000000000337 920188.8200000033
-4.410000000000537 -29.630000000000337 920188.8200000033
308.58999999999946 -29.630000000000337 920188.8200000033
-4.410000000000537 -29.630000000000337 920188.8200000033
153.8800000000001 2.3400000000000034 920188.8200000033
-99.79000000000019 -312.2299999999989 920188.8200000033
-99.79000000000019 -312.2299999999989 920188.8200000033
153.71000000000208 24.13000000000002 920188.8200000033
-9.509999999999536 -303.4899999999987 920188.8200000033
-9.509999999999536 -303.4899999999987 920188.8200000033
309.3100000000052 27.350000000000055 920188.8200000033
199.0 6.539999999999903 920188.8200000033
239.96000000000004 26.96000000000015 920188.8200000033
312.47999999999774 -9.100000000001728 920188.8200000033
-0.5200000000022555 -9.100000000001728 920188.8200000033
312.47999999999774 -9.100000000001728 920188.8200000033
-0.5200000000022555 -9.100000000001728 920188.8200000033
169.9999999999991 4.059999999999956 920188.8200000033
230.35000000000332 24.07000000000001 920188.8200000033
211.5600000000013 5.059999999999935 920188.8200000033
234.47999999999774 1.5399999999963632 920188.8200000033
211.9699999999973 29.989999999999885 920188.8200000033
221.9799999999991 9.979999999999936 920188.8200000033
162.0999999999999 14.02 920188.8200000033
248.23999999999887 21.899999999999984 920188.8200000033
180.5700000000004 13.069999999999956 920188.8200000033
-56.489999999999554 -301.3299999999988 920188.8200000033
-56.489999999999554 -301.3299999999988 920188.8200000033
-6.930000000001883 -300.93 920188.8200000033
-6.930000000001883 -300.93 920188.8200000033
165.5199999999977 28.500000000000234 920188.8200000033
296.0899999999999 40.010000000000794 920188.8200000033
298.9200000000001 54.91999999999922 920188.8200000033
309.9200000000028 50.520000000000095 920188.8200000033
141.73000000000388 9.249999999999995 920188.8200000033
16.899999999999984 -11.180000000002565 920188.8200000033
329.9 -11.180000000002565 920188.8200000033
16.899999999999984 -11.180000000002565 920188.8200000033
329.9 -11.180000000002565 920188.8200000033
283.1300000000017 0.9899999999945437 920188.8200000033
198.19999999999982 29.879999999999825 920188.8200000033
240.0 44.119999999999976 920188.8200000033
138.8699999999992 26.909999999999986 920188.8200000033
258.109999999999 8.890000000000088 920188.8200000033
303.1799999999971 -144.25999999999976 920188.8200000033
-9.820000000002892 -144.25999999999976 920188.8200000033
303.1799999999971 -144.25999999999976 920188.8200000033
-9.820000000002892 -144.25999999999976 920188.8200000033
185.18999999999983 1.3699999999990915 920188.8200000033
408.8999999999994 6.040000000003602 920188.8200000033
187.05999999999995 26.11999999999955 920188.8200000033
116.34000000000069 5.85999999999901 920188.8200000033
270.1300000000026 25.569999999999933 920188.8200000033
256.34999999999695 42.54999999999949 920188.8200000033
281.3199999999988 32.060000000000144 920188.8200000033
45.06999999999979 6.79000000000009 920188.8200000033
8.480000000002292 -84.17999999999984 920188.8200000033
321.4800000000023 -84.17999999999984 920188.8200000033
8.480000000002292 -84.17999999999984 920188.8200000033
321.4800000000023 -84.17999999999984 920188.8200000033
288.0799999999999 17.939999999999834 920188.8200000033
69.67999999999984 -6.14000000000442 920188.8200000033
382.67999999999984 -6.14000000000442 920188.8200000033
69.67999999999984 -6.14000000000442 920188.8200000033
382.67999999999984 -6.14000000000442 920188.8200000033
93.10999999999801 9.51000000000001 920188.8200000033
317.0100000000018 63.30999999999994 920188.8200000033
303.4400000000005 9.58000000000003 920188.8200000033
356 76 920188.8200000033
373 82 920188.8200000033
443 113 920188.8200000033
385 109 920188.8200000033
457 131 920188.8200000033
328 69 920188.8200000033
382 88 920188.8200000033
405 98 920188.8200000033
404 100 920188.8200000033
427 88 920188.8200000033
392 99 920188.8200000033
118.61999999999725 34.320000000000135 920188.8200000033
128.86000000000013 30.880000000000024 920188.8200000033
272.99000000000274 74.96999999999947 920188.8200000033
226.1099999999999 52.03000000000039 920188.8200000033
315.35000000000423 72.33000000000068 920188.8200000033
99.58999999999979 28.390000000000686 920188.8200000033
275.33000000000334 59.28999999999974 920188.8200000033
208.49000000000137 42.789999999999445 920188.8200000033
73.18000000000112 20.239999999999256 920188.8200000033
216.29000000000428 57.64999999999947 920188.8200000033
238.14999999999623 63.14999999999957 920188.8200000033
289.0599999999963 73.06000000000003 920188.8200000033
186.06999999999903 48.92999999999902 920188.8200000033
-58 -50 920188.8200000033
-58 -50 920188.8200000033
-98 -83 920188.8200000033
-98 -83 920188.8200000033
-130 -108 920188.8200000033
-130 -108 920188.8200000033
-55 -132 920188.8200000033
-55 -132 920188.8200000033
-112 -68 920188.8200000033
-112 -68 920188.8200000033
-61 -137 920188.8200000033
-61 -137 920188.8200000033
-112 -180 920188.8200000033
-112 -180 920188.8200000033
-81 -86 920188.8200000033
-81 -86 920188.8200000033
-114 -203 920188.8200000033
-114 -203 920188.8200000033
-149 -235 920188.8200000033
-149 -235 920188.8200000033
-81 -42 920188.8200000033
-81 -42 920188.8200000033
-65 -149 920188.8200000033
-65 -149 920188.8200000033
-146 -169 920188.8200000033
-146 -169 920188.8200000033
-72 -39 920188.8200000033
-72 -39 920188.8200000033
-151 -133 920188.8200000033
-151 -133 920188.8200000033
-84 -38 920188.8200000033
-84 -38 920188.8200000033
-155 -166 920188.8200000033
-155 -166 920188.8200000033
-106 -157 920188.8200000033
-106 -157 920188.8200000033
-110 -198 920188.8200000033
-110 -198 920188.8200000033
-65 -49 920188.8200000033
-65 -49 920188.8200000033
-144 -311 920188.8200000033
-144 -311 920188.8200000033
-150 -286 920188.8200000033
-150 -286 920188.8200000033
-115 -174 920188.8200000033
-115 -174 920188.8200000033
-155 -193 920188.8200000033
-155 -193 920188.8200000033
-25 -20 920188.8200000033
-25 -20 920188.8200000033
-128 -269 920188.8200000033
-128 -269 920188.8200000033
-151 -299 920188.8200000033
-151 -299 920188.8200000033
-142 -109 920188.8200000033
-142 -109 920188.8200000033
-77 -149 920188.8200000033
-77 -149 920188.8200000033
-121 -165 920188.8200000033
-121 -165 920188.8200000033
-155 -251 920188.8200000033
-155 -251 920188.8200000033
-124 -236 920188.8200000033
-124 -236 920188.8200000033
-116 -209 920188.8200000033
-116 -209 920188.8200000033
-76 -163 920188.8200000033
-76 -163 920188.8200000033
-126 -284 920188.8200000033
-126 -284 920188.8200000033
-130 -279 920188.8200000033
-130 -279 920188.8200000033
-76 -187 920188.8200000033
-76 -187 920188.8200000033
-61 -77 920188.8200000033
-61 -77 920188.8200000033
-128 -217 920188.8200000033
-128 -217 920188.8200000033
-68 -71 920188.8200000033
-68 -71 920188.8200000033
-48 -85 920188.8200000033
-48 -85 920188.8200000033
-71 -24 920188.8200000033
-71 -24 920188.8200000033
-123 -193 920188.8200000033
-123 -193 920188.8200000033
-132 -179 920188.8200000033
-132 -179 920188.8200000033
-143 -200 920188.8200000033
-143 -200 920188.8200000033
-92 -202 920188.8200000033
-92 -202 920188.8200000033
-137 -207 920188.8200000033
-137 -207 920188.8200000033
-150 -85 920188.8200000033
-150 -85 920188.8200000033
-138 -107 920188.8200000033
-138 -107 920188.8200000033
-143 -46 920188.8200000033
-143 -46 920188.8200000033
-136 -149 920188.8200000033
-136 -149 920188.8200000033
-93 -220 920188.8200000033
-93 -220 920188.8200000033
-85 -43 920188.8200000033
-85 -43 920188.8200000033
-108 -238 920188.8200000033
-108 -238 920188.8200000033
-60 -58 920188.8200000033
-60 -58 920188.8200000033
-103 -183 920188.8200000033
-103 -183 920188.8200000033
-72 -105 920188.8200000033
-72 -105 920188.8200000033
-135 -168 920188.8200000033
-135 -168 920188.8200000033
-115 -282 920188.8200000033
-115 -282 920188.8200000033
-138 -225 920188.8200000033
-138 -225 920188.8200000033
-138 -50 920188.8200000033
-138 -50 920188.8200000033
-132 -302 920188.8200000033
-132 -302 920188.8200000033
-70 -37 920188.8200000033
-70 -37 920188.8200000033
-107 -193 920188.8200000033
-107 -193 920188.8200000033
-71 -132 920188.8200000033
-71 -132 920188.8200000033
-116 -210 920188.8200000033
-116 -210 920188.8200000033
-107 -121 920188.8200000033
-107 -121 920188.8200000033
-155 -260 920188.8200000033
-155 -260 920188.8200000033
-132 -124 920188.8200000033
-132 -124 920188.8200000033
-126 -238 920188.8200000033
-126 -238 920188.8200000033
-96 -190 920188.8200000033
-96 -190 920188.8200000033
-145 -313 920188.8200000033
-145 -313 920188.8200000033
-104 -34 920188.8200000033
-104 -34 920188.8200000033
-151 -135 920188.8200000033
-151 -135 920188.8200000033
-117 -55 920188.8200000033
-117 -55 920188.8200000033
-88 -61 920188.8200000033
-88 -61 920188.8200000033
-114 -176 920188.8200000033
-114 -176 920188.8200000033
-92 -80 920188.8200000033
-92 -80 920188.8200000033
-39 -92 920188.8200000033
-39 -92 920188.8200000033
-114 -24 920188.8200000033
-114 -24 920188.8200000033
-78 -21 920188.8200000033
-78 -21 920188.8200000033
-95 -26 920188.8200000033
-95 -26 920188.8200000033
-137 -31 920188.8200000033
-137 -31 920188.8200000033
-143 -35 920188.8200000033
-143 -35 920188.8200000033
-148 -33 920188.8200000033
-148 -33 920188.8200000033
-75 -18 920188.8200000033
-75 -18 920188.8200000033
