21 444 917699.1000000635
-32 50 917699.1000000635
-32 50 917699.1000000635
-34 130 917699.1000000635
-34 130 917699.1000000635
-44 87 917699.1000000635
-44 87 917699.1000000635
-58 263 917699.1000000635
-58 263 917699.1000000635
-98 230 917699.1000000635
-98 230 917699.1000000635
-130 205 917699.1000000635
-130 205 917699.1000000635
-55 181 917699.1000000635
-55 181 917699.1000000635
43 389 917699.1000000635
-49 127 917699.1000000635
-49 127 917699.1000000635
-112 245 917699.1000000635
-112 245 917699.1000000635
60 395 917699.1000000635
-61 176 917699.1000000635
-61 176 917699.1000000635
-114 289 917699.1000000635
-114 289 917699.1000000635
71 338 917699.1000000635
106 466 917699.1000000635
55 466 917699.1000000635
42 365 917699.1000000635
-15 264 917699.1000000635
-15 264 917699.1000000635
-78 292 917699.1000000635
-78 292 917699.1000000635
-112 133 917699.1000000635
-112 133 917699.1000000635
-40 26 917699.1000000635
-40 26 917699.1000000635
5 363 917699.1000000635
-81 227 917699.1000000635
-81 227 917699.1000000635
39 353 917699.1000000635
50 459 917699.1000000635
-103 40 917699.1000000635
-103 40 917699.1000000635
-114 110 917699.1000000635
-114 110 917699.1000000635
130 426 917699.1000000635
-149 78 917699.1000000635
-149 78 917699.1000000635
-37 76 917699.1000000635
-37 76 917699.1000000635
-81 271 917699.1000000635
-81 271 917699.1000000635
66 447 917699.1000000635
133 367 917699.1000000635
-65 164 917699.1000000635
-65 164 917699.1000000635
-89 81 917699.1000000635
-89 81 917699.1000000635
-79 24 917699.1000000635
-79 24 917699.1000000635
15 355 917699.1000000635
147 456 917699.1000000635
-95 287 917699.1000000635
-95 287 917699.1000000635
-46 102 917699.1000000635
-46 102 917699.1000000635
72 422 917699.1000000635
-137 282 917699.1000000635
-137 282 917699.1000000635
-146 144 917699.1000000635
167 457 917699.1000000635
-146 144 917699.1000000635
167 457 917699.1000000635
96 458 917699.1000000635
-14 94 917699.1000000635
-14 94 917699.1000000635
-72 274 917699.1000000635
-72 274 917699.1000000635
-143 278 917699.1000000635
-143 278 917699.1000000635
-151 180 917699.1000000635
-151 180 917699.1000000635
23 457 917699.1000000635
144 444 917699.1000000635
131 368 917699.1000000635
-84 275 917699.1000000635
-84 275 917699.1000000635
98 455 917699.1000000635
-100 306 917699.1000000635
-100 -7 917699.1000000635
-100 306 917699.1000000635
-100 -7 917699.1000000635
-155 147 917699.1000000635
158 460 917699.1000000635
-155 147 917699.1000000635
158 460 917699.1000000635
15 382 917699.1000000635
52 379 917699.1000000635
-106 156 917699.1000000635
-106 156 917699.1000000635
-31 198 917699.1000000635
-31 198 917699.1000000635
-110 115 917699.1000000635
-110 115 917699.1000000635
-65 264 917699.1000000635
-65 264 917699.1000000635
69 401 917699.1000000635
-144 2 917699.1000000635
-144 2 917699.1000000635
48 353 917699.1000000635
66 349 917699.1000000635
16 443 917699.1000000635
-150 27 917699.1000000635
-150 27 917699.1000000635
150 397 917699.1000000635
-115 139 917699.1000000635
-115 139 917699.1000000635
-155 120 917699.1000000635
158 433 917699.1000000635
-155 120 917699.1000000635
158 433 917699.1000000635
100 337 917699.1000000635
-104 33 917699.1000000635
-104 33 917699.1000000635
-25 293 917699.1000000635
-25 293 917699.1000000635
-128 44 917699.1000000635
-128 44 917699.1000000635
129 346 917699.1000000635
-151 14 917699.1000000635
-151 14 917699.1000000635
-142 204 917699.1000000635
-142 204 917699.1000000635
-77 164 917699.1000000635
-77 164 917699.1000000635
-121 148 917699.1000000635
-121 148 917699.1000000635
-155 62 917699.1000000635
-155 62 917699.1000000635
53 437 917699.1000000635
-25 193 917699.1000000635
-25 193 917699.1000000635
-124 77 917699.1000000635
-124 77 917699.1000000635
-87 54 917699.1000000635
-87 54 917699.1000000635
42 445 917699.1000000635
92 411 917699.1000000635
-33 31 917699.1000000635
-33 31 917699.1000000635
-116 104 917699.1000000635
-116 104 917699.1000000635
-76 150 917699.1000000635
-76 150 917699.1000000635
-126 29 917699.1000000635
-126 29 917699.1000000635
-130 34 917699.1000000635
-130 34 917699.1000000635
-56 158 917699.1000000635
-56 158 917699.1000000635
-148 280 917699.1000000635
-148 280 917699.1000000635
133 363 917699.1000000635
-154 284 917699.1000000635
-154 -29 917699.1000000635
-154 284 917699.1000000635
-154 -29 917699.1000000635
-76 126 917699.1000000635
-76 126 917699.1000000635
-60 40 917699.1000000635
-60 40 917699.1000000635
118 451 917699.1000000635
-61 236 917699.1000000635
-61 236 917699.1000000635
119 389 917699.1000000635
-128 96 917699.1000000635
-128 96 917699.1000000635
-45 174 917699.1000000635
-45 174 917699.1000000635
-92 55 917699.1000000635
-92 55 917699.1000000635
90 371 917699.1000000635
-68 242 917699.1000000635
-68 242 917699.1000000635
-31 169 917699.1000000635
-31 169 917699.1000000635
-48 228 917699.1000000635
-48 228 917699.1000000635
-29 109 917699.1000000635
-29 109 917699.1000000635
-71 289 917699.1000000635
-71 289 917699.1000000635
-47 133 917699.1000000635
-47 133 917699.1000000635
124 348 917699.1000000635
-123 120 917699.1000000635
-123 120 917699.1000000635
-73 44 917699.1000000635
-73 44 917699.1000000635
99 451 917699.1000000635
-132 134 917699.1000000635
-132 134 917699.1000000635
-28 73 917699.1000000635
-28 73 917699.1000000635
59 387 917699.1000000635
-75 295 917699.1000000635
-75 295 917699.1000000635
-143 113 917699.1000000635
-143 113 917699.1000000635
-66 22 917699.1000000635
-66 22 917699.1000000635
-20 254 917699.1000000635
-20 254 917699.1000000635
-92 111 917699.1000000635
-92 111 917699.1000000635
-137 106 917699.1000000635
-137 106 917699.1000000635
-150 228 917699.1000000635
-150 228 917699.1000000635
-51 152 917699.1000000635
-51 152 917699.1000000635
-138 206 917699.1000000635
-138 206 917699.1000000635
-143 267 917699.1000000635
-143 267 917699.1000000635
-136 164 917699.1000000635
-136 164 917699.1000000635
31 334 917699.1000000635
-56 86 917699.1000000635
-56 86 917699.1000000635
-34 58 917699.1000000635
-34 58 917699.1000000635
-93 93 917699.1000000635
-93 93 917699.1000000635
-73 26 917699.1000000635
-73 26 917699.1000000635
131 381 917699.1000000635
-85 270 917699.1000000635
-85 270 917699.1000000635
-108 75 917699.1000000635
-108 75 917699.1000000635
-60 255 917699.1000000635
-60 255 917699.1000000635
-103 130 917699.1000000635
-103 130 917699.1000000635
62 350 917699.1000000635
-72 208 917699.1000000635
-72 208 917699.1000000635
-135 145 917699.1000000635
-135 145 917699.1000000635
146 455 917699.1000000635
36 349 917699.1000000635
-60 82 917699.1000000635
-60 82 917699.1000000635
-115 31 917699.1000000635
-115 31 917699.1000000635
24 419 917699.1000000635
-138 88 917699.1000000635
-138 88 917699.1000000635
-138 263 917699.1000000635
-138 263 917699.1000000635
22 376 917699.1000000635
-132 11 917699.1000000635
-132 11 917699.1000000635
-70 276 917699.1000000635
-70 276 917699.1000000635
42 466 917699.1000000635
109 462 917699.1000000635
-107 120 917699.1000000635
-107 120 917699.1000000635
-71 181 917699.1000000635
-71 181 917699.1000000635
15 340 917699.1000000635
-17 44 917699.1000000635
-17 44 917699.1000000635
-116 103 917699.1000000635
-116 103 917699.1000000635
-107 192 917699.1000000635
-107 192 917699.1000000635
46 331 917699.1000000635
-14 51 917699.1000000635
-14 51 917699.1000000635
-155 53 917699.1000000635
-155 53 917699.1000000635
-25 19 917699.1000000635
-25 19 917699.1000000635
-132 189 917699.1000000635
-132 189 917699.1000000635
-126 75 917699.1000000635
-126 75 917699.1000000635
-96 123 917699.1000000635
-96 123 917699.1000000635
105 378 917699.1000000635
-79 61 917699.1000000635
-79 61 917699.1000000635
34 424 917699.1000000635
-148 303 917699.1000000635
-148 -10 917699.1000000635
-148 303 917699.1000000635
-148 -10 917699.1000000635
-28 181 917699.1000000635
-28 181 917699.1000000635
-145 0 917699.1000000635
-145 0 917699.1000000635
49 429 917699.1000000635
-104 279 917699.1000000635
-104 279 917699.1000000635
-151 178 917699.1000000635
-151 178 917699.1000000635
0 364 917699.1000000635
-117 258 917699.1000000635
-117 258 917699.1000000635
91 413 917699.1000000635
72 360 917699.1000000635
-88 252 917699.1000000635
-88 252 917699.1000000635
95 451 917699.1000000635
98 395 917699.1000000635
70 447 917699.1000000635
-114 137 917699.1000000635
-114 137 917699.1000000635
-92 233 917699.1000000635
-92 233 917699.1000000635
126 460 917699.1000000635
-39 221 917699.1000000635
-39 221 917699.1000000635
114 401 917699.1000000635
-64 115 917699.1000000635
-64 115 917699.1000000635
-55 111 917699.1000000635
-55 111 917699.1000000635
7 344 917699.1000000635
79 412 917699.1000000635
122 365 917699.1000000635
-8.970000000000027 10.930000000000037 917699.1000000635
-8.970000000000027 10.930000000000037 917699.1000000635
-8.930000000000064 10.890000000000082 917699.1000000635
-8.930000000000064 10.890000000000082 917699.1000000635
-8.8900000000001 10.85000000000011 917699.1000000635
-8.8900000000001 10.85000000000011 917699.1000000635
-8.870000000000118 10.830000000000146 917699.1000000635
-8.870000000000118 10.830000000000146 917699.1000000635
-8.830000000000155 10.790000000000164 917699.1000000635
-8.830000000000155 10.790000000000164 917699.1000000635
-8.77000000000021 10.730000000000201 917699.1000000635
-8.77000000000021 10.730000000000201 917699.1000000635
-8.760000000000218 10.700000000000198 917699.1000000635
-8.760000000000218 10.700000000000198 917699.1000000635
-8.720000000000255 10.660000000000226 917699.1000000635
-8.720000000000255 10.660000000000226 917699.1000000635
-8.700000000000273 10.640000000000262 917699.1000000635
-8.700000000000273 10.640000000000262 917699.1000000635
-8.640000000000327 10.58000000000029 917699.1000000635
-8.640000000000327 10.58000000000029 917699.1000000635
-8.570000000000391 10.510000000000279 917699.1000000635
-8.570000000000391 10.510000000000279 917699.1000000635
-8.55000000000041 10.490000000000284 917699.1000000635
-8.55000000000041 10.490000000000284 917699.1000000635
-8.470000000000482 10.410000000000313 917699.1000000635
-8.470000000000482 10.410000000000313 917699.1000000635
-8.430000000000518 10.370000000000328 917699.1000000635
-8.430000000000518 10.370000000000328 917699.1000000635
-8.410000000000537 10.350000000000355 917699.1000000635
-8.410000000000537 10.350000000000355 917699.1000000635
-8.290000000000646 10.230000000000375 917699.1000000635
-8.290000000000646 10.230000000000375 917699.1000000635
-8.260000000000673 10.200000000000369 917699.1000000635
-8.260000000000673 10.200000000000369 917699.1000000635
-8.22000000000071 10.160000000000396 917699.1000000635
-8.22000000000071 10.160000000000396 917699.1000000635
-8.170000000000755 10.11000000000046 917699.1000000635
-8.170000000000755 10.11000000000046 917699.1000000635
-8.1200000000008 10.060000000000505 917699.1000000635
-8.1200000000008 10.060000000000505 917699.1000000635
-8.090000000000828 10.030000000000523 917699.1000000635
-8.090000000000828 10.030000000000523 917699.1000000635
-8.050000000000864 9.99000000000055 917699.1000000635
-8.050000000000864 9.99000000000055 917699.1000000635
-8.030000000000882 9.970000000000587 917699.1000000635
-8.030000000000882 9.970000000000587 917699.1000000635
-7.940000000000964 9.920000000000597 917699.1000000635
-7.940000000000964 9.920000000000597 917699.1000000635
-7.840000000001055 9.820000000000595 917699.1000000635
-7.840000000001055 9.820000000000595 917699.1000000635
-7.800000000001091 9.780000000000628 917699.1000000635
-7.800000000001091 9.780000000000628 917699.1000000635
-20.950000000000045 217.97000000000003 917699.1000000635
-20.950000000000045 217.97000000000003 917699.1000000635
-7.760000000001128 9.720000000000692 917699.1000000635
-7.760000000001128 9.720000000000692 917699.1000000635
-7.720000000001164 9.680000000000728 917699.1000000635
-7.720000000001164 9.680000000000728 917699.1000000635
-7.690000000001191 9.650000000000755 917699.1000000635
-7.690000000001191 9.650000000000755 917699.1000000635
-7.660000000001219 9.6000000000008 917699.1000000635
-7.660000000001219 9.6000000000008 917699.1000000635
-7.640000000001237 9.580000000000828 917699.1000000635
-7.640000000001237 9.580000000000828 917699.1000000635
-7.600000000001273 9.540000000000855 917699.1000000635
-7.600000000001273 9.540000000000855 917699.1000000635
-7.5800000000012915 9.520000000000882 917699.1000000635
-7.5800000000012915 9.520000000000882 917699.1000000635
-7.540000000001328 9.480000000000901 917699.1000000635
-7.540000000001328 9.480000000000901 917699.1000000635
-7.520000000001346 9.460000000000937 917699.1000000635
-7.520000000001346 9.460000000000937 917699.1000000635
-7.500000000001364 9.440000000000955 917699.1000000635
-7.500000000001364 9.440000000000955 917699.1000000635
-7.430000000001428 9.370000000001001 917699.1000000635
-7.430000000001428 9.370000000001001 917699.1000000635
-7.390000000001464 9.330000000001037 917699.1000000635
-7.390000000001464 9.330000000001037 917699.1000000635
-7.320000000001528 9.260000000001074 917699.1000000635
-7.320000000001528 9.260000000001074 917699.1000000635
-7.290000000001555 9.23000000000108 917699.1000000635
-7.290000000001555 9.23000000000108 917699.1000000635
-7.270000000001573 9.210000000001108 917699.1000000635
-7.270000000001573 9.210000000001108 917699.1000000635
-7.250000000001592 9.190000000001126 917699.1000000635
-7.250000000001592 9.190000000001126 917699.1000000635
-7.190000000001646 9.130000000001154 917699.1000000635
-7.190000000001646 9.130000000001154 917699.1000000635
-7.1600000000016735 9.100000000001142 917699.1000000635
-7.1600000000016735 9.100000000001142 917699.1000000635
-7.140000000001692 9.080000000001169 917699.1000000635
-7.140000000001692 9.080000000001169 917699.1000000635
-7.100000000001728 9.040000000001196 917699.1000000635
-7.100000000001728 9.040000000001196 917699.1000000635
-7.030000000001792 8.970000000001212 917699.1000000635
-7.030000000001792 8.970000000001212 917699.1000000635
-7.01000000000181 8.95000000000123 917699.1000000635
-7.01000000000181 8.95000000000123 917699.1000000635
21.970000000000027 468.97 917699.1000000635
-6.960000000001855 8.900000000001267 917699.1000000635
-6.960000000001855 8.900000000001267 917699.1000000635
-6.940000000001874 8.880000000001294 917699.1000000635
-6.940000000001874 8.880000000001294 917699.1000000635
-6.910000000001901 8.850000000001312 917699.1000000635
-6.910000000001901 8.850000000001312 917699.1000000635
-6.860000000001946 8.800000000001349 917699.1000000635
-6.860000000001946 8.800000000001349 917699.1000000635
-6.79000000000201 8.730000000001386 917699.1000000635
-6.79000000000201 8.730000000001386 917699.1000000635
-6.750000000002046 8.690000000001392 917699.1000000635
-6.750000000002046 8.690000000001392 917699.1000000635
-6.6300000000021555 8.570000000001457 917699.1000000635
-6.6300000000021555 8.570000000001457 917699.1000000635
-6.57000000000221 8.51000000000149 917699.1000000635
-6.57000000000221 8.51000000000149 917699.1000000635
-6.550000000002228 8.490000000001478 917699.1000000635
-6.550000000002228 8.490000000001478 917699.1000000635
-6.5200000000022555 8.440000000001506 917699.1000000635
-6.5200000000022555 8.440000000001506 917699.1000000635
-6.410000000002356 8.330000000001544 917699.1000000635
-6.410000000002356 8.330000000001544 917699.1000000635
-6.3200000000024374 8.240000000001539 917699.1000000635
-6.3200000000024374 8.240000000001539 917699.1000000635
-6.290000000002465 8.210000000001553 917699.1000000635
-6.290000000002465 8.210000000001553 917699.1000000635
-6.260000000002492 8.18000000000158 917699.1000000635
-6.260000000002492 8.18000000000158 917699.1000000635
-6.230000000002519 8.150000000001608 917699.1000000635
-6.230000000002519 8.150000000001608 917699.1000000635
-6.170000000002574 8.090000000001636 917699.1000000635
-6.170000000002574 8.090000000001636 917699.1000000635
-6.120000000002619 8.040000000001633 917699.1000000635
-6.120000000002619 8.040000000001633 917699.1000000635
-114.04999999999995 1.9500000000000455 917699.1000000635
-114.04999999999995 1.9500000000000455 917699.1000000635
-5.970000000002756 7.950000000001619 917699.1000000635
-5.970000000002756 7.950000000001619 917699.1000000635
-7.6300000000003365 138.3299999999997 917699.1000000635
-7.6300000000003365 138.3299999999997 917699.1000000635
-5.8900000000028285 7.870000000001648 917699.1000000635
-5.8900000000028285 7.870000000001648 917699.1000000635
-5.850000000002865 7.830000000001663 917699.1000000635
-5.850000000002865 7.830000000001663 917699.1000000635
-5.820000000002892 7.800000000001699 917699.1000000635
-5.820000000002892 7.800000000001699 917699.1000000635
-5.69000000000301 7.670000000001737 917699.1000000635
-5.69000000000301 7.670000000001737 917699.1000000635
-5.610000000003083 7.590000000001732 917699.1000000635
-5.610000000003083 7.590000000001732 917699.1000000635
-5.5800000000031105 7.560000000001747 917699.1000000635
-5.5800000000031105 7.560000000001747 917699.1000000635
-6.6300000000021555 8.370000000001596 917699.1000000635
-6.6300000000021555 8.370000000001596 917699.1000000635
-5.560000000003129 7.540000000001774 917699.1000000635
-5.560000000003129 7.540000000001774 917699.1000000635
-5.540000000003147 7.520000000001792 917699.1000000635
-5.540000000003147 7.520000000001792 917699.1000000635
-5.510000000003174 7.490000000001819 917699.1000000635
-5.510000000003174 7.490000000001819 917699.1000000635
-5.4700000000032105 7.450000000001838 917699.1000000635
-5.4700000000032105 7.450000000001838 917699.1000000635
-5.450000000003229 7.430000000001874 917699.1000000635
-5.450000000003229 7.430000000001874 917699.1000000635
-5.35000000000332 7.3300000000019025 917699.1000000635
-5.35000000000332 7.3300000000019025 917699.1000000635
-5.330000000003338 7.310000000001926 917699.1000000635
-5.330000000003338 7.310000000001926 917699.1000000635
-6.8400000000019645 9.000000000001224 917699.1000000635
-6.8400000000019645 9.000000000001224 917699.1000000635
-5.2600000000034015 7.240000000001945 917699.1000000635
-5.2600000000034015 7.240000000001945 917699.1000000635
-7.840000000001055 9.440000000000964 917699.1000000635
-7.840000000001055 9.440000000000964 917699.1000000635
-5.230000000003429 7.21000000000196 917699.1000000635
-5.230000000003429 7.21000000000196 917699.1000000635
-5.200000000003456 7.180000000001979 917699.1000000635
-5.200000000003456 7.180000000001979 917699.1000000635
-5.180000000003474 7.160000000002006 917699.1000000635
-5.180000000003474 7.160000000002006 917699.1000000635
-5.990000000002738 7.87000000000171 917699.1000000635
-5.990000000002738 7.87000000000171 917699.1000000635
-5.120000000003529 7.100000000002025 917699.1000000635
-5.120000000003529 7.100000000002025 917699.1000000635
-9.730000000000246 106.96999999999998 917699.1000000635
-9.730000000000246 106.96999999999998 917699.1000000635
43.64000000000007 323.2200000000007 917699.1000000635
-7.640000000001237 10.000000000000604 917699.1000000635
-7.640000000001237 10.000000000000604 917699.1000000635
-4.390000000000555 283.38999999999965 917699.1000000635
-4.390000000000555 283.38999999999965 917699.1000000635
-5.030000000003611 7.010000000002023 917699.1000000635
-5.030000000003611 7.010000000002023 917699.1000000635
6.8999999999999595 50.019999999999996 917699.1000000635
-9.519999999999527 9.500000000001307 917699.1000000635
-9.519999999999527 9.500000000001307 917699.1000000635
-99.79000000000019 0.6900000000011914 917699.1000000635
-99.79000000000019 0.6900000000011914 917699.1000000635
28.97000000000015 289.83000000000015 917699.1000000635
33.29999999999974 213.98000000000002 917699.1000000635
-9.68000000000302 168.74000000000024 917699.1000000635
-9.68000000000302 168.74000000000024 917699.1000000635
-0.4000000000023647 303.93999999999824 917699.1000000635
-0.4000000000023647 303.93999999999824 917699.1000000635
-6.780000000002019 12.139999999999993 917699.1000000635
-6.780000000002019 12.139999999999993 917699.1000000635
-92.00999999999999 6.470000000000482 917699.1000000635
-92.00999999999999 6.470000000000482 917699.1000000635
3.9400000000018736 376.31999999999994 917699.1000000635
45.579999999999885 322.84000000000106 917699.1000000635
4.589999999999987 247.8699999999983 917699.1000000635
-112.88000000000011 311.8999999999992 917699.1000000635
-112.88000000000011 -1.1000000000008185 917699.1000000635
-112.88000000000011 311.8999999999992 917699.1000000635
-112.88000000000011 -1.1000000000008185 917699.1000000635
39.28000000000034 159.77999999999838 917699.1000000635
53.46000000000011 184.66000000000122 917699.1000000635
34.660000000000664 176.28000000000247 917699.1000000635
58.20999999999936 153.82999999999925 917699.1000000635
5.670000000000028 31.030000000000005 917699.1000000635
65.58000000000081 258.5400000000013 917699.1000000635
59.26999999999975 207.87000000000285 917699.1000000635
14.940000000000023 128.8000000000011 917699.1000000635
5.059999999999977 279.74000000000115 917699.1000000635
6.519999999999989 62.34000000000013 917699.1000000635
50.079999999999984 170.0 917699.1000000635
78.47000000000126 226.97000000000094 917699.1000000635
22.929999999999676 212.6299999999976 917699.1000000635
73.57000000000183 267.7299999999939 917699.1000000635
5.9000000000000234 73.46000000000126 917699.1000000635
86.41999999999868 242.94000000000278 917699.1000000635
58.73000000000085 264.54999999999586 917699.1000000635
95.87999999999943 318.88000000000375 917699.1000000635
45.88000000000042 171.1199999999999 917699.1000000635
98.38000000000173 258.07999999999447 917699.1000000635
3.899999999999981 135.77999999999656 917699.1000000635
82.96999999999845 251.12999999999988 917699.1000000635
26.09000000000017 273.35000000000423 917699.1000000635
19.909999999999986 197.87000000000103 917699.1000000635
7.0999999999999766 296.5400000000004 917699.1000000635
56.25999999999935 168.0200000000009 917699.1000000635
16.729999999999645 278.9900000000009 917699.1000000635
104.20000000000061 293.680000000003 917699.1000000635
0.8600000000000096 50.90000000000002 917699.1000000635
66.8299999999994 308.89000000000465 917699.1000000635
28.949999999999992 188.07000000000085 917699.1000000635
58.039999999999395 193.49999999999682 917699.1000000635
50.999999999999005 291.0 917699.1000000635
19.440000000000452 246.8399999999965 917699.1000000635
64.02000000000001 220.1199999999999 917699.1000000635
93.52000000000027 249.0 917699.1000000635
-5.000000000003638 6.980000000002047 917699.1000000635
-5.000000000003638 6.980000000002047 917699.1000000635
75.05000000000258 295.55000000000587 917699.1000000635
8.80000000000011 206.11999999999807 917699.1000000635
5.589999999999945 115.88999999999994 917699.1000000635
0.11999999999545251 189.2199999999998 917699.1000000635
17.359999999999275 159.71999999999662 917699.1000000635
32.86000000000023 231.07999999999538 917699.1000000635
23.12000000000002 143.98000000000002 917699.1000000635
17.030000000000005 301.14999999999804 917699.1000000635
30.070000000000324 202.8900000000001 917699.1000000635
24.050000000000477 128.3700000000024 917699.1000000635
6.189999999999932 96.00999999999847 917699.1000000635
17.48000000000021 74.4600000000028 917699.1000000635
-56.47999999999956 11.660000000001219 917699.1000000635
-56.47999999999956 11.660000000001219 917699.1000000635
70.29999999999913 234.0799999999972 917699.1000000635
44.30999999999914 221.01 917699.1000000635
-5.7900000000029195 8.010000000001622 917699.1000000635
-5.7900000000029195 8.010000000001622 917699.1000000635
50.56999999999989 144.0100000000018 917699.1000000635
23.009999999999845 102.00999999999796 917699.1000000635
65.9400000000006 179.8800000000001 917699.1000000635
4.2399999999990445 259.6399999999976 917699.1000000635
88.19999999999959 263.75999999999203 917699.1000000635
42.99 193.10999999999717 917699.1000000635
53.9900000000004 241.04999999999995 917699.1000000635
12.210000000000017 183.33000000000425 917699.1000000635
43.500000000000895 257.0400000000036 917699.1000000635
35.0199999999998 109.89999999999944 917699.1000000635
40.69000000000026 132.2299999999998 917699.1000000635
10.97 226.49000000000228 917699.1000000635
39.770000000000444 151.31000000000154 917699.1000000635
32.05000000000046 303.2099999999971 917699.1000000635
2.1800000000043838 385.3400000000007 917699.1000000635
39.94999999999961 274.95000000000095 917699.1000000635
5.850000000000003 240.99000000000274 917699.1000000635
334 131 917699.1000000635
334 444 917699.1000000635
347 226 917699.1000000635
347 226 917699.1000000635
281 363 917699.1000000635
281 363 917699.1000000635
454 240 917699.1000000635
454 240 917699.1000000635
279 443 917699.1000000635
279 443 917699.1000000635
269 400 917699.1000000635
269 400 917699.1000000635
420 159 917699.1000000635
420 159 917699.1000000635
356 389 917699.1000000635
264 440 917699.1000000635
264 440 917699.1000000635
402 218 917699.1000000635
402 218 917699.1000000635
447 276 917699.1000000635
447 276 917699.1000000635
448 279 917699.1000000635
448 279 917699.1000000635
373 395 917699.1000000635
464 254 917699.1000000635
464 254 917699.1000000635
377 220 917699.1000000635
377 220 917699.1000000635
384 338 917699.1000000635
419 153 917699.1000000635
419 466 917699.1000000635
368 153 917699.1000000635
368 466 917699.1000000635
355 365 917699.1000000635
442 183 917699.1000000635
442 183 917699.1000000635
402 255 917699.1000000635
402 255 917699.1000000635
423 212 917699.1000000635
423 212 917699.1000000635
325 243 917699.1000000635
325 243 917699.1000000635
201 446 917699.1000000635
201 446 917699.1000000635
273 339 917699.1000000635
273 339 917699.1000000635
318 363 917699.1000000635
352 353 917699.1000000635
363 146 917699.1000000635
363 459 917699.1000000635
210 353 917699.1000000635
210 353 917699.1000000635
351 276 917699.1000000635
351 276 917699.1000000635
199 423 917699.1000000635
199 423 917699.1000000635
377 260 917699.1000000635
377 260 917699.1000000635
443 426 917699.1000000635
164 391 917699.1000000635
164 391 917699.1000000635
276 389 917699.1000000635
276 389 917699.1000000635
449 283 917699.1000000635
449 283 917699.1000000635
326 188 917699.1000000635
326 188 917699.1000000635
356 190 917699.1000000635
356 190 917699.1000000635
379 134 917699.1000000635
379 447 917699.1000000635
446 367 917699.1000000635
224 394 917699.1000000635
224 394 917699.1000000635
436 175 917699.1000000635
436 175 917699.1000000635
146 322 917699.1000000635
459 322 917699.1000000635
234 337 917699.1000000635
234 337 917699.1000000635
328 355 917699.1000000635
460 143 917699.1000000635
460 456 917699.1000000635
267 415 917699.1000000635
267 415 917699.1000000635
385 422 917699.1000000635
345 214 917699.1000000635
345 214 917699.1000000635
409 145 917699.1000000635
409 458 917699.1000000635
438 228 917699.1000000635
438 228 917699.1000000635
299 407 917699.1000000635
299 407 917699.1000000635
361 261 917699.1000000635
361 261 917699.1000000635
336 144 917699.1000000635
336 457 917699.1000000635
457 444 917699.1000000635
455 254 917699.1000000635
455 254 917699.1000000635
444 368 917699.1000000635
156 337 917699.1000000635
469 337 917699.1000000635
430 182 917699.1000000635
430 182 917699.1000000635
366 169 917699.1000000635
366 169 917699.1000000635
408 243 917699.1000000635
408 243 917699.1000000635
411 142 917699.1000000635
411 455 917699.1000000635
328 382 917699.1000000635
365 379 917699.1000000635
207 469 917699.1000000635
207 469 917699.1000000635
138 340 917699.1000000635
451 340 917699.1000000635
354 158 917699.1000000635
354 158 917699.1000000635
203 428 917699.1000000635
203 428 917699.1000000635
338 210 917699.1000000635
338 210 917699.1000000635
382 401 917699.1000000635
169 315 917699.1000000635
169 315 917699.1000000635
361 353 917699.1000000635
379 349 917699.1000000635
329 130 917699.1000000635
329 443 917699.1000000635
163 340 917699.1000000635
163 340 917699.1000000635
463 397 917699.1000000635
198 452 917699.1000000635
198 452 917699.1000000635
413 337 917699.1000000635
209 346 917699.1000000635
209 346 917699.1000000635
185 357 917699.1000000635
185 357 917699.1000000635
442 346 917699.1000000635
399 251 917699.1000000635
399 251 917699.1000000635
162 327 917699.1000000635
162 327 917699.1000000635
192 461 917699.1000000635
192 461 917699.1000000635
158 375 917699.1000000635
158 375 917699.1000000635
366 124 917699.1000000635
366 437 917699.1000000635
338 278 917699.1000000635
338 278 917699.1000000635
189 390 917699.1000000635
189 390 917699.1000000635
226 367 917699.1000000635
226 367 917699.1000000635
355 132 917699.1000000635
355 445 917699.1000000635
405 411 917699.1000000635
418 181 917699.1000000635
418 181 917699.1000000635
280 344 917699.1000000635
280 344 917699.1000000635
197 417 917699.1000000635
197 417 917699.1000000635
333 199 917699.1000000635
333 199 917699.1000000635
237 463 917699.1000000635
237 463 917699.1000000635
400 197 917699.1000000635
400 197 917699.1000000635
187 342 917699.1000000635
187 342 917699.1000000635
183 347 917699.1000000635
183 347 917699.1000000635
351 179 917699.1000000635
351 179 917699.1000000635
446 363 917699.1000000635
237 439 917699.1000000635
237 439 917699.1000000635
253 353 917699.1000000635
253 353 917699.1000000635
431 138 917699.1000000635
431 451 917699.1000000635
361 171 917699.1000000635
361 171 917699.1000000635
432 258 917699.1000000635
432 258 917699.1000000635
402 246 917699.1000000635
402 246 917699.1000000635
319 244 917699.1000000635
319 244 917699.1000000635
432 389 917699.1000000635
332 280 917699.1000000635
332 280 917699.1000000635
185 409 917699.1000000635
185 409 917699.1000000635
426 175 917699.1000000635
426 175 917699.1000000635
221 368 917699.1000000635
221 368 917699.1000000635
403 371 917699.1000000635
284 422 917699.1000000635
284 422 917699.1000000635
266 446 917699.1000000635
266 446 917699.1000000635
437 348 917699.1000000635
190 433 917699.1000000635
190 433 917699.1000000635
240 357 917699.1000000635
240 357 917699.1000000635
341 290 917699.1000000635
341 290 917699.1000000635
412 138 917699.1000000635
412 451 917699.1000000635
181 447 917699.1000000635
181 447 917699.1000000635
285 386 917699.1000000635
285 386 917699.1000000635
372 387 917699.1000000635
170 426 917699.1000000635
170 426 917699.1000000635
247 335 917699.1000000635
247 335 917699.1000000635
467 163 917699.1000000635
467 163 917699.1000000635
221 424 917699.1000000635
221 424 917699.1000000635
176 419 917699.1000000635
176 419 917699.1000000635
262 465 917699.1000000635
262 465 917699.1000000635
344 334 917699.1000000635
453 218 917699.1000000635
453 218 917699.1000000635
257 399 917699.1000000635
257 399 917699.1000000635
399 178 917699.1000000635
399 178 917699.1000000635
279 371 917699.1000000635
279 371 917699.1000000635
341 203 917699.1000000635
341 203 917699.1000000635
369 241 917699.1000000635
369 241 917699.1000000635
220 406 917699.1000000635
220 406 917699.1000000635
240 339 917699.1000000635
240 339 917699.1000000635
444 381 917699.1000000635
205 388 917699.1000000635
205 388 917699.1000000635
375 180 917699.1000000635
375 180 917699.1000000635
418 174 917699.1000000635
418 174 917699.1000000635
210 443 917699.1000000635
210 443 917699.1000000635
375 350 917699.1000000635
178 458 917699.1000000635
178 458 917699.1000000635
453 160 917699.1000000635
453 160 917699.1000000635
459 142 917699.1000000635
459 455 917699.1000000635
449 172 917699.1000000635
449 172 917699.1000000635
152 363 917699.1000000635
465 363 917699.1000000635
349 349 917699.1000000635
253 395 917699.1000000635
253 395 917699.1000000635
371 211 917699.1000000635
371 211 917699.1000000635
198 344 917699.1000000635
198 344 917699.1000000635
342 189 917699.1000000635
342 189 917699.1000000635
385 231 917699.1000000635
385 231 917699.1000000635
337 106 917699.1000000635
337 419 917699.1000000635
175 401 917699.1000000635
175 401 917699.1000000635
383 261 917699.1000000635
383 261 917699.1000000635
390 165 917699.1000000635
390 165 917699.1000000635
335 376 917699.1000000635
181 324 917699.1000000635
181 324 917699.1000000635
355 153 917699.1000000635
355 466 917699.1000000635
467 313 917699.1000000635
422 149 917699.1000000635
422 462 917699.1000000635
457 290 917699.1000000635
457 290 917699.1000000635
206 433 917699.1000000635
206 433 917699.1000000635
328 340 917699.1000000635
363 170 917699.1000000635
363 170 917699.1000000635
296 357 917699.1000000635
296 357 917699.1000000635
197 416 917699.1000000635
197 416 917699.1000000635
359 331 917699.1000000635
299 364 917699.1000000635
299 364 917699.1000000635
158 366 917699.1000000635
158 366 917699.1000000635
288 332 917699.1000000635
288 332 917699.1000000635
187 388 917699.1000000635
187 388 917699.1000000635
424 180 917699.1000000635
424 180 917699.1000000635
427 215 917699.1000000635
427 215 917699.1000000635
217 436 917699.1000000635
217 436 917699.1000000635
389 228 917699.1000000635
389 228 917699.1000000635
418 378 917699.1000000635
234 374 917699.1000000635
234 374 917699.1000000635
347 111 917699.1000000635
347 424 917699.1000000635
353 221 917699.1000000635
353 221 917699.1000000635
362 116 917699.1000000635
362 429 917699.1000000635
410 176 917699.1000000635
410 176 917699.1000000635
463 280 917699.1000000635
463 280 917699.1000000635
313 364 917699.1000000635
421 206 917699.1000000635
421 206 917699.1000000635
404 413 917699.1000000635
376 260 917699.1000000635
376 260 917699.1000000635
385 360 917699.1000000635
422 252 917699.1000000635
422 252 917699.1000000635
408 252 917699.1000000635
408 252 917699.1000000635
408 138 917699.1000000635
408 451 917699.1000000635
466 292 917699.1000000635
466 292 917699.1000000635
411 395 917699.1000000635
406 249 917699.1000000635
406 249 917699.1000000635
443 168 917699.1000000635
443 168 917699.1000000635
383 134 917699.1000000635
383 447 917699.1000000635
199 450 917699.1000000635
199 450 917699.1000000635
439 147 917699.1000000635
439 460 917699.1000000635
359 291 917699.1000000635
359 291 917699.1000000635
368 190 917699.1000000635
368 190 917699.1000000635
464 157 917699.1000000635
464 157 917699.1000000635
427 401 917699.1000000635
249 428 917699.1000000635
249 428 917699.1000000635
258 424 917699.1000000635
258 424 917699.1000000635
320 344 917699.1000000635
392 412 917699.1000000635
435 365 917699.1000000635
367 186 917699.1000000635
367 186 917699.1000000635
334.97 155.97000000000003 917699.1000000635
334.97 468.97 917699.1000000635
318.21000000000066 297.2299999999998 917699.1000000635
318.21000000000066 297.2299999999998 917699.1000000635
198.95000000000005 314.95000000000005 917699.1000000635
198.95000000000005 314.95000000000005 917699.1000000635
305.36999999999966 451.3299999999997 917699.1000000635
305.36999999999966 451.3299999999997 917699.1000000635
306.36999999999784 321.3700000000016 917699.1000000635
306.36999999999784 321.3700000000016 917699.1000000635
306.15999999999804 322.00000000000125 917699.1000000635
306.15999999999804 322.00000000000125 917699.1000000635
305.15999999999894 322.44000000000096 917699.1000000635
305.15999999999894 322.44000000000096 917699.1000000635
319.0600000000002 297.3199999999997 917699.1000000635
319.0600000000002 297.3199999999997 917699.1000000635
416.01 297.06999999999994 917699.1000000635
416.01 297.06999999999994 917699.1000000635
307.00999999999726 320.8700000000017 917699.1000000635
307.00999999999726 320.8700000000017 917699.1000000635
303.26999999999975 419.96999999999997 917699.1000000635
303.26999999999975 419.96999999999997 917699.1000000635
356.6400000000001 323.2200000000007 917699.1000000635
325.94000000000096 204.49999999999955 917699.1000000635
325.94000000000096 204.49999999999955 917699.1000000635
305.35999999999876 323.0000000000006 917699.1000000635
305.35999999999876 323.0000000000006 917699.1000000635
303.4800000000005 322.5000000000013 917699.1000000635
303.4800000000005 322.5000000000013 917699.1000000635
312.3900000000033 130.93000000000097 917699.1000000635
213.2099999999998 313.6900000000012 917699.1000000635
213.2099999999998 313.6900000000012 917699.1000000635
199.6499999999976 98.06999999999748 917699.1000000635
177.97000000000003 145.36999999999966 917699.1000000635
200.25999999999976 308.00000000000273 917699.1000000635
321.43000000000234 228.83000000000015 917699.1000000635
321.43000000000234 228.83000000000015 917699.1000000635
247.77999999999565 277.9999999999982 917699.1000000635
198.91000000000008 109.96999999999998 917699.1000000635
158.05999999999995 146.74000000000024 917699.1000000635
142.31000000000336 141.87000000000012 917699.1000000635
306.219999999998 325.14 917699.1000000635
306.219999999998 325.14 917699.1000000635
142.00000000000182 128.74000000000206 917699.1000000635
233.28000000000156 291.4600000000005 917699.1000000635
151.1099999999999 156.15000000000077 917699.1000000635
220.99 319.4700000000005 917699.1000000635
220.99 319.4700000000005 917699.1000000635
183.26000000000158 307.7200000000039 917699.1000000635
316.9400000000019 376.31999999999994 917699.1000000635
70.46000000000228 36.179999999999964 917699.1000000635
133.80999999999744 71.11000000000159 917699.1000000635
212.98000000000002 302.8200000000029 917699.1000000635
170.12999999999988 114.99000000000102 917699.1000000635
358.57999999999987 322.84000000000106 917699.1000000635
14.950000000000001 23.109999999999392 917699.1000000635
228.09000000000083 277.6699999999976 917699.1000000635
185.7900000000011 68.1499999999965 917699.1000000635
382.67999999999984 307.0599999999954 917699.1000000635
382.67999999999984 307.0599999999954 917699.1000000635
233.099999999999 268.9000000000019 917699.1000000635
173.54000000000224 103.93999999999895 917699.1000000635
269.0199999999991 173.54000000000042 917699.1000000635
190.4399999999996 311.42000000000235 917699.1000000635
128.61000000000126 165.55000000000223 917699.1000000635
241.95000000000277 243.18999999999892 917699.1000000635
198.49000000000046 136.97000000000003 917699.1000000635
113.89000000000046 173.21000000000163 917699.1000000635
105.07999999999953 153.45999999999958 917699.1000000635
271.14999999999804 88.03000000000053 917699.1000000635
199.81000000000108 130.71000000000208 917699.1000000635
133.62999999999943 46.83000000000063 917699.1000000635
196.99 104.67000000000034 917699.1000000635
206.63999999999942 121.04000000000053 917699.1000000635
162.15000000000077 312.07000000000176 917699.1000000635
246.77000000000112 262.53000000000134 917699.1000000635
199.47999999999865 141.71999999999753 917699.1000000635
104.89999999999995 172.8000000000011 917699.1000000635
149.59000000000037 276.8100000000029 917699.1000000635
251.86000000000013 176.07999999999993 917699.1000000635
103.00999999999898 184.90999999999644 917699.1000000635
17.570000000000224 42.529999999999895 917699.1000000635
341.83 301.46999999999866 917699.1000000635
341.83 301.46999999999866 917699.1000000635
209.13999999999805 161.03999999999542 917699.1000000635
169.49999999999864 310.9200000000019 917699.1000000635
149.10999999999808 141.77000000000112 917699.1000000635
232.85999999999922 307.900000000001 917699.1000000635
158.95999999999913 63.43999999999971 917699.1000000635
118.12999999999802 50.79000000000024 917699.1000000635
258.94999999999914 188.00999999999362 917699.1000000635
109.18000000000009 252.83999999999924 917699.1000000635
90.11000000000057 217.25000000000068 917699.1000000635
155.88000000000193 118.2399999999991 917699.1000000635
108.20000000000061 159.9799999999991 917699.1000000635
240.03000000000088 274.0899999999999 917699.1000000635
127.02000000000052 147.7799999999993 917699.1000000635
246.32000000000153 163.7800000000002 917699.1000000635
162.37999999999602 51.08000000000038 917699.1000000635
110.76999999999988 181.16999999999894 917699.1000000635
190.03999999999905 80.24000000000166 917699.1000000635
164.7700000000002 279.97 917699.1000000635
218.58999999999855 122.96999999999998 917699.1000000635
106.35999999999814 215.15999999999713 917699.1000000635
312.33000000000334 98.26999999999963 917699.1000000635
141.95000000000186 292.58999999999764 917699.1000000635
178.67999999999847 166.0799999999981 917699.1000000635
96.06000000000259 108.18000000000418 917699.1000000635
78.10999999999954 99.05000000000003 917699.1000000635
57.12000000000057 86.54000000000232 917699.1000000635
408.8799999999994 318.88000000000375 917699.1000000635
283.26999999999884 162.43000000000598 917699.1000000635
223.45000000000414 267.2300000000025 917699.1000000635
110.47000000000075 147.51000000000136 917699.1000000635
312.44000000000597 297.49999999999955 917699.1000000635
49.40999999999992 110.84999999999737 917699.1000000635
203.34999999999968 114.92999999999996 917699.1000000635
102.86000000000197 132.26000000000522 917699.1000000635
241.26999999999975 206.63000000000125 917699.1000000635
166.38999999999692 230.44999999999777 917699.1000000635
49.45999999999971 40.69999999999986 917699.1000000635
218.12999999999988 287.9899999999991 917699.1000000635
306.63000000000125 190.109999999999 917699.1000000635
300.5900000000022 109.81000000000144 917699.1000000635
92.07000000000004 95.32999999999863 917699.1000000635
188.40000000000146 119.95999999999998 917699.1000000635
209.86000000000467 222.98000000000638 917699.1000000635
71.90999999999995 112.09000000000158 917699.1000000635
136.35999999999694 56.0199999999996 917699.1000000635
196.78000000000384 241.4800000000032 917699.1000000635
181.12999999999533 281.85000000000014 917699.1000000635
64.09999999999906 71.55999999999875 917699.1000000635
91.6999999999978 148.93999999999642 917699.1000000635
242.99999999999545 300.2799999999952 917699.1000000635
114.9800000000005 92.24000000000217 917699.1000000635
98.2000000000001 142.07999999999993 917699.1000000635
162.96000000000095 78.04000000000002 917699.1000000635
174.0000000000009 88.06000000000003 917699.1000000635
39.64000000000067 79.96000000000203 917699.1000000635
175.9899999999991 207.66999999999848 917699.1000000635
310.0900000000063 281.6699999999994 917699.1000000635
48.69999999999946 19.840000000000288 917699.1000000635
158.86000000000013 284.02 917699.1000000635
129.83000000000015 110.28999999999861 917699.1000000635
252.38999999999965 232.9100000000028 917699.1000000635
149.0400000000045 308.68000000000393 917699.1000000635
131.9000000000019 272.30000000000337 917699.1000000635
64.52999999999925 134.52999999999952 917699.1000000635
119.18000000000009 75.85999999999993 917699.1000000635
264.889999999991 268.2499999999952 917699.1000000635
120.10000000000056 259.59999999999854 917699.1000000635
153.0 293.1799999999989 917699.1000000635
253.00000000000364 90.22000000000216 917699.1000000635
264.2999999999997 124.51999999999873 917699.1000000635
276.530000000005 199.9699999999982 917699.1000000635
90.8899999999979 133.19000000000437 917699.1000000635
291.2099999999971 195.5299999999977 917699.1000000635
307.99999999999636 319.98000000000206 917699.1000000635
307.99999999999636 319.98000000000206 917699.1000000635
233.05999999999904 224.64000000000215 917699.1000000635
179.85000000000105 132.27000000000157 917699.1000000635
300.4900000000041 142.6299999999958 917699.1000000635
184.34999999999695 185.75000000000296 917699.1000000635
248.55999999999403 289.39999999999964 917699.1000000635
84.66999999999932 179.2099999999989 917699.1000000635
167.01 142.63000000000125 917699.1000000635
154.5299999999968 253.03000000000088 917699.1000000635
257.5599999999995 159.01999999999907 917699.1000000635
236.89000000000465 184.64999999999668 917699.1000000635
132.1999999999971 190.45999999999322 917699.1000000635
263.6800000000021 136.77999999999656 917699.1000000635
268.7699999999984 101.12999999999955 917699.1000000635
264.25999999999794 149.66000000000213 917699.1000000635
309.7400000000066 242.5800000000031 917699.1000000635
34.58000000000028 33.12000000000057 917699.1000000635
283.68000000000393 286.88000000000557 917699.1000000635
28.909999999999673 16.569999999999308 917699.1000000635
37.420000000000314 41.979999999999606 917699.1000000635
223.6700000000012 251.95000000000005 917699.1000000635
163.7400000000066 204.01999999999998 917699.1000000635
96.02999999999899 79.76999999999886 917699.1000000635
118.04000000000002 131.7400000000057 917699.1000000635
95.21999999999909 175.10000000000082 917699.1000000635
76.62999999999981 162.99000000000183 917699.1000000635
229.99000000000547 167.0699999999972 917699.1000000635
128.810000000002 56.66999999999967 917699.1000000635
40.73000000000025 53.489999999999704 917699.1000000635
191.95000000000005 151.5299999999968 917699.1000000635
277.02999999999724 221.40999999999963 917699.1000000635
163.36999999999875 176.63000000000125 917699.1000000635
71.62000000000134 86.31999999999914 917699.1000000635
284.70999999999935 110.29000000000066 917699.1000000635
139.56000000000222 254.27999999999975 917699.1000000635
190.30999999999335 209.44999999999595 917699.1000000635
104.93999999999997 63.999999999999496 917699.1000000635
99.45000000000228 237.7300000000048 917699.1000000635
108.49000000000025 201.91000000000372 917699.1000000635
139.74000000000024 158.82000000000107 917699.1000000635
221.5499999999986 94.01000000000052 917699.1000000635
118.05000000000207 214.39000000000055 917699.1000000635
286.9300000000055 249.13000000000443 917699.1000000635
185.08999999999992 95.96999999999998 917699.1000000635
256.52000000000044 324.6600000000012 917699.1000000635
256.52000000000044 324.6600000000012 917699.1000000635
215.08999999999537 135.32999999999515 917699.1000000635
301.6699999999985 166.97000000000185 917699.1000000635
177.82999999999743 257.69000000000483 917699.1000000635
167.30000000000246 266.0200000000009 917699.1000000635
75.0900000000026 134.06999999999994 917699.1000000635
25.13000000000049 61.310000000000336 917699.1000000635
205.34999999999968 73.80999999999939 917699.1000000635
264.99 227.7700000000002 917699.1000000635
288.9399999999964 304.5000000000023 917699.1000000635
307.2099999999971 321.01000000000164 917699.1000000635
307.2099999999971 321.01000000000164 917699.1000000635
298.63000000000034 90.64999999999829 917699.1000000635
297.32999999999515 219.34999999999877 917699.1000000635
155.109999999999 164.60999999999854 917699.1000000635
329.9 301.9399999999973 917699.1000000635
329.9 301.9399999999973 917699.1000000635
142.17999999999802 213.84000000000378 917699.1000000635
141.34999999999968 238.910000000001 917699.1000000635
225.90999999999826 80.04999999999951 917699.1000000635
52.85999999999983 63.51999999999908 917699.1000000635
150.06000000000176 47.260000000000545 917699.1000000635
118.05000000000054 185.46999999999684 917699.1000000635
54.55999999999969 123.51999999999975 917699.1000000635
257.94000000000005 110.75999999999988 917699.1000000635
88.8199999999994 57.4800000000001 917699.1000000635
210.0699999999963 192.24999999999977 917699.1000000635
139.1899999999971 174.3099999999979 917699.1000000635
157.32000000000426 186.99999999999363 917699.1000000635
171.00999999999908 277.99 917699.1000000635
72.14000000000007 50.67999999999927 917699.1000000635
237.52999999999952 128.55000000000052 917699.1000000635
253.18999999999983 76.34999999999711 917699.1000000635
294.9000000000028 268.11999999999625 917699.1000000635
285.5299999999995 180.97000000000003 917699.1000000635
147.17000000000257 89.15000000000263 917699.1000000635
123.1900000000001 175.1099999999999 917699.1000000635
196.85000000000196 290.04999999999905 917699.1000000635
244.90000000000373 112.61999999999878 917699.1000000635
207.07000000000176 275.4900000000032 917699.1000000635
59.920000000000414 36.580000000000084 917699.1000000635
196.12999999999988 259.9899999999982 917699.1000000635
282.44999999999686 130.9899999999991 917699.1000000635
220.94000000000005 234.17999999999893 917699.1000000635
236.0100000000009 147.49000000000228 917699.1000000635
127.01000000000677 291.3499999999924 917699.1000000635
223.25999999999794 109.41999999999919 917699.1000000635
308.01000000000363 257.6699999999994 917699.1000000635
270.1900000000044 305.93000000000734 917699.1000000635
133.29000000000156 279.16999999999985 917699.1000000635
315.1800000000044 385.3400000000007 917699.1000000635
311.9600000000037 116.74000000000038 917699.1000000635
258.43999999999505 251.84000000000287 917699.1000000635
124.30999999999965 230.58999999999764 917699.1000000635
166.95999999999822 299.6000000000031 917699.1000000635
84.34999999999864 197.96999999999912 917699.1000000635
34 -87 917699.1000000635
347 -87 917699.1000000635
34 -87 917699.1000000635
347 -87 917699.1000000635
-32 -263 917699.1000000635
-32 -263 917699.1000000635
141 -73 917699.1000000635
454 -73 917699.1000000635
141 -73 917699.1000000635
454 -73 917699.1000000635
-34 -183 917699.1000000635
-34 -183 917699.1000000635
-44 -226 917699.1000000635
-44 -226 917699.1000000635
107 -154 917699.1000000635
420 -154 917699.1000000635
107 -154 917699.1000000635
420 -154 917699.1000000635
255 -50 917699.1000000635
255 -50 917699.1000000635
215 -83 917699.1000000635
215 -83 917699.1000000635
183 -108 917699.1000000635
183 -108 917699.1000000635
258 -132 917699.1000000635
258 -132 917699.1000000635
-49 -186 917699.1000000635
-49 -186 917699.1000000635
89 -95 917699.1000000635
402 -95 917699.1000000635
89 -95 917699.1000000635
402 -95 917699.1000000635
134 -37 917699.1000000635
447 -37 917699.1000000635
134 -37 917699.1000000635
447 -37 917699.1000000635
135 -34 917699.1000000635
448 -34 917699.1000000635
135 -34 917699.1000000635
448 -34 917699.1000000635
201 -68 917699.1000000635
201 -68 917699.1000000635
252 -137 917699.1000000635
252 -137 917699.1000000635
199 -24 917699.1000000635
199 -24 917699.1000000635
151 -59 917699.1000000635
464 -59 917699.1000000635
151 -59 917699.1000000635
464 -59 917699.1000000635
64 -93 917699.1000000635
377 -93 917699.1000000635
64 -93 917699.1000000635
377 -93 917699.1000000635
384 25 917699.1000000635
355 52 917699.1000000635
129 -130 917699.1000000635
442 -130 917699.1000000635
129 -130 917699.1000000635
442 -130 917699.1000000635
298 -49 917699.1000000635
-15 -49 917699.1000000635
298 -49 917699.1000000635
-15 -49 917699.1000000635
89 -58 917699.1000000635
402 -58 917699.1000000635
89 -58 917699.1000000635
402 -58 917699.1000000635
110 -101 917699.1000000635
423 -101 917699.1000000635
110 -101 917699.1000000635
423 -101 917699.1000000635
12 -70 917699.1000000635
325 -70 917699.1000000635
12 -70 917699.1000000635
325 -70 917699.1000000635
235 -21 917699.1000000635
235 -21 917699.1000000635
-40 -287 917699.1000000635
-40 -287 917699.1000000635
318 50 917699.1000000635
232 -86 917699.1000000635
232 -86 917699.1000000635
352 40 917699.1000000635
-103 -273 917699.1000000635
-103 -273 917699.1000000635
38 -37 917699.1000000635
351 -37 917699.1000000635
38 -37 917699.1000000635
351 -37 917699.1000000635
64 -53 917699.1000000635
377 -53 917699.1000000635
64 -53 917699.1000000635
377 -53 917699.1000000635
-37 -237 917699.1000000635
-37 -237 917699.1000000635
136 -30 917699.1000000635
449 -30 917699.1000000635
136 -30 917699.1000000635
449 -30 917699.1000000635
13 -125 917699.1000000635
326 -125 917699.1000000635
13 -125 917699.1000000635
326 -125 917699.1000000635
43 -123 917699.1000000635
356 -123 917699.1000000635
43 -123 917699.1000000635
356 -123 917699.1000000635
232 -42 917699.1000000635
232 -42 917699.1000000635
446 54 917699.1000000635
248 -149 917699.1000000635
248 -149 917699.1000000635
-89 -232 917699.1000000635
-89 -232 917699.1000000635
123 -138 917699.1000000635
436 -138 917699.1000000635
123 -138 917699.1000000635
436 -138 917699.1000000635
459 9 917699.1000000635
-79 -289 917699.1000000635
-79 -289 917699.1000000635
328 42 917699.1000000635
218 -26 917699.1000000635
218 -26 917699.1000000635
-46 -211 917699.1000000635
-46 -211 917699.1000000635
176 -31 917699.1000000635
176 -31 917699.1000000635
32 -99 917699.1000000635
345 -99 917699.1000000635
32 -99 917699.1000000635
345 -99 917699.1000000635
125 -85 917699.1000000635
438 -85 917699.1000000635
125 -85 917699.1000000635
438 -85 917699.1000000635
-14 -219 917699.1000000635
-14 -219 917699.1000000635
48 -52 917699.1000000635
361 -52 917699.1000000635
48 -52 917699.1000000635
361 -52 917699.1000000635
241 -39 917699.1000000635
241 -39 917699.1000000635
170 -35 917699.1000000635
170 -35 917699.1000000635
162 -133 917699.1000000635
162 -133 917699.1000000635
142 -59 917699.1000000635
455 -59 917699.1000000635
142 -59 917699.1000000635
455 -59 917699.1000000635
444 55 917699.1000000635
229 -38 917699.1000000635
229 -38 917699.1000000635
469 24 917699.1000000635
117 -131 917699.1000000635
430 -131 917699.1000000635
117 -131 917699.1000000635
430 -131 917699.1000000635
53 -144 917699.1000000635
366 -144 917699.1000000635
53 -144 917699.1000000635
366 -144 917699.1000000635
95 -70 917699.1000000635
408 -70 917699.1000000635
95 -70 917699.1000000635
408 -70 917699.1000000635
213 -7 917699.1000000635
213 -7 917699.1000000635
365 66 917699.1000000635
282 -115 917699.1000000635
-31 -115 917699.1000000635
282 -115 917699.1000000635
-31 -115 917699.1000000635
451 27 917699.1000000635
41 -155 917699.1000000635
354 -155 917699.1000000635
41 -155 917699.1000000635
354 -155 917699.1000000635
248 -49 917699.1000000635
248 -49 917699.1000000635
25 -103 917699.1000000635
338 -103 917699.1000000635
25 -103 917699.1000000635
338 -103 917699.1000000635
361 40 917699.1000000635
379 36 917699.1000000635
463 84 917699.1000000635
413 24 917699.1000000635
-104 -280 917699.1000000635
-104 -280 917699.1000000635
288 -20 917699.1000000635
288 -20 917699.1000000635
442 33 917699.1000000635
86 -62 917699.1000000635
399 -62 917699.1000000635
86 -62 917699.1000000635
399 -62 917699.1000000635
171 -109 917699.1000000635
171 -109 917699.1000000635
236 -149 917699.1000000635
236 -149 917699.1000000635
288 -120 917699.1000000635
-25 -120 917699.1000000635
288 -120 917699.1000000635
-25 -120 917699.1000000635
25 -35 917699.1000000635
338 -35 917699.1000000635
25 -35 917699.1000000635
338 -35 917699.1000000635
-87 -259 917699.1000000635
-87 -259 917699.1000000635
105 -132 917699.1000000635
418 -132 917699.1000000635
105 -132 917699.1000000635
418 -132 917699.1000000635
-33 -282 917699.1000000635
-33 -282 917699.1000000635
20 -114 917699.1000000635
333 -114 917699.1000000635
20 -114 917699.1000000635
333 -114 917699.1000000635
87 -116 917699.1000000635
400 -116 917699.1000000635
87 -116 917699.1000000635
400 -116 917699.1000000635
257 -155 917699.1000000635
-56 -155 917699.1000000635
257 -155 917699.1000000635
-56 -155 917699.1000000635
38 -134 917699.1000000635
351 -134 917699.1000000635
38 -134 917699.1000000635
351 -134 917699.1000000635
165 -33 917699.1000000635
165 -33 917699.1000000635
446 50 917699.1000000635
159 -29 917699.1000000635
159 -29 917699.1000000635
-60 -273 917699.1000000635
-60 -273 917699.1000000635
252 -77 917699.1000000635
252 -77 917699.1000000635
48 -142 917699.1000000635
361 -142 917699.1000000635
48 -142 917699.1000000635
361 -142 917699.1000000635
119 -55 917699.1000000635
432 -55 917699.1000000635
119 -55 917699.1000000635
432 -55 917699.1000000635
89 -67 917699.1000000635
402 -67 917699.1000000635
89 -67 917699.1000000635
402 -67 917699.1000000635
6 -69 917699.1000000635
319 -69 917699.1000000635
6 -69 917699.1000000635
319 -69 917699.1000000635
432 76 917699.1000000635
19 -33 917699.1000000635
332 -33 917699.1000000635
19 -33 917699.1000000635
332 -33 917699.1000000635
113 -138 917699.1000000635
426 -138 917699.1000000635
113 -138 917699.1000000635
426 -138 917699.1000000635
268 -139 917699.1000000635
-45 -139 917699.1000000635
268 -139 917699.1000000635
-45 -139 917699.1000000635
-92 -258 917699.1000000635
-92 -258 917699.1000000635
403 58 917699.1000000635
245 -71 917699.1000000635
245 -71 917699.1000000635
282 -144 917699.1000000635
-31 -144 917699.1000000635
282 -144 917699.1000000635
-31 -144 917699.1000000635
265 -85 917699.1000000635
265 -85 917699.1000000635
-29 -204 917699.1000000635
-29 -204 917699.1000000635
242 -24 917699.1000000635
242 -24 917699.1000000635
-47 -180 917699.1000000635
-47 -180 917699.1000000635
437 35 917699.1000000635
-73 -269 917699.1000000635
-73 -269 917699.1000000635
28 -23 917699.1000000635
341 -23 917699.1000000635
28 -23 917699.1000000635
341 -23 917699.1000000635
-28 -240 917699.1000000635
-28 -240 917699.1000000635
372 74 917699.1000000635
238 -18 917699.1000000635
238 -18 917699.1000000635
-66 -291 917699.1000000635
-66 -291 917699.1000000635
154 -150 917699.1000000635
467 -150 917699.1000000635
154 -150 917699.1000000635
467 -150 917699.1000000635
293 -59 917699.1000000635
-20 -59 917699.1000000635
293 -59 917699.1000000635
-20 -59 917699.1000000635
163 -85 917699.1000000635
163 -85 917699.1000000635
-51 -161 917699.1000000635
-51 -161 917699.1000000635
175 -107 917699.1000000635
175 -107 917699.1000000635
170 -46 917699.1000000635
170 -46 917699.1000000635
177 -149 917699.1000000635
177 -149 917699.1000000635
344 21 917699.1000000635
140 -95 917699.1000000635
453 -95 917699.1000000635
140 -95 917699.1000000635
453 -95 917699.1000000635
-56 -227 917699.1000000635
-56 -227 917699.1000000635
86 -135 917699.1000000635
399 -135 917699.1000000635
86 -135 917699.1000000635
399 -135 917699.1000000635
-34 -255 917699.1000000635
-34 -255 917699.1000000635
28 -110 917699.1000000635
341 -110 917699.1000000635
28 -110 917699.1000000635
341 -110 917699.1000000635
56 -72 917699.1000000635
369 -72 917699.1000000635
56 -72 917699.1000000635
369 -72 917699.1000000635
-73 -287 917699.1000000635
-73 -287 917699.1000000635
444 68 917699.1000000635
228 -43 917699.1000000635
228 -43 917699.1000000635
62 -133 917699.1000000635
375 -133 917699.1000000635
62 -133 917699.1000000635
375 -133 917699.1000000635
253 -58 917699.1000000635
253 -58 917699.1000000635
105 -139 917699.1000000635
418 -139 917699.1000000635
105 -139 917699.1000000635
418 -139 917699.1000000635
375 37 917699.1000000635
241 -105 917699.1000000635
241 -105 917699.1000000635
140 -153 917699.1000000635
453 -153 917699.1000000635
140 -153 917699.1000000635
453 -153 917699.1000000635
136 -141 917699.1000000635
449 -141 917699.1000000635
136 -141 917699.1000000635
449 -141 917699.1000000635
465 50 917699.1000000635
349 36 917699.1000000635
-60 -231 917699.1000000635
-60 -231 917699.1000000635
58 -102 917699.1000000635
371 -102 917699.1000000635
58 -102 917699.1000000635
371 -102 917699.1000000635
29 -124 917699.1000000635
342 -124 917699.1000000635
29 -124 917699.1000000635
342 -124 917699.1000000635
72 -82 917699.1000000635
385 -82 917699.1000000635
72 -82 917699.1000000635
385 -82 917699.1000000635
70 -52 917699.1000000635
383 -52 917699.1000000635
70 -52 917699.1000000635
383 -52 917699.1000000635
77 -148 917699.1000000635
390 -148 917699.1000000635
77 -148 917699.1000000635
390 -148 917699.1000000635
175 -50 917699.1000000635
175 -50 917699.1000000635
335 63 917699.1000000635
243 -37 917699.1000000635
243 -37 917699.1000000635
467 0 917699.1000000635
144 -23 917699.1000000635
457 -23 917699.1000000635
144 -23 917699.1000000635
457 -23 917699.1000000635
242 -132 917699.1000000635
242 -132 917699.1000000635
328 27 917699.1000000635
50 -143 917699.1000000635
363 -143 917699.1000000635
50 -143 917699.1000000635
363 -143 917699.1000000635
-17 -269 917699.1000000635
-17 -269 917699.1000000635
206 -121 917699.1000000635
206 -121 917699.1000000635
359 18 917699.1000000635
-14 -262 917699.1000000635
-14 -262 917699.1000000635
-25 -294 917699.1000000635
-25 -294 917699.1000000635
181 -124 917699.1000000635
181 -124 917699.1000000635
111 -133 917699.1000000635
424 -133 917699.1000000635
111 -133 917699.1000000635
424 -133 917699.1000000635
114 -98 917699.1000000635
427 -98 917699.1000000635
114 -98 917699.1000000635
427 -98 917699.1000000635
76 -85 917699.1000000635
389 -85 917699.1000000635
76 -85 917699.1000000635
389 -85 917699.1000000635
418 65 917699.1000000635
-79 -252 917699.1000000635
-79 -252 917699.1000000635
165 -10 917699.1000000635
165 -10 917699.1000000635
285 -132 917699.1000000635
-28 -132 917699.1000000635
285 -132 917699.1000000635
-28 -132 917699.1000000635
40 -92 917699.1000000635
353 -92 917699.1000000635
40 -92 917699.1000000635
353 -92 917699.1000000635
97 -137 917699.1000000635
410 -137 917699.1000000635
97 -137 917699.1000000635
410 -137 917699.1000000635
209 -34 917699.1000000635
209 -34 917699.1000000635
162 -135 917699.1000000635
162 -135 917699.1000000635
150 -33 917699.1000000635
463 -33 917699.1000000635
150 -33 917699.1000000635
463 -33 917699.1000000635
108 -107 917699.1000000635
421 -107 917699.1000000635
108 -107 917699.1000000635
421 -107 917699.1000000635
196 -55 917699.1000000635
196 -55 917699.1000000635
63 -53 917699.1000000635
376 -53 917699.1000000635
63 -53 917699.1000000635
376 -53 917699.1000000635
385 47 917699.1000000635
109 -61 917699.1000000635
422 -61 917699.1000000635
109 -61 917699.1000000635
422 -61 917699.1000000635
225 -61 917699.1000000635
225 -61 917699.1000000635
95 -61 917699.1000000635
408 -61 917699.1000000635
95 -61 917699.1000000635
408 -61 917699.1000000635
153 -21 917699.1000000635
466 -21 917699.1000000635
153 -21 917699.1000000635
466 -21 917699.1000000635
411 82 917699.1000000635
93 -64 917699.1000000635
406 -64 917699.1000000635
93 -64 917699.1000000635
406 -64 917699.1000000635
130 -145 917699.1000000635
443 -145 917699.1000000635
130 -145 917699.1000000635
443 -145 917699.1000000635
221 -80 917699.1000000635
221 -80 917699.1000000635
274 -92 917699.1000000635
274 -92 917699.1000000635
46 -22 917699.1000000635
359 -22 917699.1000000635
46 -22 917699.1000000635
359 -22 917699.1000000635
55 -123 917699.1000000635
368 -123 917699.1000000635
55 -123 917699.1000000635
368 -123 917699.1000000635
151 -156 917699.1000000635
464 -156 917699.1000000635
151 -156 917699.1000000635
464 -156 917699.1000000635
-64 -198 917699.1000000635
-64 -198 917699.1000000635
-55 -202 917699.1000000635
-55 -202 917699.1000000635
320 31 917699.1000000635
435 52 917699.1000000635
54 -127 917699.1000000635
367 -127 917699.1000000635
54 -127 917699.1000000635
367 -127 917699.1000000635
5.620000000000337 -15.920000000000073 917699.1000000635
5.620000000000337 -15.920000000000073 917699.1000000635
292.04999999999995 -95.02999999999997 917699.1000000635
-20.950000000000045 -95.02999999999997 917699.1000000635
292.04999999999995 -95.02999999999997 917699.1000000635
-20.950000000000045 -95.02999999999997 917699.1000000635
4.22000000000161 -15.680000000000291 917699.1000000635
4.22000000000161 -15.680000000000291 917699.1000000635
4.190000000001637 -15.6700000000003 917699.1000000635
4.190000000001637 -15.6700000000003 917699.1000000635
3.8100000000020007 -15.650000000000318 917699.1000000635
3.8100000000020007 -15.650000000000318 917699.1000000635
5.210000000000683 -15.77000000000021 917699.1000000635
318.21000000000066 -15.77000000000021 917699.1000000635
5.210000000000683 -15.77000000000021 917699.1000000635
318.21000000000066 -15.77000000000021 917699.1000000635
-114.04999999999995 -311.04999999999995 917699.1000000635
-114.04999999999995 -311.04999999999995 917699.1000000635
-7.6300000000003365 -174.6700000000003 917699.1000000635
-7.6300000000003365 -174.6700000000003 917699.1000000635
-6.6300000000021555 -304.6299999999984 917699.1000000635
-6.6300000000021555 -304.6299999999984 917699.1000000635
-6.8400000000019645 -303.99999999999875 917699.1000000635
-6.8400000000019645 -303.99999999999875 917699.1000000635
-7.840000000001055 -303.55999999999904 917699.1000000635
-7.840000000001055 -303.55999999999904 917699.1000000635
6.0600000000001675 -15.680000000000291 917699.1000000635
319.0600000000002 -15.680000000000291 917699.1000000635
6.0600000000001675 -15.680000000000291 917699.1000000635
319.0600000000002 -15.680000000000291 917699.1000000635
103.01 -15.930000000000064 917699.1000000635
416.01 -15.930000000000064 917699.1000000635
103.01 -15.930000000000064 917699.1000000635
416.01 -15.930000000000064 917699.1000000635
-5.990000000002738 -305.1299999999983 917699.1000000635
-5.990000000002738 -305.1299999999983 917699.1000000635
-9.730000000000246 -206.03000000000003 917699.1000000635
-9.730000000000246 -206.03000000000003 917699.1000000635
356.6400000000001 10.22000000000071 917699.1000000635
12.940000000000964 -108.50000000000045 917699.1000000635
325.94000000000096 -108.50000000000045 917699.1000000635
12.940000000000964 -108.50000000000045 917699.1000000635
325.94000000000096 -108.50000000000045 917699.1000000635
-7.640000000001237 -302.9999999999994 917699.1000000635
-7.640000000001237 -302.9999999999994 917699.1000000635
308.60999999999945 -29.610000000000355 917699.1000000635
-4.390000000000555 -29.610000000000355 917699.1000000635
308.60999999999945 -29.610000000000355 917699.1000000635
-4.390000000000555 -29.610000000000355 917699.1000000635
-9.519999999999527 -303.4999999999987 917699.1000000635
-9.519999999999527 -303.4999999999987 917699.1000000635
170.01999999999907 4.079999999999956 917699.1000000635
-99.79000000000019 -312.3099999999988 917699.1000000635
-99.79000000000019 -312.3099999999988 917699.1000000635
8.430000000002337 -84.16999999999985 917699.1000000635
321.43000000000234 -84.16999999999985 917699.1000000635
8.430000000002337 -84.16999999999985 917699.1000000635
321.43000000000234 -84.16999999999985 917699.1000000635
303.319999999997 -144.25999999999976 917699.1000000635
-9.68000000000302 -144.25999999999976 917699.1000000635
303.319999999997 -144.25999999999976 917699.1000000635
-9.68000000000302 -144.25999999999976 917699.1000000635
312.59999999999764 -9.060000000001764 917699.1000000635
-0.4000000000023647 -9.060000000001764 917699.1000000635
312.59999999999764 -9.060000000001764 917699.1000000635
-0.4000000000023647 -9.060000000001764 917699.1000000635
-6.780000000002019 -300.86 917699.1000000635
-6.780000000002019 -300.86 917699.1000000635
-92.00999999999999 -306.5299999999995 917699.1000000635
-92.00999999999999 -306.5299999999995 917699.1000000635
316.9400000000019 63.319999999999936 917699.1000000635
198.25999999999976 29.859999999999822 917699.1000000635
358.57999999999987 9.840000000001055 917699.1000000635
180.54000000000042 13.019999999999957 917699.1000000635
153.86000000000013 2.400000000000002 917699.1000000635
69.67999999999984 -5.940000000004602 917699.1000000635
382.67999999999984 -5.940000000004602 917699.1000000635
69.67999999999984 -5.940000000004602 917699.1000000635
382.67999999999984 -5.940000000004602 917699.1000000635
200.1199999999999 -1.1000000000008185 917699.1000000635
200.1199999999999 -1.1000000000008185 917699.1000000635
295.99 39.950000000000806 917699.1000000635
138.90999999999917 27.030000000000005 917699.1000000635
165.56999999999766 28.490000000000233 917699.1000000635
28.829999999999973 -11.530000000001337 917699.1000000635
341.83 -11.530000000001337 917699.1000000635
28.829999999999973 -11.530000000001337 917699.1000000635
341.83 -11.530000000001337 917699.1000000635
198.98000000000002 6.6199999999999015 917699.1000000635
45.15999999999977 6.720000000000091 917699.1000000635
212.0899999999972 29.94999999999988 917699.1000000635
211.61000000000126 5.149999999999933 917699.1000000635
234.49999999999773 1.5999999999963632 917699.1000000635
180.76000000000204 36.19999999999956 917699.1000000635
408.8799999999994 5.880000000003747 917699.1000000635
240.02999999999997 44.18999999999996 917699.1000000635
187.01999999999998 26.019999999999534 917699.1000000635
116.43000000000073 6.029999999999006 917699.1000000635
248.24999999999886 21.889999999999983 917699.1000000635
185.19999999999982 1.3599999999990915 917699.1000000635
288.0 18.059999999999853 917699.1000000635
258.16999999999894 8.830000000000089 917699.1000000635
282.96000000000186 1.219999999994544 917699.1000000635
-5.000000000003638 -306.01999999999794 917699.1000000635
-5.000000000003638 -306.01999999999794 917699.1000000635
303.38000000000056 9.56000000000003 917699.1000000635
239.96000000000004 27.060000000000166 917699.1000000635
162.1199999999999 14.059999999999999 917699.1000000635
256.299999999997 42.69999999999946 917699.1000000635
168.01 0.010000000000009094 917699.1000000635
-56.47999999999956 -301.3399999999988 917699.1000000635
-56.47999999999956 -301.3399999999988 917699.1000000635
141.69000000000392 9.289999999999994 917699.1000000635
-5.7900000000029195 -304.98999999999836 917699.1000000635
-5.7900000000029195 -304.98999999999836 917699.1000000635
16.899999999999984 -11.060000000002674 917699.1000000635
329.9 -11.060000000002674 917699.1000000635
16.899999999999984 -11.060000000002674 917699.1000000635
329.9 -11.060000000002674 917699.1000000635
298.94000000000005 54.97999999999921 917699.1000000635
279.6000000000013 48.08000000000038 917699.1000000635
269.9400000000028 25.519999999999925 917699.1000000635
281.2899999999988 32.07000000000014 917699.1000000635
309.1700000000053 27.410000000000064 917699.1000000635
230.2700000000034 24.050000000000008 917699.1000000635
93.02999999999797 9.57000000000001 917699.1000000635
309.85000000000286 50.4900000000001 917699.1000000635
153.63000000000216 24.050000000000008 917699.1000000635
222.04999999999905 10.029999999999935 917699.1000000635
356 76 917699.1000000635
373 82 917699.1000000635
443 113 917699.1000000635
385 109 917699.1000000635
457 131 917699.1000000635
328 69 917699.1000000635
382 88 917699.1000000635
405 98 917699.1000000635
404 100 917699.1000000635
427 88 917699.1000000635
392 99 917699.1000000635
128.87000000000012 30.830000000000016 917699.1000000635
216.21000000000436 57.80999999999944 917699.1000000635
208.41000000000145 42.82999999999944 917699.1000000635
238.23999999999614 63.15999999999957 917699.1000000635
73.24000000000115 20.119999999999237 917699.1000000635
226.07999999999993 51.9800000000004 917699.1000000635
275.2900000000034 59.20999999999976 917699.1000000635
99.55999999999977 28.460000000000697 917699.1000000635
272.9200000000028 74.91999999999945 917699.1000000635
288.9599999999964 73.04000000000002 917699.1000000635
186.089999999999 49.06999999999899 917699.1000000635
315.1800000000044 72.34000000000069 917699.1000000635
118.60999999999724 34.270000000000145 917699.1000000635
-58 -50 917699.1000000635
-58 -50 917699.1000000635
-98 -83 917699.1000000635
-98 -83 917699.1000000635
-130 -108 917699.1000000635
-130 -108 917699.1000000635
-55 -132 917699.1000000635
-55 -132 917699.1000000635
-112 -68 917699.1000000635
-112 -68 917699.1000000635
-61 -137 917699.1000000635
-61 -137 917699.1000000635
-112 -180 917699.1000000635
-112 -180 917699.1000000635
-81 -86 917699.1000000635
-81 -86 917699.1000000635
-114 -203 917699.1000000635
-114 -203 917699.1000000635
-149 -235 917699.1000000635
-149 -235 917699.1000000635
-81 -42 917699.1000000635
-81 -42 917699.1000000635
-65 -149 917699.1000000635
-65 -149 917699.1000000635
-146 -169 917699.1000000635
-146 -169 917699.1000000635
-72 -39 917699.1000000635
-72 -39 917699.1000000635
-151 -133 917699.1000000635
-151 -133 917699.1000000635
-84 -38 917699.1000000635
-84 -38 917699.1000000635
-155 -166 917699.1000000635
-155 -166 917699.1000000635
-106 -157 917699.1000000635
-106 -157 917699.1000000635
-110 -198 917699.1000000635
-110 -198 917699.1000000635
-65 -49 917699.1000000635
-65 -49 917699.1000000635
-144 -311 917699.1000000635
-144 -311 917699.1000000635
-150 -286 917699.1000000635
-150 -286 917699.1000000635
-115 -174 917699.1000000635
-115 -174 917699.1000000635
-155 -193 917699.1000000635
-155 -193 917699.1000000635
-25 -20 917699.1000000635
-25 -20 917699.1000000635
-128 -269 917699.1000000635
-128 -269 917699.1000000635
-151 -299 917699.1000000635
-151 -299 917699.1000000635
-142 -109 917699.1000000635
-142 -109 917699.1000000635
-77 -149 917699.1000000635
-77 -149 917699.1000000635
-121 -165 917699.1000000635
-121 -165 917699.1000000635
-155 -251 917699.1000000635
-155 -251 917699.1000000635
-124 -236 917699.1000000635
-124 -236 917699.1000000635
-116 -209 917699.1000000635
-116 -209 917699.1000000635
-76 -163 917699.1000000635
-76 -163 917699.1000000635
-126 -284 917699.1000000635
-126 -284 917699.1000000635
-130 -279 917699.1000000635
-130 -279 917699.1000000635
-76 -187 917699.1000000635
-76 -187 917699.1000000635
-61 -77 917699.1000000635
-61 -77 917699.1000000635
-128 -217 917699.1000000635
-128 -217 917699.1000000635
-68 -71 917699.1000000635
-68 -71 917699.1000000635
-48 -85 917699.1000000635
-48 -85 917699.1000000635
-71 -24 917699.1000000635
-71 -24 917699.1000000635
-123 -193 917699.1000000635
-123 -193 917699.1000000635
-132 -179 917699.1000000635
-132 -179 917699.1000000635
-143 -200 917699.1000000635
-143 -200 917699.1000000635
-92 -202 917699.1000000635
-92 -202 917699.1000000635
-137 -207 917699.1000000635
-137 -207 917699.1000000635
-150 -85 917699.1000000635
-150 -85 917699.1000000635
-138 -107 917699.1000000635
-138 -107 917699.1000000635
-143 -46 917699.1000000635
-143 -46 917699.1000000635
-136 -149 917699.1000000635
-136 -149 917699.1000000635
-93 -220 917699.1000000635
-93 -220 917699.1000000635
-85 -43 917699.1000000635
-85 -43 917699.1000000635
-108 -238 917699.1000000635
-108 -238 917699.1000000635
-60 -58 917699.1000000635
-60 -58 917699.1000000635
-103 -183 917699.1000000635
-103 -183 917699.1000000635
-72 -105 917699.1000000635
-72 -105 917699.1000000635
-135 -168 917699.1000000635
-135 -168 917699.1000000635
-115 -282 917699.1000000635
-115 -282 917699.1000000635
-138 -225 917699.1000000635
-138 -225 917699.1000000635
-138 -50 917699.1000000635
-138 -50 917699.1000000635
-132 -302 917699.1000000635
-132 -302 917699.1000000635
-70 -37 917699.1000000635
-70 -37 917699.1000000635
-107 -193 917699.1000000635
-107 -193 917699.1000000635
-71 -132 917699.1000000635
-71 -132 917699.1000000635
-116 -210 917699.1000000635
-116 -210 917699.1000000635
-107 -121 917699.1000000635
-107 -121 917699.1000000635
-155 -260 917699.1000000635
-155 -260 917699.1000000635
-132 -124 917699.1000000635
-132 -124 917699.1000000635
-126 -238 917699.1000000635
-126 -238 917699.1000000635
-96 -190 917699.1000000635
-96 -190 917699.1000000635
-145 -313 917699.1000000635
-145 -313 917699.1000000635
-104 -34 917699.1000000635
-104 -34 917699.1000000635
-151 -135 917699.1000000635
-151 -135 917699.1000000635
-117 -55 917699.1000000635
-117 -55 917699.1000000635
-88 -61 917699.1000000635
-88 -61 917699.1000000635
-114 -176 917699.1000000635
-114 -176 917699.1000000635
-92 -80 917699.1000000635
-92 -80 917699.1000000635
-39 -92 917699.1000000635
-39 -92 917699.1000000635
-114 -24 917699.1000000635
-114 -24 917699.1000000635
-78 -21 917699.1000000635
-78 -21 917699.1000000635
-95 -26 917699.1000000635
-95 -26 917699.1000000635
-137 -31 917699.1000000635
-137 -31 917699.1000000635
-143 -35 917699.1000000635
-143 -35 917699.1000000635
-148 -33 917699.1000000635
-148 -33 917699.1000000635
-75 -18 917699.1000000635
-75 -18 917699.1000000635
