239 -36
239 -36
160 343
160 343
359 16
46 329
359 329
175 -114
175 -114
396 55
83 368
396 368
403 298
90 -15
403 -15
403 298
90 -15
403 -15
397 282
84 -31
397 -31
397 282
84 -31
397 -31
461 122
148 435
461 435
253 -33
253 -33
398 10
85 323
398 323
296 461
296 461
469 189
156 -124
469 -124
469 189
156 -124
469 -124
264 425
264 425
224 -57
224 -57
203 406
203 406
178 422
178 422
402 110
89 423
402 423
254 373
254 373
291 412
291 412
421 25
108 338
421 338
186 389
186 389
180 438
180 438
263 -65
263 -65
376 131
63 444
376 444
225 336
225 336
204 -30
204 -30
387 60
74 373
387 373
421 221
108 -92
421 -92
421 221
108 -92
421 -92
438 289
125 -24
438 -24
438 289
125 -24
438 -24
320 94
320 407
423 241
110 -72
423 -72
423 241
110 -72
423 -72
360 47
47 360
360 360
464 148
151 461
464 461
455 270
142 -43
455 -43
455 270
142 -43
455 -43
164 -142
164 -142
447 178
134 -135
447 -135
447 178
134 -135
447 -135
242 -64
242 -64
440 240
127 -73
440 -73
440 240
127 -73
440 -73
364 247
51 -66
364 -66
364 247
51 -66
364 -66
204 450
204 450
247 -43
247 -43
248 -101
248 -101
266 -58
266 -58
442 76
129 389
442 389
427 12
114 325
427 325
400 238
87 -75
400 -75
400 238
87 -75
400 -75
205 -150
205 -150
267 430
267 430
353 235
40 -78
353 -78
353 235
40 -78
353 -78
411 253
98 -60
411 -60
411 253
98 -60
411 -60
346 246
33 -67
346 -67
346 246
33 -67
346 -67
253 -138
253 -138
274 444
274 444
225 378
225 378
407 165
94 -148
407 -148
407 165
94 -148
407 -148
259 -64
259 -64
271 424
271 424
345 36
345 349
221 390
221 390
204 -147
204 -147
189 -51
189 -51
239 -21
239 -21
419 86
106 399
419 399
204 455
204 455
335 278
22 -35
335 -35
335 278
22 -35
335 -35
288 -37
288 -37
287 -154
287 -154
166 346
166 346
244 -109
244 -109
447 36
134 349
447 349
353 72
40 385
353 385
433 137
120 450
433 450
365 43
52 356
365 356
204 458
204 458
206 381
206 381
258 428
258 428
282 -115
282 -115
356 0
356 313
426 43
113 356
426 356
366 146
53 459
366 459
232 377
232 377
231 325
231 325
264 419
264 419
167 452
167 452
408 79
95 392
408 392
188 406
188 406
372 172
59 -141
372 -141
372 172
59 -141
372 -141
189 -125
189 -125
308 410
308 410
180 442
180 442
288 -111
288 -111
415 186
102 -127
415 -127
415 186
102 -127
415 -127
370 49
57 362
370 362
347 179
347 -134
347 179
347 -134
346 172
346 -141
346 172
346 -141
466 194
153 -119
466 -119
466 194
153 -119
466 -119
350 20
37 333
350 333
172 455
172 455
456 241
143 -72
456 -72
456 241
143 -72
456 -72
460 29
147 342
460 342
300 -21
300 -21
458 211
145 -102
458 -102
458 211
145 -102
458 -102
456 260
143 -53
456 -53
456 260
143 -53
456 -53
261 -41
261 -41
239 349
239 349
224 -22
224 -22
395 140
82 453
395 453
422 125
109 438
422 438
343 289
30 -24
343 -24
343 289
30 -24
343 -24
342 156
342 469
424 111
111 424
424 424
296 -148
296 -148
184 331
184 331
425 293
112 -20
425 -20
425 293
112 -20
425 -20
157 -94
157 -94
353 108
353 421
211 -14
211 -14
188 -149
188 -149
429 175
116 -138
429 -138
429 175
116 -138
429 -138
263 -123
263 -123
250 379
250 379
157 -126
157 -126
370 189
57 -124
370 -124
370 189
57 -124
370 -124
280 374
280 374
259 440
259 440
245 332
245 332
383 289
70 -24
383 -24
383 289
70 -24
383 -24
385 168
72 -145
385 -145
385 168
72 -145
385 -145
251 -76
251 -76
244 -88
244 -88
415 301
102 -12
415 -12
415 301
102 -12
415 -12
172 -125
172 -125
353 230
40 -83
353 -83
353 230
40 -83
353 -83
379 166
66 -147
379 -147
379 166
66 -147
379 -147
158 371
158 371
342 182
342 -131
342 182
342 -131
292 330
292 330
390 196
77 -117
390 -117
390 196
77 -117
390 -117
186 345
186 345
415 222
102 -91
415 -91
415 222
102 -91
415 -91
266 -68
266 -68
181 468
181 468
442 290
129 -23
442 -23
442 290
129 -23
442 -23
303 325
303 325
288 -156
288 -156
441 111
128 424
441 424
293 438
293 438
196 -143
196 -143
201 383
201 383
174 315
174 315
407 18
94 331
407 331
236 -96
236 -96
337 194
337 -119
337 194
337 -119
178 428
178 428
437 293
124 -20
437 -20
437 293
124 -20
437 -20
246 -97
246 -97
412 274
99 -39
412 -39
412 274
99 -39
412 -39
203 -96
203 -96
279 344
279 344
416 112
103 425
416 425
294 350
294 350
188 416
188 416
425 299
112 -14
425 -14
425 299
112 -14
425 -14
433 226
120 -87
433 -87
433 226
120 -87
433 -87
172 -134
172 -134
353 53
40 366
353 366
383 279
70 -34
383 -34
383 279
70 -34
383 -34
411 133
98 446
411 446
212 -98
212 -98
202 -108
202 -108
410 217
97 -96
410 -96
410 217
97 -96
410 -96
292 351
292 351
220 -100
220 -100
240 -104
240 -104
386 240
73 -73
386 -73
386 240
73 -73
386 -73
163 402
163 402
203 318
203 318
215 343
215 343
172 355
172 355
158 -77
158 -77
428 68
115 381
428 381
415 222
102 -91
415 -91
415 222
102 -91
415 -91
412 155
99 468
412 468
352 261
39 -52
352 -52
352 261
39 -52
352 -52
377 90
64 403
377 403
419 75
106 388
419 388
268 -44
268 -44
164 460
164 460
219 427
219 427
274 -45
274 -45
407 300
94 -13
407 -13
407 300
94 -13
407 -13
335 279
22 -34
335 -34
335 279
22 -34
335 -34
354 39
41 352
354 352
265 409
265 409
278 329
278 329
206 -58
206 -58
276 334
276 334
197 -18
197 -18
384 50
71 363
384 363
427 159
114 -154
427 -154
427 159
114 -154
427 -154
203 -31
203 -31
292 370
292 370
167 362
167 362
223 -62
223 -62
343 139
343 452
262 -106
262 -106
357 311
44 -2
357 -2
357 311
44 -2
357 -2
412 208
99 -105
412 -105
412 208
99 -105
412 -105
443 124
130 437
443 437
356 240
43 -73
356 -73
356 240
43 -73
356 -73
293 -37
293 -37
213 -41
213 -41
230 -82
230 -82
388 238
75 -75
388 -75
388 238
75 -75
388 -75
232 -155
232 -155
413 289
100 -24
413 -24
413 289
100 -24
413 -24
419 293
106 -20
419 -20
419 293
106 -20
419 -20
426 221
113 -92
426 -92
426 221
113 -92
426 -92
284 -77
284 -77
235 391
235 391
289 407
289 407
389 93
76 406
389 406
208 -109
208 -109
372 48
59 361
372 361
178 336
178 336
360 211
47 -102
360 -102
360 211
47 -102
360 -102
307 340
307 340
328 300
15 -13
328 -13
328 300
15 -13
328 -13
217 372
217 372
250 343
250 343
396 246
83 -67
396 -67
396 246
83 -67
396 -67
268 -21
268 -21
221 -84
221 -84
284 452
284 452
375 79
62 392
375 392
397 284
84 -29
397 -29
397 284
84 -29
397 -29
369 222
56 -91
369 -91
369 222
56 -91
369 -91
461 117
148 430
461 430
450 65
137 378
450 378
167 432
167 432
409 222
96 -91
409 -91
409 222
96 -91
409 -91
254 403
254 403
271 329
271 329
296 -125
296 -125
393 279
80 -34
393 -34
393 279
80 -34
393 -34
170 -49
170 -49
194 331
194 331
404 226
91 -87
404 -87
404 226
91 -87
404 -87
407 163
94 -150
407 -150
407 163
94 -150
407 -150
389 190
76 -123
389 -123
389 190
76 -123
389 -123
339 176
339 -137
339 176
339 -137
182 -106
182 -106
432 179
119 -134
432 -134
432 179
119 -134
432 -134
409 223
96 -90
409 -90
409 223
96 -90
409 -90
434 62
121 375
434 375
313 -148
313 -148
193 369
193 369
250 -65
250 -65
174 336
174 336
436 111
123 424
436 424
365 268
52 -45
365 -45
365 268
52 -45
365 -45
411 84
98 397
411 397
268 -155
268 -155
380 233
67 -80
380 -80
380 233
67 -80
380 -80
214 -59
214 -59
426 84
113 397
426 397
424 297
111 -16
424 -16
424 297
111 -16
424 -16
307 336
307 336
302.00299999999993 377.999
302.00299999999993 377.999
317.999 136.001
317.999 449.001
322.99800000000005 68.00200000000001
322.99800000000005 381.002
6.993000000000085 -5.997000000000071
6.993000000000085 -5.997000000000071
325.007 3.9930000000001655
325.007 316.99300000000017
309.00599999999986 -24.003999999999905
309.00599999999986 -24.003999999999905
407.001 308.001
94.001 -4.999000000000024
407.001 -4.999000000000024
407.001 308.001
94.001 -4.999000000000024
407.001 -4.999000000000024
250.999 329.9910000000002
250.999 329.9910000000002
458.001 21.991000000000213
145.001 334.9910000000002
458.001 334.9910000000002
322.99800000000005 142.002
322.99800000000005 455.002
320.9960000000001 55.0
320.9960000000001 368.0
198.9799999999999 1.0219999999999976
271.99800000000005 -13.99200000000019
271.99800000000005 -13.99200000000019
431.002 12.996000000000095
118.00200000000001 325.9960000000001
431.002 325.9960000000001
319.9870000000003 300.00299999999993
6.987000000000307 -12.997000000000071
319.9870000000003 -12.997000000000071
319.9870000000003 300.00299999999993
6.987000000000307 -12.997000000000071
319.9870000000003 -12.997000000000071
319.999 307.00699999999983
6.999 -5.9930000000001655
319.999 -5.9930000000001655
319.999 307.00699999999983
6.999 -5.9930000000001655
319.999 -5.9930000000001655
319.9890000000002 307.00299999999993
6.989000000000179 -5.997000000000071
319.9890000000002 -5.997000000000071
319.9890000000002 307.00299999999993
6.989000000000179 -5.997000000000071
319.9890000000002 -5.997000000000071
318.98500000000035 60.993000000000016
318.98500000000035 373.993
304.01499999999965 350.999
304.01499999999965 350.999
83.99299999999997 284.01899999999955
313.99300000000017 22.994999999999994
313.99300000000017 335.995
189.99199999999996 -6.980000000000473
189.99199999999996 -6.980000000000473
294.0179999999996 36.99200000000002
316.98600000000033 294.00999999999976
316.98600000000033 -18.990000000000236
316.98600000000033 294.00999999999976
316.98600000000033 -18.990000000000236
47.001999999999995 47.01399999999997
246.0180000000001 216.00800000000004
180.02400000000011 129.03400000000016
412.0190000000001 307.0289999999993
99.01900000000009 -5.971000000000686
412.0190000000001 -5.971000000000686
412.0190000000001 307.0289999999993
99.01900000000009 -5.971000000000686
412.0190000000001 -5.971000000000686
403.98999999999995 1.9840000000003783
90.98999999999995 314.9840000000004
403.98999999999995 314.9840000000004
118.03400000000016 12.998000000000001
171.999 187.999
305.9880000000003 1.0239999999999974
267.01099999999974 117.02300000000011
42.989000000000026 312.98900000000026
89.96199999999982 297.99000000000024
440.01700000000005 13.977000000000544
127.01700000000008 326.97700000000054
440.01700000000005 326.97700000000054
235.9819999999999 217.00400000000002
155.99299999999997 189.01100000000005
313.9700000000007 95.99199999999996
313.9700000000007 408.99199999999996
98.99499999999998 154.95499999999979
307.03599999999915 -156.0180000000001
307.03599999999915 -156.0180000000001
316.98900000000026 12.001
316.98900000000026 325.001
119.02600000000012 179.12000000000057
455.99699999999996 21.987000000000307
142.99699999999999 334.9870000000003
455.99699999999996 334.9870000000003
122.97299999999987 110.97699999999989
260.99400000000014 271.99400000000014
274.03599999999915 267.9800000000005
224.99199999999996 65.00400000000002
312.0599999999986 340.05000000000007
312.0599999999986 340.05000000000007
52.98400000000004 146.01200000000006
99.99599999999998 288.9840000000004
200.9819999999999 70.01600000000008
180.03100000000015 124.98699999999994
304.00299999999993 37.98300000000004
108.999 125.001
224.00400000000002 291.0039999999999
76.01900000000009 93.01900000000009
97.98699999999994 84.03700000000018
293.03199999999924 275.9820000000004
173.95499999999979 22.970999999999965
56.97900000000005 49.02899999999993
111.0210000000001 110.97499999999988
248.0180000000001 211.998
180.99299999999997 154.9769999999999
230.99399999999997 12.003999999999998
93.97699999999989 162.96899999999985
239.9769999999999 208.99099999999996
305.99400000000014 313.9500000000012
305.99400000000014 313.9500000000012
91.001 2.008999999999999
306.0729999999983 427.01700000000005
306.0729999999983 427.01700000000005
204.002 141.98799999999994
28.96799999999996 155.98799999999994
174.96599999999984 198.998
111.0 297.0
172.0430000000002 142.00700000000003
156.9589999999998 186.9389999999997
304.06599999999844 -123.98999999999995
304.06599999999844 -123.98999999999995
310.9370000000015 131.001
12.028999999999984 4.017000000000006
306.99000000000024 22.989999999999988
263.9660000000008 105.98199999999991
76.01700000000008 189.96299999999982
97.99199999999996 253.05000000000024
220.98399999999992 77.06000000000029
289.0299999999993 -93.01800000000009
289.0299999999993 -93.01800000000009
299.9490000000012 292.0369999999991
223.001 250.94899999999976
302.9960000000001 12.001999999999999
234.01300000000006 6.93899999999998
88.96099999999981 110.01700000000008
112.97099999999986 43.01699999999996
115.99799999999999 174.96399999999983
296.001 147.96699999999984
238.9569999999998 276.99700000000007
186.02900000000014 32.05299999999988
257.91300000000206 114.99699999999999
142.9769999999999 259.9910000000002
224.999 23.005000000000006
234.00300000000001 319.9630000000009
234.00300000000001 319.9630000000009
178.02600000000012 115.01400000000007
83.00700000000003 246.05700000000027
98.97299999999987 207.92499999999964
305.1439999999966 -57.04600000000025
305.1439999999966 -57.04600000000025
96.00200000000001 221.99399999999997
75.00800000000004 237.9599999999998
84.03600000000017 281.96400000000085
143.00700000000003 21.87699999999985
212.001 215.01100000000005
241.9559999999998 249.01600000000008
127.01000000000005 240.01400000000007
144.9139999999996 210.98399999999992
306.999 156.96899999999985
102.96399999999983 111.98199999999991
175.0220000000001 313.8940000000025
175.0220000000001 313.8940000000025
34.057999999999865 179.01200000000006
30.09000000000011 289.01399999999967
71.999 302.01499999999965
205.9389999999997 254.94499999999974
113.05900000000028 84.01500000000007
127.03200000000015 13.966000000000019
270.9270000000017 15.933000000000037
281.9410000000014 197.99299999999997
96.96499999999983 216.9809999999999
67.00300000000001 232.96699999999984
96.00700000000003 223.0230000000001
133.99099999999996 36.010999999999974
184.00500000000002 17.972999999999967
152.96799999999985 194.05000000000024
235.0 78.11800000000056
216.99599999999998 58.938000000000144
97.98699999999994 132.99699999999999
158.11600000000055 236.0400000000002
72.04900000000023 168.00300000000001
311.02399999999943 443.98799999999994
311.02399999999943 443.98799999999994
4.049000000000016 12.040999999999977
211.00300000000001 298.999
188.96699999999984 261.93900000000144
310.9700000000007 278.99800000000005
39.955000000000105 234.99499999999998
267.9960000000001 269.0
258.8600000000033 127.11800000000056
283.9870000000003 236.0430000000002
205.0230000000001 162.96499999999983
172.02800000000013 42.001999999999995
307.00699999999983 27.029000000000035
166.94399999999973 118.98199999999991
187.99299999999997 92.96899999999985
244.9779999999999 19.004000000000005
296.0459999999989 187.998
38.98600000000003 261.01399999999967
266.0249999999994 244.9389999999997
202.89099999999948 281.9670000000008
124.001 293.04099999999903
202.90399999999954 217.11200000000053
204.0430000000002 283.001
304.9790000000005 255.96099999999979
69.95199999999977 289.0339999999992
252.9369999999997 174.99299999999997
271.05799999999863 110.99399999999997
39.860000000000326 229.88599999999946
147.01100000000005 29.071000000000087
263.01099999999974 247.999
250.0180000000001 248.00400000000002
384.98599999999993 302.02799999999934
71.98599999999993 -10.972000000000662
384.98599999999993 -10.972000000000662
384.98599999999993 302.02799999999934
71.98599999999993 -10.972000000000662
384.98599999999993 -10.972000000000662
59.0859999999998 47.9580000000001
283.99700000000007 139.001
181.9789999999999 207.08700000000042
194.02600000000012 18.012000000000015
101.99699999999999 186.01100000000005
265.04499999999894 95.94099999999972
58.94300000000013 171.999
73.99299999999997 60.03499999999992
224.0420000000002 256.05799999999863
287.9450000000013 276.0129999999997
52.001999999999995 268.0339999999992
106.00400000000002 86.02400000000011
279.9060000000022 61.04999999999988
76.99399999999997 196.1040000000005
188.04800000000023 103.03800000000018
124.9589999999998 288.9610000000009
266.03599999999915 255.0
10.080999999999955 68.0410000000002
258.98100000000045 249.01500000000007
192.998 55.94400000000013
293.06099999999856 -86.99099999999996
293.06099999999856 -86.99099999999996
62.99100000000002 130.8969999999995
44.023999999999944 310.88400000000274
196.8929999999995 295.001
173.9349999999997 2.062999999999993
286.9500000000012 159.09400000000045
289.001 93.84899999999928
99.0640000000003 273.9400000000014
113.02800000000013 220.9599999999998
345.9720000000001 311.0539999999987
32.972000000000065 -1.946000000001277
345.9720000000001 -1.946000000001277
345.9720000000001 311.0539999999987
32.972000000000065 -1.946000000001277
345.9720000000001 -1.946000000001277
291.00199999999995 99.0640000000003
29.97499999999997 138.90299999999954
43.02899999999993 0.07100000000000005
239.04800000000023 292.07799999999816
167.03100000000015 49.048999999999886
246.998 269.9740000000006
128.07500000000036 110.93299999999968
198.98599999999993 313.94200000000137
198.98599999999993 313.94200000000137
288.9880000000003 219.92599999999965
250.07800000000037 30.038000000000046
312.9400000000014 165.03600000000017
288.0809999999981 202.05700000000027
71.01500000000007 49.90900000000021
163.96799999999985 170.95399999999978
206.01600000000008 68.0
121.01400000000007 61.938000000000144
208.05900000000028 203.9189999999996
90.95099999999977 225.999
220.95199999999977 229.03000000000014
177.98799999999994 23.004000000000005
213.02900000000014 271.98500000000035
94.0 18.060000000000073
32.84900000000035 246.00300000000001
157.9389999999997 58.03299999999992
252.998 280.0379999999991
25.945999999999934 175.9799999999999
36.9560000000001 20.0
69.96999999999986 278.9500000000012
296.00199999999995 165.02600000000012
164.00500000000002 147.03700000000018
113.95499999999979 11.987000000000007
108.0 221.00600000000003
56.001 221.9789999999999
148.00300000000001 122.05900000000028
251.0220000000001 236.9819999999999
210.0210000000001 311.957000000001
204.01700000000008 145.06700000000032
93.99499999999998 307.99700000000007
273.98900000000026 130.999
306.0169999999996 356.997
306.0169999999996 356.997
93.98699999999994 165.09900000000047
39.9560000000001 53.027999999999935
105.9779999999999 74.96999999999986
63.96100000000009 90.0430000000002
33.03099999999993 171.94899999999976
278.9790000000005 31.06500000000008
114.06100000000029 158.99499999999998
238.96899999999985 36.05499999999987
177.9769999999999 108.97099999999986
46.96700000000008 210.9349999999997
102.00600000000003 301.0179999999996
129.21900000000105 290.0709999999983
291.9460000000013 38.00799999999998
268.02299999999946 292.042999999999
79.99099999999996 278.9490000000012
130.00300000000001 124.02500000000012
213.99399999999997 253.96599999999984
56.97800000000005 189.03600000000017
297.9620000000009 316.9360000000015
297.9620000000009 316.9360000000015
262.0509999999988 207.05100000000024
120.09700000000046 225.9369999999997
106.00400000000002 293.0
203.0190000000001 5.037000000000012
311.07799999999816 -34.03599999999915
311.07799999999816 -34.03599999999915
187.96299999999982 164.0190000000001
263.02799999999934 190.0
23.90199999999988 194.21600000000103
52.00799999999998 42.964000000000084
201.9579999999998 204.99199999999996
287.9910000000002 156.95499999999979
129.07200000000034 76.09800000000047
189.00500000000002 188.00900000000004
41.00899999999998 38.981000000000044
267.0 315.90000000000236
267.0 315.90000000000236
169.9769999999999 264.06499999999846
81.999 140.01300000000006
108.00200000000001 25.02600000000003
253.94199999999972 90.02400000000011
8.059999999999967 54.946000000000126
65.99699999999999 165.97299999999987
251.05400000000026 16.955999999999946
31.895999999999873 36.001999999999995
185.9599999999998 75.99399999999997
166.95399999999978 138.94599999999974
110.03400000000016 241.05800000000028
305.9960000000001 44.0439999999999
83.11600000000055 54.95400000000011
46.130999999999695 16.011000000000013
51.05899999999986 247.03100000000015
264.001 111.999
293.01499999999965 124.93899999999971
112.01700000000008 292.9610000000009
293.06999999999834 226.0180000000001
267.93900000000144 157.95099999999977
137.0400000000002 64.97599999999989
134.01100000000005 177.96899999999985
39.97800000000005 108.00800000000004
232.01400000000007 63.9580000000001
147.99499999999998 116.89099999999948
250.03000000000014 66.09800000000047
142.98799999999994 240.98599999999993
87.0200000000001 237.998
114.98299999999992 67.99699999999999
254.03000000000014 59.912000000000205
84.88399999999945 10.067999999999962
195.98499999999993 170.00700000000003
120.0420000000002 137.07000000000033
142.02700000000013 270.1109999999974
43.00299999999999 240.00700000000003
214.92399999999964 30.036000000000044
203.05100000000024 93.00900000000004
159.97599999999989 29.979999999999976
94.00300000000001 299.9910000000002
112.01900000000009 299.05699999999865
102.0 222.02800000000013
166.00900000000004 33.001
232.0 157.97199999999987
204.07700000000037 166.11700000000056
230.0230000000001 231.01500000000007
219.0610000000003 114.01100000000005
292.00199999999995 57.0
172.0210000000001 178.99099999999996
302.00299999999993 65.07100000000034
162.93399999999968 89.00400000000002
61.99500000000001 78.97699999999989
244.01100000000005 225.0190000000001
28.972999999999967 182.01700000000008
278.01899999999955 15.939000000000034
275.9790000000005 21.03300000000004
243.92299999999963 203.86899999999937
204.00800000000004 136.90999999999957
291.9710000000007 16.986999999999984
94.92699999999965 78.95299999999978
210.0400000000002 -0.9300000000016553
210.0400000000002 -0.9300000000016553
157.05200000000025 219.00600000000003
307.96900000000073 97.02300000000011
165.8979999999995 318.85800000000336
165.8979999999995 318.85800000000336
39.98400000000004 72.03600000000017
150.88399999999945 148.07800000000037
220.0640000000003 212.8979999999995
72.96499999999983 240.06700000000032
-74 277
-74 -36
-74 277
-74 -36
-153 30
-153 -283
-153 30
-153 -283
-138 199
-138 -114
-138 199
-138 -114
-60 -33
-60 -33
-17 -165
-17 -165
-49 112
-49 -201
-49 112
-49 -201
-89 256
-89 -57
-89 256
-89 -57
-110 93
-110 -220
-110 93
-110 -220
-135 109
-135 -204
-135 109
-135 -204
-59 60
-59 -253
-59 60
-59 -253
-22 -214
-22 -214
-127 76
-127 -237
-127 76
-127 -237
-133 125
-133 -188
-133 125
-133 -188
-50 -65
-50 -65
-88 23
-88 -290
-88 23
-88 -290
-109 283
-109 -30
-109 283
-109 -30
-149 171
-149 -142
-149 171
-149 -142
-71 249
-71 -64
-71 249
-71 -64
-109 137
-109 -176
-109 137
-109 -176
-66 -43
-66 -43
-65 212
-65 -101
-65 212
-65 -101
-47 -58
-47 -58
-108 163
-108 -150
-108 163
-108 -150
-46 117
-46 -196
-46 117
-46 -196
-60 175
-60 -138
-60 175
-60 -138
-39 131
-39 -182
-39 131
-39 -182
-88 65
-88 -248
-88 65
-88 -248
-54 -64
-54 -64
-42 111
-42 -202
-42 111
-42 -202
-92 77
-92 -236
-92 77
-92 -236
-109 166
-109 -147
-109 166
-109 -147
-124 262
-124 -51
-124 262
-124 -51
-74 -21
-74 -21
-109 142
-109 -171
-109 142
-109 -171
-25 -37
-25 -37
-26 -154
-26 -154
-147 33
-147 -280
-147 33
-147 -280
-69 204
-69 -109
-69 204
-69 -109
-109 145
-109 -168
-109 145
-109 -168
-107 68
-107 -245
-107 68
-107 -245
-55 115
-55 -198
-55 115
-55 -198
-31 -115
-31 -115
-81 64
-81 -249
-81 64
-81 -249
-82 12
-82 -301
-82 12
-82 -301
-49 106
-49 -207
-49 106
-49 -207
-146 139
-146 -174
-146 139
-146 -174
-125 93
-125 -220
-125 93
-125 -220
-124 188
-124 -125
-124 188
-124 -125
-133 129
-133 -184
-133 129
-133 -184
-25 -111
-25 -111
-141 142
-141 -171
-141 142
-141 -171
-13 -21
-13 -21
-52 -41
-52 -41
-74 36
-74 -277
-74 36
-74 -277
-89 291
-89 -22
-89 291
-89 -22
-17 -148
-17 -148
-129 18
-129 -295
-129 18
-129 -295
-156 219
-156 -94
-156 219
-156 -94
-102 299
-102 -14
-102 299
-102 -14
-125 164
-125 -149
-125 164
-125 -149
-50 -123
-50 -123
-63 66
-63 -247
-63 66
-63 -247
-156 187
-156 -126
-156 187
-156 -126
-33 61
-33 -252
-33 61
-33 -252
-54 127
-54 -186
-54 127
-54 -186
-68 19
-68 -294
-68 19
-68 -294
-62 -76
-62 -76
-69 225
-69 -88
-69 225
-69 -88
-141 188
-141 -125
-141 188
-141 -125
-155 58
-155 -255
-155 58
-155 -255
-21 17
-21 17
-127 32
-127 -281
-127 32
-127 -281
-47 -68
-47 -68
-132 155
-132 -158
-132 155
-132 -158
-10 12
-10 12
-25 -156
-25 -156
-20 -188
-20 -188
-117 170
-117 -143
-117 170
-117 -143
-112 70
-112 -243
-112 70
-112 -243
-139 2
-139 -311
-139 2
-139 -311
-77 217
-77 -96
-77 217
-77 -96
-135 115
-135 -198
-135 115
-135 -198
-67 216
-67 -97
-67 216
-67 -97
-110 217
-110 -96
-110 217
-110 -96
-34 31
-34 -282
-34 31
-34 -282
-19 37
-19 37
-125 103
-125 -210
-125 103
-125 -210
-141 179
-141 -134
-141 179
-141 -134
-101 215
-101 -98
-101 215
-101 -98
-111 205
-111 -108
-111 205
-111 -108
-21 38
-21 38
-93 213
-93 -100
-93 213
-93 -100
-73 209
-73 -104
-73 209
-73 -104
-150 89
-150 -224
-150 89
-150 -224
-110 5
-110 -308
-110 5
-110 -308
-98 30
-98 -283
-98 30
-98 -283
-141 42
-141 -271
-141 42
-141 -271
-155 236
-155 -77
-155 236
-155 -77
-45 -44
-45 -44
-149 147
-149 -166
-149 147
-149 -166
-94 114
-94 -199
-94 114
-94 -199
-39 -45
-39 -45
-48 96
-48 -217
-48 96
-48 -217
-35 16
-35 -297
-35 16
-35 -297
-107 255
-107 -58
-107 255
-107 -58
-37 21
-37 -292
-37 21
-37 -292
-116 295
-116 -18
-116 295
-116 -18
-110 282
-110 -31
-110 282
-110 -31
-21 57
-21 57
-146 49
-146 -264
-146 49
-146 -264
-90 251
-90 -62
-90 251
-90 -62
-51 -106
-51 -106
-20 -37
-20 -37
-100 272
-100 -41
-100 272
-100 -41
-83 231
-83 -82
-83 231
-83 -82
-81 158
-81 -155
-81 158
-81 -155
-29 -77
-29 -77
-78 78
-78 -235
-78 78
-78 -235
-24 -219
-24 -219
-105 204
-105 -109
-105 204
-105 -109
-135 23
-135 -290
-135 23
-135 -290
-96 59
-96 -254
-96 59
-96 -254
-63 30
-63 -283
-63 30
-63 -283
-45 -21
-45 -21
-92 229
-92 -84
-92 229
-92 -84
-29 -174
-29 -174
-146 119
-146 -194
-146 119
-146 -194
-59 90
-59 -223
-59 90
-59 -223
-42 16
-42 -297
-42 16
-42 -297
-17 -125
-17 -125
-143 264
-143 -49
-143 264
-143 -49
-119 18
-119 -295
-119 18
-119 -295
-131 207
-131 -106
-131 207
-131 -106
-120 56
-120 -257
-120 56
-120 -257
-63 -65
-63 -65
-139 23
-139 -290
-139 23
-139 -290
-45 158
-45 -155
-45 158
-45 -155
-99 254
-99 -59
-99 254
-99 -59
-3.994000000000142 -24.003999999999905
-3.994000000000142 -24.003999999999905
-62.001000000000005 16.991000000000213
-62.001000000000005 -296.0089999999998
-62.001000000000005 16.991000000000213
-62.001000000000005 -296.0089999999998
-41.00199999999995 -13.99200000000019
-41.00199999999995 -13.99200000000019
-123.00800000000004 306.0199999999995
-123.00800000000004 -6.980000000000473
-123.00800000000004 306.0199999999995
-123.00800000000004 -6.980000000000473
-7.005999999999858 0.9500000000011823
-7.005999999999858 0.9500000000011823
-23.97000000000071 -93.01800000000009
-23.97000000000071 -93.01800000000009
-78.99699999999999 6.963000000000875
-78.99699999999999 -306.0369999999991
-78.99699999999999 6.963000000000875
-78.99699999999999 -306.0369999999991
-7.856000000003405 -57.04600000000025
-7.856000000003405 -57.04600000000025
-137.9779999999999 0.8940000000025066
-137.9779999999999 -312.1059999999975
-137.9779999999999 0.8940000000025066
-137.9779999999999 -312.1059999999975
-19.939000000001442 -86.99099999999996
-19.939000000001442 -86.99099999999996
-114.01400000000007 0.9420000000013715
-114.01400000000007 -312.05799999999863
-114.01400000000007 0.9420000000013715
-114.01400000000007 -312.05799999999863
-15.037999999999101 3.9360000000015134
-15.037999999999101 3.9360000000015134
-46.0 2.9000000000023647
-46.0 -310.09999999999764
-46.0 2.9000000000023647
-46.0 -310.09999999999764
-102.95999999999981 312.06999999999834
-102.95999999999981 -0.9300000000016553
-102.95999999999981 312.06999999999834
-102.95999999999981 -0.9300000000016553
-147.1020000000005 5.858000000003358
-147.1020000000005 -307.14199999999664
-147.1020000000005 5.858000000003358
-147.1020000000005 -307.14199999999664
-17 148
-17 148
7 407
32 349
-25 276
-25 276
-26 159
-26 159
-31 198
-31 198
-5 97
-5 97
-25 202
-25 202
-13 292
-13 292
29 469
-17 165
-17 165
40 421
-25 157
-25 157
-20 125
-20 125
-45 269
-45 269
-39 268
-39 268
30 452
-20 276
-20 276
-29 236
-29 236
-45 292
-45 292
-17 188
-17 188
-10.997000000000071 64.999
-10.997000000000071 64.999
4.999000000000024 449.001
9.998000000000047 381.002
12.006999999999996 316.99300000000017
-3.994000000000142 288.9960000000001
-3.994000000000142 288.9960000000001
9.998000000000047 455.002
7.996000000000095 368.0
-41.00199999999995 299.0079999999998
-41.00199999999995 299.0079999999998
5.985000000000355 373.993
0.9930000000001655 335.995
0.9700000000007094 408.99199999999996
-5.964000000000851 156.9819999999999
-5.964000000000851 156.9819999999999
3.98900000000026 325.001
-0.9400000000014188 27.05000000000006
-0.9400000000014188 27.05000000000006
1.0419999999999954 23.0
-6.927000000001726 114.01700000000008
-6.927000000001726 114.01700000000008
-8.93400000000156 189.01000000000005
-8.93400000000156 189.01000000000005
-23.97000000000071 219.9819999999999
-23.97000000000071 219.9819999999999
21.999 279.0209999999995
6.988999999999996 306.99700000000007
-7.856000000003405 255.95399999999975
-7.856000000003405 255.95399999999975
21.98399999999998 277.8480000000036
-1.9760000000005675 130.98799999999994
-1.9760000000005675 130.98799999999994
1.0109999999999988 96.01700000000008
-19.939000000001442 226.00900000000004
-19.939000000001442 226.00900000000004
0.11200000000000009 165.0400000000002
-6.983000000000402 43.99700000000001
-6.983000000000402 43.99700000000001
-1.9220000000018445 278.96400000000085
-1.9220000000018445 278.96400000000085
5.134000000000045 135.9559999999998
15.045999999999975 299.99800000000005
7.142000000000047 93.98399999999992
4.010000000000003 293.97200000000066
-60 280
-60 280
-22 99
-22 99
-50 248
-50 248
-66 270
-66 270
-47 255
-47 255
-54 249
-54 249
-74 292
-74 292
-52 272
-52 272
-50 190
-50 190
-62 237
-62 237
-47 245
-47 245
-51 207
-51 207
-24 94
-24 94
-6 27
-6 27
-29 139
-29 139
-63 248
-63 248
-6 23
-6 23
-8.985000000000355 37.999
-8.985000000000355 37.999
-5 -216
-5 -216
-21 -296
-21 -296
-10 -301
-10 -301
-19 -276
-19 -276
-21 -275
-21 -275
-21 -256
-21 -256
-6 -286
-6 -286
0 -148
0 -148
-6 -290
-6 -290
-10.997000000000071 -248.001
-10.997000000000071 -248.001
-8.985000000000355 -275.001
-8.985000000000355 -275.001
-5.964000000000851 -156.0180000000001
-5.964000000000851 -156.0180000000001
-0.9400000000014188 -285.94999999999993
-0.9400000000014188 -285.94999999999993
-7.005999999999858 -312.0499999999988
-7.005999999999858 -312.0499999999988
-6.927000000001726 -198.98299999999992
-6.927000000001726 -198.98299999999992
-8.93400000000156 -123.98999999999995
-8.93400000000156 -123.98999999999995
-1.9760000000005675 -182.01200000000006
-1.9760000000005675 -182.01200000000006
-6.983000000000402 -269.003
-6.983000000000402 -269.003
-15.037999999999101 -309.0639999999985
-15.037999999999101 -309.0639999999985
-1.9220000000018445 -34.03599999999915
-1.9220000000018445 -34.03599999999915
34 -134
34 -134
33 -141
33 -141
29 -131
29 -131
24 -119
24 -119
26 -137
26 -137
3.986000000000331 -18.990000000000236
3.986000000000331 -18.990000000000236
1115491.0459999735