21 444 1072339.6199998467
-32 50 1072339.6199998467
-32 50 1072339.6199998467
-34 130 1072339.6199998467
-34 130 1072339.6199998467
22 469 1072339.6199998467
-44 87 1072339.6199998467
-44 87 1072339.6199998467
-58 263 1072339.6199998467
-58 263 1072339.6199998467
-98 230 1072339.6199998467
-98 230 1072339.6199998467
-92 7 1072339.6199998467
-92 7 1072339.6199998467
-130 205 1072339.6199998467
-130 205 1072339.6199998467
-55 181 1072339.6199998467
-55 181 1072339.6199998467
43 389 1072339.6199998467
-49 127 1072339.6199998467
-49 127 1072339.6199998467
-8 138 1072339.6199998467
-8 138 1072339.6199998467
-112 245 1072339.6199998467
-112 245 1072339.6199998467
60 395 1072339.6199998467
-114 2 1072339.6199998467
-114 2 1072339.6199998467
-61 176 1072339.6199998467
-61 176 1072339.6199998467
-114 289 1072339.6199998467
-114 289 1072339.6199998467
71 338 1072339.6199998467
106 466 1072339.6199998467
55 466 1072339.6199998467
42 365 1072339.6199998467
-15 264 1072339.6199998467
-15 264 1072339.6199998467
-78 292 1072339.6199998467
-78 292 1072339.6199998467
-112 133 1072339.6199998467
-112 133 1072339.6199998467
-40 26 1072339.6199998467
-40 26 1072339.6199998467
5 363 1072339.6199998467
-81 227 1072339.6199998467
-81 227 1072339.6199998467
39 353 1072339.6199998467
50 459 1072339.6199998467
-103 40 1072339.6199998467
-103 40 1072339.6199998467
-114 110 1072339.6199998467
-114 110 1072339.6199998467
-56 13 1072339.6199998467
-56 13 1072339.6199998467
130 426 1072339.6199998467
-149 78 1072339.6199998467
-149 78 1072339.6199998467
-100 2 1072339.6199998467
-100 2 1072339.6199998467
-37 76 1072339.6199998467
-37 76 1072339.6199998467
-81 271 1072339.6199998467
-81 271 1072339.6199998467
-10 107 1072339.6199998467
-10 107 1072339.6199998467
66 447 1072339.6199998467
133 367 1072339.6199998467
-65 164 1072339.6199998467
-65 164 1072339.6199998467
-89 81 1072339.6199998467
-89 81 1072339.6199998467
-79 24 1072339.6199998467
-79 24 1072339.6199998467
15 355 1072339.6199998467
147 456 1072339.6199998467
-95 287 1072339.6199998467
-95 287 1072339.6199998467
-46 102 1072339.6199998467
-46 102 1072339.6199998467
72 422 1072339.6199998467
-137 282 1072339.6199998467
-137 282 1072339.6199998467
-146 144 1072339.6199998467
167 457 1072339.6199998467
-146 144 1072339.6199998467
167 457 1072339.6199998467
96 458 1072339.6199998467
-14 94 1072339.6199998467
-14 94 1072339.6199998467
-72 274 1072339.6199998467
-72 274 1072339.6199998467
-143 278 1072339.6199998467
-143 278 1072339.6199998467
-151 180 1072339.6199998467
-151 180 1072339.6199998467
23 457 1072339.6199998467
144 444 1072339.6199998467
131 368 1072339.6199998467
-84 275 1072339.6199998467
-84 275 1072339.6199998467
98 455 1072339.6199998467
-100 306 1072339.6199998467
-100 -7 1072339.6199998467
-100 306 1072339.6199998467
-100 -7 1072339.6199998467
-155 147 1072339.6199998467
158 460 1072339.6199998467
-155 147 1072339.6199998467
158 460 1072339.6199998467
15 382 1072339.6199998467
52 379 1072339.6199998467
-106 156 1072339.6199998467
-106 156 1072339.6199998467
-31 198 1072339.6199998467
-31 198 1072339.6199998467
-110 115 1072339.6199998467
-110 115 1072339.6199998467
-65 264 1072339.6199998467
-65 264 1072339.6199998467
69 401 1072339.6199998467
-144 2 1072339.6199998467
-144 2 1072339.6199998467
48 353 1072339.6199998467
66 349 1072339.6199998467
16 443 1072339.6199998467
-150 27 1072339.6199998467
-150 27 1072339.6199998467
150 397 1072339.6199998467
-115 139 1072339.6199998467
-115 139 1072339.6199998467
-155 120 1072339.6199998467
158 433 1072339.6199998467
-155 120 1072339.6199998467
158 433 1072339.6199998467
100 337 1072339.6199998467
-104 33 1072339.6199998467
-104 33 1072339.6199998467
-25 293 1072339.6199998467
-25 293 1072339.6199998467
-128 44 1072339.6199998467
-128 44 1072339.6199998467
129 346 1072339.6199998467
-151 14 1072339.6199998467
-151 14 1072339.6199998467
-142 204 1072339.6199998467
-142 204 1072339.6199998467
-77 164 1072339.6199998467
-77 164 1072339.6199998467
-121 148 1072339.6199998467
-121 148 1072339.6199998467
-155 62 1072339.6199998467
-155 62 1072339.6199998467
53 437 1072339.6199998467
-25 193 1072339.6199998467
-25 193 1072339.6199998467
-124 77 1072339.6199998467
-124 77 1072339.6199998467
-87 54 1072339.6199998467
-87 54 1072339.6199998467
42 445 1072339.6199998467
92 411 1072339.6199998467
-33 31 1072339.6199998467
-33 31 1072339.6199998467
-116 104 1072339.6199998467
-116 104 1072339.6199998467
-76 150 1072339.6199998467
-76 150 1072339.6199998467
-126 29 1072339.6199998467
-126 29 1072339.6199998467
-130 34 1072339.6199998467
-130 34 1072339.6199998467
-56 158 1072339.6199998467
-56 158 1072339.6199998467
-148 280 1072339.6199998467
-148 280 1072339.6199998467
133 363 1072339.6199998467
-154 284 1072339.6199998467
-154 -29 1072339.6199998467
-154 284 1072339.6199998467
-154 -29 1072339.6199998467
-76 126 1072339.6199998467
-76 126 1072339.6199998467
-60 40 1072339.6199998467
-60 40 1072339.6199998467
118 451 1072339.6199998467
-61 236 1072339.6199998467
-61 236 1072339.6199998467
119 389 1072339.6199998467
-128 96 1072339.6199998467
-128 96 1072339.6199998467
-45 174 1072339.6199998467
-45 174 1072339.6199998467
-92 55 1072339.6199998467
-92 55 1072339.6199998467
90 371 1072339.6199998467
-68 242 1072339.6199998467
-68 242 1072339.6199998467
-31 169 1072339.6199998467
-31 169 1072339.6199998467
-48 228 1072339.6199998467
-48 228 1072339.6199998467
-29 109 1072339.6199998467
-29 109 1072339.6199998467
-71 289 1072339.6199998467
-71 289 1072339.6199998467
-47 133 1072339.6199998467
-47 133 1072339.6199998467
124 348 1072339.6199998467
-123 120 1072339.6199998467
-123 120 1072339.6199998467
-73 44 1072339.6199998467
-73 44 1072339.6199998467
99 451 1072339.6199998467
-132 134 1072339.6199998467
-132 134 1072339.6199998467
-28 73 1072339.6199998467
-28 73 1072339.6199998467
59 387 1072339.6199998467
-75 295 1072339.6199998467
-75 295 1072339.6199998467
-143 113 1072339.6199998467
-143 113 1072339.6199998467
-66 22 1072339.6199998467
-66 22 1072339.6199998467
-20 254 1072339.6199998467
-20 254 1072339.6199998467
-92 111 1072339.6199998467
-92 111 1072339.6199998467
-137 106 1072339.6199998467
-137 106 1072339.6199998467
-150 228 1072339.6199998467
-150 228 1072339.6199998467
-51 152 1072339.6199998467
-51 152 1072339.6199998467
-138 206 1072339.6199998467
-138 206 1072339.6199998467
-143 267 1072339.6199998467
-143 267 1072339.6199998467
-136 164 1072339.6199998467
-136 164 1072339.6199998467
31 334 1072339.6199998467
-56 86 1072339.6199998467
-56 86 1072339.6199998467
-34 58 1072339.6199998467
-34 58 1072339.6199998467
-93 93 1072339.6199998467
-93 93 1072339.6199998467
-73 26 1072339.6199998467
-73 26 1072339.6199998467
131 381 1072339.6199998467
-85 270 1072339.6199998467
-85 270 1072339.6199998467
-108 75 1072339.6199998467
-108 75 1072339.6199998467
-60 255 1072339.6199998467
-60 255 1072339.6199998467
-103 130 1072339.6199998467
-103 130 1072339.6199998467
62 350 1072339.6199998467
-72 208 1072339.6199998467
-72 208 1072339.6199998467
-135 145 1072339.6199998467
-135 145 1072339.6199998467
146 455 1072339.6199998467
36 349 1072339.6199998467
-60 82 1072339.6199998467
-60 82 1072339.6199998467
-115 31 1072339.6199998467
-115 31 1072339.6199998467
3 445 1072339.6199998467
24 419 1072339.6199998467
-138 88 1072339.6199998467
-138 88 1072339.6199998467
-138 263 1072339.6199998467
-138 263 1072339.6199998467
22 376 1072339.6199998467
-132 11 1072339.6199998467
-132 11 1072339.6199998467
-70 276 1072339.6199998467
-70 276 1072339.6199998467
42 466 1072339.6199998467
109 462 1072339.6199998467
-107 120 1072339.6199998467
-107 120 1072339.6199998467
-71 181 1072339.6199998467
-71 181 1072339.6199998467
15 340 1072339.6199998467
-17 44 1072339.6199998467
-17 44 1072339.6199998467
-116 103 1072339.6199998467
-116 103 1072339.6199998467
-107 192 1072339.6199998467
-107 192 1072339.6199998467
46 331 1072339.6199998467
-14 51 1072339.6199998467
-14 51 1072339.6199998467
-155 53 1072339.6199998467
-155 53 1072339.6199998467
-25 19 1072339.6199998467
-25 19 1072339.6199998467
-132 189 1072339.6199998467
-132 189 1072339.6199998467
-126 75 1072339.6199998467
-126 75 1072339.6199998467
-96 123 1072339.6199998467
-96 123 1072339.6199998467
105 378 1072339.6199998467
-79 61 1072339.6199998467
-79 61 1072339.6199998467
34 424 1072339.6199998467
-148 303 1072339.6199998467
-148 -10 1072339.6199998467
-148 303 1072339.6199998467
-148 -10 1072339.6199998467
-28 181 1072339.6199998467
-28 181 1072339.6199998467
-145 0 1072339.6199998467
-145 0 1072339.6199998467
49 429 1072339.6199998467
-104 279 1072339.6199998467
-104 279 1072339.6199998467
-151 178 1072339.6199998467
-151 178 1072339.6199998467
0 364 1072339.6199998467
-117 258 1072339.6199998467
-117 258 1072339.6199998467
91 413 1072339.6199998467
72 360 1072339.6199998467
-88 252 1072339.6199998467
-88 252 1072339.6199998467
95 451 1072339.6199998467
98 395 1072339.6199998467
-113 311 1072339.6199998467
-113 -2 1072339.6199998467
-113 311 1072339.6199998467
-113 -2 1072339.6199998467
70 447 1072339.6199998467
-114 137 1072339.6199998467
-114 137 1072339.6199998467
-92 233 1072339.6199998467
-92 233 1072339.6199998467
126 460 1072339.6199998467
-39 221 1072339.6199998467
-39 221 1072339.6199998467
114 401 1072339.6199998467
-64 115 1072339.6199998467
-64 115 1072339.6199998467
-55 111 1072339.6199998467
-55 111 1072339.6199998467
7 344 1072339.6199998467
79 412 1072339.6199998467
122 365 1072339.6199998467
-123.00999999999999 0.9900000000000091 1072339.6199998467
-123.00999999999999 0.9900000000000091 1072339.6199998467
-150.01 0.9900000000000091 1072339.6199998467
-150.01 0.9900000000000091 1072339.6199998467
2.990000000000009 411.99 1072339.6199998467
53.029999999999994 168.99 1072339.6199998467
43.99 323.99 1072339.6199998467
-128.01 312.01 1072339.6199998467
-128.01 -0.9900000000000091 1072339.6199998467
-128.01 312.01 1072339.6199998467
-128.01 -0.9900000000000091 1072339.6199998467
28.020000000000003 289.98 1072339.6199998467
5.0 50.0 1072339.6199998467
-2.9700000000000273 302.01 1072339.6199998467
-2.9700000000000273 302.01 1072339.6199998467
-0.9400000000000546 257.02 1072339.6199998467
-0.9400000000000546 257.02 1072339.6199998467
-20.99000000000001 217.99 1072339.6199998467
-20.99000000000001 217.99 1072339.6199998467
49.99 169.99 1072339.6199998467
53.99 185.99 1072339.6199998467
45.0 323.98 1072339.6199998467
28.06000000000001 203.01999999999998 1072339.6199998467
89.0 245.98000000000002 1072339.6199998467
64.02000000000001 260.02 1072339.6199998467
18.969999999999995 280.01 1072339.6199998467
-8.970000000000027 10.990000000000018 1072339.6199998467
-8.970000000000027 10.990000000000018 1072339.6199998467
5.970000000000027 376.01 1072339.6199998467
40.15999999999997 221.1199999999999 1072339.6199998467
4.02 280.94000000000005 1072339.6199998467
1.9500000000000455 340.01 1072339.6199998467
6.99 30.99 1072339.6199998467
0.010000000000009095 51.04999999999999 1072339.6199998467
2.9700000000000273 428.99 1072339.6199998467
85.94999999999997 250.97000000000003 1072339.6199998467
68.02000000000001 313.9200000000001 1072339.6199998467
58.03999999999999 211.0 1072339.6199998467
55.10999999999998 153.02999999999997 1072339.6199998467
23.050000000000008 143.97000000000003 1072339.6199998467
93.01 249.01 1072339.6199998467
6.920000000000002 71.02000000000001 1072339.6199998467
88.93999999999997 255.1199999999999 1072339.6199998467
28.99 300.03 1072339.6199998467
5.960000000000001 243.96000000000004 1072339.6199998467
55.980000000000004 241.0 1072339.6199998467
-8.990000000000009 10.950000000000037 1072339.6199998467
-8.990000000000009 10.950000000000037 1072339.6199998467
-28.019999999999982 307.0799999999999 1072339.6199998467
-28.019999999999982 307.0799999999999 1072339.6199998467
-4.970000000000027 189.01 1072339.6199998467
-4.970000000000027 189.01 1072339.6199998467
63.96000000000001 220.0 1072339.6199998467
43.04999999999999 190.08999999999992 1072339.6199998467
17.01 299.01 1072339.6199998467
23.919999999999987 105.91999999999996 1072339.6199998467
41.96000000000001 153.0 1072339.6199998467
38.029999999999994 275.99 1072339.6199998467
-80.97000000000003 309.04999999999995 1072339.6199998467
-80.97000000000003 -3.9500000000000455 1072339.6199998467
-80.97000000000003 309.04999999999995 1072339.6199998467
-80.97000000000003 -3.9500000000000455 1072339.6199998467
76.12000000000006 228.01999999999998 1072339.6199998467
55.04999999999999 190.04999999999995 1072339.6199998467
50.05999999999999 145.98000000000002 1072339.6199998467
47.99 171.01 1072339.6199998467
32.029999999999994 213.99 1072339.6199998467
15.950000000000001 129.91000000000008 1072339.6199998467
47.880000000000024 260.9000000000001 1072339.6199998467
97.0 322.98 1072339.6199998467
29.01 188.95000000000005 1072339.6199998467
22.06000000000001 62.920000000000016 1072339.6199998467
6.029999999999999 62.95000000000001 1072339.6199998467
21.909999999999986 156.16999999999985 1072339.6199998467
24.949999999999992 210.06999999999994 1072339.6199998467
-4.970000000000027 283.03 1072339.6199998467
-4.970000000000027 283.03 1072339.6199998467
12.97 187.99 1072339.6199998467
6.0 297.02 1072339.6199998467
6.940000000000055 383.96 1072339.6199998467
15.04 42.0 1072339.6199998467
70.02000000000001 301.9000000000001 1072339.6199998467
33.830000000000034 226.08999999999992 1072339.6199998467
40.970000000000006 158.04999999999995 1072339.6199998467
11.0 229.0 1072339.6199998467
3.039999999999999 132.03999999999996 1072339.6199998467
95.04000000000002 252.07999999999993 1072339.6199998467
3.9800000000000004 246.0 1072339.6199998467
21.06000000000001 130.98000000000002 1072339.6199998467
-38.07999999999993 0.8600000000001273 1072339.6199998467
-38.07999999999993 0.8600000000001273 1072339.6199998467
25.030000000000005 277.95000000000005 1072339.6199998467
-12.920000000000073 169.0 1072339.6199998467
-12.920000000000073 169.0 1072339.6199998467
62.09999999999998 179.96000000000004 1072339.6199998467
13.930000000000001 204.02999999999997 1072339.6199998467
12.149999999999997 243.1099999999999 1072339.6199998467
41.970000000000006 132.06999999999994 1072339.6199998467
20.01 198.99 1072339.6199998467
37.820000000000036 178.8800000000001 1072339.6199998467
62.930000000000014 260.03 1072339.6199998467
103.01 296.8900000000001 1072339.6199998467
71.95999999999998 231.0 1072339.6199998467
3.0699999999999985 98.94999999999997 1072339.6199998467
46.09999999999998 291.0 1072339.6199998467
3.0699999999999985 115.96999999999998 1072339.6199998467
70.02000000000001 261.0 1072339.6199998467
34.0 110.97999999999999 1072339.6199998467
14.99 69.03000000000002 1072339.6199998467
334 131 1072339.6199998467
334 444 1072339.6199998467
347 226 1072339.6199998467
347 226 1072339.6199998467
281 363 1072339.6199998467
281 363 1072339.6199998467
454 240 1072339.6199998467
454 240 1072339.6199998467
279 443 1072339.6199998467
279 443 1072339.6199998467
335 156 1072339.6199998467
335 469 1072339.6199998467
269 400 1072339.6199998467
269 400 1072339.6199998467
420 159 1072339.6199998467
420 159 1072339.6199998467
221 320 1072339.6199998467
221 320 1072339.6199998467
356 389 1072339.6199998467
264 440 1072339.6199998467
264 440 1072339.6199998467
402 218 1072339.6199998467
402 218 1072339.6199998467
447 276 1072339.6199998467
447 276 1072339.6199998467
305 451 1072339.6199998467
305 451 1072339.6199998467
448 279 1072339.6199998467
448 279 1072339.6199998467
373 395 1072339.6199998467
199 315 1072339.6199998467
199 315 1072339.6199998467
464 254 1072339.6199998467
464 254 1072339.6199998467
377 220 1072339.6199998467
377 220 1072339.6199998467
384 338 1072339.6199998467
419 153 1072339.6199998467
419 466 1072339.6199998467
368 153 1072339.6199998467
368 466 1072339.6199998467
355 365 1072339.6199998467
342 300 1072339.6199998467
342 300 1072339.6199998467
442 183 1072339.6199998467
442 183 1072339.6199998467
402 255 1072339.6199998467
402 255 1072339.6199998467
423 212 1072339.6199998467
423 212 1072339.6199998467
325 243 1072339.6199998467
325 243 1072339.6199998467
201 446 1072339.6199998467
201 446 1072339.6199998467
273 339 1072339.6199998467
273 339 1072339.6199998467
318 363 1072339.6199998467
352 353 1072339.6199998467
363 146 1072339.6199998467
363 459 1072339.6199998467
210 353 1072339.6199998467
210 353 1072339.6199998467
351 276 1072339.6199998467
351 276 1072339.6199998467
199 423 1072339.6199998467
199 423 1072339.6199998467
257 326 1072339.6199998467
257 326 1072339.6199998467
377 260 1072339.6199998467
377 260 1072339.6199998467
443 426 1072339.6199998467
164 391 1072339.6199998467
164 391 1072339.6199998467
213 315 1072339.6199998467
213 315 1072339.6199998467
276 389 1072339.6199998467
276 389 1072339.6199998467
449 283 1072339.6199998467
449 283 1072339.6199998467
326 188 1072339.6199998467
326 188 1072339.6199998467
356 190 1072339.6199998467
356 190 1072339.6199998467
303 420 1072339.6199998467
303 420 1072339.6199998467
379 134 1072339.6199998467
379 447 1072339.6199998467
446 367 1072339.6199998467
224 394 1072339.6199998467
224 394 1072339.6199998467
436 175 1072339.6199998467
436 175 1072339.6199998467
146 322 1072339.6199998467
459 322 1072339.6199998467
234 337 1072339.6199998467
234 337 1072339.6199998467
328 355 1072339.6199998467
460 143 1072339.6199998467
460 456 1072339.6199998467
267 415 1072339.6199998467
267 415 1072339.6199998467
385 422 1072339.6199998467
345 214 1072339.6199998467
345 214 1072339.6199998467
409 145 1072339.6199998467
409 458 1072339.6199998467
438 228 1072339.6199998467
438 228 1072339.6199998467
299 407 1072339.6199998467
299 407 1072339.6199998467
361 261 1072339.6199998467
361 261 1072339.6199998467
170 278 1072339.6199998467
336 144 1072339.6199998467
336 457 1072339.6199998467
457 444 1072339.6199998467
455 254 1072339.6199998467
455 254 1072339.6199998467
444 368 1072339.6199998467
156 337 1072339.6199998467
469 337 1072339.6199998467
430 182 1072339.6199998467
430 182 1072339.6199998467
366 169 1072339.6199998467
366 169 1072339.6199998467
408 243 1072339.6199998467
408 243 1072339.6199998467
411 142 1072339.6199998467
411 455 1072339.6199998467
328 382 1072339.6199998467
365 379 1072339.6199998467
207 469 1072339.6199998467
207 469 1072339.6199998467
138 340 1072339.6199998467
451 340 1072339.6199998467
354 158 1072339.6199998467
354 158 1072339.6199998467
203 428 1072339.6199998467
203 428 1072339.6199998467
338 210 1072339.6199998467
338 210 1072339.6199998467
382 401 1072339.6199998467
169 315 1072339.6199998467
169 315 1072339.6199998467
361 353 1072339.6199998467
379 349 1072339.6199998467
329 130 1072339.6199998467
329 443 1072339.6199998467
163 340 1072339.6199998467
163 340 1072339.6199998467
463 397 1072339.6199998467
198 452 1072339.6199998467
198 452 1072339.6199998467
413 337 1072339.6199998467
209 346 1072339.6199998467
209 346 1072339.6199998467
185 357 1072339.6199998467
185 357 1072339.6199998467
442 346 1072339.6199998467
399 251 1072339.6199998467
399 251 1072339.6199998467
162 327 1072339.6199998467
162 327 1072339.6199998467
192 461 1072339.6199998467
192 461 1072339.6199998467
158 375 1072339.6199998467
158 375 1072339.6199998467
366 124 1072339.6199998467
366 437 1072339.6199998467
338 278 1072339.6199998467
338 278 1072339.6199998467
189 390 1072339.6199998467
189 390 1072339.6199998467
226 367 1072339.6199998467
226 367 1072339.6199998467
355 132 1072339.6199998467
355 445 1072339.6199998467
405 411 1072339.6199998467
418 181 1072339.6199998467
418 181 1072339.6199998467
280 344 1072339.6199998467
280 344 1072339.6199998467
197 417 1072339.6199998467
197 417 1072339.6199998467
333 199 1072339.6199998467
333 199 1072339.6199998467
237 463 1072339.6199998467
237 463 1072339.6199998467
400 197 1072339.6199998467
400 197 1072339.6199998467
187 342 1072339.6199998467
187 342 1072339.6199998467
183 347 1072339.6199998467
183 347 1072339.6199998467
351 179 1072339.6199998467
351 179 1072339.6199998467
446 363 1072339.6199998467
330 299 1072339.6199998467
330 299 1072339.6199998467
237 439 1072339.6199998467
237 439 1072339.6199998467
253 353 1072339.6199998467
253 353 1072339.6199998467
431 138 1072339.6199998467
431 451 1072339.6199998467
361 171 1072339.6199998467
361 171 1072339.6199998467
432 258 1072339.6199998467
432 258 1072339.6199998467
402 246 1072339.6199998467
402 246 1072339.6199998467
319 244 1072339.6199998467
319 244 1072339.6199998467
432 389 1072339.6199998467
332 280 1072339.6199998467
332 280 1072339.6199998467
185 409 1072339.6199998467
185 409 1072339.6199998467
426 175 1072339.6199998467
426 175 1072339.6199998467
221 368 1072339.6199998467
221 368 1072339.6199998467
403 371 1072339.6199998467
284 422 1072339.6199998467
284 422 1072339.6199998467
266 446 1072339.6199998467
266 446 1072339.6199998467
437 348 1072339.6199998467
190 433 1072339.6199998467
190 433 1072339.6199998467
240 357 1072339.6199998467
240 357 1072339.6199998467
341 290 1072339.6199998467
341 290 1072339.6199998467
412 138 1072339.6199998467
412 451 1072339.6199998467
181 447 1072339.6199998467
181 447 1072339.6199998467
285 386 1072339.6199998467
285 386 1072339.6199998467
372 387 1072339.6199998467
170 426 1072339.6199998467
170 426 1072339.6199998467
247 335 1072339.6199998467
247 335 1072339.6199998467
467 163 1072339.6199998467
467 163 1072339.6199998467
221 424 1072339.6199998467
221 424 1072339.6199998467
176 419 1072339.6199998467
176 419 1072339.6199998467
262 465 1072339.6199998467
262 465 1072339.6199998467
344 334 1072339.6199998467
453 218 1072339.6199998467
453 218 1072339.6199998467
257 399 1072339.6199998467
257 399 1072339.6199998467
399 178 1072339.6199998467
399 178 1072339.6199998467
279 371 1072339.6199998467
279 371 1072339.6199998467
341 203 1072339.6199998467
341 203 1072339.6199998467
369 241 1072339.6199998467
369 241 1072339.6199998467
220 406 1072339.6199998467
220 406 1072339.6199998467
240 339 1072339.6199998467
240 339 1072339.6199998467
444 381 1072339.6199998467
205 388 1072339.6199998467
205 388 1072339.6199998467
375 180 1072339.6199998467
375 180 1072339.6199998467
418 174 1072339.6199998467
418 174 1072339.6199998467
210 443 1072339.6199998467
210 443 1072339.6199998467
375 350 1072339.6199998467
178 458 1072339.6199998467
178 458 1072339.6199998467
453 160 1072339.6199998467
453 160 1072339.6199998467
459 142 1072339.6199998467
459 455 1072339.6199998467
449 172 1072339.6199998467
449 172 1072339.6199998467
152 363 1072339.6199998467
465 363 1072339.6199998467
349 349 1072339.6199998467
253 395 1072339.6199998467
253 395 1072339.6199998467
371 211 1072339.6199998467
371 211 1072339.6199998467
198 344 1072339.6199998467
198 344 1072339.6199998467
317 281 1072339.6199998467
317 281 1072339.6199998467
342 189 1072339.6199998467
342 189 1072339.6199998467
385 231 1072339.6199998467
385 231 1072339.6199998467
316 132 1072339.6199998467
316 445 1072339.6199998467
337 106 1072339.6199998467
337 419 1072339.6199998467
175 401 1072339.6199998467
175 401 1072339.6199998467
383 261 1072339.6199998467
383 261 1072339.6199998467
390 165 1072339.6199998467
390 165 1072339.6199998467
335 376 1072339.6199998467
181 324 1072339.6199998467
181 324 1072339.6199998467
355 153 1072339.6199998467
355 466 1072339.6199998467
467 313 1072339.6199998467
422 149 1072339.6199998467
422 462 1072339.6199998467
457 290 1072339.6199998467
457 290 1072339.6199998467
206 433 1072339.6199998467
206 433 1072339.6199998467
328 340 1072339.6199998467
363 170 1072339.6199998467
363 170 1072339.6199998467
296 357 1072339.6199998467
296 357 1072339.6199998467
197 416 1072339.6199998467
197 416 1072339.6199998467
416 297 1072339.6199998467
416 297 1072339.6199998467
359 331 1072339.6199998467
299 364 1072339.6199998467
299 364 1072339.6199998467
158 366 1072339.6199998467
158 366 1072339.6199998467
288 332 1072339.6199998467
288 332 1072339.6199998467
187 388 1072339.6199998467
187 388 1072339.6199998467
424 180 1072339.6199998467
424 180 1072339.6199998467
427 215 1072339.6199998467
427 215 1072339.6199998467
217 436 1072339.6199998467
217 436 1072339.6199998467
389 228 1072339.6199998467
389 228 1072339.6199998467
418 378 1072339.6199998467
234 374 1072339.6199998467
234 374 1072339.6199998467
347 111 1072339.6199998467
347 424 1072339.6199998467
353 221 1072339.6199998467
353 221 1072339.6199998467
362 116 1072339.6199998467
362 429 1072339.6199998467
410 176 1072339.6199998467
410 176 1072339.6199998467
463 280 1072339.6199998467
463 280 1072339.6199998467
313 364 1072339.6199998467
421 206 1072339.6199998467
421 206 1072339.6199998467
404 413 1072339.6199998467
376 260 1072339.6199998467
376 260 1072339.6199998467
385 360 1072339.6199998467
422 252 1072339.6199998467
422 252 1072339.6199998467
408 252 1072339.6199998467
408 252 1072339.6199998467
408 138 1072339.6199998467
408 451 1072339.6199998467
466 292 1072339.6199998467
466 292 1072339.6199998467
411 395 1072339.6199998467
406 249 1072339.6199998467
406 249 1072339.6199998467
443 168 1072339.6199998467
443 168 1072339.6199998467
383 134 1072339.6199998467
383 447 1072339.6199998467
199 450 1072339.6199998467
199 450 1072339.6199998467
439 147 1072339.6199998467
439 460 1072339.6199998467
359 291 1072339.6199998467
359 291 1072339.6199998467
368 190 1072339.6199998467
368 190 1072339.6199998467
464 157 1072339.6199998467
464 157 1072339.6199998467
427 401 1072339.6199998467
249 428 1072339.6199998467
249 428 1072339.6199998467
258 424 1072339.6199998467
258 424 1072339.6199998467
320 344 1072339.6199998467
392 412 1072339.6199998467
435 365 1072339.6199998467
367 186 1072339.6199998467
367 186 1072339.6199998467
168.03999999999996 312.96000000000004 1072339.6199998467
189.99 313.99 1072339.6199998467
189.99 313.99 1072339.6199998467
107.03000000000002 158.99 1072339.6199998467
162.99 313.99 1072339.6199998467
162.99 313.99 1072339.6199998467
315.99 98.99 1072339.6199998467
315.99 411.99 1072339.6199998467
198.99 136.99 1072339.6199998467
356.99 323.99 1072339.6199998467
232.01999999999998 270.98 1072339.6199998467
326.99 203.99 1072339.6199998467
326.99 203.99 1072339.6199998467
197.01999999999998 104.02000000000001 1072339.6199998467
111.0 180.01999999999998 1072339.6199998467
201.02999999999997 132.95000000000005 1072339.6199998467
91.99 97.96999999999998 1072339.6199998467
200.0 310.94000000000005 1072339.6199998467
158.05999999999995 61.980000000000004 1072339.6199998467
174.99 87.94999999999997 1072339.6199998467
358.0 323.98 1072339.6199998467
98.01 142.01 1072339.6199998467
190.01 120.03000000000002 1072339.6199998467
47.970000000000006 39.99 1072339.6199998467
185.02999999999997 96.03000000000002 1072339.6199998467
104.97999999999999 181.01999999999998 1072339.6199998467
284.95000000000005 180.99 1072339.6199998467
199.0 110.0 1072339.6199998467
140.01 159.99 1072339.6199998467
205.99 120.03000000000002 1072339.6199998467
174.97000000000003 206.01 1072339.6199998467
104.96999999999998 173.97000000000003 1072339.6199998467
170.0 266.96000000000004 1072339.6199998467
158.05999999999995 53.0 1072339.6199998467
304.03 323.99 1072339.6199998467
304.03 323.99 1072339.6199998467
282.0 198.03999999999996 1072339.6199998467
318.97 376.01 1072339.6199998467
267.0 101.95999999999998 1072339.6199998467
164.99 302.97 1072339.6199998467
147.0 143.01999999999998 1072339.6199998467
316.96000000000004 245.98000000000002 1072339.6199998467
316.96000000000004 245.98000000000002 1072339.6199998467
153.01 292.0899999999999 1072339.6199998467
314.95000000000005 340.01 1072339.6199998467
221.01 232.95000000000005 1072339.6199998467
189.01999999999998 77.02000000000001 1072339.6199998467
70.07000000000004 133.99 1072339.6199998467
53.029999999999994 124.03000000000002 1072339.6199998467
315.97 115.99 1072339.6199998467
315.97 428.99 1072339.6199998467
204.96000000000004 74.97999999999999 1072339.6199998467
323.94000000000005 229.01999999999998 1072339.6199998467
323.94000000000005 229.01999999999998 1072339.6199998467
238.01 294.99 1072339.6199998467
381.02 313.9200000000001 1072339.6199998467
221.0999999999999 110.97999999999999 1072339.6199998467
150.94000000000005 156.94000000000005 1072339.6199998467
158.96000000000004 283.98 1072339.6199998467
283.98 109.04000000000002 1072339.6199998467
213.04999999999995 305.93000000000006 1072339.6199998467
311.93000000000006 256.95000000000005 1072339.6199998467
265.94000000000005 133.01999999999998 1072339.6199998467
184.95000000000005 311.9100000000001 1072339.6199998467
304.01 323.95000000000005 1072339.6199998467
304.01 323.95000000000005 1072339.6199998467
218.01999999999998 287.0 1072339.6199998467
130.98000000000002 55.0 1072339.6199998467
133.95000000000005 276.01 1072339.6199998467
143.97000000000003 290.03 1072339.6199998467
242.07999999999993 288.9200000000001 1072339.6199998467
114.01 88.05000000000003 1072339.6199998467
261.96000000000004 151.94000000000005 1072339.6199998467
248.92000000000007 114.93999999999997 1072339.6199998467
96.99 175.97000000000003 1072339.6199998467
61.95000000000001 37.01 1072339.6199998467
240.95000000000005 274.01 1072339.6199998467
176.08999999999992 281.99 1072339.6199998467
196.01 258.03 1072339.6199998467
235.91000000000008 164.01 1072339.6199998467
99.10000000000005 137.92000000000007 1072339.6199998467
150.01 279.95000000000005 1072339.6199998467
198.0 139.03999999999996 1072339.6199998467
151.12999999999988 254.04999999999995 1072339.6199998467
255.0999999999999 263.0799999999999 1072339.6199998467
46.019999999999996 18.080000000000013 1072339.6199998467
247.97000000000003 263.95000000000005 1072339.6199998467
121.93999999999997 51.920000000000016 1072339.6199998467
164.97000000000003 279.99 1072339.6199998467
108.04000000000002 205.86000000000013 1072339.6199998467
247.96000000000004 164.05999999999995 1072339.6199998467
39.0 40.03999999999999 1072339.6199998467
197.02999999999997 102.88999999999994 1072339.6199998467
85.88999999999994 177.99 1072339.6199998467
252.05999999999995 236.0 1072339.6199998467
118.95999999999998 258.0999999999999 1072339.6199998467
31.020000000000003 20.93999999999999 1072339.6199998467
14.99 26.92999999999999 1072339.6199998467
142.01 254.01 1072339.6199998467
202.99 115.03000000000002 1072339.6199998467
59.920000000000016 82.08000000000004 1072339.6199998467
134.95000000000005 279.01 1072339.6199998467
410.0 322.98 1072339.6199998467
153.95000000000005 312.93000000000006 1072339.6199998467
149.8800000000001 84.02000000000001 1072339.6199998467
232.01999999999998 308.94000000000005 1072339.6199998467
428.1 312.1399999999999 1072339.6199998467
428.1 312.1399999999999 1072339.6199998467
256.94000000000005 86.10000000000005 1072339.6199998467
163.06999999999994 228.06999999999994 1072339.6199998467
227.97000000000003 269.95000000000005 1072339.6199998467
166.97000000000003 143.99 1072339.6199998467
131.02999999999997 68.05000000000003 1072339.6199998467
299.0 93.89999999999995 1072339.6199998467
129.07999999999993 183.17999999999984 1072339.6199998467
252.01999999999998 176.0 1072339.6199998467
35.99 35.99 1072339.6199998467
136.0 172.03999999999996 1072339.6199998467
232.01999999999998 226.98000000000002 1072339.6199998467
77.0 165.0 1072339.6199998467
257.96000000000004 111.0 1072339.6199998467
223.97000000000003 80.94999999999997 1072339.6199998467
175.0 262.8600000000001 1072339.6199998467
117.01 182.04999999999995 1072339.6199998467
279.0799999999999 130.03999999999996 1072339.6199998467
175.98000000000002 105.93999999999997 1072339.6199998467
59.08999999999998 73.99 1072339.6199998467
186.95000000000005 74.86999999999993 1072339.6199998467
133.0 49.94000000000001 1072339.6199998467
129.94000000000005 167.9000000000001 1072339.6199998467
65.99 36.01 1072339.6199998467
108.99 148.97000000000003 1072339.6199998467
208.98000000000002 278.98 1072339.6199998467
133.02999999999997 54.029999999999994 1072339.6199998467
109.01 252.01 1072339.6199998467
162.03999999999996 177.96000000000004 1072339.6199998467
94.90999999999995 137.8900000000001 1072339.6199998467
161.94000000000005 180.1199999999999 1072339.6199998467
274.0899999999999 221.01 1072339.6199998467
181.0 133.96000000000004 1072339.6199998467
169.99 113.03000000000002 1072339.6199998467
319.94000000000005 383.96 1072339.6199998467
308.0 189.0 1072339.6199998467
244.94000000000005 242.03999999999996 1072339.6199998467
292.06999999999994 218.02999999999997 1072339.6199998467
130.01999999999998 113.02000000000001 1072339.6199998467
257.04999999999995 158.04999999999995 1072339.6199998467
140.95000000000005 239.99 1072339.6199998467
192.0 148.0999999999999 1072339.6199998467
281.99 168.87000000000012 1072339.6199998467
95.91999999999996 145.1199999999999 1072339.6199998467
123.03000000000002 174.99 1072339.6199998467
257.99 181.04999999999995 1072339.6199998467
69.02000000000001 87.91999999999996 1072339.6199998467
243.06999999999994 276.06999999999994 1072339.6199998467
91.02000000000001 100.16000000000008 1072339.6199998467
267.98 174.01999999999998 1072339.6199998467
124.93999999999997 228.0999999999999 1072339.6199998467
78.96999999999998 98.99 1072339.6199998467
48.980000000000004 115.89999999999995 1072339.6199998467
164.0 77.91999999999996 1072339.6199998467
292.8600000000001 253.96000000000004 1072339.6199998467
144.03999999999996 131.0 1072339.6199998467
112.99 174.95000000000005 1072339.6199998467
236.96000000000004 149.96000000000004 1072339.6199998467
274.9200000000001 313.8600000000001 1072339.6199998467
274.9200000000001 313.8600000000001 1072339.6199998467
42.01 51.970000000000006 1072339.6199998467
89.99 58.01 1072339.6199998467
66.02000000000001 134.03999999999996 1072339.6199998467
117.93999999999997 137.86000000000013 1072339.6199998467
206.2299999999998 192.01 1072339.6199998467
288.03999999999996 193.01999999999998 1072339.6199998467
157.93000000000006 119.92999999999996 1072339.6199998467
304.94000000000005 138.07999999999993 1072339.6199998467
109.93999999999997 212.01999999999998 1072339.6199998467
145.92000000000007 141.96000000000004 1072339.6199998467
86.93999999999997 197.03999999999996 1072339.6199998467
318.95000000000005 297.01 1072339.6199998467
318.95000000000005 297.01 1072339.6199998467
198.93000000000006 288.97 1072339.6199998467
183.15999999999985 205.01999999999998 1072339.6199998467
114.07000000000004 214.97000000000003 1072339.6199998467
126.04000000000002 147.03999999999996 1072339.6199998467
72.05000000000003 47.08999999999998 1072339.6199998467
253.06999999999994 254.95000000000005 1072339.6199998467
154.03999999999996 162.98000000000002 1072339.6199998467
97.99 81.90999999999995 1072339.6199998467
42.90000000000002 76.10000000000005 1072339.6199998467
170.92000000000007 203.94000000000005 1072339.6199998467
106.01 153.01 1072339.6199998467
264.96000000000004 228.0 1072339.6199998467
285.05999999999995 306.98 1072339.6199998467
264.02 126.89999999999995 1072339.6199998467
105.01 64.99 1072339.6199998467
95.09000000000005 242.95000000000005 1072339.6199998467
217.03999999999996 123.04000000000002 1072339.6199998467
139.95000000000005 217.95000000000005 1072339.6199998467
181.02999999999997 188.91000000000008 1072339.6199998467
177.04999999999995 164.04999999999995 1072339.6199998467
234.99 291.95000000000005 1072339.6199998467
89.03000000000002 217.99 1072339.6199998467
228.9000000000001 275.02 1072339.6199998467
269.02 87.02000000000001 1072339.6199998467
151.98000000000002 49.94000000000001 1072339.6199998467
287.98 292.98 1072339.6199998467
241.9000000000001 181.1199999999999 1072339.6199998467
200.97000000000003 244.8900000000001 1072339.6199998467
220.02999999999997 93.03000000000002 1072339.6199998467
71.04000000000002 24.959999999999994 1072339.6199998467
157.97000000000003 147.01 1072339.6199998467
237.0 126.08000000000004 1072339.6199998467
300.05999999999995 168.94000000000005 1072339.6199998467
224.94000000000005 251.96000000000004 1072339.6199998467
178.02999999999997 144.99 1072339.6199998467
71.97999999999999 108.97999999999999 1072339.6199998467
52.0 65.93999999999997 1072339.6199998467
135.87000000000012 283.06999999999994 1072339.6199998467
119.0 76.0 1072339.6199998467
297.96000000000004 264.15999999999985 1072339.6199998467
210.02999999999997 130.08999999999992 1072339.6199998467
241.0 207.96000000000004 1072339.6199998467
207.0 156.0999999999999 1072339.6199998467
253.0 81.7999999999999 1072339.6199998467
302.97 107.01 1072339.6199998467
214.7900000000002 229.87000000000012 1072339.6199998467
382.96999999999997 302.04999999999995 1072339.6199998467
382.96999999999997 302.04999999999995 1072339.6199998467
34 -87 1072339.6199998467
347 -87 1072339.6199998467
34 -87 1072339.6199998467
347 -87 1072339.6199998467
-32 -263 1072339.6199998467
-32 -263 1072339.6199998467
141 -73 1072339.6199998467
454 -73 1072339.6199998467
141 -73 1072339.6199998467
454 -73 1072339.6199998467
-34 -183 1072339.6199998467
-34 -183 1072339.6199998467
-44 -226 1072339.6199998467
-44 -226 1072339.6199998467
107 -154 1072339.6199998467
420 -154 1072339.6199998467
107 -154 1072339.6199998467
420 -154 1072339.6199998467
255 -50 1072339.6199998467
255 -50 1072339.6199998467
215 -83 1072339.6199998467
215 -83 1072339.6199998467
-92 -306 1072339.6199998467
-92 -306 1072339.6199998467
183 -108 1072339.6199998467
183 -108 1072339.6199998467
258 -132 1072339.6199998467
258 -132 1072339.6199998467
-49 -186 1072339.6199998467
-49 -186 1072339.6199998467
89 -95 1072339.6199998467
402 -95 1072339.6199998467
89 -95 1072339.6199998467
402 -95 1072339.6199998467
134 -37 1072339.6199998467
447 -37 1072339.6199998467
134 -37 1072339.6199998467
447 -37 1072339.6199998467
-8 -175 1072339.6199998467
-8 -175 1072339.6199998467
135 -34 1072339.6199998467
448 -34 1072339.6199998467
135 -34 1072339.6199998467
448 -34 1072339.6199998467
201 -68 1072339.6199998467
201 -68 1072339.6199998467
-114 -311 1072339.6199998467
-114 -311 1072339.6199998467
252 -137 1072339.6199998467
252 -137 1072339.6199998467
199 -24 1072339.6199998467
199 -24 1072339.6199998467
151 -59 1072339.6199998467
464 -59 1072339.6199998467
151 -59 1072339.6199998467
464 -59 1072339.6199998467
64 -93 1072339.6199998467
377 -93 1072339.6199998467
64 -93 1072339.6199998467
377 -93 1072339.6199998467
384 25 1072339.6199998467
355 52 1072339.6199998467
29 -13 1072339.6199998467
342 -13 1072339.6199998467
29 -13 1072339.6199998467
342 -13 1072339.6199998467
129 -130 1072339.6199998467
442 -130 1072339.6199998467
129 -130 1072339.6199998467
442 -130 1072339.6199998467
298 -49 1072339.6199998467
-15 -49 1072339.6199998467
298 -49 1072339.6199998467
-15 -49 1072339.6199998467
89 -58 1072339.6199998467
402 -58 1072339.6199998467
89 -58 1072339.6199998467
402 -58 1072339.6199998467
110 -101 1072339.6199998467
423 -101 1072339.6199998467
110 -101 1072339.6199998467
423 -101 1072339.6199998467
12 -70 1072339.6199998467
325 -70 1072339.6199998467
12 -70 1072339.6199998467
325 -70 1072339.6199998467
235 -21 1072339.6199998467
235 -21 1072339.6199998467
-40 -287 1072339.6199998467
-40 -287 1072339.6199998467
318 50 1072339.6199998467
232 -86 1072339.6199998467
232 -86 1072339.6199998467
352 40 1072339.6199998467
-103 -273 1072339.6199998467
-103 -273 1072339.6199998467
38 -37 1072339.6199998467
351 -37 1072339.6199998467
38 -37 1072339.6199998467
351 -37 1072339.6199998467
-56 -300 1072339.6199998467
-56 -300 1072339.6199998467
64 -53 1072339.6199998467
377 -53 1072339.6199998467
64 -53 1072339.6199998467
377 -53 1072339.6199998467
-100 -311 1072339.6199998467
-100 -311 1072339.6199998467
-37 -237 1072339.6199998467
-37 -237 1072339.6199998467
136 -30 1072339.6199998467
449 -30 1072339.6199998467
136 -30 1072339.6199998467
449 -30 1072339.6199998467
13 -125 1072339.6199998467
326 -125 1072339.6199998467
13 -125 1072339.6199998467
326 -125 1072339.6199998467
43 -123 1072339.6199998467
356 -123 1072339.6199998467
43 -123 1072339.6199998467
356 -123 1072339.6199998467
232 -42 1072339.6199998467
232 -42 1072339.6199998467
-10 -206 1072339.6199998467
-10 -206 1072339.6199998467
446 54 1072339.6199998467
248 -149 1072339.6199998467
248 -149 1072339.6199998467
-89 -232 1072339.6199998467
-89 -232 1072339.6199998467
123 -138 1072339.6199998467
436 -138 1072339.6199998467
123 -138 1072339.6199998467
436 -138 1072339.6199998467
459 9 1072339.6199998467
-79 -289 1072339.6199998467
-79 -289 1072339.6199998467
328 42 1072339.6199998467
218 -26 1072339.6199998467
218 -26 1072339.6199998467
-46 -211 1072339.6199998467
-46 -211 1072339.6199998467
176 -31 1072339.6199998467
176 -31 1072339.6199998467
32 -99 1072339.6199998467
345 -99 1072339.6199998467
32 -99 1072339.6199998467
345 -99 1072339.6199998467
125 -85 1072339.6199998467
438 -85 1072339.6199998467
125 -85 1072339.6199998467
438 -85 1072339.6199998467
-14 -219 1072339.6199998467
-14 -219 1072339.6199998467
48 -52 1072339.6199998467
361 -52 1072339.6199998467
48 -52 1072339.6199998467
361 -52 1072339.6199998467
241 -39 1072339.6199998467
241 -39 1072339.6199998467
170 -35 1072339.6199998467
170 -35 1072339.6199998467
162 -133 1072339.6199998467
162 -133 1072339.6199998467
142 -59 1072339.6199998467
455 -59 1072339.6199998467
142 -59 1072339.6199998467
455 -59 1072339.6199998467
444 55 1072339.6199998467
229 -38 1072339.6199998467
229 -38 1072339.6199998467
469 24 1072339.6199998467
117 -131 1072339.6199998467
430 -131 1072339.6199998467
117 -131 1072339.6199998467
430 -131 1072339.6199998467
53 -144 1072339.6199998467
366 -144 1072339.6199998467
53 -144 1072339.6199998467
366 -144 1072339.6199998467
95 -70 1072339.6199998467
408 -70 1072339.6199998467
95 -70 1072339.6199998467
408 -70 1072339.6199998467
213 -7 1072339.6199998467
213 -7 1072339.6199998467
365 66 1072339.6199998467
282 -115 1072339.6199998467
-31 -115 1072339.6199998467
282 -115 1072339.6199998467
-31 -115 1072339.6199998467
451 27 1072339.6199998467
41 -155 1072339.6199998467
354 -155 1072339.6199998467
41 -155 1072339.6199998467
354 -155 1072339.6199998467
248 -49 1072339.6199998467
248 -49 1072339.6199998467
25 -103 1072339.6199998467
338 -103 1072339.6199998467
25 -103 1072339.6199998467
338 -103 1072339.6199998467
361 40 1072339.6199998467
379 36 1072339.6199998467
463 84 1072339.6199998467
413 24 1072339.6199998467
-104 -280 1072339.6199998467
-104 -280 1072339.6199998467
288 -20 1072339.6199998467
288 -20 1072339.6199998467
442 33 1072339.6199998467
86 -62 1072339.6199998467
399 -62 1072339.6199998467
86 -62 1072339.6199998467
399 -62 1072339.6199998467
171 -109 1072339.6199998467
171 -109 1072339.6199998467
236 -149 1072339.6199998467
236 -149 1072339.6199998467
288 -120 1072339.6199998467
-25 -120 1072339.6199998467
288 -120 1072339.6199998467
-25 -120 1072339.6199998467
25 -35 1072339.6199998467
338 -35 1072339.6199998467
25 -35 1072339.6199998467
338 -35 1072339.6199998467
-87 -259 1072339.6199998467
-87 -259 1072339.6199998467
105 -132 1072339.6199998467
418 -132 1072339.6199998467
105 -132 1072339.6199998467
418 -132 1072339.6199998467
-33 -282 1072339.6199998467
-33 -282 1072339.6199998467
20 -114 1072339.6199998467
333 -114 1072339.6199998467
20 -114 1072339.6199998467
333 -114 1072339.6199998467
87 -116 1072339.6199998467
400 -116 1072339.6199998467
87 -116 1072339.6199998467
400 -116 1072339.6199998467
257 -155 1072339.6199998467
-56 -155 1072339.6199998467
257 -155 1072339.6199998467
-56 -155 1072339.6199998467
38 -134 1072339.6199998467
351 -134 1072339.6199998467
38 -134 1072339.6199998467
351 -134 1072339.6199998467
165 -33 1072339.6199998467
165 -33 1072339.6199998467
446 50 1072339.6199998467
17 -14 1072339.6199998467
330 -14 1072339.6199998467
17 -14 1072339.6199998467
330 -14 1072339.6199998467
159 -29 1072339.6199998467
159 -29 1072339.6199998467
-60 -273 1072339.6199998467
-60 -273 1072339.6199998467
252 -77 1072339.6199998467
252 -77 1072339.6199998467
48 -142 1072339.6199998467
361 -142 1072339.6199998467
48 -142 1072339.6199998467
361 -142 1072339.6199998467
119 -55 1072339.6199998467
432 -55 1072339.6199998467
119 -55 1072339.6199998467
432 -55 1072339.6199998467
89 -67 1072339.6199998467
402 -67 1072339.6199998467
89 -67 1072339.6199998467
402 -67 1072339.6199998467
6 -69 1072339.6199998467
319 -69 1072339.6199998467
6 -69 1072339.6199998467
319 -69 1072339.6199998467
432 76 1072339.6199998467
19 -33 1072339.6199998467
332 -33 1072339.6199998467
19 -33 1072339.6199998467
332 -33 1072339.6199998467
113 -138 1072339.6199998467
426 -138 1072339.6199998467
113 -138 1072339.6199998467
426 -138 1072339.6199998467
268 -139 1072339.6199998467
-45 -139 1072339.6199998467
268 -139 1072339.6199998467
-45 -139 1072339.6199998467
-92 -258 1072339.6199998467
-92 -258 1072339.6199998467
403 58 1072339.6199998467
245 -71 1072339.6199998467
245 -71 1072339.6199998467
282 -144 1072339.6199998467
-31 -144 1072339.6199998467
282 -144 1072339.6199998467
-31 -144 1072339.6199998467
265 -85 1072339.6199998467
265 -85 1072339.6199998467
-29 -204 1072339.6199998467
-29 -204 1072339.6199998467
242 -24 1072339.6199998467
242 -24 1072339.6199998467
-47 -180 1072339.6199998467
-47 -180 1072339.6199998467
437 35 1072339.6199998467
-73 -269 1072339.6199998467
-73 -269 1072339.6199998467
28 -23 1072339.6199998467
341 -23 1072339.6199998467
28 -23 1072339.6199998467
341 -23 1072339.6199998467
-28 -240 1072339.6199998467
-28 -240 1072339.6199998467
372 74 1072339.6199998467
238 -18 1072339.6199998467
238 -18 1072339.6199998467
-66 -291 1072339.6199998467
-66 -291 1072339.6199998467
154 -150 1072339.6199998467
467 -150 1072339.6199998467
154 -150 1072339.6199998467
467 -150 1072339.6199998467
293 -59 1072339.6199998467
-20 -59 1072339.6199998467
293 -59 1072339.6199998467
-20 -59 1072339.6199998467
163 -85 1072339.6199998467
163 -85 1072339.6199998467
-51 -161 1072339.6199998467
-51 -161 1072339.6199998467
175 -107 1072339.6199998467
175 -107 1072339.6199998467
170 -46 1072339.6199998467
170 -46 1072339.6199998467
177 -149 1072339.6199998467
177 -149 1072339.6199998467
344 21 1072339.6199998467
140 -95 1072339.6199998467
453 -95 1072339.6199998467
140 -95 1072339.6199998467
453 -95 1072339.6199998467
-56 -227 1072339.6199998467
-56 -227 1072339.6199998467
86 -135 1072339.6199998467
399 -135 1072339.6199998467
86 -135 1072339.6199998467
399 -135 1072339.6199998467
-34 -255 1072339.6199998467
-34 -255 1072339.6199998467
28 -110 1072339.6199998467
341 -110 1072339.6199998467
28 -110 1072339.6199998467
341 -110 1072339.6199998467
56 -72 1072339.6199998467
369 -72 1072339.6199998467
56 -72 1072339.6199998467
369 -72 1072339.6199998467
-73 -287 1072339.6199998467
-73 -287 1072339.6199998467
444 68 1072339.6199998467
228 -43 1072339.6199998467
228 -43 1072339.6199998467
62 -133 1072339.6199998467
375 -133 1072339.6199998467
62 -133 1072339.6199998467
375 -133 1072339.6199998467
253 -58 1072339.6199998467
253 -58 1072339.6199998467
105 -139 1072339.6199998467
418 -139 1072339.6199998467
105 -139 1072339.6199998467
418 -139 1072339.6199998467
375 37 1072339.6199998467
241 -105 1072339.6199998467
241 -105 1072339.6199998467
140 -153 1072339.6199998467
453 -153 1072339.6199998467
140 -153 1072339.6199998467
453 -153 1072339.6199998467
136 -141 1072339.6199998467
449 -141 1072339.6199998467
136 -141 1072339.6199998467
449 -141 1072339.6199998467
465 50 1072339.6199998467
349 36 1072339.6199998467
-60 -231 1072339.6199998467
-60 -231 1072339.6199998467
58 -102 1072339.6199998467
371 -102 1072339.6199998467
58 -102 1072339.6199998467
371 -102 1072339.6199998467
4 -32 1072339.6199998467
317 -32 1072339.6199998467
4 -32 1072339.6199998467
317 -32 1072339.6199998467
29 -124 1072339.6199998467
342 -124 1072339.6199998467
29 -124 1072339.6199998467
342 -124 1072339.6199998467
72 -82 1072339.6199998467
385 -82 1072339.6199998467
72 -82 1072339.6199998467
385 -82 1072339.6199998467
70 -52 1072339.6199998467
383 -52 1072339.6199998467
70 -52 1072339.6199998467
383 -52 1072339.6199998467
77 -148 1072339.6199998467
390 -148 1072339.6199998467
77 -148 1072339.6199998467
390 -148 1072339.6199998467
175 -50 1072339.6199998467
175 -50 1072339.6199998467
335 63 1072339.6199998467
243 -37 1072339.6199998467
243 -37 1072339.6199998467
467 0 1072339.6199998467
144 -23 1072339.6199998467
457 -23 1072339.6199998467
144 -23 1072339.6199998467
457 -23 1072339.6199998467
242 -132 1072339.6199998467
242 -132 1072339.6199998467
328 27 1072339.6199998467
50 -143 1072339.6199998467
363 -143 1072339.6199998467
50 -143 1072339.6199998467
363 -143 1072339.6199998467
-17 -269 1072339.6199998467
-17 -269 1072339.6199998467
103 -16 1072339.6199998467
416 -16 1072339.6199998467
103 -16 1072339.6199998467
416 -16 1072339.6199998467
206 -121 1072339.6199998467
206 -121 1072339.6199998467
359 18 1072339.6199998467
-14 -262 1072339.6199998467
-14 -262 1072339.6199998467
-25 -294 1072339.6199998467
-25 -294 1072339.6199998467
181 -124 1072339.6199998467
181 -124 1072339.6199998467
111 -133 1072339.6199998467
424 -133 1072339.6199998467
111 -133 1072339.6199998467
424 -133 1072339.6199998467
114 -98 1072339.6199998467
427 -98 1072339.6199998467
114 -98 1072339.6199998467
427 -98 1072339.6199998467
76 -85 1072339.6199998467
389 -85 1072339.6199998467
76 -85 1072339.6199998467
389 -85 1072339.6199998467
418 65 1072339.6199998467
-79 -252 1072339.6199998467
-79 -252 1072339.6199998467
165 -10 1072339.6199998467
165 -10 1072339.6199998467
285 -132 1072339.6199998467
-28 -132 1072339.6199998467
285 -132 1072339.6199998467
-28 -132 1072339.6199998467
40 -92 1072339.6199998467
353 -92 1072339.6199998467
40 -92 1072339.6199998467
353 -92 1072339.6199998467
168 0 1072339.6199998467
97 -137 1072339.6199998467
410 -137 1072339.6199998467
97 -137 1072339.6199998467
410 -137 1072339.6199998467
209 -34 1072339.6199998467
209 -34 1072339.6199998467
162 -135 1072339.6199998467
162 -135 1072339.6199998467
150 -33 1072339.6199998467
463 -33 1072339.6199998467
150 -33 1072339.6199998467
463 -33 1072339.6199998467
108 -107 1072339.6199998467
421 -107 1072339.6199998467
108 -107 1072339.6199998467
421 -107 1072339.6199998467
196 -55 1072339.6199998467
196 -55 1072339.6199998467
63 -53 1072339.6199998467
376 -53 1072339.6199998467
63 -53 1072339.6199998467
376 -53 1072339.6199998467
385 47 1072339.6199998467
109 -61 1072339.6199998467
422 -61 1072339.6199998467
109 -61 1072339.6199998467
422 -61 1072339.6199998467
225 -61 1072339.6199998467
225 -61 1072339.6199998467
95 -61 1072339.6199998467
408 -61 1072339.6199998467
95 -61 1072339.6199998467
408 -61 1072339.6199998467
153 -21 1072339.6199998467
466 -21 1072339.6199998467
153 -21 1072339.6199998467
466 -21 1072339.6199998467
411 82 1072339.6199998467
93 -64 1072339.6199998467
406 -64 1072339.6199998467
93 -64 1072339.6199998467
406 -64 1072339.6199998467
200 -2 1072339.6199998467
200 -2 1072339.6199998467
130 -145 1072339.6199998467
443 -145 1072339.6199998467
130 -145 1072339.6199998467
443 -145 1072339.6199998467
221 -80 1072339.6199998467
221 -80 1072339.6199998467
274 -92 1072339.6199998467
274 -92 1072339.6199998467
46 -22 1072339.6199998467
359 -22 1072339.6199998467
46 -22 1072339.6199998467
359 -22 1072339.6199998467
55 -123 1072339.6199998467
368 -123 1072339.6199998467
55 -123 1072339.6199998467
368 -123 1072339.6199998467
151 -156 1072339.6199998467
464 -156 1072339.6199998467
151 -156 1072339.6199998467
464 -156 1072339.6199998467
-64 -198 1072339.6199998467
-64 -198 1072339.6199998467
-55 -202 1072339.6199998467
-55 -202 1072339.6199998467
320 31 1072339.6199998467
435 52 1072339.6199998467
54 -127 1072339.6199998467
367 -127 1072339.6199998467
54 -127 1072339.6199998467
367 -127 1072339.6199998467
356.99 10.990000000000009 1072339.6199998467
13.990000000000009 -109.00999999999999 1072339.6199998467
326.99 -109.00999999999999 1072339.6199998467
13.990000000000009 -109.00999999999999 1072339.6199998467
326.99 -109.00999999999999 1072339.6199998467
184.99 -0.9900000000000091 1072339.6199998467
184.99 -0.9900000000000091 1072339.6199998467
310.03 -10.990000000000009 1072339.6199998467
-2.9700000000000273 -10.990000000000009 1072339.6199998467
310.03 -10.990000000000009 1072339.6199998467
-2.9700000000000273 -10.990000000000009 1072339.6199998467
312.05999999999995 -55.98000000000002 1072339.6199998467
-0.9400000000000546 -55.98000000000002 1072339.6199998467
312.05999999999995 -55.98000000000002 1072339.6199998467
-0.9400000000000546 -55.98000000000002 1072339.6199998467
155.96000000000004 23.979999999999997 1072339.6199998467
292.01 -95.00999999999999 1072339.6199998467
-20.99000000000001 -95.00999999999999 1072339.6199998467
292.01 -95.00999999999999 1072339.6199998467
-20.99000000000001 -95.00999999999999 1072339.6199998467
358.0 10.980000000000018 1072339.6199998467
247.0 21.979999999999997 1072339.6199998467
-8.970000000000027 -302.01 1072339.6199998467
-8.970000000000027 -302.01 1072339.6199998467
318.97 63.01 1072339.6199998467
3.9600000000000364 -67.01999999999998 1072339.6199998467
316.96000000000004 -67.01999999999998 1072339.6199998467
3.9600000000000364 -67.01999999999998 1072339.6199998467
316.96000000000004 -67.01999999999998 1072339.6199998467
314.95000000000005 27.01 1072339.6199998467
161.93000000000006 13.97 1072339.6199998467
154.01999999999998 9.0951551845464e-15 1072339.6199998467
288.02 18.859999999999978 1072339.6199998467
209.01999999999998 32.84000000000003 1072339.6199998467
212.98000000000002 2.0199999999999996 1072339.6199998467
10.940000000000055 -83.98000000000002 1072339.6199998467
323.94000000000005 -83.98000000000002 1072339.6199998467
10.940000000000055 -83.98000000000002 1072339.6199998467
323.94000000000005 -83.98000000000002 1072339.6199998467
381.02 0.9200000000000728 1072339.6199998467
96.92999999999996 9.930000000000001 1072339.6199998467
-8.990000000000009 -302.04999999999995 1072339.6199998467
-8.990000000000009 -302.04999999999995 1072339.6199998467
284.98 -5.920000000000073 1072339.6199998467
284.98 -5.920000000000073 1072339.6199998467
308.03 -123.99000000000001 1072339.6199998467
-4.970000000000027 -123.99000000000001 1072339.6199998467
308.03 -123.99000000000001 1072339.6199998467
-4.970000000000027 -123.99000000000001 1072339.6199998467
169.0 2.0199999999999996 1072339.6199998467
312.93000000000006 51.01 1072339.6199998467
221.01999999999998 7.099999999999998 1072339.6199998467
232.02999999999997 -3.9500000000000455 1072339.6199998467
232.02999999999997 -3.9500000000000455 1072339.6199998467
303.98 11.02 1072339.6199998467
272.94000000000005 26.0 1072339.6199998467
239.96000000000004 44.0 1072339.6199998467
410.0 9.980000000000018 1072339.6199998467
115.10000000000005 -0.8600000000001273 1072339.6199998467
428.1 -0.8600000000001273 1072339.6199998467
115.10000000000005 -0.8600000000001273 1072339.6199998467
428.1 -0.8600000000001273 1072339.6199998467
198.99 2.049999999999999 1072339.6199998467
253.02999999999997 39.99 1072339.6199998467
308.03 -29.970000000000027 1072339.6199998467
-4.970000000000027 -29.970000000000027 1072339.6199998467
308.03 -29.970000000000027 1072339.6199998467
-4.970000000000027 -29.970000000000027 1072339.6199998467
182.95000000000005 34.01 1072339.6199998467
187.03999999999996 28.919999999999987 1072339.6199998467
240.02999999999997 26.030000000000005 1072339.6199998467
-38.07999999999993 -312.1399999999999 1072339.6199998467
-38.07999999999993 -312.1399999999999 1072339.6199998467
257.06999999999994 12.930000000000001 1072339.6199998467
300.0799999999999 -144.0 1072339.6199998467
-12.920000000000073 -144.0 1072339.6199998467
300.0799999999999 -144.0 1072339.6199998467
-12.920000000000073 -144.0 1072339.6199998467
181.02999999999997 10.99 1072339.6199998467
5.9500000000000455 -15.990000000000009 1072339.6199998467
318.95000000000005 -15.990000000000009 1072339.6199998467
5.9500000000000455 -15.990000000000009 1072339.6199998467
318.95000000000005 -15.990000000000009 1072339.6199998467
295.98 43.980000000000004 1072339.6199998467
137.99 27.01 1072339.6199998467
209.97000000000003 40.029999999999994 1072339.6199998467
280.98 49.96000000000001 1072339.6199998467
145.94000000000005 9.02 1072339.6199998467
163.03999999999996 26.959999999999994 1072339.6199998467
298.99 51.10999999999998 1072339.6199998467
280.03 31.030000000000005 1072339.6199998467
197.97000000000003 30.99 1072339.6199998467
69.96999999999998 -10.950000000000045 1072339.6199998467
382.96999999999997 -10.950000000000045 1072339.6199998467
69.96999999999998 -10.950000000000045 1072339.6199998467
382.96999999999997 -10.950000000000045 1072339.6199998467
233.94000000000005 23.959999999999994 1072339.6199998467
356 76 1072339.6199998467
373 82 1072339.6199998467
443 113 1072339.6199998467
385 109 1072339.6199998467
457 131 1072339.6199998467
328 69 1072339.6199998467
382 88 1072339.6199998467
405 98 1072339.6199998467
404 100 1072339.6199998467
427 88 1072339.6199998467
392 99 1072339.6199998467
234.04999999999995 61.04999999999999 1072339.6199998467
226.01999999999998 54.0 1072339.6199998467
128.99 32.970000000000006 1072339.6199998467
275.9100000000001 75.99 1072339.6199998467
220.91000000000008 55.029999999999994 1072339.6199998467
44.01 10.890000000000002 1072339.6199998467
99.94999999999997 24.030000000000005 1072339.6199998467
285.1299999999999 73.01 1072339.6199998467
319.94000000000005 70.95999999999998 1072339.6199998467
123.90999999999995 35.01 1072339.6199998467
185.06999999999994 44.01 1072339.6199998467
278.93000000000006 57.95000000000001 1072339.6199998467
-58 -50 1072339.6199998467
-58 -50 1072339.6199998467
-98 -83 1072339.6199998467
-98 -83 1072339.6199998467
-130 -108 1072339.6199998467
-130 -108 1072339.6199998467
-55 -132 1072339.6199998467
-55 -132 1072339.6199998467
-112 -68 1072339.6199998467
-112 -68 1072339.6199998467
-61 -137 1072339.6199998467
-61 -137 1072339.6199998467
-112 -180 1072339.6199998467
-112 -180 1072339.6199998467
-81 -86 1072339.6199998467
-81 -86 1072339.6199998467
-114 -203 1072339.6199998467
-114 -203 1072339.6199998467
-149 -235 1072339.6199998467
-149 -235 1072339.6199998467
-81 -42 1072339.6199998467
-81 -42 1072339.6199998467
-65 -149 1072339.6199998467
-65 -149 1072339.6199998467
-146 -169 1072339.6199998467
-146 -169 1072339.6199998467
-72 -39 1072339.6199998467
-72 -39 1072339.6199998467
-151 -133 1072339.6199998467
-151 -133 1072339.6199998467
-84 -38 1072339.6199998467
-84 -38 1072339.6199998467
-155 -166 1072339.6199998467
-155 -166 1072339.6199998467
-106 -157 1072339.6199998467
-106 -157 1072339.6199998467
-110 -198 1072339.6199998467
-110 -198 1072339.6199998467
-65 -49 1072339.6199998467
-65 -49 1072339.6199998467
-144 -311 1072339.6199998467
-144 -311 1072339.6199998467
-150 -286 1072339.6199998467
-150 -286 1072339.6199998467
-115 -174 1072339.6199998467
-115 -174 1072339.6199998467
-155 -193 1072339.6199998467
-155 -193 1072339.6199998467
-25 -20 1072339.6199998467
-25 -20 1072339.6199998467
-128 -269 1072339.6199998467
-128 -269 1072339.6199998467
-151 -299 1072339.6199998467
-151 -299 1072339.6199998467
-142 -109 1072339.6199998467
-142 -109 1072339.6199998467
-77 -149 1072339.6199998467
-77 -149 1072339.6199998467
-121 -165 1072339.6199998467
-121 -165 1072339.6199998467
-155 -251 1072339.6199998467
-155 -251 1072339.6199998467
-124 -236 1072339.6199998467
-124 -236 1072339.6199998467
-116 -209 1072339.6199998467
-116 -209 1072339.6199998467
-76 -163 1072339.6199998467
-76 -163 1072339.6199998467
-126 -284 1072339.6199998467
-126 -284 1072339.6199998467
-130 -279 1072339.6199998467
-130 -279 1072339.6199998467
-76 -187 1072339.6199998467
-76 -187 1072339.6199998467
-61 -77 1072339.6199998467
-61 -77 1072339.6199998467
-128 -217 1072339.6199998467
-128 -217 1072339.6199998467
-68 -71 1072339.6199998467
-68 -71 1072339.6199998467
-48 -85 1072339.6199998467
-48 -85 1072339.6199998467
-71 -24 1072339.6199998467
-71 -24 1072339.6199998467
-123 -193 1072339.6199998467
-123 -193 1072339.6199998467
-132 -179 1072339.6199998467
-132 -179 1072339.6199998467
-143 -200 1072339.6199998467
-143 -200 1072339.6199998467
-92 -202 1072339.6199998467
-92 -202 1072339.6199998467
-137 -207 1072339.6199998467
-137 -207 1072339.6199998467
-150 -85 1072339.6199998467
-150 -85 1072339.6199998467
-138 -107 1072339.6199998467
-138 -107 1072339.6199998467
-143 -46 1072339.6199998467
-143 -46 1072339.6199998467
-136 -149 1072339.6199998467
-136 -149 1072339.6199998467
-93 -220 1072339.6199998467
-93 -220 1072339.6199998467
-85 -43 1072339.6199998467
-85 -43 1072339.6199998467
-108 -238 1072339.6199998467
-108 -238 1072339.6199998467
-60 -58 1072339.6199998467
-60 -58 1072339.6199998467
-103 -183 1072339.6199998467
-103 -183 1072339.6199998467
-72 -105 1072339.6199998467
-72 -105 1072339.6199998467
-135 -168 1072339.6199998467
-135 -168 1072339.6199998467
-115 -282 1072339.6199998467
-115 -282 1072339.6199998467
-138 -225 1072339.6199998467
-138 -225 1072339.6199998467
-138 -50 1072339.6199998467
-138 -50 1072339.6199998467
-132 -302 1072339.6199998467
-132 -302 1072339.6199998467
-70 -37 1072339.6199998467
-70 -37 1072339.6199998467
-107 -193 1072339.6199998467
-107 -193 1072339.6199998467
-71 -132 1072339.6199998467
-71 -132 1072339.6199998467
-116 -210 1072339.6199998467
-116 -210 1072339.6199998467
-107 -121 1072339.6199998467
-107 -121 1072339.6199998467
-155 -260 1072339.6199998467
-155 -260 1072339.6199998467
-132 -124 1072339.6199998467
-132 -124 1072339.6199998467
-126 -238 1072339.6199998467
-126 -238 1072339.6199998467
-96 -190 1072339.6199998467
-96 -190 1072339.6199998467
-145 -313 1072339.6199998467
-145 -313 1072339.6199998467
-104 -34 1072339.6199998467
-104 -34 1072339.6199998467
-151 -135 1072339.6199998467
-151 -135 1072339.6199998467
-117 -55 1072339.6199998467
-117 -55 1072339.6199998467
-88 -61 1072339.6199998467
-88 -61 1072339.6199998467
-114 -176 1072339.6199998467
-114 -176 1072339.6199998467
-92 -80 1072339.6199998467
-92 -80 1072339.6199998467
-39 -92 1072339.6199998467
-39 -92 1072339.6199998467
-123.00999999999999 -312.01 1072339.6199998467
-123.00999999999999 -312.01 1072339.6199998467
-150.01 -312.01 1072339.6199998467
-150.01 -312.01 1072339.6199998467
-114 -24 1072339.6199998467
-114 -24 1072339.6199998467
-78 -21 1072339.6199998467
-78 -21 1072339.6199998467
-95 -26 1072339.6199998467
-95 -26 1072339.6199998467
-137 -31 1072339.6199998467
-137 -31 1072339.6199998467
-143 -35 1072339.6199998467
-143 -35 1072339.6199998467
-148 -33 1072339.6199998467
-148 -33 1072339.6199998467
-75 -18 1072339.6199998467
-75 -18 1072339.6199998467
-28.019999999999982 -5.920000000000073 1072339.6199998467
-28.019999999999982 -5.920000000000073 1072339.6199998467
