21 444 1045860.1600000424
-32 50 1045860.1600000424
-32 50 1045860.1600000424
-34 130 1045860.1600000424
-34 130 1045860.1600000424
-44 87 1045860.1600000424
-44 87 1045860.1600000424
-58 263 1045860.1600000424
-58 263 1045860.1600000424
-98 230 1045860.1600000424
-98 230 1045860.1600000424
-130 205 1045860.1600000424
-130 205 1045860.1600000424
-55 181 1045860.1600000424
-55 181 1045860.1600000424
43 389 1045860.1600000424
-49 127 1045860.1600000424
-49 127 1045860.1600000424
-112 245 1045860.1600000424
-112 245 1045860.1600000424
60 395 1045860.1600000424
-114 2 1045860.1600000424
-114 2 1045860.1600000424
-61 176 1045860.1600000424
-61 176 1045860.1600000424
-114 289 1045860.1600000424
-114 289 1045860.1600000424
71 338 1045860.1600000424
106 466 1045860.1600000424
55 466 1045860.1600000424
42 365 1045860.1600000424
-15 264 1045860.1600000424
-15 264 1045860.1600000424
-78 292 1045860.1600000424
-78 292 1045860.1600000424
-112 133 1045860.1600000424
-112 133 1045860.1600000424
-40 26 1045860.1600000424
-40 26 1045860.1600000424
5 363 1045860.1600000424
-81 227 1045860.1600000424
-81 227 1045860.1600000424
39 353 1045860.1600000424
50 459 1045860.1600000424
-103 40 1045860.1600000424
-103 40 1045860.1600000424
-114 110 1045860.1600000424
-114 110 1045860.1600000424
130 426 1045860.1600000424
-149 78 1045860.1600000424
-149 78 1045860.1600000424
-37 76 1045860.1600000424
-37 76 1045860.1600000424
-81 271 1045860.1600000424
-81 271 1045860.1600000424
66 447 1045860.1600000424
133 367 1045860.1600000424
-65 164 1045860.1600000424
-65 164 1045860.1600000424
-89 81 1045860.1600000424
-89 81 1045860.1600000424
-79 24 1045860.1600000424
-79 24 1045860.1600000424
15 355 1045860.1600000424
147 456 1045860.1600000424
-95 287 1045860.1600000424
-95 287 1045860.1600000424
-46 102 1045860.1600000424
-46 102 1045860.1600000424
72 422 1045860.1600000424
-137 282 1045860.1600000424
-137 282 1045860.1600000424
-146 144 1045860.1600000424
167 457 1045860.1600000424
-146 144 1045860.1600000424
167 457 1045860.1600000424
96 458 1045860.1600000424
-14 94 1045860.1600000424
-14 94 1045860.1600000424
-72 274 1045860.1600000424
-72 274 1045860.1600000424
-143 278 1045860.1600000424
-143 278 1045860.1600000424
-151 180 1045860.1600000424
-151 180 1045860.1600000424
23 457 1045860.1600000424
144 444 1045860.1600000424
131 368 1045860.1600000424
-84 275 1045860.1600000424
-84 275 1045860.1600000424
98 455 1045860.1600000424
-100 306 1045860.1600000424
-100 -7 1045860.1600000424
-100 306 1045860.1600000424
-100 -7 1045860.1600000424
-155 147 1045860.1600000424
158 460 1045860.1600000424
-155 147 1045860.1600000424
158 460 1045860.1600000424
15 382 1045860.1600000424
52 379 1045860.1600000424
-106 156 1045860.1600000424
-106 156 1045860.1600000424
-31 198 1045860.1600000424
-31 198 1045860.1600000424
-110 115 1045860.1600000424
-110 115 1045860.1600000424
-65 264 1045860.1600000424
-65 264 1045860.1600000424
69 401 1045860.1600000424
-144 2 1045860.1600000424
-144 2 1045860.1600000424
48 353 1045860.1600000424
66 349 1045860.1600000424
16 443 1045860.1600000424
-150 27 1045860.1600000424
-150 27 1045860.1600000424
150 397 1045860.1600000424
-115 139 1045860.1600000424
-115 139 1045860.1600000424
-155 120 1045860.1600000424
158 433 1045860.1600000424
-155 120 1045860.1600000424
158 433 1045860.1600000424
100 337 1045860.1600000424
-104 33 1045860.1600000424
-104 33 1045860.1600000424
-25 293 1045860.1600000424
-25 293 1045860.1600000424
-128 44 1045860.1600000424
-128 44 1045860.1600000424
129 346 1045860.1600000424
-151 14 1045860.1600000424
-151 14 1045860.1600000424
-142 204 1045860.1600000424
-142 204 1045860.1600000424
-77 164 1045860.1600000424
-77 164 1045860.1600000424
-121 148 1045860.1600000424
-121 148 1045860.1600000424
-155 62 1045860.1600000424
-155 62 1045860.1600000424
53 437 1045860.1600000424
-25 193 1045860.1600000424
-25 193 1045860.1600000424
-124 77 1045860.1600000424
-124 77 1045860.1600000424
-87 54 1045860.1600000424
-87 54 1045860.1600000424
42 445 1045860.1600000424
92 411 1045860.1600000424
-33 31 1045860.1600000424
-33 31 1045860.1600000424
-116 104 1045860.1600000424
-116 104 1045860.1600000424
-76 150 1045860.1600000424
-76 150 1045860.1600000424
-126 29 1045860.1600000424
-126 29 1045860.1600000424
-130 34 1045860.1600000424
-130 34 1045860.1600000424
-56 158 1045860.1600000424
-56 158 1045860.1600000424
-148 280 1045860.1600000424
-148 280 1045860.1600000424
133 363 1045860.1600000424
-154 284 1045860.1600000424
-154 -29 1045860.1600000424
-154 284 1045860.1600000424
-154 -29 1045860.1600000424
-76 126 1045860.1600000424
-76 126 1045860.1600000424
-60 40 1045860.1600000424
-60 40 1045860.1600000424
118 451 1045860.1600000424
-61 236 1045860.1600000424
-61 236 1045860.1600000424
119 389 1045860.1600000424
-128 96 1045860.1600000424
-128 96 1045860.1600000424
-45 174 1045860.1600000424
-45 174 1045860.1600000424
-92 55 1045860.1600000424
-92 55 1045860.1600000424
90 371 1045860.1600000424
-68 242 1045860.1600000424
-68 242 1045860.1600000424
-31 169 1045860.1600000424
-31 169 1045860.1600000424
-48 228 1045860.1600000424
-48 228 1045860.1600000424
-29 109 1045860.1600000424
-29 109 1045860.1600000424
-71 289 1045860.1600000424
-71 289 1045860.1600000424
-47 133 1045860.1600000424
-47 133 1045860.1600000424
124 348 1045860.1600000424
-123 120 1045860.1600000424
-123 120 1045860.1600000424
-73 44 1045860.1600000424
-73 44 1045860.1600000424
99 451 1045860.1600000424
-132 134 1045860.1600000424
-132 134 1045860.1600000424
-28 73 1045860.1600000424
-28 73 1045860.1600000424
59 387 1045860.1600000424
-75 295 1045860.1600000424
-75 295 1045860.1600000424
-143 113 1045860.1600000424
-143 113 1045860.1600000424
-66 22 1045860.1600000424
-66 22 1045860.1600000424
-20 254 1045860.1600000424
-20 254 1045860.1600000424
-92 111 1045860.1600000424
-92 111 1045860.1600000424
-137 106 1045860.1600000424
-137 106 1045860.1600000424
-150 228 1045860.1600000424
-150 228 1045860.1600000424
-51 152 1045860.1600000424
-51 152 1045860.1600000424
-138 206 1045860.1600000424
-138 206 1045860.1600000424
-143 267 1045860.1600000424
-143 267 1045860.1600000424
-136 164 1045860.1600000424
-136 164 1045860.1600000424
31 334 1045860.1600000424
-56 86 1045860.1600000424
-56 86 1045860.1600000424
-34 58 1045860.1600000424
-34 58 1045860.1600000424
-93 93 1045860.1600000424
-93 93 1045860.1600000424
-73 26 1045860.1600000424
-73 26 1045860.1600000424
131 381 1045860.1600000424
-85 270 1045860.1600000424
-85 270 1045860.1600000424
-108 75 1045860.1600000424
-108 75 1045860.1600000424
-60 255 1045860.1600000424
-60 255 1045860.1600000424
-103 130 1045860.1600000424
-103 130 1045860.1600000424
62 350 1045860.1600000424
-72 208 1045860.1600000424
-72 208 1045860.1600000424
-135 145 1045860.1600000424
-135 145 1045860.1600000424
146 455 1045860.1600000424
36 349 1045860.1600000424
-60 82 1045860.1600000424
-60 82 1045860.1600000424
-115 31 1045860.1600000424
-115 31 1045860.1600000424
24 419 1045860.1600000424
-138 88 1045860.1600000424
-138 88 1045860.1600000424
-138 263 1045860.1600000424
-138 263 1045860.1600000424
22 376 1045860.1600000424
-132 11 1045860.1600000424
-132 11 1045860.1600000424
-70 276 1045860.1600000424
-70 276 1045860.1600000424
42 466 1045860.1600000424
109 462 1045860.1600000424
-107 120 1045860.1600000424
-107 120 1045860.1600000424
-71 181 1045860.1600000424
-71 181 1045860.1600000424
15 340 1045860.1600000424
-17 44 1045860.1600000424
-17 44 1045860.1600000424
-116 103 1045860.1600000424
-116 103 1045860.1600000424
-107 192 1045860.1600000424
-107 192 1045860.1600000424
46 331 1045860.1600000424
-14 51 1045860.1600000424
-14 51 1045860.1600000424
-155 53 1045860.1600000424
-155 53 1045860.1600000424
-25 19 1045860.1600000424
-25 19 1045860.1600000424
-132 189 1045860.1600000424
-132 189 1045860.1600000424
-126 75 1045860.1600000424
-126 75 1045860.1600000424
-96 123 1045860.1600000424
-96 123 1045860.1600000424
105 378 1045860.1600000424
-79 61 1045860.1600000424
-79 61 1045860.1600000424
34 424 1045860.1600000424
-148 303 1045860.1600000424
-148 -10 1045860.1600000424
-148 303 1045860.1600000424
-148 -10 1045860.1600000424
-28 181 1045860.1600000424
-28 181 1045860.1600000424
-145 0 1045860.1600000424
-145 0 1045860.1600000424
49 429 1045860.1600000424
-104 279 1045860.1600000424
-104 279 1045860.1600000424
-151 178 1045860.1600000424
-151 178 1045860.1600000424
0 364 1045860.1600000424
-117 258 1045860.1600000424
-117 258 1045860.1600000424
91 413 1045860.1600000424
72 360 1045860.1600000424
-88 252 1045860.1600000424
-88 252 1045860.1600000424
95 451 1045860.1600000424
98 395 1045860.1600000424
70 447 1045860.1600000424
-114 137 1045860.1600000424
-114 137 1045860.1600000424
-92 233 1045860.1600000424
-92 233 1045860.1600000424
126 460 1045860.1600000424
-39 221 1045860.1600000424
-39 221 1045860.1600000424
114 401 1045860.1600000424
-64 115 1045860.1600000424
-64 115 1045860.1600000424
-55 111 1045860.1600000424
-55 111 1045860.1600000424
7 344 1045860.1600000424
79 412 1045860.1600000424
122 365 1045860.1600000424
-8.970000000000027 10.930000000000037 1045860.1600000424
-8.970000000000027 10.930000000000037 1045860.1600000424
-8.930000000000064 10.890000000000082 1045860.1600000424
-8.930000000000064 10.890000000000082 1045860.1600000424
-8.8900000000001 10.85000000000011 1045860.1600000424
-8.8900000000001 10.85000000000011 1045860.1600000424
-8.870000000000118 10.830000000000146 1045860.1600000424
-8.870000000000118 10.830000000000146 1045860.1600000424
-8.830000000000155 10.790000000000164 1045860.1600000424
-8.830000000000155 10.790000000000164 1045860.1600000424
-20.970000000000027 217.99 1045860.1600000424
-20.970000000000027 217.99 1045860.1600000424
-4.9500000000000455 283.04999999999995 1045860.1600000424
-4.9500000000000455 283.04999999999995 1045860.1600000424
-8.77000000000021 10.730000000000201 1045860.1600000424
-8.77000000000021 10.730000000000201 1045860.1600000424
-8.760000000000218 10.700000000000198 1045860.1600000424
-8.760000000000218 10.700000000000198 1045860.1600000424
-8.720000000000255 10.660000000000226 1045860.1600000424
-8.720000000000255 10.660000000000226 1045860.1600000424
43.99 323.97 1045860.1600000424
-8.700000000000273 10.640000000000262 1045860.1600000424
-8.700000000000273 10.640000000000262 1045860.1600000424
-8.640000000000327 10.58000000000029 1045860.1600000424
-8.640000000000327 10.58000000000029 1045860.1600000424
45.03999999999999 323.9200000000001 1045860.1600000424
-91.97000000000003 6.970000000000027 1045860.1600000424
-91.97000000000003 6.970000000000027 1045860.1600000424
-112.97000000000003 311.03 1045860.1600000424
-112.97000000000003 -1.9700000000000273 1045860.1600000424
-112.97000000000003 311.03 1045860.1600000424
-112.97000000000003 -1.9700000000000273 1045860.1600000424
-8.7800000000002 10.620000000000289 1045860.1600000424
-8.7800000000002 10.620000000000289 1045860.1600000424
-99.98000000000002 1.9200000000000728 1045860.1600000424
-99.98000000000002 1.9200000000000728 1045860.1600000424
5.690000000000282 376.13 1045860.1600000424
21.99000000000001 468.99 1045860.1600000424
-122.94000000000005 0.7800000000002001 1045860.1600000424
-122.94000000000005 0.7800000000002001 1045860.1600000424
27.909999999999986 289.97 1045860.1600000424
88.83999999999992 256.13999999999896 1045860.1600000424
5.860000000000003 243.76000000000022 1045860.1600000424
93.10000000000005 249.0 1045860.1600000424
4.049999999999999 246.2099999999998 1045860.1600000424
-7.970000000000027 138.02999999999997 1045860.1600000424
-7.970000000000027 138.02999999999997 1045860.1600000424
0.030000000000009096 51.129999999999974 1045860.1600000424
47.670000000000066 171.01 1045860.1600000424
-28.20999999999981 307.6499999999994 1045860.1600000424
-28.20999999999981 -5.350000000000591 1045860.1600000424
-28.20999999999981 307.6499999999994 1045860.1600000424
-28.20999999999981 -5.350000000000591 1045860.1600000424
-8.570000000000391 10.510000000000279 1045860.1600000424
-8.570000000000391 10.510000000000279 1045860.1600000424
6.189999999999996 297.01 1045860.1600000424
-56.00999999999999 12.750000000000227 1045860.1600000424
-56.00999999999999 12.750000000000227 1045860.1600000424
-12.4500000000005 168.87000000000012 1045860.1600000424
-12.4500000000005 168.87000000000012 1045860.1600000424
50.229999999999954 145.73000000000025 1045860.1600000424
-127.8900000000001 312.36999999999966 1045860.1600000424
-127.8900000000001 -0.6300000000003365 1045860.1600000424
-127.8900000000001 312.36999999999966 1045860.1600000424
-127.8900000000001 -0.6300000000003365 1045860.1600000424
5.239999999999995 50.019999999999996 1045860.1600000424
41.71000000000006 152.71000000000026 1045860.1600000424
38.10999999999998 275.7500000000002 1045860.1600000424
96.92999999999996 322.7700000000002 1045860.1600000424
71.71999999999986 231.23999999999978 1045860.1600000424
88.74999999999987 245.53000000000043 1045860.1600000424
2.770000000000209 411.88999999999993 1045860.1600000424
-80.63000000000034 309.5699999999995 1045860.1600000424
-80.63000000000034 -3.4300000000005184 1045860.1600000424
-80.63000000000034 309.5699999999995 1045860.1600000424
-80.63000000000034 -3.4300000000005184 1045860.1600000424
3.3999999999999915 115.89999999999995 1045860.1600000424
6.750000000000005 71.37000000000019 1045860.1600000424
67.96999999999998 313.2500000000007 1045860.1600000424
28.300000000000047 202.96000000000004 1045860.1600000424
6.860000000000003 30.93999999999999 1045860.1600000424
37.39000000000012 178.5700000000004 1045860.1600000424
50.029999999999994 169.97000000000003 1045860.1600000424
34.18999999999996 110.74999999999987 1045860.1600000424
-8.760000000000218 11.160000000000014 1045860.1600000424
-8.760000000000218 11.160000000000014 1045860.1600000424
64.29000000000015 260.14999999999986 1045860.1600000424
25.13000000000002 277.39000000000055 1045860.1600000424
29.360000000000056 300.5399999999995 1045860.1600000424
28.979999999999997 188.92000000000007 1045860.1600000424
58.09999999999998 210.48000000000047 1045860.1600000424
24.729999999999958 210.30999999999972 1045860.1600000424
13.089999999999977 243.62999999999943 1045860.1600000424
-2.680000000000291 302.3399999999997 1045860.1600000424
-2.680000000000291 302.3399999999997 1045860.1600000424
11.229999999999995 228.41000000000054 1045860.1600000424
15.139999999999997 69.6000000000003 1045860.1600000424
13.110000000000019 204.50999999999954 1045860.1600000424
85.75999999999988 250.98000000000002 1045860.1600000424
21.45000000000007 130.7700000000002 1045860.1600000424
20.030000000000005 198.8900000000001 1045860.1600000424
70.57000000000029 261.5699999999995 1045860.1600000424
15.46999999999999 42.20999999999996 1045860.1600000424
6.089999999999998 62.85000000000003 1045860.1600000424
2.8200000000001637 444.9000000000001 1045860.1600000424
-9.980000000000018 107.0 1045860.1600000424
-9.980000000000018 107.0 1045860.1600000424
47.5100000000001 260.4500000000005 1045860.1600000424
63.970000000000006 220.08999999999992 1045860.1600000424
62.53999999999989 179.98000000000002 1045860.1600000424
55.30999999999994 153.08999999999992 1045860.1600000424
33.5100000000001 226.70999999999935 1045860.1600000424
6.500000000000455 384.1 1045860.1600000424
62.40000000000012 260.25999999999976 1045860.1600000424
21.29999999999989 156.9799999999991 1045860.1600000424
41.770000000000046 131.99 1045860.1600000424
23.61999999999994 105.53999999999976 1045860.1600000424
3.1199999999999974 132.15999999999985 1045860.1600000424
40.830000000000034 158.2299999999998 1045860.1600000424
16.949999999999992 299.38999999999965 1045860.1600000424
22.750000000000117 62.79000000000004 1045860.1600000424
46.76999999999985 290.93000000000006 1045860.1600000424
76.54000000000028 227.98000000000002 1045860.1600000424
15.760000000000005 129.76000000000022 1045860.1600000424
12.96 187.28000000000065 1045860.1600000424
40.94999999999981 221.12999999999988 1045860.1600000424
53.95000000000001 185.95000000000005 1045860.1600000424
70.5900000000003 300.8100000000011 1045860.1600000424
4.329999999999993 280.6700000000003 1045860.1600000424
32.13999999999997 213.94000000000005 1045860.1600000424
-8.55000000000041 10.490000000000284 1045860.1600000424
-8.55000000000041 10.490000000000284 1045860.1600000424
-150.06999999999994 0.8300000000001546 1045860.1600000424
-150.06999999999994 0.8300000000001546 1045860.1600000424
-4.5600000000004 189.03999999999996 1045860.1600000424
-4.5600000000004 189.03999999999996 1045860.1600000424
-0.2200000000007094 257.2999999999997 1045860.1600000424
-0.2200000000007094 257.2999999999997 1045860.1600000424
103.13000000000007 296.4700000000005 1045860.1600000424
53.529999999999895 168.91000000000008 1045860.1600000424
1.2000000000007276 340.14000000000004 1045860.1600000424
2.5400000000004184 429.04 1045860.1600000424
55.69000000000006 240.93000000000006 1045860.1600000424
18.899999999999984 279.6400000000003 1045860.1600000424
95.50000000000026 252.85999999999922 1045860.1600000424
23.20000000000003 144.01999999999998 1045860.1600000424
55.40999999999992 190.38999999999965 1045860.1600000424
3.559999999999988 98.57999999999979 1045860.1600000424
43.069999999999986 190.52999999999952 1045860.1600000424
334 131 1045860.1600000424
334 444 1045860.1600000424
347 226 1045860.1600000424
347 226 1045860.1600000424
281 363 1045860.1600000424
281 363 1045860.1600000424
454 240 1045860.1600000424
454 240 1045860.1600000424
279 443 1045860.1600000424
279 443 1045860.1600000424
269 400 1045860.1600000424
269 400 1045860.1600000424
420 159 1045860.1600000424
420 159 1045860.1600000424
356 389 1045860.1600000424
264 440 1045860.1600000424
264 440 1045860.1600000424
402 218 1045860.1600000424
402 218 1045860.1600000424
447 276 1045860.1600000424
447 276 1045860.1600000424
448 279 1045860.1600000424
448 279 1045860.1600000424
373 395 1045860.1600000424
199 315 1045860.1600000424
199 315 1045860.1600000424
464 254 1045860.1600000424
464 254 1045860.1600000424
377 220 1045860.1600000424
377 220 1045860.1600000424
384 338 1045860.1600000424
419 153 1045860.1600000424
419 466 1045860.1600000424
368 153 1045860.1600000424
368 466 1045860.1600000424
355 365 1045860.1600000424
442 183 1045860.1600000424
442 183 1045860.1600000424
402 255 1045860.1600000424
402 255 1045860.1600000424
423 212 1045860.1600000424
423 212 1045860.1600000424
325 243 1045860.1600000424
325 243 1045860.1600000424
201 446 1045860.1600000424
201 446 1045860.1600000424
273 339 1045860.1600000424
273 339 1045860.1600000424
318 363 1045860.1600000424
352 353 1045860.1600000424
363 146 1045860.1600000424
363 459 1045860.1600000424
210 353 1045860.1600000424
210 353 1045860.1600000424
351 276 1045860.1600000424
351 276 1045860.1600000424
199 423 1045860.1600000424
199 423 1045860.1600000424
377 260 1045860.1600000424
377 260 1045860.1600000424
443 426 1045860.1600000424
164 391 1045860.1600000424
164 391 1045860.1600000424
276 389 1045860.1600000424
276 389 1045860.1600000424
449 283 1045860.1600000424
449 283 1045860.1600000424
326 188 1045860.1600000424
326 188 1045860.1600000424
356 190 1045860.1600000424
356 190 1045860.1600000424
379 134 1045860.1600000424
379 447 1045860.1600000424
446 367 1045860.1600000424
224 394 1045860.1600000424
224 394 1045860.1600000424
436 175 1045860.1600000424
436 175 1045860.1600000424
146 322 1045860.1600000424
459 322 1045860.1600000424
234 337 1045860.1600000424
234 337 1045860.1600000424
328 355 1045860.1600000424
460 143 1045860.1600000424
460 456 1045860.1600000424
267 415 1045860.1600000424
267 415 1045860.1600000424
385 422 1045860.1600000424
345 214 1045860.1600000424
345 214 1045860.1600000424
409 145 1045860.1600000424
409 458 1045860.1600000424
438 228 1045860.1600000424
438 228 1045860.1600000424
299 407 1045860.1600000424
299 407 1045860.1600000424
361 261 1045860.1600000424
361 261 1045860.1600000424
336 144 1045860.1600000424
336 457 1045860.1600000424
457 444 1045860.1600000424
455 254 1045860.1600000424
455 254 1045860.1600000424
444 368 1045860.1600000424
156 337 1045860.1600000424
469 337 1045860.1600000424
430 182 1045860.1600000424
430 182 1045860.1600000424
366 169 1045860.1600000424
366 169 1045860.1600000424
408 243 1045860.1600000424
408 243 1045860.1600000424
411 142 1045860.1600000424
411 455 1045860.1600000424
328 382 1045860.1600000424
365 379 1045860.1600000424
207 469 1045860.1600000424
207 469 1045860.1600000424
138 340 1045860.1600000424
451 340 1045860.1600000424
354 158 1045860.1600000424
354 158 1045860.1600000424
203 428 1045860.1600000424
203 428 1045860.1600000424
338 210 1045860.1600000424
338 210 1045860.1600000424
382 401 1045860.1600000424
169 315 1045860.1600000424
169 315 1045860.1600000424
361 353 1045860.1600000424
379 349 1045860.1600000424
329 130 1045860.1600000424
329 443 1045860.1600000424
163 340 1045860.1600000424
163 340 1045860.1600000424
463 397 1045860.1600000424
198 452 1045860.1600000424
198 452 1045860.1600000424
413 337 1045860.1600000424
209 346 1045860.1600000424
209 346 1045860.1600000424
185 357 1045860.1600000424
185 357 1045860.1600000424
442 346 1045860.1600000424
399 251 1045860.1600000424
399 251 1045860.1600000424
162 327 1045860.1600000424
162 327 1045860.1600000424
192 461 1045860.1600000424
192 461 1045860.1600000424
158 375 1045860.1600000424
158 375 1045860.1600000424
366 124 1045860.1600000424
366 437 1045860.1600000424
338 278 1045860.1600000424
338 278 1045860.1600000424
189 390 1045860.1600000424
189 390 1045860.1600000424
226 367 1045860.1600000424
226 367 1045860.1600000424
355 132 1045860.1600000424
355 445 1045860.1600000424
405 411 1045860.1600000424
418 181 1045860.1600000424
418 181 1045860.1600000424
280 344 1045860.1600000424
280 344 1045860.1600000424
197 417 1045860.1600000424
197 417 1045860.1600000424
333 199 1045860.1600000424
333 199 1045860.1600000424
237 463 1045860.1600000424
237 463 1045860.1600000424
400 197 1045860.1600000424
400 197 1045860.1600000424
187 342 1045860.1600000424
187 342 1045860.1600000424
183 347 1045860.1600000424
183 347 1045860.1600000424
351 179 1045860.1600000424
351 179 1045860.1600000424
446 363 1045860.1600000424
237 439 1045860.1600000424
237 439 1045860.1600000424
253 353 1045860.1600000424
253 353 1045860.1600000424
431 138 1045860.1600000424
431 451 1045860.1600000424
361 171 1045860.1600000424
361 171 1045860.1600000424
432 258 1045860.1600000424
432 258 1045860.1600000424
402 246 1045860.1600000424
402 246 1045860.1600000424
319 244 1045860.1600000424
319 244 1045860.1600000424
432 389 1045860.1600000424
332 280 1045860.1600000424
332 280 1045860.1600000424
185 409 1045860.1600000424
185 409 1045860.1600000424
426 175 1045860.1600000424
426 175 1045860.1600000424
221 368 1045860.1600000424
221 368 1045860.1600000424
403 371 1045860.1600000424
284 422 1045860.1600000424
284 422 1045860.1600000424
266 446 1045860.1600000424
266 446 1045860.1600000424
437 348 1045860.1600000424
190 433 1045860.1600000424
190 433 1045860.1600000424
240 357 1045860.1600000424
240 357 1045860.1600000424
341 290 1045860.1600000424
341 290 1045860.1600000424
412 138 1045860.1600000424
412 451 1045860.1600000424
181 447 1045860.1600000424
181 447 1045860.1600000424
285 386 1045860.1600000424
285 386 1045860.1600000424
372 387 1045860.1600000424
170 426 1045860.1600000424
170 426 1045860.1600000424
247 335 1045860.1600000424
247 335 1045860.1600000424
467 163 1045860.1600000424
467 163 1045860.1600000424
221 424 1045860.1600000424
221 424 1045860.1600000424
176 419 1045860.1600000424
176 419 1045860.1600000424
262 465 1045860.1600000424
262 465 1045860.1600000424
344 334 1045860.1600000424
453 218 1045860.1600000424
453 218 1045860.1600000424
257 399 1045860.1600000424
257 399 1045860.1600000424
399 178 1045860.1600000424
399 178 1045860.1600000424
279 371 1045860.1600000424
279 371 1045860.1600000424
341 203 1045860.1600000424
341 203 1045860.1600000424
369 241 1045860.1600000424
369 241 1045860.1600000424
220 406 1045860.1600000424
220 406 1045860.1600000424
240 339 1045860.1600000424
240 339 1045860.1600000424
444 381 1045860.1600000424
205 388 1045860.1600000424
205 388 1045860.1600000424
375 180 1045860.1600000424
375 180 1045860.1600000424
418 174 1045860.1600000424
418 174 1045860.1600000424
210 443 1045860.1600000424
210 443 1045860.1600000424
375 350 1045860.1600000424
178 458 1045860.1600000424
178 458 1045860.1600000424
453 160 1045860.1600000424
453 160 1045860.1600000424
459 142 1045860.1600000424
459 455 1045860.1600000424
449 172 1045860.1600000424
449 172 1045860.1600000424
152 363 1045860.1600000424
465 363 1045860.1600000424
349 349 1045860.1600000424
253 395 1045860.1600000424
253 395 1045860.1600000424
371 211 1045860.1600000424
371 211 1045860.1600000424
198 344 1045860.1600000424
198 344 1045860.1600000424
342 189 1045860.1600000424
342 189 1045860.1600000424
385 231 1045860.1600000424
385 231 1045860.1600000424
337 106 1045860.1600000424
337 419 1045860.1600000424
175 401 1045860.1600000424
175 401 1045860.1600000424
383 261 1045860.1600000424
383 261 1045860.1600000424
390 165 1045860.1600000424
390 165 1045860.1600000424
335 376 1045860.1600000424
181 324 1045860.1600000424
181 324 1045860.1600000424
355 153 1045860.1600000424
355 466 1045860.1600000424
467 313 1045860.1600000424
422 149 1045860.1600000424
422 462 1045860.1600000424
457 290 1045860.1600000424
457 290 1045860.1600000424
206 433 1045860.1600000424
206 433 1045860.1600000424
328 340 1045860.1600000424
363 170 1045860.1600000424
363 170 1045860.1600000424
296 357 1045860.1600000424
296 357 1045860.1600000424
197 416 1045860.1600000424
197 416 1045860.1600000424
416 297 1045860.1600000424
416 297 1045860.1600000424
359 331 1045860.1600000424
299 364 1045860.1600000424
299 364 1045860.1600000424
158 366 1045860.1600000424
158 366 1045860.1600000424
288 332 1045860.1600000424
288 332 1045860.1600000424
187 388 1045860.1600000424
187 388 1045860.1600000424
424 180 1045860.1600000424
424 180 1045860.1600000424
427 215 1045860.1600000424
427 215 1045860.1600000424
217 436 1045860.1600000424
217 436 1045860.1600000424
389 228 1045860.1600000424
389 228 1045860.1600000424
418 378 1045860.1600000424
234 374 1045860.1600000424
234 374 1045860.1600000424
347 111 1045860.1600000424
347 424 1045860.1600000424
353 221 1045860.1600000424
353 221 1045860.1600000424
362 116 1045860.1600000424
362 429 1045860.1600000424
410 176 1045860.1600000424
410 176 1045860.1600000424
463 280 1045860.1600000424
463 280 1045860.1600000424
313 364 1045860.1600000424
421 206 1045860.1600000424
421 206 1045860.1600000424
404 413 1045860.1600000424
376 260 1045860.1600000424
376 260 1045860.1600000424
385 360 1045860.1600000424
422 252 1045860.1600000424
422 252 1045860.1600000424
408 252 1045860.1600000424
408 252 1045860.1600000424
408 138 1045860.1600000424
408 451 1045860.1600000424
466 292 1045860.1600000424
466 292 1045860.1600000424
411 395 1045860.1600000424
406 249 1045860.1600000424
406 249 1045860.1600000424
443 168 1045860.1600000424
443 168 1045860.1600000424
383 134 1045860.1600000424
383 447 1045860.1600000424
199 450 1045860.1600000424
199 450 1045860.1600000424
439 147 1045860.1600000424
439 460 1045860.1600000424
359 291 1045860.1600000424
359 291 1045860.1600000424
368 190 1045860.1600000424
368 190 1045860.1600000424
464 157 1045860.1600000424
464 157 1045860.1600000424
427 401 1045860.1600000424
249 428 1045860.1600000424
249 428 1045860.1600000424
258 424 1045860.1600000424
258 424 1045860.1600000424
320 344 1045860.1600000424
392 412 1045860.1600000424
435 365 1045860.1600000424
367 186 1045860.1600000424
367 186 1045860.1600000424
356.99 323.97 1045860.1600000424
358.03999999999996 323.9200000000001 1045860.1600000424
221.02999999999997 319.97 1045860.1600000424
221.02999999999997 319.97 1045860.1600000424
318.8700000000002 297.06999999999994 1045860.1600000424
318.8700000000002 297.06999999999994 1045860.1600000424
304.2199999999998 323.6200000000003 1045860.1600000424
304.2199999999998 323.6200000000003 1045860.1600000424
164.96000000000004 280.02 1045860.1600000424
342.04 300.15999999999985 1045860.1600000424
342.04 300.15999999999985 1045860.1600000424
213.01999999999998 314.9200000000001 1045860.1600000424
213.01999999999998 314.9200000000001 1045860.1600000424
318.6900000000003 376.13 1045860.1600000424
170.01999999999998 278.0 1045860.1600000424
334.99 155.99 1045860.1600000424
334.99 468.99 1045860.1600000424
190.05999999999995 313.7800000000002 1045860.1600000424
190.05999999999995 313.7800000000002 1045860.1600000424
105.01 173.7700000000002 1045860.1600000424
109.44999999999972 212.36999999999966 1045860.1600000424
330.03000000000003 299.3499999999997 1045860.1600000424
330.03000000000003 299.3499999999997 1045860.1600000424
98.01 141.99 1045860.1600000424
311.3700000000006 257.01 1045860.1600000424
130.83000000000015 55.129999999999974 1045860.1600000424
307.82000000000016 189.07999999999993 1045860.1600000424
305.03 451.03 1045860.1600000424
305.03 451.03 1045860.1600000424
326.9100000000001 204.04999999999995 1045860.1600000424
326.9100000000001 204.04999999999995 1045860.1600000424
252.02999999999997 235.81000000000017 1045860.1600000424
153.01 292.3299999999997 1045860.1600000424
113.05000000000003 174.65000000000032 1045860.1600000424
96.84999999999992 175.97000000000003 1045860.1600000424
197.13999999999987 104.12000000000006 1045860.1600000424
256.99 325.7500000000002 1045860.1600000424
256.99 325.7500000000002 1045860.1600000424
59.4899999999999 73.86999999999993 1045860.1600000424
198.0999999999999 139.37999999999965 1045860.1600000424
206.01 120.13000000000007 1045860.1600000424
409.92999999999995 322.7700000000002 1045860.1600000424
121.43999999999971 51.76000000000005 1045860.1600000424
94.47999999999973 137.2400000000007 1045860.1600000424
108.01 205.29000000000065 1045860.1600000424
110.90999999999995 180.14999999999986 1045860.1600000424
227.48000000000047 269.4600000000005 1045860.1600000424
315.7700000000002 98.88999999999994 1045860.1600000424
315.7700000000002 411.88999999999993 1045860.1600000424
217.2299999999998 123.09000000000005 1045860.1600000424
234.9000000000001 291.8800000000001 1045860.1600000424
200.91000000000008 132.65000000000032 1045860.1600000424
168.1099999999999 312.8100000000002 1045860.1600000424
134.73000000000116 284.26999999999884 1045860.1600000424
132.99 49.570000000000086 1045860.1600000424
117.07000000000004 182.56999999999948 1045860.1600000424
281.2200000000007 198.27999999999975 1045860.1600000424
244.5500000000004 242.2099999999998 1045860.1600000424
86.53999999999976 196.96000000000004 1045860.1600000424
158.98000000000002 284.0 1045860.1600000424
236.84000000000015 149.50000000000045 1045860.1600000424
38.85000000000003 40.18999999999996 1045860.1600000424
253.52999999999952 254.59000000000037 1045860.1600000424
316.27000000000066 245.5500000000004 1045860.1600000424
316.27000000000066 245.5500000000004 1045860.1600000424
175.61000000000035 105.70999999999985 1045860.1600000424
91.96999999999998 97.52999999999976 1045860.1600000424
380.96999999999997 313.2500000000007 1045860.1600000424
323.5400000000004 229.0 1045860.1600000424
323.5400000000004 229.0 1045860.1600000424
318.3600000000006 297.17999999999984 1045860.1600000424
318.3600000000006 297.17999999999984 1045860.1600000424
258.2399999999998 181.5399999999995 1045860.1600000424
240.7700000000002 274.01 1045860.1600000424
35.930000000000014 35.4900000000001 1045860.1600000424
141.8900000000001 254.04999999999995 1045860.1600000424
151.54000000000042 49.620000000000076 1045860.1600000424
105.0 181.23999999999978 1045860.1600000424
30.3599999999999 20.439999999999912 1045860.1600000424
124.75999999999988 228.45999999999958 1045860.1600000424
189.0 77.32000000000016 1045860.1600000424
95.46000000000024 242.28000000000065 1045860.1600000424
53.10999999999998 124.01 1045860.1600000424
263.95000000000005 126.54999999999977 1045860.1600000424
176.92999999999915 282.0899999999999 1045860.1600000424
114.54000000000028 214.96000000000004 1045860.1600000424
304.2399999999998 324.16 1045860.1600000424
304.2399999999998 324.16 1045860.1600000424
220.30999999999972 93.29000000000015 1045860.1600000424
232.16999999999985 270.73000000000025 1045860.1600000424
197.30999999999972 102.18999999999959 1045860.1600000424
105.97999999999999 153.01999999999998 1045860.1600000424
167.01999999999998 144.0 1045860.1600000424
247.81000000000017 263.93000000000006 1045860.1600000424
162.12999999999988 177.49000000000046 1045860.1600000424
69.37000000000019 87.74999999999987 1045860.1600000424
180.97000000000003 133.69000000000028 1045860.1600000424
256.61000000000035 86.71000000000036 1045860.1600000424
170.02999999999997 113.13000000000007 1045860.1600000424
292.16000000000076 252.84000000000106 1045860.1600000424
282.1299999999999 167.81000000000108 1045860.1600000424
221.05999999999995 233.01999999999998 1045860.1600000424
228.85000000000014 275.2499999999998 1045860.1600000424
251.87000000000012 176.01 1045860.1600000424
99.7900000000004 137.19000000000074 1045860.1600000424
189.94000000000005 120.04000000000002 1045860.1600000424
141.02999999999997 239.85000000000014 1045860.1600000424
174.99 206.2299999999998 1045860.1600000424
158.01 146.93000000000006 1045860.1600000424
264.96000000000004 228.0999999999999 1045860.1600000424
154.24999999999977 163.2299999999998 1045860.1600000424
224.12999999999988 80.78999999999989 1045860.1600000424
145.54000000000042 141.96000000000004 1045860.1600000424
136.4499999999996 172.30999999999972 1045860.1600000424
153.31000000000063 311.9900000000009 1045860.1600000424
71.2000000000001 24.119999999999862 1045860.1600000424
66.27000000000014 35.91000000000002 1045860.1600000424
119.1900000000001 258.4699999999996 1045860.1600000424
143.62000000000035 290.37999999999965 1045860.1600000424
241.08000000000084 181.45999999999958 1045860.1600000424
383.02 302.39999999999964 1045860.1600000424
383.02 302.39999999999964 1045860.1600000424
269.3199999999997 87.18000000000009 1045860.1600000424
126.30000000000015 147.19999999999982 1045860.1600000424
210.5499999999995 130.84999999999923 1045860.1600000424
257.06999999999994 158.04999999999995 1045860.1600000424
143.87000000000012 130.99 1045860.1600000424
232.2099999999998 308.7700000000002 1045860.1600000424
158.3299999999997 62.229999999999954 1045860.1600000424
288.48999999999955 193.28999999999974 1045860.1600000424
238.59999999999945 296.0199999999991 1045860.1600000424
133.72000000000025 275.30000000000064 1045860.1600000424
175.51999999999953 262.3600000000006 1045860.1600000424
15.169999999999996 26.529999999999927 1045860.1600000424
315.82000000000016 131.9000000000001 1045860.1600000424
315.82000000000016 444.9000000000001 1045860.1600000424
303.02 420.0 1045860.1600000424
303.02 420.0 1045860.1600000424
299.03 93.32999999999966 1045860.1600000424
252.82000000000016 80.99999999999949 1045860.1600000424
65.69999999999985 134.15999999999985 1045860.1600000424
46.29999999999994 18.26000000000004 1045860.1600000424
108.89999999999995 252.15999999999985 1045860.1600000424
262.16999999999985 151.39000000000055 1045860.1600000424
198.69000000000028 289.28999999999974 1045860.1600000424
89.25000000000013 218.02999999999997 1045860.1600000424
134.83000000000015 279.01 1045860.1600000424
319.50000000000045 384.1 1045860.1600000424
235.1300000000008 164.26999999999975 1045860.1600000424
129.65000000000032 167.59000000000037 1045860.1600000424
72.08000000000004 109.28000000000014 1045860.1600000424
256.35999999999876 263.61999999999944 1045860.1600000424
206.5499999999995 191.99 1045860.1600000424
114.2000000000001 88.72000000000037 1045860.1600000424
70.80000000000041 133.9000000000001 1045860.1600000424
117.92999999999996 136.97000000000094 1045860.1600000424
41.64000000000007 52.29999999999994 1045860.1600000424
268.37999999999965 174.13999999999987 1045860.1600000424
285.14999999999986 180.93000000000006 1045860.1600000424
161.4500000000005 181.36999999999875 1045860.1600000424
185.0 95.95999999999998 1045860.1600000424
247.86000000000013 164.03999999999996 1045860.1600000424
207.30999999999972 156.6699999999994 1045860.1600000424
186.83000000000015 73.88999999999943 1045860.1600000424
91.65000000000033 101.41000000000072 1045860.1600000424
204.99 74.82999999999991 1045860.1600000424
236.96000000000004 126.2000000000001 1045860.1600000424
165.3399999999997 302.4800000000005 1045860.1600000424
97.66999999999983 81.82999999999991 1045860.1600000424
169.77000000000112 203.85000000000014 1045860.1600000424
95.53999999999976 145.51999999999953 1045860.1600000424
59.44000000000011 82.72000000000037 1045860.1600000424
274.3500000000006 312.7900000000011 1045860.1600000424
202.98000000000002 115.02000000000001 1045860.1600000424
199.08999999999992 136.97000000000003 1045860.1600000424
284.1199999999999 109.28000000000014 1045860.1600000424
199.87000000000012 310.63000000000034 1045860.1600000424
177.95000000000005 145.02999999999997 1045860.1600000424
48.99 115.14999999999957 1045860.1600000424
129.71999999999935 184.15999999999894 1045860.1600000424
302.9000000000001 107.32000000000016 1045860.1600000424
232.2199999999998 226.70000000000027 1045860.1600000424
184.7700000000002 311.4300000000005 1045860.1600000424
257.97 110.84999999999992 1045860.1600000424
89.64999999999982 57.970000000000006 1045860.1600000424
163.80999999999926 228.2299999999998 1045860.1600000424
174.81000000000017 88.09000000000005 1045860.1600000424
224.83000000000015 251.99 1045860.1600000424
208.8800000000001 278.62000000000035 1045860.1600000424
181.45999999999958 188.42000000000053 1045860.1600000424
213.71000000000117 228.81000000000108 1045860.1600000424
106.99 159.06999999999994 1045860.1600000424
109.08000000000004 148.82000000000016 1045860.1600000424
242.6499999999994 288.93000000000006 1045860.1600000424
61.56000000000009 37.03999999999999 1045860.1600000424
151.6599999999994 253.94000000000005 1045860.1600000424
129.93000000000006 112.28999999999964 1045860.1600000424
244.07999999999902 276.71999999999935 1045860.1600000424
304.4499999999996 323.4900000000003 1045860.1600000424
304.4499999999996 323.4900000000003 1045860.1600000424
184.33999999999878 205.83999999999924 1045860.1600000424
213.16999999999985 305.61000000000035 1045860.1600000424
162.93000000000006 313.83000000000015 1045860.1600000424
162.93000000000006 313.83000000000015 1045860.1600000424
149.96000000000004 279.6600000000003 1045860.1600000424
293.0199999999991 218.63999999999942 1045860.1600000424
151.01999999999998 156.80000000000018 1045860.1600000424
104.94999999999997 64.90999999999995 1045860.1600000424
77.13000000000007 164.63000000000034 1045860.1600000424
169.4400000000005 266.7600000000002 1045860.1600000424
139.97000000000003 159.7900000000002 1045860.1600000424
157.85000000000014 119.90999999999995 1045860.1600000424
52.219999999999956 65.45999999999972 1045860.1600000424
248.3300000000006 114.6099999999998 1045860.1600000424
158.74999999999932 52.730000000000054 1045860.1600000424
48.25999999999995 39.96000000000001 1045860.1600000424
147.18999999999983 143.01 1045860.1600000424
265.61000000000035 133.58999999999946 1045860.1600000424
314.2000000000007 340.14000000000004 1045860.1600000424
315.5400000000004 116.04000000000002 1045860.1600000424
315.5400000000004 429.04 1045860.1600000424
221.49999999999955 110.77999999999989 1045860.1600000424
177.58999999999946 164.40999999999963 1045860.1600000424
285.3499999999997 306.7900000000002 1045860.1600000424
72.14000000000007 47.43999999999991 1045860.1600000424
300.2099999999998 168.41000000000054 1045860.1600000424
297.5600000000004 265.13999999999896 1045860.1600000424
200.5500000000004 244.41000000000054 1045860.1600000424
192.02999999999997 148.50999999999954 1045860.1600000424
267.14999999999986 101.94999999999997 1045860.1600000424
287.1000000000008 291.7800000000011 1045860.1600000424
123.10000000000005 174.94000000000005 1045860.1600000424
133.35999999999967 54.319999999999936 1045860.1600000424
218.23999999999978 287.0 1045860.1600000424
241.15999999999985 207.62000000000035 1045860.1600000424
85.6199999999998 178.1199999999999 1045860.1600000424
78.89999999999995 99.0 1045860.1600000424
195.91000000000008 258.5299999999995 1045860.1600000424
140.6699999999994 216.7900000000011 1045860.1600000424
149.3400000000006 84.6000000000003 1045860.1600000424
198.91000000000008 109.92999999999996 1045860.1600000424
119.03000000000002 75.99 1045860.1600000424
316.3500000000006 280.93000000000006 1045860.1600000424
316.3500000000006 280.93000000000006 1045860.1600000424
131.23999999999978 68.3800000000002 1045860.1600000424
42.46000000000011 76.7800000000004 1045860.1600000424
274.3499999999997 221.14999999999986 1045860.1600000424
279.4099999999996 130.2299999999998 1045860.1600000424
304.39000000000055 138.4499999999996 1045860.1600000424
163.99 77.86999999999993 1045860.1600000424
34 -87 1045860.1600000424
347 -87 1045860.1600000424
34 -87 1045860.1600000424
347 -87 1045860.1600000424
-32 -263 1045860.1600000424
-32 -263 1045860.1600000424
141 -73 1045860.1600000424
454 -73 1045860.1600000424
141 -73 1045860.1600000424
454 -73 1045860.1600000424
-34 -183 1045860.1600000424
-34 -183 1045860.1600000424
-44 -226 1045860.1600000424
-44 -226 1045860.1600000424
107 -154 1045860.1600000424
420 -154 1045860.1600000424
107 -154 1045860.1600000424
420 -154 1045860.1600000424
255 -50 1045860.1600000424
255 -50 1045860.1600000424
215 -83 1045860.1600000424
215 -83 1045860.1600000424
183 -108 1045860.1600000424
183 -108 1045860.1600000424
258 -132 1045860.1600000424
258 -132 1045860.1600000424
-49 -186 1045860.1600000424
-49 -186 1045860.1600000424
89 -95 1045860.1600000424
402 -95 1045860.1600000424
89 -95 1045860.1600000424
402 -95 1045860.1600000424
134 -37 1045860.1600000424
447 -37 1045860.1600000424
134 -37 1045860.1600000424
447 -37 1045860.1600000424
135 -34 1045860.1600000424
448 -34 1045860.1600000424
135 -34 1045860.1600000424
448 -34 1045860.1600000424
201 -68 1045860.1600000424
201 -68 1045860.1600000424
-114 -311 1045860.1600000424
-114 -311 1045860.1600000424
252 -137 1045860.1600000424
252 -137 1045860.1600000424
199 -24 1045860.1600000424
199 -24 1045860.1600000424
151 -59 1045860.1600000424
464 -59 1045860.1600000424
151 -59 1045860.1600000424
464 -59 1045860.1600000424
64 -93 1045860.1600000424
377 -93 1045860.1600000424
64 -93 1045860.1600000424
377 -93 1045860.1600000424
384 25 1045860.1600000424
355 52 1045860.1600000424
129 -130 1045860.1600000424
442 -130 1045860.1600000424
129 -130 1045860.1600000424
442 -130 1045860.1600000424
298 -49 1045860.1600000424
-15 -49 1045860.1600000424
298 -49 1045860.1600000424
-15 -49 1045860.1600000424
89 -58 1045860.1600000424
402 -58 1045860.1600000424
89 -58 1045860.1600000424
402 -58 1045860.1600000424
110 -101 1045860.1600000424
423 -101 1045860.1600000424
110 -101 1045860.1600000424
423 -101 1045860.1600000424
12 -70 1045860.1600000424
325 -70 1045860.1600000424
12 -70 1045860.1600000424
325 -70 1045860.1600000424
235 -21 1045860.1600000424
235 -21 1045860.1600000424
-40 -287 1045860.1600000424
-40 -287 1045860.1600000424
318 50 1045860.1600000424
232 -86 1045860.1600000424
232 -86 1045860.1600000424
352 40 1045860.1600000424
-103 -273 1045860.1600000424
-103 -273 1045860.1600000424
38 -37 1045860.1600000424
351 -37 1045860.1600000424
38 -37 1045860.1600000424
351 -37 1045860.1600000424
64 -53 1045860.1600000424
377 -53 1045860.1600000424
64 -53 1045860.1600000424
377 -53 1045860.1600000424
-37 -237 1045860.1600000424
-37 -237 1045860.1600000424
136 -30 1045860.1600000424
449 -30 1045860.1600000424
136 -30 1045860.1600000424
449 -30 1045860.1600000424
13 -125 1045860.1600000424
326 -125 1045860.1600000424
13 -125 1045860.1600000424
326 -125 1045860.1600000424
43 -123 1045860.1600000424
356 -123 1045860.1600000424
43 -123 1045860.1600000424
356 -123 1045860.1600000424
232 -42 1045860.1600000424
232 -42 1045860.1600000424
446 54 1045860.1600000424
248 -149 1045860.1600000424
248 -149 1045860.1600000424
-89 -232 1045860.1600000424
-89 -232 1045860.1600000424
123 -138 1045860.1600000424
436 -138 1045860.1600000424
123 -138 1045860.1600000424
436 -138 1045860.1600000424
459 9 1045860.1600000424
-79 -289 1045860.1600000424
-79 -289 1045860.1600000424
328 42 1045860.1600000424
218 -26 1045860.1600000424
218 -26 1045860.1600000424
-46 -211 1045860.1600000424
-46 -211 1045860.1600000424
176 -31 1045860.1600000424
176 -31 1045860.1600000424
32 -99 1045860.1600000424
345 -99 1045860.1600000424
32 -99 1045860.1600000424
345 -99 1045860.1600000424
125 -85 1045860.1600000424
438 -85 1045860.1600000424
125 -85 1045860.1600000424
438 -85 1045860.1600000424
-14 -219 1045860.1600000424
-14 -219 1045860.1600000424
48 -52 1045860.1600000424
361 -52 1045860.1600000424
48 -52 1045860.1600000424
361 -52 1045860.1600000424
241 -39 1045860.1600000424
241 -39 1045860.1600000424
170 -35 1045860.1600000424
170 -35 1045860.1600000424
162 -133 1045860.1600000424
162 -133 1045860.1600000424
142 -59 1045860.1600000424
455 -59 1045860.1600000424
142 -59 1045860.1600000424
455 -59 1045860.1600000424
444 55 1045860.1600000424
229 -38 1045860.1600000424
229 -38 1045860.1600000424
469 24 1045860.1600000424
117 -131 1045860.1600000424
430 -131 1045860.1600000424
117 -131 1045860.1600000424
430 -131 1045860.1600000424
53 -144 1045860.1600000424
366 -144 1045860.1600000424
53 -144 1045860.1600000424
366 -144 1045860.1600000424
95 -70 1045860.1600000424
408 -70 1045860.1600000424
95 -70 1045860.1600000424
408 -70 1045860.1600000424
213 -7 1045860.1600000424
213 -7 1045860.1600000424
365 66 1045860.1600000424
282 -115 1045860.1600000424
-31 -115 1045860.1600000424
282 -115 1045860.1600000424
-31 -115 1045860.1600000424
451 27 1045860.1600000424
41 -155 1045860.1600000424
354 -155 1045860.1600000424
41 -155 1045860.1600000424
354 -155 1045860.1600000424
248 -49 1045860.1600000424
248 -49 1045860.1600000424
25 -103 1045860.1600000424
338 -103 1045860.1600000424
25 -103 1045860.1600000424
338 -103 1045860.1600000424
361 40 1045860.1600000424
379 36 1045860.1600000424
463 84 1045860.1600000424
413 24 1045860.1600000424
-104 -280 1045860.1600000424
-104 -280 1045860.1600000424
288 -20 1045860.1600000424
288 -20 1045860.1600000424
442 33 1045860.1600000424
86 -62 1045860.1600000424
399 -62 1045860.1600000424
86 -62 1045860.1600000424
399 -62 1045860.1600000424
171 -109 1045860.1600000424
171 -109 1045860.1600000424
236 -149 1045860.1600000424
236 -149 1045860.1600000424
288 -120 1045860.1600000424
-25 -120 1045860.1600000424
288 -120 1045860.1600000424
-25 -120 1045860.1600000424
25 -35 1045860.1600000424
338 -35 1045860.1600000424
25 -35 1045860.1600000424
338 -35 1045860.1600000424
-87 -259 1045860.1600000424
-87 -259 1045860.1600000424
105 -132 1045860.1600000424
418 -132 1045860.1600000424
105 -132 1045860.1600000424
418 -132 1045860.1600000424
-33 -282 1045860.1600000424
-33 -282 1045860.1600000424
20 -114 1045860.1600000424
333 -114 1045860.1600000424
20 -114 1045860.1600000424
333 -114 1045860.1600000424
87 -116 1045860.1600000424
400 -116 1045860.1600000424
87 -116 1045860.1600000424
400 -116 1045860.1600000424
257 -155 1045860.1600000424
-56 -155 1045860.1600000424
257 -155 1045860.1600000424
-56 -155 1045860.1600000424
38 -134 1045860.1600000424
351 -134 1045860.1600000424
38 -134 1045860.1600000424
351 -134 1045860.1600000424
165 -33 1045860.1600000424
165 -33 1045860.1600000424
446 50 1045860.1600000424
159 -29 1045860.1600000424
159 -29 1045860.1600000424
-60 -273 1045860.1600000424
-60 -273 1045860.1600000424
252 -77 1045860.1600000424
252 -77 1045860.1600000424
48 -142 1045860.1600000424
361 -142 1045860.1600000424
48 -142 1045860.1600000424
361 -142 1045860.1600000424
119 -55 1045860.1600000424
432 -55 1045860.1600000424
119 -55 1045860.1600000424
432 -55 1045860.1600000424
89 -67 1045860.1600000424
402 -67 1045860.1600000424
89 -67 1045860.1600000424
402 -67 1045860.1600000424
6 -69 1045860.1600000424
319 -69 1045860.1600000424
6 -69 1045860.1600000424
319 -69 1045860.1600000424
432 76 1045860.1600000424
19 -33 1045860.1600000424
332 -33 1045860.1600000424
19 -33 1045860.1600000424
332 -33 1045860.1600000424
113 -138 1045860.1600000424
426 -138 1045860.1600000424
113 -138 1045860.1600000424
426 -138 1045860.1600000424
268 -139 1045860.1600000424
-45 -139 1045860.1600000424
268 -139 1045860.1600000424
-45 -139 1045860.1600000424
-92 -258 1045860.1600000424
-92 -258 1045860.1600000424
403 58 1045860.1600000424
245 -71 1045860.1600000424
245 -71 1045860.1600000424
282 -144 1045860.1600000424
-31 -144 1045860.1600000424
282 -144 1045860.1600000424
-31 -144 1045860.1600000424
265 -85 1045860.1600000424
265 -85 1045860.1600000424
-29 -204 1045860.1600000424
-29 -204 1045860.1600000424
242 -24 1045860.1600000424
242 -24 1045860.1600000424
-47 -180 1045860.1600000424
-47 -180 1045860.1600000424
437 35 1045860.1600000424
-73 -269 1045860.1600000424
-73 -269 1045860.1600000424
28 -23 1045860.1600000424
341 -23 1045860.1600000424
28 -23 1045860.1600000424
341 -23 1045860.1600000424
-28 -240 1045860.1600000424
-28 -240 1045860.1600000424
372 74 1045860.1600000424
238 -18 1045860.1600000424
238 -18 1045860.1600000424
-66 -291 1045860.1600000424
-66 -291 1045860.1600000424
154 -150 1045860.1600000424
467 -150 1045860.1600000424
154 -150 1045860.1600000424
467 -150 1045860.1600000424
293 -59 1045860.1600000424
-20 -59 1045860.1600000424
293 -59 1045860.1600000424
-20 -59 1045860.1600000424
163 -85 1045860.1600000424
163 -85 1045860.1600000424
-51 -161 1045860.1600000424
-51 -161 1045860.1600000424
175 -107 1045860.1600000424
175 -107 1045860.1600000424
170 -46 1045860.1600000424
170 -46 1045860.1600000424
177 -149 1045860.1600000424
177 -149 1045860.1600000424
344 21 1045860.1600000424
140 -95 1045860.1600000424
453 -95 1045860.1600000424
140 -95 1045860.1600000424
453 -95 1045860.1600000424
-56 -227 1045860.1600000424
-56 -227 1045860.1600000424
86 -135 1045860.1600000424
399 -135 1045860.1600000424
86 -135 1045860.1600000424
399 -135 1045860.1600000424
-34 -255 1045860.1600000424
-34 -255 1045860.1600000424
28 -110 1045860.1600000424
341 -110 1045860.1600000424
28 -110 1045860.1600000424
341 -110 1045860.1600000424
56 -72 1045860.1600000424
369 -72 1045860.1600000424
56 -72 1045860.1600000424
369 -72 1045860.1600000424
-73 -287 1045860.1600000424
-73 -287 1045860.1600000424
444 68 1045860.1600000424
228 -43 1045860.1600000424
228 -43 1045860.1600000424
62 -133 1045860.1600000424
375 -133 1045860.1600000424
62 -133 1045860.1600000424
375 -133 1045860.1600000424
253 -58 1045860.1600000424
253 -58 1045860.1600000424
105 -139 1045860.1600000424
418 -139 1045860.1600000424
105 -139 1045860.1600000424
418 -139 1045860.1600000424
375 37 1045860.1600000424
241 -105 1045860.1600000424
241 -105 1045860.1600000424
140 -153 1045860.1600000424
453 -153 1045860.1600000424
140 -153 1045860.1600000424
453 -153 1045860.1600000424
136 -141 1045860.1600000424
449 -141 1045860.1600000424
136 -141 1045860.1600000424
449 -141 1045860.1600000424
465 50 1045860.1600000424
349 36 1045860.1600000424
-60 -231 1045860.1600000424
-60 -231 1045860.1600000424
58 -102 1045860.1600000424
371 -102 1045860.1600000424
58 -102 1045860.1600000424
371 -102 1045860.1600000424
29 -124 1045860.1600000424
342 -124 1045860.1600000424
29 -124 1045860.1600000424
342 -124 1045860.1600000424
72 -82 1045860.1600000424
385 -82 1045860.1600000424
72 -82 1045860.1600000424
385 -82 1045860.1600000424
70 -52 1045860.1600000424
383 -52 1045860.1600000424
70 -52 1045860.1600000424
383 -52 1045860.1600000424
77 -148 1045860.1600000424
390 -148 1045860.1600000424
77 -148 1045860.1600000424
390 -148 1045860.1600000424
175 -50 1045860.1600000424
175 -50 1045860.1600000424
335 63 1045860.1600000424
243 -37 1045860.1600000424
243 -37 1045860.1600000424
467 0 1045860.1600000424
144 -23 1045860.1600000424
457 -23 1045860.1600000424
144 -23 1045860.1600000424
457 -23 1045860.1600000424
242 -132 1045860.1600000424
242 -132 1045860.1600000424
328 27 1045860.1600000424
50 -143 1045860.1600000424
363 -143 1045860.1600000424
50 -143 1045860.1600000424
363 -143 1045860.1600000424
-17 -269 1045860.1600000424
-17 -269 1045860.1600000424
103 -16 1045860.1600000424
416 -16 1045860.1600000424
103 -16 1045860.1600000424
416 -16 1045860.1600000424
206 -121 1045860.1600000424
206 -121 1045860.1600000424
359 18 1045860.1600000424
-14 -262 1045860.1600000424
-14 -262 1045860.1600000424
-25 -294 1045860.1600000424
-25 -294 1045860.1600000424
181 -124 1045860.1600000424
181 -124 1045860.1600000424
111 -133 1045860.1600000424
424 -133 1045860.1600000424
111 -133 1045860.1600000424
424 -133 1045860.1600000424
114 -98 1045860.1600000424
427 -98 1045860.1600000424
114 -98 1045860.1600000424
427 -98 1045860.1600000424
76 -85 1045860.1600000424
389 -85 1045860.1600000424
76 -85 1045860.1600000424
389 -85 1045860.1600000424
418 65 1045860.1600000424
-79 -252 1045860.1600000424
-79 -252 1045860.1600000424
165 -10 1045860.1600000424
165 -10 1045860.1600000424
285 -132 1045860.1600000424
-28 -132 1045860.1600000424
285 -132 1045860.1600000424
-28 -132 1045860.1600000424
40 -92 1045860.1600000424
353 -92 1045860.1600000424
40 -92 1045860.1600000424
353 -92 1045860.1600000424
97 -137 1045860.1600000424
410 -137 1045860.1600000424
97 -137 1045860.1600000424
410 -137 1045860.1600000424
209 -34 1045860.1600000424
209 -34 1045860.1600000424
162 -135 1045860.1600000424
162 -135 1045860.1600000424
150 -33 1045860.1600000424
463 -33 1045860.1600000424
150 -33 1045860.1600000424
463 -33 1045860.1600000424
108 -107 1045860.1600000424
421 -107 1045860.1600000424
108 -107 1045860.1600000424
421 -107 1045860.1600000424
196 -55 1045860.1600000424
196 -55 1045860.1600000424
63 -53 1045860.1600000424
376 -53 1045860.1600000424
63 -53 1045860.1600000424
376 -53 1045860.1600000424
385 47 1045860.1600000424
109 -61 1045860.1600000424
422 -61 1045860.1600000424
109 -61 1045860.1600000424
422 -61 1045860.1600000424
225 -61 1045860.1600000424
225 -61 1045860.1600000424
95 -61 1045860.1600000424
408 -61 1045860.1600000424
95 -61 1045860.1600000424
408 -61 1045860.1600000424
153 -21 1045860.1600000424
466 -21 1045860.1600000424
153 -21 1045860.1600000424
466 -21 1045860.1600000424
411 82 1045860.1600000424
93 -64 1045860.1600000424
406 -64 1045860.1600000424
93 -64 1045860.1600000424
406 -64 1045860.1600000424
130 -145 1045860.1600000424
443 -145 1045860.1600000424
130 -145 1045860.1600000424
443 -145 1045860.1600000424
221 -80 1045860.1600000424
221 -80 1045860.1600000424
274 -92 1045860.1600000424
274 -92 1045860.1600000424
46 -22 1045860.1600000424
359 -22 1045860.1600000424
46 -22 1045860.1600000424
359 -22 1045860.1600000424
55 -123 1045860.1600000424
368 -123 1045860.1600000424
55 -123 1045860.1600000424
368 -123 1045860.1600000424
151 -156 1045860.1600000424
464 -156 1045860.1600000424
151 -156 1045860.1600000424
464 -156 1045860.1600000424
-64 -198 1045860.1600000424
-64 -198 1045860.1600000424
-55 -202 1045860.1600000424
-55 -202 1045860.1600000424
320 31 1045860.1600000424
435 52 1045860.1600000424
54 -127 1045860.1600000424
367 -127 1045860.1600000424
54 -127 1045860.1600000424
367 -127 1045860.1600000424
292.03 -95.00999999999999 1045860.1600000424
-20.970000000000027 -95.00999999999999 1045860.1600000424
292.03 -95.00999999999999 1045860.1600000424
-20.970000000000027 -95.00999999999999 1045860.1600000424
308.04999999999995 -29.950000000000045 1045860.1600000424
-4.9500000000000455 -29.950000000000045 1045860.1600000424
308.04999999999995 -29.950000000000045 1045860.1600000424
-4.9500000000000455 -29.950000000000045 1045860.1600000424
356.99 10.970000000000027 1045860.1600000424
168.0 0.020000000000009094 1045860.1600000424
5.620000000000337 -15.920000000000073 1045860.1600000424
5.620000000000337 -15.920000000000073 1045860.1600000424
358.03999999999996 10.920000000000073 1045860.1600000424
-91.97000000000003 -306.03 1045860.1600000424
-91.97000000000003 -306.03 1045860.1600000424
200.02999999999997 -1.9700000000000273 1045860.1600000424
200.02999999999997 -1.9700000000000273 1045860.1600000424
5.8700000000001715 -15.930000000000064 1045860.1600000424
318.8700000000002 -15.930000000000064 1045860.1600000424
5.8700000000001715 -15.930000000000064 1045860.1600000424
318.8700000000002 -15.930000000000064 1045860.1600000424
-8.7800000000002 -302.3799999999997 1045860.1600000424
-8.7800000000002 -302.3799999999997 1045860.1600000424
29.040000000000006 -12.840000000000146 1045860.1600000424
342.04 -12.840000000000146 1045860.1600000424
29.040000000000006 -12.840000000000146 1045860.1600000424
342.04 -12.840000000000146 1045860.1600000424
-99.98000000000002 -311.0799999999999 1045860.1600000424
-99.98000000000002 -311.0799999999999 1045860.1600000424
318.6900000000003 63.129999999999974 1045860.1600000424
17.030000000000005 -13.650000000000318 1045860.1600000424
330.03000000000003 -13.650000000000318 1045860.1600000424
17.030000000000005 -13.650000000000318 1045860.1600000424
330.03000000000003 -13.650000000000318 1045860.1600000424
-7.970000000000027 -174.97000000000003 1045860.1600000424
-7.970000000000027 -174.97000000000003 1045860.1600000424
13.910000000000082 -108.95000000000005 1045860.1600000424
326.9100000000001 -108.95000000000005 1045860.1600000424
13.910000000000082 -108.95000000000005 1045860.1600000424
326.9100000000001 -108.95000000000005 1045860.1600000424
197.98000000000002 30.87999999999998 1045860.1600000424
284.7900000000002 -5.350000000000591 1045860.1600000424
284.7900000000002 -5.350000000000591 1045860.1600000424
-56.00999999999999 -300.2499999999998 1045860.1600000424
-56.00999999999999 -300.2499999999998 1045860.1600000424
154.02999999999997 0.17000000000000912 1045860.1600000424
300.5499999999995 -144.12999999999988 1045860.1600000424
-12.4500000000005 -144.12999999999988 1045860.1600000424
300.5499999999995 -144.12999999999988 1045860.1600000424
-12.4500000000005 -144.12999999999988 1045860.1600000424
185.1099999999999 -0.6300000000003365 1045860.1600000424
185.1099999999999 -0.6300000000003365 1045860.1600000424
312.41000000000054 51.029999999999994 1045860.1600000424
155.62000000000035 24.040000000000006 1045860.1600000424
409.92999999999995 9.77000000000021 1045860.1600000424
212.6700000000003 2.4899999999999896 1045860.1600000424
232.36999999999966 -3.4300000000005184 1045860.1600000424
232.36999999999966 -3.4300000000005184 1045860.1600000424
246.96000000000004 21.819999999999972 1045860.1600000424
169.12999999999988 2.289999999999994 1045860.1600000424
3.270000000000664 -67.44999999999959 1045860.1600000424
316.27000000000066 -67.44999999999959 1045860.1600000424
3.270000000000664 -67.44999999999959 1045860.1600000424
316.27000000000066 -67.44999999999959 1045860.1600000424
380.96999999999997 0.2500000000006821 1045860.1600000424
10.540000000000418 -84.0 1045860.1600000424
323.5400000000004 -84.0 1045860.1600000424
10.540000000000418 -84.0 1045860.1600000424
323.5400000000004 -84.0 1045860.1600000424
5.360000000000582 -15.820000000000164 1045860.1600000424
318.3600000000006 -15.820000000000164 1045860.1600000424
5.360000000000582 -15.820000000000164 1045860.1600000424
318.3600000000006 -15.820000000000164 1045860.1600000424
221.06999999999994 7.569999999999988 1045860.1600000424
280.2299999999998 31.25000000000004 1045860.1600000424
272.4600000000005 26.12000000000002 1045860.1600000424
-8.760000000000218 -301.84 1045860.1600000424
-8.760000000000218 -301.84 1045860.1600000424
209.48999999999955 32.270000000000145 1045860.1600000424
296.02 43.14000000000017 1045860.1600000424
310.3199999999997 -10.66000000000031 1045860.1600000424
-2.680000000000291 -10.66000000000031 1045860.1600000424
310.3199999999997 -10.66000000000031 1045860.1600000424
-2.680000000000291 -10.66000000000031 1045860.1600000424
162.02999999999997 13.97 1045860.1600000424
240.01 26.07000000000001 1045860.1600000424
70.02000000000001 -10.600000000000364 1045860.1600000424
383.02 -10.600000000000364 1045860.1600000424
70.02000000000001 -10.600000000000364 1045860.1600000424
383.02 -10.600000000000364 1045860.1600000424
181.01999999999998 11.239999999999995 1045860.1600000424
182.74000000000024 34.13999999999997 1045860.1600000424
115.41000000000021 0.22999999999909057 1045860.1600000424
-9.980000000000018 -206.0 1045860.1600000424
-9.980000000000018 -206.0 1045860.1600000424
253.57999999999947 40.33999999999993 1045860.1600000424
138.07999999999993 26.899999999999984 1045860.1600000424
163.49999999999955 27.20000000000003 1045860.1600000424
209.87000000000012 40.46999999999991 1045860.1600000424
233.31000000000063 24.050000000000008 1045860.1600000424
298.95000000000005 51.4899999999999 1045860.1600000424
257.3099999999997 12.210000000000017 1045860.1600000424
145.39000000000055 8.97 1045860.1600000424
-8.55000000000041 -302.5099999999997 1045860.1600000424
-8.55000000000041 -302.5099999999997 1045860.1600000424
240.02999999999997 44.069999999999986 1045860.1600000424
308.4399999999996 -123.96000000000004 1045860.1600000424
-4.5600000000004 -123.96000000000004 1045860.1600000424
308.4399999999996 -123.96000000000004 1045860.1600000424
-4.5600000000004 -123.96000000000004 1045860.1600000424
312.7799999999993 -55.70000000000027 1045860.1600000424
-0.2200000000007094 -55.70000000000027 1045860.1600000424
312.7799999999993 -55.70000000000027 1045860.1600000424
-0.2200000000007094 -55.70000000000027 1045860.1600000424
287.97 18.509999999999923 1045860.1600000424
198.98000000000002 2.559999999999988 1045860.1600000424
314.2000000000007 27.140000000000022 1045860.1600000424
96.36999999999968 9.750000000000005 1045860.1600000424
280.8900000000001 49.75000000000005 1045860.1600000424
187.0999999999999 28.55999999999993 1045860.1600000424
3.350000000000591 -32.069999999999936 1045860.1600000424
316.3500000000006 -32.069999999999936 1045860.1600000424
3.350000000000591 -32.069999999999936 1045860.1600000424
316.3500000000006 -32.069999999999936 1045860.1600000424
303.97 10.870000000000003 1045860.1600000424
356 76 1045860.1600000424
373 82 1045860.1600000424
443 113 1045860.1600000424
385 109 1045860.1600000424
457 131 1045860.1600000424
328 69 1045860.1600000424
382 88 1045860.1600000424
405 98 1045860.1600000424
404 100 1045860.1600000424
427 88 1045860.1600000424
392 99 1045860.1600000424
123.05999999999952 34.880000000000024 1045860.1600000424
275.4500000000005 75.66999999999983 1045860.1600000424
44.15999999999997 10.06000000000002 1045860.1600000424
278.41000000000054 58.129999999999974 1045860.1600000424
184.99 44.96999999999981 1045860.1600000424
234.52999999999952 61.40999999999992 1045860.1600000424
129.0 32.84000000000003 1045860.1600000424
99.83999999999992 24.980000000000153 1045860.1600000424
225.99 53.830000000000034 1045860.1600000424
219.98000000000093 55.279999999999944 1045860.1600000424
319.50000000000045 71.10000000000005 1045860.1600000424
285.8499999999992 72.99 1045860.1600000424
-58 -50 1045860.1600000424
-58 -50 1045860.1600000424
-98 -83 1045860.1600000424
-98 -83 1045860.1600000424
-130 -108 1045860.1600000424
-130 -108 1045860.1600000424
-55 -132 1045860.1600000424
-55 -132 1045860.1600000424
-112 -68 1045860.1600000424
-112 -68 1045860.1600000424
-61 -137 1045860.1600000424
-61 -137 1045860.1600000424
-112 -180 1045860.1600000424
-112 -180 1045860.1600000424
-81 -86 1045860.1600000424
-81 -86 1045860.1600000424
-114 -203 1045860.1600000424
-114 -203 1045860.1600000424
-149 -235 1045860.1600000424
-149 -235 1045860.1600000424
-81 -42 1045860.1600000424
-81 -42 1045860.1600000424
-65 -149 1045860.1600000424
-65 -149 1045860.1600000424
-146 -169 1045860.1600000424
-146 -169 1045860.1600000424
-72 -39 1045860.1600000424
-72 -39 1045860.1600000424
-151 -133 1045860.1600000424
-151 -133 1045860.1600000424
-84 -38 1045860.1600000424
-84 -38 1045860.1600000424
-155 -166 1045860.1600000424
-155 -166 1045860.1600000424
-106 -157 1045860.1600000424
-106 -157 1045860.1600000424
-110 -198 1045860.1600000424
-110 -198 1045860.1600000424
-65 -49 1045860.1600000424
-65 -49 1045860.1600000424
-144 -311 1045860.1600000424
-144 -311 1045860.1600000424
-150 -286 1045860.1600000424
-150 -286 1045860.1600000424
-115 -174 1045860.1600000424
-115 -174 1045860.1600000424
-155 -193 1045860.1600000424
-155 -193 1045860.1600000424
-25 -20 1045860.1600000424
-25 -20 1045860.1600000424
-128 -269 1045860.1600000424
-128 -269 1045860.1600000424
-151 -299 1045860.1600000424
-151 -299 1045860.1600000424
-142 -109 1045860.1600000424
-142 -109 1045860.1600000424
-77 -149 1045860.1600000424
-77 -149 1045860.1600000424
-121 -165 1045860.1600000424
-121 -165 1045860.1600000424
-155 -251 1045860.1600000424
-155 -251 1045860.1600000424
-124 -236 1045860.1600000424
-124 -236 1045860.1600000424
-116 -209 1045860.1600000424
-116 -209 1045860.1600000424
-76 -163 1045860.1600000424
-76 -163 1045860.1600000424
-126 -284 1045860.1600000424
-126 -284 1045860.1600000424
-130 -279 1045860.1600000424
-130 -279 1045860.1600000424
-76 -187 1045860.1600000424
-76 -187 1045860.1600000424
-61 -77 1045860.1600000424
-61 -77 1045860.1600000424
-128 -217 1045860.1600000424
-128 -217 1045860.1600000424
-68 -71 1045860.1600000424
-68 -71 1045860.1600000424
-48 -85 1045860.1600000424
-48 -85 1045860.1600000424
-71 -24 1045860.1600000424
-71 -24 1045860.1600000424
-123 -193 1045860.1600000424
-123 -193 1045860.1600000424
-132 -179 1045860.1600000424
-132 -179 1045860.1600000424
-143 -200 1045860.1600000424
-143 -200 1045860.1600000424
-92 -202 1045860.1600000424
-92 -202 1045860.1600000424
-137 -207 1045860.1600000424
-137 -207 1045860.1600000424
-150 -85 1045860.1600000424
-150 -85 1045860.1600000424
-138 -107 1045860.1600000424
-138 -107 1045860.1600000424
-143 -46 1045860.1600000424
-143 -46 1045860.1600000424
-136 -149 1045860.1600000424
-136 -149 1045860.1600000424
-93 -220 1045860.1600000424
-93 -220 1045860.1600000424
-85 -43 1045860.1600000424
-85 -43 1045860.1600000424
-108 -238 1045860.1600000424
-108 -238 1045860.1600000424
-60 -58 1045860.1600000424
-60 -58 1045860.1600000424
-103 -183 1045860.1600000424
-103 -183 1045860.1600000424
-72 -105 1045860.1600000424
-72 -105 1045860.1600000424
-135 -168 1045860.1600000424
-135 -168 1045860.1600000424
-115 -282 1045860.1600000424
-115 -282 1045860.1600000424
-138 -225 1045860.1600000424
-138 -225 1045860.1600000424
-138 -50 1045860.1600000424
-138 -50 1045860.1600000424
-132 -302 1045860.1600000424
-132 -302 1045860.1600000424
-70 -37 1045860.1600000424
-70 -37 1045860.1600000424
-107 -193 1045860.1600000424
-107 -193 1045860.1600000424
-71 -132 1045860.1600000424
-71 -132 1045860.1600000424
-116 -210 1045860.1600000424
-116 -210 1045860.1600000424
-107 -121 1045860.1600000424
-107 -121 1045860.1600000424
-155 -260 1045860.1600000424
-155 -260 1045860.1600000424
-132 -124 1045860.1600000424
-132 -124 1045860.1600000424
-126 -238 1045860.1600000424
-126 -238 1045860.1600000424
-96 -190 1045860.1600000424
-96 -190 1045860.1600000424
-145 -313 1045860.1600000424
-145 -313 1045860.1600000424
-104 -34 1045860.1600000424
-104 -34 1045860.1600000424
-151 -135 1045860.1600000424
-151 -135 1045860.1600000424
-117 -55 1045860.1600000424
-117 -55 1045860.1600000424
-88 -61 1045860.1600000424
-88 -61 1045860.1600000424
-114 -176 1045860.1600000424
-114 -176 1045860.1600000424
-92 -80 1045860.1600000424
-92 -80 1045860.1600000424
-39 -92 1045860.1600000424
-39 -92 1045860.1600000424
-122.94000000000005 -312.2199999999998 1045860.1600000424
-122.94000000000005 -312.2199999999998 1045860.1600000424
-150.06999999999994 -312.16999999999985 1045860.1600000424
-150.06999999999994 -312.16999999999985 1045860.1600000424
-114 -24 1045860.1600000424
-114 -24 1045860.1600000424
-78 -21 1045860.1600000424
-78 -21 1045860.1600000424
-95 -26 1045860.1600000424
-95 -26 1045860.1600000424
-137 -31 1045860.1600000424
-137 -31 1045860.1600000424
-143 -35 1045860.1600000424
-143 -35 1045860.1600000424
-148 -33 1045860.1600000424
-148 -33 1045860.1600000424
-75 -18 1045860.1600000424
-75 -18 1045860.1600000424
