21 444 1041754.980000004
-32 50 1041754.980000004
-32 50 1041754.980000004
-34 130 1041754.980000004
-34 130 1041754.980000004
-44 87 1041754.980000004
-44 87 1041754.980000004
-58 263 1041754.980000004
-58 263 1041754.980000004
-98 230 1041754.980000004
-98 230 1041754.980000004
-130 205 1041754.980000004
-130 205 1041754.980000004
-55 181 1041754.980000004
-55 181 1041754.980000004
43 389 1041754.980000004
-49 127 1041754.980000004
-49 127 1041754.980000004
-112 245 1041754.980000004
-112 245 1041754.980000004
60 395 1041754.980000004
-114 2 1041754.980000004
-114 2 1041754.980000004
-61 176 1041754.980000004
-61 176 1041754.980000004
-114 289 1041754.980000004
-114 289 1041754.980000004
71 338 1041754.980000004
106 466 1041754.980000004
55 466 1041754.980000004
42 365 1041754.980000004
-15 264 1041754.980000004
-15 264 1041754.980000004
-78 292 1041754.980000004
-78 292 1041754.980000004
-112 133 1041754.980000004
-112 133 1041754.980000004
-40 26 1041754.980000004
-40 26 1041754.980000004
5 363 1041754.980000004
-81 227 1041754.980000004
-81 227 1041754.980000004
39 353 1041754.980000004
50 459 1041754.980000004
-103 40 1041754.980000004
-103 40 1041754.980000004
-114 110 1041754.980000004
-114 110 1041754.980000004
130 426 1041754.980000004
-149 78 1041754.980000004
-149 78 1041754.980000004
-37 76 1041754.980000004
-37 76 1041754.980000004
-81 271 1041754.980000004
-81 271 1041754.980000004
66 447 1041754.980000004
133 367 1041754.980000004
-65 164 1041754.980000004
-65 164 1041754.980000004
-89 81 1041754.980000004
-89 81 1041754.980000004
-79 24 1041754.980000004
-79 24 1041754.980000004
15 355 1041754.980000004
147 456 1041754.980000004
-95 287 1041754.980000004
-95 287 1041754.980000004
-46 102 1041754.980000004
-46 102 1041754.980000004
72 422 1041754.980000004
-137 282 1041754.980000004
-137 282 1041754.980000004
-146 144 1041754.980000004
167 457 1041754.980000004
-146 144 1041754.980000004
167 457 1041754.980000004
96 458 1041754.980000004
-14 94 1041754.980000004
-14 94 1041754.980000004
-72 274 1041754.980000004
-72 274 1041754.980000004
-143 278 1041754.980000004
-143 278 1041754.980000004
-151 180 1041754.980000004
-151 180 1041754.980000004
23 457 1041754.980000004
144 444 1041754.980000004
131 368 1041754.980000004
-84 275 1041754.980000004
-84 275 1041754.980000004
98 455 1041754.980000004
-100 306 1041754.980000004
-100 -7 1041754.980000004
-100 306 1041754.980000004
-100 -7 1041754.980000004
-155 147 1041754.980000004
158 460 1041754.980000004
-155 147 1041754.980000004
158 460 1041754.980000004
15 382 1041754.980000004
52 379 1041754.980000004
-106 156 1041754.980000004
-106 156 1041754.980000004
-31 198 1041754.980000004
-31 198 1041754.980000004
-110 115 1041754.980000004
-110 115 1041754.980000004
-65 264 1041754.980000004
-65 264 1041754.980000004
69 401 1041754.980000004
-144 2 1041754.980000004
-144 2 1041754.980000004
48 353 1041754.980000004
66 349 1041754.980000004
16 443 1041754.980000004
-150 27 1041754.980000004
-150 27 1041754.980000004
150 397 1041754.980000004
-115 139 1041754.980000004
-115 139 1041754.980000004
-155 120 1041754.980000004
158 433 1041754.980000004
-155 120 1041754.980000004
158 433 1041754.980000004
100 337 1041754.980000004
-104 33 1041754.980000004
-104 33 1041754.980000004
-25 293 1041754.980000004
-25 293 1041754.980000004
-128 44 1041754.980000004
-128 44 1041754.980000004
129 346 1041754.980000004
-151 14 1041754.980000004
-151 14 1041754.980000004
-142 204 1041754.980000004
-142 204 1041754.980000004
-77 164 1041754.980000004
-77 164 1041754.980000004
-121 148 1041754.980000004
-121 148 1041754.980000004
-155 62 1041754.980000004
-155 62 1041754.980000004
53 437 1041754.980000004
-25 193 1041754.980000004
-25 193 1041754.980000004
-124 77 1041754.980000004
-124 77 1041754.980000004
-87 54 1041754.980000004
-87 54 1041754.980000004
42 445 1041754.980000004
92 411 1041754.980000004
-33 31 1041754.980000004
-33 31 1041754.980000004
-116 104 1041754.980000004
-116 104 1041754.980000004
-76 150 1041754.980000004
-76 150 1041754.980000004
-126 29 1041754.980000004
-126 29 1041754.980000004
-130 34 1041754.980000004
-130 34 1041754.980000004
-56 158 1041754.980000004
-56 158 1041754.980000004
-148 280 1041754.980000004
-148 280 1041754.980000004
133 363 1041754.980000004
-154 284 1041754.980000004
-154 -29 1041754.980000004
-154 284 1041754.980000004
-154 -29 1041754.980000004
-76 126 1041754.980000004
-76 126 1041754.980000004
-60 40 1041754.980000004
-60 40 1041754.980000004
118 451 1041754.980000004
-61 236 1041754.980000004
-61 236 1041754.980000004
119 389 1041754.980000004
-128 96 1041754.980000004
-128 96 1041754.980000004
-45 174 1041754.980000004
-45 174 1041754.980000004
-92 55 1041754.980000004
-92 55 1041754.980000004
90 371 1041754.980000004
-68 242 1041754.980000004
-68 242 1041754.980000004
-31 169 1041754.980000004
-31 169 1041754.980000004
-48 228 1041754.980000004
-48 228 1041754.980000004
-29 109 1041754.980000004
-29 109 1041754.980000004
-71 289 1041754.980000004
-71 289 1041754.980000004
-47 133 1041754.980000004
-47 133 1041754.980000004
124 348 1041754.980000004
-123 120 1041754.980000004
-123 120 1041754.980000004
-73 44 1041754.980000004
-73 44 1041754.980000004
99 451 1041754.980000004
-132 134 1041754.980000004
-132 134 1041754.980000004
-28 73 1041754.980000004
-28 73 1041754.980000004
59 387 1041754.980000004
-75 295 1041754.980000004
-75 295 1041754.980000004
-143 113 1041754.980000004
-143 113 1041754.980000004
-66 22 1041754.980000004
-66 22 1041754.980000004
-20 254 1041754.980000004
-20 254 1041754.980000004
-92 111 1041754.980000004
-92 111 1041754.980000004
-137 106 1041754.980000004
-137 106 1041754.980000004
-150 228 1041754.980000004
-150 228 1041754.980000004
-51 152 1041754.980000004
-51 152 1041754.980000004
-138 206 1041754.980000004
-138 206 1041754.980000004
-143 267 1041754.980000004
-143 267 1041754.980000004
-136 164 1041754.980000004
-136 164 1041754.980000004
31 334 1041754.980000004
-56 86 1041754.980000004
-56 86 1041754.980000004
-34 58 1041754.980000004
-34 58 1041754.980000004
-93 93 1041754.980000004
-93 93 1041754.980000004
-73 26 1041754.980000004
-73 26 1041754.980000004
131 381 1041754.980000004
-85 270 1041754.980000004
-85 270 1041754.980000004
-108 75 1041754.980000004
-108 75 1041754.980000004
-60 255 1041754.980000004
-60 255 1041754.980000004
-103 130 1041754.980000004
-103 130 1041754.980000004
62 350 1041754.980000004
-72 208 1041754.980000004
-72 208 1041754.980000004
-135 145 1041754.980000004
-135 145 1041754.980000004
146 455 1041754.980000004
36 349 1041754.980000004
-60 82 1041754.980000004
-60 82 1041754.980000004
-115 31 1041754.980000004
-115 31 1041754.980000004
24 419 1041754.980000004
-138 88 1041754.980000004
-138 88 1041754.980000004
-138 263 1041754.980000004
-138 263 1041754.980000004
22 376 1041754.980000004
-132 11 1041754.980000004
-132 11 1041754.980000004
-70 276 1041754.980000004
-70 276 1041754.980000004
42 466 1041754.980000004
109 462 1041754.980000004
-107 120 1041754.980000004
-107 120 1041754.980000004
-71 181 1041754.980000004
-71 181 1041754.980000004
15 340 1041754.980000004
-17 44 1041754.980000004
-17 44 1041754.980000004
-116 103 1041754.980000004
-116 103 1041754.980000004
-107 192 1041754.980000004
-107 192 1041754.980000004
46 331 1041754.980000004
-14 51 1041754.980000004
-14 51 1041754.980000004
-155 53 1041754.980000004
-155 53 1041754.980000004
-25 19 1041754.980000004
-25 19 1041754.980000004
-132 189 1041754.980000004
-132 189 1041754.980000004
-126 75 1041754.980000004
-126 75 1041754.980000004
-96 123 1041754.980000004
-96 123 1041754.980000004
105 378 1041754.980000004
-79 61 1041754.980000004
-79 61 1041754.980000004
34 424 1041754.980000004
-148 303 1041754.980000004
-148 -10 1041754.980000004
-148 303 1041754.980000004
-148 -10 1041754.980000004
-28 181 1041754.980000004
-28 181 1041754.980000004
-145 0 1041754.980000004
-145 0 1041754.980000004
49 429 1041754.980000004
-104 279 1041754.980000004
-104 279 1041754.980000004
-151 178 1041754.980000004
-151 178 1041754.980000004
0 364 1041754.980000004
-117 258 1041754.980000004
-117 258 1041754.980000004
91 413 1041754.980000004
72 360 1041754.980000004
-88 252 1041754.980000004
-88 252 1041754.980000004
95 451 1041754.980000004
98 395 1041754.980000004
70 447 1041754.980000004
-114 137 1041754.980000004
-114 137 1041754.980000004
-92 233 1041754.980000004
-92 233 1041754.980000004
126 460 1041754.980000004
-39 221 1041754.980000004
-39 221 1041754.980000004
114 401 1041754.980000004
-64 115 1041754.980000004
-64 115 1041754.980000004
-55 111 1041754.980000004
-55 111 1041754.980000004
7 344 1041754.980000004
79 412 1041754.980000004
122 365 1041754.980000004
-8.970000000000027 10.930000000000037 1041754.980000004
-8.970000000000027 10.930000000000037 1041754.980000004
-8.930000000000064 10.890000000000082 1041754.980000004
-8.930000000000064 10.890000000000082 1041754.980000004
-8.8900000000001 10.85000000000011 1041754.980000004
-8.8900000000001 10.85000000000011 1041754.980000004
-8.870000000000118 10.830000000000146 1041754.980000004
-8.870000000000118 10.830000000000146 1041754.980000004
-8.830000000000155 10.790000000000164 1041754.980000004
-8.830000000000155 10.790000000000164 1041754.980000004
-20.970000000000027 217.99 1041754.980000004
-20.970000000000027 217.99 1041754.980000004
-4.9500000000000455 283.04999999999995 1041754.980000004
-4.9500000000000455 283.04999999999995 1041754.980000004
-8.77000000000021 10.730000000000201 1041754.980000004
-8.77000000000021 10.730000000000201 1041754.980000004
-8.760000000000218 10.700000000000198 1041754.980000004
-8.760000000000218 10.700000000000198 1041754.980000004
-8.720000000000255 10.660000000000226 1041754.980000004
-8.720000000000255 10.660000000000226 1041754.980000004
-8.700000000000273 10.640000000000262 1041754.980000004
-8.700000000000273 10.640000000000262 1041754.980000004
-8.640000000000327 10.58000000000029 1041754.980000004
-8.640000000000327 10.58000000000029 1041754.980000004
-91.97000000000003 6.970000000000027 1041754.980000004
-91.97000000000003 6.970000000000027 1041754.980000004
21.99000000000001 468.99 1041754.980000004
-8.570000000000391 10.510000000000279 1041754.980000004
-8.570000000000391 10.510000000000279 1041754.980000004
-8.55000000000041 10.490000000000284 1041754.980000004
-8.55000000000041 10.490000000000284 1041754.980000004
-99.97000000000003 1.9100000000000819 1041754.980000004
-99.97000000000003 1.9100000000000819 1041754.980000004
-8.470000000000482 10.410000000000313 1041754.980000004
-8.470000000000482 10.410000000000313 1041754.980000004
0.0500000000000091 51.129999999999974 1041754.980000004
-9.970000000000027 107.01 1041754.980000004
-9.970000000000027 107.01 1041754.980000004
53.95000000000001 185.8900000000001 1041754.980000004
-112.95000000000005 311.04999999999995 1041754.980000004
-112.95000000000005 -1.9500000000000455 1041754.980000004
-112.95000000000005 311.04999999999995 1041754.980000004
-112.95000000000005 -1.9500000000000455 1041754.980000004
50.029999999999994 169.97000000000003 1041754.980000004
93.14000000000007 248.96000000000004 1041754.980000004
4.059999999999999 246.23999999999978 1041754.980000004
2.7300000000002456 411.8499999999999 1041754.980000004
-122.92000000000007 0.7200000000002547 1041754.980000004
-122.92000000000007 0.7200000000002547 1041754.980000004
43.980000000000004 323.94000000000005 1041754.980000004
-8.720000000000255 11.180000000000014 1041754.980000004
-8.720000000000255 11.180000000000014 1041754.980000004
-8.430000000000518 10.370000000000328 1041754.980000004
-8.430000000000518 10.370000000000328 1041754.980000004
24.659999999999947 210.35999999999967 1041754.980000004
88.67999999999984 245.48000000000047 1041754.980000004
64.28000000000014 260.15999999999985 1041754.980000004
6.169999999999996 297.06999999999994 1041754.980000004
-7.960000000000036 138.03999999999996 1041754.980000004
-7.960000000000036 138.03999999999996 1041754.980000004
96.88999999999994 322.71000000000026 1041754.980000004
5.660000000000309 376.12 1041754.980000004
-8.410000000000537 10.350000000000355 1041754.980000004
-8.410000000000537 10.350000000000355 1041754.980000004
37.35000000000013 178.4500000000005 1041754.980000004
2.790000000000191 444.8700000000001 1041754.980000004
4.299999999999994 280.6400000000003 1041754.980000004
6.089999999999998 62.85000000000003 1041754.980000004
-8.400000000000546 10.340000000000373 1041754.980000004
-8.400000000000546 10.340000000000373 1041754.980000004
76.5900000000003 227.95000000000005 1041754.980000004
58.079999999999984 210.36000000000058 1041754.980000004
-2.6600000000003092 302.3199999999997 1041754.980000004
-2.6600000000003092 302.3199999999997 1041754.980000004
18.849999999999977 279.61000000000035 1041754.980000004
43.03999999999999 190.59999999999945 1041754.980000004
-150.07999999999993 0.8200000000001637 1041754.980000004
-150.07999999999993 0.8200000000001637 1041754.980000004
23.210000000000033 144.02999999999997 1041754.980000004
-8.800000000000182 10.600000000000307 1041754.980000004
-8.800000000000182 10.600000000000307 1041754.980000004
41.65000000000007 152.6700000000003 1041754.980000004
15.730000000000006 129.73000000000025 1041754.980000004
6.760000000000005 71.42000000000021 1041754.980000004
28.340000000000053 202.94000000000005 1041754.980000004
71.64999999999982 231.26999999999975 1041754.980000004
62.34000000000013 260.37999999999965 1041754.980000004
67.96999999999998 313.17000000000075 1041754.980000004
5.2099999999999955 50.029999999999994 1041754.980000004
55.44999999999991 190.38999999999965 1041754.980000004
32.179999999999964 213.92000000000007 1041754.980000004
95.57000000000029 252.9899999999991 1041754.980000004
47.61000000000008 171.04999999999995 1041754.980000004
3.3899999999999917 115.84999999999992 1041754.980000004
53.56999999999989 168.95000000000005 1041754.980000004
-12.380000000000564 168.84000000000015 1041754.980000004
-12.380000000000564 168.84000000000015 1041754.980000004
29.38000000000006 300.5599999999995 1041754.980000004
3.179999999999996 132.19999999999982 1041754.980000004
38.179999999999964 275.74000000000024 1041754.980000004
16.889999999999983 299.4099999999996 1041754.980000004
55.580000000000084 241.0 1041754.980000004
-127.88000000000011 312.4599999999996 1041754.980000004
-127.88000000000011 -0.5400000000004184 1041754.980000004
-127.88000000000011 312.4599999999996 1041754.980000004
-127.88000000000011 -0.5400000000004184 1041754.980000004
25.150000000000023 277.29000000000065 1041754.980000004
-80.57000000000039 309.6499999999994 1041754.980000004
-80.57000000000039 -3.350000000000591 1041754.980000004
-80.57000000000039 309.6499999999994 1041754.980000004
-80.57000000000039 -3.350000000000591 1041754.980000004
41.05999999999979 221.05999999999995 1041754.980000004
34.179999999999964 110.65999999999983 1041754.980000004
-56.0 12.700000000000273 1041754.980000004
-56.0 12.700000000000273 1041754.980000004
55.38999999999992 153.1099999999999 1041754.980000004
40.79000000000004 158.26999999999975 1041754.980000004
1.0800000000008367 340.1 1041754.980000004
15.119999999999997 69.68000000000035 1041754.980000004
11.209999999999996 228.3500000000006 1041754.980000004
50.24999999999995 145.73000000000025 1041754.980000004
6.880000000000003 30.87999999999998 1041754.980000004
13.279999999999973 243.63999999999942 1041754.980000004
85.74999999999987 250.93000000000006 1041754.980000004
62.66999999999987 180.01 1041754.980000004
22.780000000000122 62.74000000000005 1041754.980000004
-28.2199999999998 307.7599999999993 1041754.980000004
-28.2199999999998 -5.240000000000691 1041754.980000004
-28.2199999999998 307.7599999999993 1041754.980000004
-28.2199999999998 -5.240000000000691 1041754.980000004
21.540000000000084 130.72000000000025 1041754.980000004
15.589999999999987 42.20999999999996 1041754.980000004
2.460000000000491 429.04 1041754.980000004
28.93999999999999 188.8800000000001 1041754.980000004
88.8099999999999 256.3099999999988 1041754.980000004
12.920000000000002 187.1200000000008 1041754.980000004
41.70000000000006 132.05999999999995 1041754.980000004
-0.060000000000854925 257.39999999999964 1041754.980000004
-0.060000000000854925 257.39999999999964 1041754.980000004
70.71000000000036 261.6299999999994 1041754.980000004
27.919999999999987 289.9200000000001 1041754.980000004
23.519999999999925 105.49999999999974 1041754.980000004
47.34000000000013 260.38000000000056 1041754.980000004
64.01 220.02999999999997 1041754.980000004
33.4800000000001 226.81999999999925 1041754.980000004
45.08999999999998 323.8700000000001 1041754.980000004
19.959999999999994 198.86000000000013 1041754.980000004
46.80999999999984 290.93000000000006 1041754.980000004
5.820000000000004 243.74000000000024 1041754.980000004
70.5800000000003 300.8000000000011 1041754.980000004
12.970000000000022 204.60999999999945 1041754.980000004
103.11000000000006 296.3500000000006 1041754.980000004
3.649999999999986 98.56999999999978 1041754.980000004
6.4200000000005275 384.1400000000001 1041754.980000004
21.149999999999867 156.9899999999991 1041754.980000004
-4.430000000000518 188.99 1041754.980000004
-4.430000000000518 188.99 1041754.980000004
334 131 1041754.980000004
334 444 1041754.980000004
347 226 1041754.980000004
347 226 1041754.980000004
281 363 1041754.980000004
281 363 1041754.980000004
454 240 1041754.980000004
454 240 1041754.980000004
279 443 1041754.980000004
279 443 1041754.980000004
269 400 1041754.980000004
269 400 1041754.980000004
420 159 1041754.980000004
420 159 1041754.980000004
356 389 1041754.980000004
264 440 1041754.980000004
264 440 1041754.980000004
402 218 1041754.980000004
402 218 1041754.980000004
447 276 1041754.980000004
447 276 1041754.980000004
448 279 1041754.980000004
448 279 1041754.980000004
373 395 1041754.980000004
199 315 1041754.980000004
199 315 1041754.980000004
464 254 1041754.980000004
464 254 1041754.980000004
377 220 1041754.980000004
377 220 1041754.980000004
384 338 1041754.980000004
419 153 1041754.980000004
419 466 1041754.980000004
368 153 1041754.980000004
368 466 1041754.980000004
355 365 1041754.980000004
442 183 1041754.980000004
442 183 1041754.980000004
402 255 1041754.980000004
402 255 1041754.980000004
423 212 1041754.980000004
423 212 1041754.980000004
325 243 1041754.980000004
325 243 1041754.980000004
201 446 1041754.980000004
201 446 1041754.980000004
273 339 1041754.980000004
273 339 1041754.980000004
318 363 1041754.980000004
352 353 1041754.980000004
363 146 1041754.980000004
363 459 1041754.980000004
210 353 1041754.980000004
210 353 1041754.980000004
351 276 1041754.980000004
351 276 1041754.980000004
199 423 1041754.980000004
199 423 1041754.980000004
377 260 1041754.980000004
377 260 1041754.980000004
443 426 1041754.980000004
164 391 1041754.980000004
164 391 1041754.980000004
276 389 1041754.980000004
276 389 1041754.980000004
449 283 1041754.980000004
449 283 1041754.980000004
326 188 1041754.980000004
326 188 1041754.980000004
356 190 1041754.980000004
356 190 1041754.980000004
379 134 1041754.980000004
379 447 1041754.980000004
446 367 1041754.980000004
224 394 1041754.980000004
224 394 1041754.980000004
436 175 1041754.980000004
436 175 1041754.980000004
146 322 1041754.980000004
459 322 1041754.980000004
234 337 1041754.980000004
234 337 1041754.980000004
328 355 1041754.980000004
460 143 1041754.980000004
460 456 1041754.980000004
267 415 1041754.980000004
267 415 1041754.980000004
385 422 1041754.980000004
345 214 1041754.980000004
345 214 1041754.980000004
409 145 1041754.980000004
409 458 1041754.980000004
438 228 1041754.980000004
438 228 1041754.980000004
299 407 1041754.980000004
299 407 1041754.980000004
361 261 1041754.980000004
361 261 1041754.980000004
336 144 1041754.980000004
336 457 1041754.980000004
457 444 1041754.980000004
455 254 1041754.980000004
455 254 1041754.980000004
444 368 1041754.980000004
156 337 1041754.980000004
469 337 1041754.980000004
430 182 1041754.980000004
430 182 1041754.980000004
366 169 1041754.980000004
366 169 1041754.980000004
408 243 1041754.980000004
408 243 1041754.980000004
411 142 1041754.980000004
411 455 1041754.980000004
328 382 1041754.980000004
365 379 1041754.980000004
207 469 1041754.980000004
207 469 1041754.980000004
138 340 1041754.980000004
451 340 1041754.980000004
354 158 1041754.980000004
354 158 1041754.980000004
203 428 1041754.980000004
203 428 1041754.980000004
338 210 1041754.980000004
338 210 1041754.980000004
382 401 1041754.980000004
169 315 1041754.980000004
169 315 1041754.980000004
361 353 1041754.980000004
379 349 1041754.980000004
329 130 1041754.980000004
329 443 1041754.980000004
163 340 1041754.980000004
163 340 1041754.980000004
463 397 1041754.980000004
198 452 1041754.980000004
198 452 1041754.980000004
413 337 1041754.980000004
209 346 1041754.980000004
209 346 1041754.980000004
185 357 1041754.980000004
185 357 1041754.980000004
442 346 1041754.980000004
399 251 1041754.980000004
399 251 1041754.980000004
162 327 1041754.980000004
162 327 1041754.980000004
192 461 1041754.980000004
192 461 1041754.980000004
158 375 1041754.980000004
158 375 1041754.980000004
366 124 1041754.980000004
366 437 1041754.980000004
338 278 1041754.980000004
338 278 1041754.980000004
189 390 1041754.980000004
189 390 1041754.980000004
226 367 1041754.980000004
226 367 1041754.980000004
355 132 1041754.980000004
355 445 1041754.980000004
405 411 1041754.980000004
418 181 1041754.980000004
418 181 1041754.980000004
280 344 1041754.980000004
280 344 1041754.980000004
197 417 1041754.980000004
197 417 1041754.980000004
333 199 1041754.980000004
333 199 1041754.980000004
237 463 1041754.980000004
237 463 1041754.980000004
400 197 1041754.980000004
400 197 1041754.980000004
187 342 1041754.980000004
187 342 1041754.980000004
183 347 1041754.980000004
183 347 1041754.980000004
351 179 1041754.980000004
351 179 1041754.980000004
446 363 1041754.980000004
237 439 1041754.980000004
237 439 1041754.980000004
253 353 1041754.980000004
253 353 1041754.980000004
431 138 1041754.980000004
431 451 1041754.980000004
361 171 1041754.980000004
361 171 1041754.980000004
432 258 1041754.980000004
432 258 1041754.980000004
402 246 1041754.980000004
402 246 1041754.980000004
319 244 1041754.980000004
319 244 1041754.980000004
432 389 1041754.980000004
332 280 1041754.980000004
332 280 1041754.980000004
185 409 1041754.980000004
185 409 1041754.980000004
426 175 1041754.980000004
426 175 1041754.980000004
221 368 1041754.980000004
221 368 1041754.980000004
403 371 1041754.980000004
284 422 1041754.980000004
284 422 1041754.980000004
266 446 1041754.980000004
266 446 1041754.980000004
437 348 1041754.980000004
190 433 1041754.980000004
190 433 1041754.980000004
240 357 1041754.980000004
240 357 1041754.980000004
341 290 1041754.980000004
341 290 1041754.980000004
412 138 1041754.980000004
412 451 1041754.980000004
181 447 1041754.980000004
181 447 1041754.980000004
285 386 1041754.980000004
285 386 1041754.980000004
372 387 1041754.980000004
170 426 1041754.980000004
170 426 1041754.980000004
247 335 1041754.980000004
247 335 1041754.980000004
467 163 1041754.980000004
467 163 1041754.980000004
221 424 1041754.980000004
221 424 1041754.980000004
176 419 1041754.980000004
176 419 1041754.980000004
262 465 1041754.980000004
262 465 1041754.980000004
344 334 1041754.980000004
453 218 1041754.980000004
453 218 1041754.980000004
257 399 1041754.980000004
257 399 1041754.980000004
399 178 1041754.980000004
399 178 1041754.980000004
279 371 1041754.980000004
279 371 1041754.980000004
341 203 1041754.980000004
341 203 1041754.980000004
369 241 1041754.980000004
369 241 1041754.980000004
220 406 1041754.980000004
220 406 1041754.980000004
240 339 1041754.980000004
240 339 1041754.980000004
444 381 1041754.980000004
205 388 1041754.980000004
205 388 1041754.980000004
375 180 1041754.980000004
375 180 1041754.980000004
418 174 1041754.980000004
418 174 1041754.980000004
210 443 1041754.980000004
210 443 1041754.980000004
375 350 1041754.980000004
178 458 1041754.980000004
178 458 1041754.980000004
453 160 1041754.980000004
453 160 1041754.980000004
459 142 1041754.980000004
459 455 1041754.980000004
449 172 1041754.980000004
449 172 1041754.980000004
152 363 1041754.980000004
465 363 1041754.980000004
349 349 1041754.980000004
253 395 1041754.980000004
253 395 1041754.980000004
371 211 1041754.980000004
371 211 1041754.980000004
198 344 1041754.980000004
198 344 1041754.980000004
342 189 1041754.980000004
342 189 1041754.980000004
385 231 1041754.980000004
385 231 1041754.980000004
337 106 1041754.980000004
337 419 1041754.980000004
175 401 1041754.980000004
175 401 1041754.980000004
383 261 1041754.980000004
383 261 1041754.980000004
390 165 1041754.980000004
390 165 1041754.980000004
335 376 1041754.980000004
181 324 1041754.980000004
181 324 1041754.980000004
355 153 1041754.980000004
355 466 1041754.980000004
467 313 1041754.980000004
422 149 1041754.980000004
422 462 1041754.980000004
457 290 1041754.980000004
457 290 1041754.980000004
206 433 1041754.980000004
206 433 1041754.980000004
328 340 1041754.980000004
363 170 1041754.980000004
363 170 1041754.980000004
296 357 1041754.980000004
296 357 1041754.980000004
197 416 1041754.980000004
197 416 1041754.980000004
416 297 1041754.980000004
416 297 1041754.980000004
359 331 1041754.980000004
299 364 1041754.980000004
299 364 1041754.980000004
158 366 1041754.980000004
158 366 1041754.980000004
288 332 1041754.980000004
288 332 1041754.980000004
187 388 1041754.980000004
187 388 1041754.980000004
424 180 1041754.980000004
424 180 1041754.980000004
427 215 1041754.980000004
427 215 1041754.980000004
217 436 1041754.980000004
217 436 1041754.980000004
389 228 1041754.980000004
389 228 1041754.980000004
418 378 1041754.980000004
234 374 1041754.980000004
234 374 1041754.980000004
347 111 1041754.980000004
347 424 1041754.980000004
353 221 1041754.980000004
353 221 1041754.980000004
362 116 1041754.980000004
362 429 1041754.980000004
410 176 1041754.980000004
410 176 1041754.980000004
463 280 1041754.980000004
463 280 1041754.980000004
313 364 1041754.980000004
421 206 1041754.980000004
421 206 1041754.980000004
404 413 1041754.980000004
376 260 1041754.980000004
376 260 1041754.980000004
385 360 1041754.980000004
422 252 1041754.980000004
422 252 1041754.980000004
408 252 1041754.980000004
408 252 1041754.980000004
408 138 1041754.980000004
408 451 1041754.980000004
466 292 1041754.980000004
466 292 1041754.980000004
411 395 1041754.980000004
406 249 1041754.980000004
406 249 1041754.980000004
443 168 1041754.980000004
443 168 1041754.980000004
383 134 1041754.980000004
383 447 1041754.980000004
199 450 1041754.980000004
199 450 1041754.980000004
439 147 1041754.980000004
439 460 1041754.980000004
359 291 1041754.980000004
359 291 1041754.980000004
368 190 1041754.980000004
368 190 1041754.980000004
464 157 1041754.980000004
464 157 1041754.980000004
427 401 1041754.980000004
249 428 1041754.980000004
249 428 1041754.980000004
258 424 1041754.980000004
258 424 1041754.980000004
320 344 1041754.980000004
392 412 1041754.980000004
435 365 1041754.980000004
367 186 1041754.980000004
367 186 1041754.980000004
221.02999999999997 319.97 1041754.980000004
221.02999999999997 319.97 1041754.980000004
318.8700000000002 297.06999999999994 1041754.980000004
318.8700000000002 297.06999999999994 1041754.980000004
334.99 155.99 1041754.980000004
334.99 468.99 1041754.980000004
213.02999999999997 314.9100000000001 1041754.980000004
213.02999999999997 314.9100000000001 1041754.980000004
326.9000000000001 204.03999999999996 1041754.980000004
326.9000000000001 204.03999999999996 1041754.980000004
303.03 420.01 1041754.980000004
303.03 420.01 1041754.980000004
202.96000000000004 115.0 1041754.980000004
234.85000000000014 291.8700000000001 1041754.980000004
199.07999999999993 136.98000000000002 1041754.980000004
315.73000000000025 98.84999999999992 1041754.980000004
315.73000000000025 411.8499999999999 1041754.980000004
190.07999999999993 313.72000000000025 1041754.980000004
190.07999999999993 313.72000000000025 1041754.980000004
356.98 323.94000000000005 1041754.980000004
199.87000000000012 310.5700000000004 1041754.980000004
304.27999999999975 324.18 1041754.980000004
304.27999999999975 324.18 1041754.980000004
129.64000000000033 167.54000000000042 1041754.980000004
316.2100000000007 245.53000000000043 1041754.980000004
316.2100000000007 245.53000000000043 1041754.980000004
15.239999999999995 26.519999999999925 1041754.980000004
147.23999999999978 143.0 1041754.980000004
119.08000000000004 76.0 1041754.980000004
247.76000000000022 263.94000000000005 1041754.980000004
305.03999999999996 451.03999999999996 1041754.980000004
305.03999999999996 451.03999999999996 1041754.980000004
409.88999999999993 322.71000000000026 1041754.980000004
151.01999999999998 156.80000000000018 1041754.980000004
318.6600000000003 376.12 1041754.980000004
158.96000000000004 283.98 1041754.980000004
323.4800000000005 229.03999999999996 1041754.980000004
323.4800000000005 229.03999999999996 1041754.980000004
311.3400000000006 257.03999999999996 1041754.980000004
78.90999999999995 99.01 1041754.980000004
315.7900000000002 131.87000000000012 1041754.980000004
315.7900000000002 444.8700000000001 1041754.980000004
130.76000000000022 55.15999999999997 1041754.980000004
109.10000000000005 148.84000000000015 1041754.980000004
221.50999999999954 110.70999999999985 1041754.980000004
288.5599999999995 193.35999999999967 1041754.980000004
35.94000000000001 35.420000000000115 1041754.980000004
98.01 142.01 1041754.980000004
304.59999999999945 323.3400000000004 1041754.980000004
304.59999999999945 323.3400000000004 1041754.980000004
218.18999999999983 287.04999999999995 1041754.980000004
163.98000000000002 77.85999999999993 1041754.980000004
213.5800000000013 228.6800000000012 1041754.980000004
61.5000000000001 37.0 1041754.980000004
158.8799999999992 52.680000000000064 1041754.980000004
228.8800000000001 275.2999999999997 1041754.980000004
91.96999999999998 97.48999999999974 1041754.980000004
104.97999999999999 181.29999999999973 1041754.980000004
244.17999999999893 276.8599999999992 1041754.980000004
257.0899999999999 158.04999999999995 1041754.980000004
41.65000000000007 52.269999999999946 1041754.980000004
169.3500000000006 266.7500000000002 1041754.980000004
162.92000000000007 313.82000000000016 1041754.980000004
162.92000000000007 313.82000000000016 1041754.980000004
177.95000000000005 145.02999999999997 1041754.980000004
70.9900000000005 133.95000000000005 1041754.980000004
304.1999999999998 323.6000000000003 1041754.980000004
304.1999999999998 323.6000000000003 1041754.980000004
169.98000000000002 113.14000000000007 1041754.980000004
175.49000000000046 105.62999999999981 1041754.980000004
189.8900000000001 120.01 1041754.980000004
248.2400000000007 114.45999999999972 1041754.980000004
330.04 299.37999999999965 1041754.980000004
330.04 299.37999999999965 1041754.980000004
141.81000000000017 254.02999999999997 1041754.980000004
285.16999999999985 180.91000000000008 1041754.980000004
380.96999999999997 313.17000000000075 1041754.980000004
247.86000000000013 164.01999999999998 1041754.980000004
177.01999999999907 282.1199999999999 1041754.980000004
110.96999999999998 180.18999999999983 1041754.980000004
300.1999999999998 168.36000000000058 1041754.980000004
297.52000000000044 265.2999999999988 1041754.980000004
59.5099999999999 73.82999999999991 1041754.980000004
94.34999999999967 137.15000000000077 1041754.980000004
224.14999999999986 80.78999999999989 1041754.980000004
262.1999999999998 151.28000000000065 1041754.980000004
224.81000000000017 252.01 1041754.980000004
162.1199999999999 177.4400000000005 1041754.980000004
342.01 300.2099999999998 1041754.980000004
342.01 300.2099999999998 1041754.980000004
52.28999999999994 65.4099999999997 1041754.980000004
181.52999999999952 188.27000000000066 1041754.980000004
168.14999999999986 312.7500000000002 1041754.980000004
95.4099999999997 145.60999999999945 1041754.980000004
220.34999999999968 93.35000000000018 1041754.980000004
174.87000000000012 88.09000000000005 1041754.980000004
30.28999999999989 20.3699999999999 1041754.980000004
158.34999999999968 62.169999999999966 1041754.980000004
236.82000000000016 149.38000000000056 1041754.980000004
197.35999999999967 102.11999999999955 1041754.980000004
217.25999999999976 123.12000000000006 1041754.980000004
143.5500000000004 290.4299999999996 1041754.980000004
251.93000000000006 175.91000000000008 1041754.980000004
170.03999999999996 278.02 1041754.980000004
109.36999999999968 212.40999999999963 1041754.980000004
169.60000000000127 203.86000000000013 1041754.980000004
107.99 205.19000000000074 1041754.980000004
117.08000000000004 182.63999999999942 1041754.980000004
184.76000000000022 311.3200000000006 1041754.980000004
123.07000000000004 174.93000000000006 1041754.980000004
237.0 126.24000000000012 1041754.980000004
105.01 64.84999999999992 1041754.980000004
131.3399999999997 68.42000000000021 1041754.980000004
267.1899999999998 101.86999999999993 1041754.980000004
257.0 325.7000000000003 1041754.980000004
257.0 325.7000000000003 1041754.980000004
133.4399999999996 54.379999999999924 1041754.980000004
149.96000000000004 279.60000000000036 1041754.980000004
97.62999999999981 81.84999999999992 1041754.980000004
240.80000000000018 273.98 1041754.980000004
153.06999999999994 292.38999999999965 1041754.980000004
108.87999999999994 252.2199999999998 1041754.980000004
252.02999999999997 235.73000000000025 1041754.980000004
382.98 302.49999999999955 1041754.980000004
382.98 302.49999999999955 1041754.980000004
274.2200000000007 312.5800000000013 1041754.980000004
106.99 159.12999999999988 1041754.980000004
53.14999999999997 123.96999999999998 1041754.980000004
314.08000000000084 340.1 1041754.980000004
66.30000000000015 35.94000000000001 1041754.980000004
184.51999999999862 205.95999999999913 1041754.980000004
232.17999999999984 270.7000000000003 1041754.980000004
264.02 126.47999999999973 1041754.980000004
197.1099999999999 104.15000000000008 1041754.980000004
59.40000000000012 82.7800000000004 1041754.980000004
129.90999999999917 184.3299999999988 1041754.980000004
38.80000000000004 40.219999999999956 1041754.980000004
282.16999999999985 167.61000000000126 1041754.980000004
151.40000000000055 49.620000000000076 1041754.980000004
175.59999999999945 262.2400000000007 1041754.980000004
149.25000000000068 84.61000000000031 1041754.980000004
244.59000000000037 242.26999999999975 1041754.980000004
139.94000000000005 159.74000000000024 1041754.980000004
157.99 146.91000000000008 1041754.980000004
72.1900000000001 47.5099999999999 1041754.980000004
96.78999999999989 175.97000000000003 1041754.980000004
164.97000000000003 280.01 1041754.980000004
134.76000000000022 279.0 1041754.980000004
207.47999999999956 156.79999999999927 1041754.980000004
302.82000000000016 107.44000000000023 1041754.980000004
77.14000000000007 164.52000000000044 1041754.980000004
89.64999999999982 58.01 1041754.980000004
205.98000000000002 120.16000000000008 1041754.980000004
167.0 144.0 1041754.980000004
206.56999999999948 191.97000000000003 1041754.980000004
186.75000000000023 73.74999999999936 1041754.980000004
315.4600000000005 116.04000000000002 1041754.980000004
315.4600000000005 429.04 1041754.980000004
46.269999999999946 18.31000000000005 1041754.980000004
65.67999999999984 134.17999999999984 1041754.980000004
200.9000000000001 132.58000000000038 1041754.980000004
307.8100000000002 189.18999999999983 1041754.980000004
253.58999999999946 254.53000000000043 1041754.980000004
114.32000000000016 88.86000000000044 1041754.980000004
105.0 173.74000000000024 1041754.980000004
318.30000000000064 297.15999999999985 1041754.980000004
318.30000000000064 297.15999999999985 1041754.980000004
177.62999999999943 164.40999999999963 1041754.980000004
151.73999999999933 253.96000000000004 1041754.980000004
257.95000000000005 110.8099999999999 1041754.980000004
200.48000000000047 244.30000000000064 1041754.980000004
221.04999999999995 233.02999999999997 1041754.980000004
232.2199999999998 308.7800000000002 1041754.980000004
117.91999999999996 136.88000000000102 1041754.980000004
256.5500000000004 86.7900000000004 1041754.980000004
133.74000000000024 275.2000000000007 1041754.980000004
161.32000000000062 181.51999999999862 1041754.980000004
227.37000000000057 269.4300000000005 1041754.980000004
198.95000000000005 109.96999999999998 1041754.980000004
304.38000000000056 138.41999999999962 1041754.980000004
292.0200000000009 252.70000000000118 1041754.980000004
126.25000000000013 147.2299999999998 1041754.980000004
136.58999999999946 172.3299999999997 1041754.980000004
119.24000000000012 258.5399999999995 1041754.980000004
165.41999999999962 302.38000000000056 1041754.980000004
232.16999999999985 226.65000000000032 1041754.980000004
269.37999999999965 87.22000000000011 1041754.980000004
358.09 323.8700000000001 1041754.980000004
281.07000000000085 198.28999999999974 1041754.980000004
293.089999999999 218.6499999999994 1041754.980000004
198.69000000000028 289.28999999999974 1041754.980000004
133.06999999999994 49.470000000000105 1041754.980000004
252.8800000000001 80.85999999999942 1041754.980000004
85.58999999999979 178.02999999999997 1041754.980000004
113.09000000000005 174.59000000000037 1041754.980000004
180.96000000000004 133.60000000000036 1041754.980000004
143.85000000000014 130.95000000000005 1041754.980000004
241.03000000000088 181.46999999999957 1041754.980000004
189.01999999999998 77.4000000000002 1041754.980000004
99.81000000000041 137.1300000000008 1041754.980000004
89.30000000000015 218.07999999999993 1041754.980000004
205.01999999999998 74.7999999999999 1041754.980000004
210.61999999999944 130.91999999999916 1041754.980000004
208.87000000000012 278.5700000000004 1041754.980000004
129.98000000000002 112.07999999999953 1041754.980000004
192.01 148.50999999999954 1041754.980000004
140.6699999999994 216.59000000000128 1041754.980000004
235.0000000000009 164.3399999999997 1041754.980000004
316.29000000000065 280.93000000000006 1041754.980000004
316.29000000000065 280.93000000000006 1041754.980000004
279.5499999999995 130.18999999999983 1041754.980000004
114.56000000000029 214.98000000000002 1041754.980000004
264.83000000000015 228.02999999999997 1041754.980000004
71.27000000000014 24.069999999999855 1041754.980000004
238.6699999999994 296.16999999999894 1041754.980000004
185.02999999999997 95.90999999999995 1041754.980000004
274.3499999999997 221.08999999999992 1041754.980000004
48.33999999999993 39.94000000000001 1041754.980000004
242.7599999999993 288.9200000000001 1041754.980000004
241.14999999999986 207.51000000000045 1041754.980000004
284.06999999999994 109.31000000000016 1041754.980000004
141.07999999999993 239.9000000000001 1041754.980000004
258.27999999999975 181.69999999999936 1041754.980000004
154.26999999999975 163.2299999999998 1041754.980000004
124.68999999999984 228.52999999999952 1041754.980000004
153.20000000000073 311.880000000001 1041754.980000004
213.17999999999984 305.5800000000004 1041754.980000004
163.8899999999992 228.28999999999974 1041754.980000004
195.9000000000001 258.5599999999995 1041754.980000004
157.85000000000014 119.82999999999991 1041754.980000004
105.97999999999999 153.03999999999996 1041754.980000004
91.80000000000041 101.62000000000083 1041754.980000004
285.37999999999965 306.74000000000024 1041754.980000004
319.4200000000005 384.1400000000001 1041754.980000004
69.41000000000021 87.68999999999984 1041754.980000004
72.06000000000003 109.30000000000015 1041754.980000004
86.53999999999976 197.01999999999998 1041754.980000004
299.05999999999995 93.31999999999965 1041754.980000004
198.1099999999999 139.4499999999996 1041754.980000004
42.320000000000135 77.06000000000054 1041754.980000004
145.47000000000048 142.01 1041754.980000004
268.47999999999956 174.17999999999984 1041754.980000004
287.0100000000009 291.5700000000013 1041754.980000004
49.029999999999994 115.0099999999995 1041754.980000004
265.5500000000004 133.6699999999994 1041754.980000004
134.52000000000135 284.4199999999987 1041754.980000004
256.6399999999985 263.7999999999993 1041754.980000004
121.35999999999967 51.86000000000003 1041754.980000004
95.5800000000003 242.10000000000082 1041754.980000004
174.97000000000003 206.26999999999975 1041754.980000004
34 -87 1041754.980000004
347 -87 1041754.980000004
34 -87 1041754.980000004
347 -87 1041754.980000004
-32 -263 1041754.980000004
-32 -263 1041754.980000004
141 -73 1041754.980000004
454 -73 1041754.980000004
141 -73 1041754.980000004
454 -73 1041754.980000004
-34 -183 1041754.980000004
-34 -183 1041754.980000004
-44 -226 1041754.980000004
-44 -226 1041754.980000004
107 -154 1041754.980000004
420 -154 1041754.980000004
107 -154 1041754.980000004
420 -154 1041754.980000004
255 -50 1041754.980000004
255 -50 1041754.980000004
215 -83 1041754.980000004
215 -83 1041754.980000004
183 -108 1041754.980000004
183 -108 1041754.980000004
258 -132 1041754.980000004
258 -132 1041754.980000004
-49 -186 1041754.980000004
-49 -186 1041754.980000004
89 -95 1041754.980000004
402 -95 1041754.980000004
89 -95 1041754.980000004
402 -95 1041754.980000004
134 -37 1041754.980000004
447 -37 1041754.980000004
134 -37 1041754.980000004
447 -37 1041754.980000004
135 -34 1041754.980000004
448 -34 1041754.980000004
135 -34 1041754.980000004
448 -34 1041754.980000004
201 -68 1041754.980000004
201 -68 1041754.980000004
-114 -311 1041754.980000004
-114 -311 1041754.980000004
252 -137 1041754.980000004
252 -137 1041754.980000004
199 -24 1041754.980000004
199 -24 1041754.980000004
151 -59 1041754.980000004
464 -59 1041754.980000004
151 -59 1041754.980000004
464 -59 1041754.980000004
64 -93 1041754.980000004
377 -93 1041754.980000004
64 -93 1041754.980000004
377 -93 1041754.980000004
384 25 1041754.980000004
355 52 1041754.980000004
129 -130 1041754.980000004
442 -130 1041754.980000004
129 -130 1041754.980000004
442 -130 1041754.980000004
298 -49 1041754.980000004
-15 -49 1041754.980000004
298 -49 1041754.980000004
-15 -49 1041754.980000004
89 -58 1041754.980000004
402 -58 1041754.980000004
89 -58 1041754.980000004
402 -58 1041754.980000004
110 -101 1041754.980000004
423 -101 1041754.980000004
110 -101 1041754.980000004
423 -101 1041754.980000004
12 -70 1041754.980000004
325 -70 1041754.980000004
12 -70 1041754.980000004
325 -70 1041754.980000004
235 -21 1041754.980000004
235 -21 1041754.980000004
-40 -287 1041754.980000004
-40 -287 1041754.980000004
318 50 1041754.980000004
232 -86 1041754.980000004
232 -86 1041754.980000004
352 40 1041754.980000004
-103 -273 1041754.980000004
-103 -273 1041754.980000004
38 -37 1041754.980000004
351 -37 1041754.980000004
38 -37 1041754.980000004
351 -37 1041754.980000004
64 -53 1041754.980000004
377 -53 1041754.980000004
64 -53 1041754.980000004
377 -53 1041754.980000004
-37 -237 1041754.980000004
-37 -237 1041754.980000004
136 -30 1041754.980000004
449 -30 1041754.980000004
136 -30 1041754.980000004
449 -30 1041754.980000004
13 -125 1041754.980000004
326 -125 1041754.980000004
13 -125 1041754.980000004
326 -125 1041754.980000004
43 -123 1041754.980000004
356 -123 1041754.980000004
43 -123 1041754.980000004
356 -123 1041754.980000004
232 -42 1041754.980000004
232 -42 1041754.980000004
446 54 1041754.980000004
248 -149 1041754.980000004
248 -149 1041754.980000004
-89 -232 1041754.980000004
-89 -232 1041754.980000004
123 -138 1041754.980000004
436 -138 1041754.980000004
123 -138 1041754.980000004
436 -138 1041754.980000004
459 9 1041754.980000004
-79 -289 1041754.980000004
-79 -289 1041754.980000004
328 42 1041754.980000004
218 -26 1041754.980000004
218 -26 1041754.980000004
-46 -211 1041754.980000004
-46 -211 1041754.980000004
176 -31 1041754.980000004
176 -31 1041754.980000004
32 -99 1041754.980000004
345 -99 1041754.980000004
32 -99 1041754.980000004
345 -99 1041754.980000004
125 -85 1041754.980000004
438 -85 1041754.980000004
125 -85 1041754.980000004
438 -85 1041754.980000004
-14 -219 1041754.980000004
-14 -219 1041754.980000004
48 -52 1041754.980000004
361 -52 1041754.980000004
48 -52 1041754.980000004
361 -52 1041754.980000004
241 -39 1041754.980000004
241 -39 1041754.980000004
170 -35 1041754.980000004
170 -35 1041754.980000004
162 -133 1041754.980000004
162 -133 1041754.980000004
142 -59 1041754.980000004
455 -59 1041754.980000004
142 -59 1041754.980000004
455 -59 1041754.980000004
444 55 1041754.980000004
229 -38 1041754.980000004
229 -38 1041754.980000004
469 24 1041754.980000004
117 -131 1041754.980000004
430 -131 1041754.980000004
117 -131 1041754.980000004
430 -131 1041754.980000004
53 -144 1041754.980000004
366 -144 1041754.980000004
53 -144 1041754.980000004
366 -144 1041754.980000004
95 -70 1041754.980000004
408 -70 1041754.980000004
95 -70 1041754.980000004
408 -70 1041754.980000004
213 -7 1041754.980000004
213 -7 1041754.980000004
365 66 1041754.980000004
282 -115 1041754.980000004
-31 -115 1041754.980000004
282 -115 1041754.980000004
-31 -115 1041754.980000004
451 27 1041754.980000004
41 -155 1041754.980000004
354 -155 1041754.980000004
41 -155 1041754.980000004
354 -155 1041754.980000004
248 -49 1041754.980000004
248 -49 1041754.980000004
25 -103 1041754.980000004
338 -103 1041754.980000004
25 -103 1041754.980000004
338 -103 1041754.980000004
361 40 1041754.980000004
379 36 1041754.980000004
463 84 1041754.980000004
413 24 1041754.980000004
-104 -280 1041754.980000004
-104 -280 1041754.980000004
288 -20 1041754.980000004
288 -20 1041754.980000004
442 33 1041754.980000004
86 -62 1041754.980000004
399 -62 1041754.980000004
86 -62 1041754.980000004
399 -62 1041754.980000004
171 -109 1041754.980000004
171 -109 1041754.980000004
236 -149 1041754.980000004
236 -149 1041754.980000004
288 -120 1041754.980000004
-25 -120 1041754.980000004
288 -120 1041754.980000004
-25 -120 1041754.980000004
25 -35 1041754.980000004
338 -35 1041754.980000004
25 -35 1041754.980000004
338 -35 1041754.980000004
-87 -259 1041754.980000004
-87 -259 1041754.980000004
105 -132 1041754.980000004
418 -132 1041754.980000004
105 -132 1041754.980000004
418 -132 1041754.980000004
-33 -282 1041754.980000004
-33 -282 1041754.980000004
20 -114 1041754.980000004
333 -114 1041754.980000004
20 -114 1041754.980000004
333 -114 1041754.980000004
87 -116 1041754.980000004
400 -116 1041754.980000004
87 -116 1041754.980000004
400 -116 1041754.980000004
257 -155 1041754.980000004
-56 -155 1041754.980000004
257 -155 1041754.980000004
-56 -155 1041754.980000004
38 -134 1041754.980000004
351 -134 1041754.980000004
38 -134 1041754.980000004
351 -134 1041754.980000004
165 -33 1041754.980000004
165 -33 1041754.980000004
446 50 1041754.980000004
159 -29 1041754.980000004
159 -29 1041754.980000004
-60 -273 1041754.980000004
-60 -273 1041754.980000004
252 -77 1041754.980000004
252 -77 1041754.980000004
48 -142 1041754.980000004
361 -142 1041754.980000004
48 -142 1041754.980000004
361 -142 1041754.980000004
119 -55 1041754.980000004
432 -55 1041754.980000004
119 -55 1041754.980000004
432 -55 1041754.980000004
89 -67 1041754.980000004
402 -67 1041754.980000004
89 -67 1041754.980000004
402 -67 1041754.980000004
6 -69 1041754.980000004
319 -69 1041754.980000004
6 -69 1041754.980000004
319 -69 1041754.980000004
432 76 1041754.980000004
19 -33 1041754.980000004
332 -33 1041754.980000004
19 -33 1041754.980000004
332 -33 1041754.980000004
113 -138 1041754.980000004
426 -138 1041754.980000004
113 -138 1041754.980000004
426 -138 1041754.980000004
268 -139 1041754.980000004
-45 -139 1041754.980000004
268 -139 1041754.980000004
-45 -139 1041754.980000004
-92 -258 1041754.980000004
-92 -258 1041754.980000004
403 58 1041754.980000004
245 -71 1041754.980000004
245 -71 1041754.980000004
282 -144 1041754.980000004
-31 -144 1041754.980000004
282 -144 1041754.980000004
-31 -144 1041754.980000004
265 -85 1041754.980000004
265 -85 1041754.980000004
-29 -204 1041754.980000004
-29 -204 1041754.980000004
242 -24 1041754.980000004
242 -24 1041754.980000004
-47 -180 1041754.980000004
-47 -180 1041754.980000004
437 35 1041754.980000004
-73 -269 1041754.980000004
-73 -269 1041754.980000004
28 -23 1041754.980000004
341 -23 1041754.980000004
28 -23 1041754.980000004
341 -23 1041754.980000004
-28 -240 1041754.980000004
-28 -240 1041754.980000004
372 74 1041754.980000004
238 -18 1041754.980000004
238 -18 1041754.980000004
-66 -291 1041754.980000004
-66 -291 1041754.980000004
154 -150 1041754.980000004
467 -150 1041754.980000004
154 -150 1041754.980000004
467 -150 1041754.980000004
293 -59 1041754.980000004
-20 -59 1041754.980000004
293 -59 1041754.980000004
-20 -59 1041754.980000004
163 -85 1041754.980000004
163 -85 1041754.980000004
-51 -161 1041754.980000004
-51 -161 1041754.980000004
175 -107 1041754.980000004
175 -107 1041754.980000004
170 -46 1041754.980000004
170 -46 1041754.980000004
177 -149 1041754.980000004
177 -149 1041754.980000004
344 21 1041754.980000004
140 -95 1041754.980000004
453 -95 1041754.980000004
140 -95 1041754.980000004
453 -95 1041754.980000004
-56 -227 1041754.980000004
-56 -227 1041754.980000004
86 -135 1041754.980000004
399 -135 1041754.980000004
86 -135 1041754.980000004
399 -135 1041754.980000004
-34 -255 1041754.980000004
-34 -255 1041754.980000004
28 -110 1041754.980000004
341 -110 1041754.980000004
28 -110 1041754.980000004
341 -110 1041754.980000004
56 -72 1041754.980000004
369 -72 1041754.980000004
56 -72 1041754.980000004
369 -72 1041754.980000004
-73 -287 1041754.980000004
-73 -287 1041754.980000004
444 68 1041754.980000004
228 -43 1041754.980000004
228 -43 1041754.980000004
62 -133 1041754.980000004
375 -133 1041754.980000004
62 -133 1041754.980000004
375 -133 1041754.980000004
253 -58 1041754.980000004
253 -58 1041754.980000004
105 -139 1041754.980000004
418 -139 1041754.980000004
105 -139 1041754.980000004
418 -139 1041754.980000004
375 37 1041754.980000004
241 -105 1041754.980000004
241 -105 1041754.980000004
140 -153 1041754.980000004
453 -153 1041754.980000004
140 -153 1041754.980000004
453 -153 1041754.980000004
136 -141 1041754.980000004
449 -141 1041754.980000004
136 -141 1041754.980000004
449 -141 1041754.980000004
465 50 1041754.980000004
349 36 1041754.980000004
-60 -231 1041754.980000004
-60 -231 1041754.980000004
58 -102 1041754.980000004
371 -102 1041754.980000004
58 -102 1041754.980000004
371 -102 1041754.980000004
29 -124 1041754.980000004
342 -124 1041754.980000004
29 -124 1041754.980000004
342 -124 1041754.980000004
72 -82 1041754.980000004
385 -82 1041754.980000004
72 -82 1041754.980000004
385 -82 1041754.980000004
70 -52 1041754.980000004
383 -52 1041754.980000004
70 -52 1041754.980000004
383 -52 1041754.980000004
77 -148 1041754.980000004
390 -148 1041754.980000004
77 -148 1041754.980000004
390 -148 1041754.980000004
175 -50 1041754.980000004
175 -50 1041754.980000004
335 63 1041754.980000004
243 -37 1041754.980000004
243 -37 1041754.980000004
467 0 1041754.980000004
144 -23 1041754.980000004
457 -23 1041754.980000004
144 -23 1041754.980000004
457 -23 1041754.980000004
242 -132 1041754.980000004
242 -132 1041754.980000004
328 27 1041754.980000004
50 -143 1041754.980000004
363 -143 1041754.980000004
50 -143 1041754.980000004
363 -143 1041754.980000004
-17 -269 1041754.980000004
-17 -269 1041754.980000004
103 -16 1041754.980000004
416 -16 1041754.980000004
103 -16 1041754.980000004
416 -16 1041754.980000004
206 -121 1041754.980000004
206 -121 1041754.980000004
359 18 1041754.980000004
-14 -262 1041754.980000004
-14 -262 1041754.980000004
-25 -294 1041754.980000004
-25 -294 1041754.980000004
181 -124 1041754.980000004
181 -124 1041754.980000004
111 -133 1041754.980000004
424 -133 1041754.980000004
111 -133 1041754.980000004
424 -133 1041754.980000004
114 -98 1041754.980000004
427 -98 1041754.980000004
114 -98 1041754.980000004
427 -98 1041754.980000004
76 -85 1041754.980000004
389 -85 1041754.980000004
76 -85 1041754.980000004
389 -85 1041754.980000004
418 65 1041754.980000004
-79 -252 1041754.980000004
-79 -252 1041754.980000004
165 -10 1041754.980000004
165 -10 1041754.980000004
285 -132 1041754.980000004
-28 -132 1041754.980000004
285 -132 1041754.980000004
-28 -132 1041754.980000004
40 -92 1041754.980000004
353 -92 1041754.980000004
40 -92 1041754.980000004
353 -92 1041754.980000004
97 -137 1041754.980000004
410 -137 1041754.980000004
97 -137 1041754.980000004
410 -137 1041754.980000004
209 -34 1041754.980000004
209 -34 1041754.980000004
162 -135 1041754.980000004
162 -135 1041754.980000004
150 -33 1041754.980000004
463 -33 1041754.980000004
150 -33 1041754.980000004
463 -33 1041754.980000004
108 -107 1041754.980000004
421 -107 1041754.980000004
108 -107 1041754.980000004
421 -107 1041754.980000004
196 -55 1041754.980000004
196 -55 1041754.980000004
63 -53 1041754.980000004
376 -53 1041754.980000004
63 -53 1041754.980000004
376 -53 1041754.980000004
385 47 1041754.980000004
109 -61 1041754.980000004
422 -61 1041754.980000004
109 -61 1041754.980000004
422 -61 1041754.980000004
225 -61 1041754.980000004
225 -61 1041754.980000004
95 -61 1041754.980000004
408 -61 1041754.980000004
95 -61 1041754.980000004
408 -61 1041754.980000004
153 -21 1041754.980000004
466 -21 1041754.980000004
153 -21 1041754.980000004
466 -21 1041754.980000004
411 82 1041754.980000004
93 -64 1041754.980000004
406 -64 1041754.980000004
93 -64 1041754.980000004
406 -64 1041754.980000004
130 -145 1041754.980000004
443 -145 1041754.980000004
130 -145 1041754.980000004
443 -145 1041754.980000004
221 -80 1041754.980000004
221 -80 1041754.980000004
274 -92 1041754.980000004
274 -92 1041754.980000004
46 -22 1041754.980000004
359 -22 1041754.980000004
46 -22 1041754.980000004
359 -22 1041754.980000004
55 -123 1041754.980000004
368 -123 1041754.980000004
55 -123 1041754.980000004
368 -123 1041754.980000004
151 -156 1041754.980000004
464 -156 1041754.980000004
151 -156 1041754.980000004
464 -156 1041754.980000004
-64 -198 1041754.980000004
-64 -198 1041754.980000004
-55 -202 1041754.980000004
-55 -202 1041754.980000004
320 31 1041754.980000004
435 52 1041754.980000004
54 -127 1041754.980000004
367 -127 1041754.980000004
54 -127 1041754.980000004
367 -127 1041754.980000004
292.03 -95.00999999999999 1041754.980000004
-20.970000000000027 -95.00999999999999 1041754.980000004
292.03 -95.00999999999999 1041754.980000004
-20.970000000000027 -95.00999999999999 1041754.980000004
308.04999999999995 -29.950000000000045 1041754.980000004
-4.9500000000000455 -29.950000000000045 1041754.980000004
308.04999999999995 -29.950000000000045 1041754.980000004
-4.9500000000000455 -29.950000000000045 1041754.980000004
5.620000000000337 -15.920000000000073 1041754.980000004
5.620000000000337 -15.920000000000073 1041754.980000004
-91.97000000000003 -306.03 1041754.980000004
-91.97000000000003 -306.03 1041754.980000004
5.8700000000001715 -15.930000000000064 1041754.980000004
318.8700000000002 -15.930000000000064 1041754.980000004
5.8700000000001715 -15.930000000000064 1041754.980000004
318.8700000000002 -15.930000000000064 1041754.980000004
167.99 0.030000000000009096 1041754.980000004
-99.97000000000003 -311.0899999999999 1041754.980000004
-99.97000000000003 -311.0899999999999 1041754.980000004
13.900000000000091 -108.96000000000004 1041754.980000004
326.9000000000001 -108.96000000000004 1041754.980000004
13.900000000000091 -108.96000000000004 1041754.980000004
326.9000000000001 -108.96000000000004 1041754.980000004
-9.970000000000027 -205.99 1041754.980000004
-9.970000000000027 -205.99 1041754.980000004
200.04999999999995 -1.9500000000000455 1041754.980000004
200.04999999999995 -1.9500000000000455 1041754.980000004
221.08999999999992 7.609999999999987 1041754.980000004
356.98 10.940000000000055 1041754.980000004
-8.720000000000255 -301.82 1041754.980000004
-8.720000000000255 -301.82 1041754.980000004
3.2100000000007185 -67.46999999999957 1041754.980000004
316.2100000000007 -67.46999999999957 1041754.980000004
3.2100000000007185 -67.46999999999957 1041754.980000004
316.2100000000007 -67.46999999999957 1041754.980000004
-7.960000000000036 -174.96000000000004 1041754.980000004
-7.960000000000036 -174.96000000000004 1041754.980000004
409.88999999999993 9.710000000000264 1041754.980000004
318.6600000000003 63.119999999999976 1041754.980000004
10.480000000000473 -83.96000000000004 1041754.980000004
323.4800000000005 -83.96000000000004 1041754.980000004
10.480000000000473 -83.96000000000004 1041754.980000004
323.4800000000005 -83.96000000000004 1041754.980000004
239.97000000000003 26.01 1041754.980000004
187.16999999999985 28.509999999999923 1041754.980000004
181.0 11.279999999999994 1041754.980000004
-8.400000000000546 -302.6599999999996 1041754.980000004
-8.400000000000546 -302.6599999999996 1041754.980000004
310.3399999999997 -10.680000000000291 1041754.980000004
-2.6600000000003092 -10.680000000000291 1041754.980000004
310.3399999999997 -10.680000000000291 1041754.980000004
-2.6600000000003092 -10.680000000000291 1041754.980000004
209.52999999999952 32.21000000000016 1041754.980000004
162.03999999999996 13.96 1041754.980000004
312.3400000000006 51.019999999999996 1041754.980000004
-8.800000000000182 -302.3999999999997 1041754.980000004
-8.800000000000182 -302.3999999999997 1041754.980000004
163.57999999999947 27.240000000000038 1041754.980000004
169.0999999999999 2.3399999999999928 1041754.980000004
295.96000000000004 43.10000000000018 1041754.980000004
155.53000000000043 24.07000000000001 1041754.980000004
240.03999999999996 44.079999999999984 1041754.980000004
17.040000000000006 -13.620000000000346 1041754.980000004
330.04 -13.620000000000346 1041754.980000004
17.040000000000006 -13.620000000000346 1041754.980000004
330.04 -13.620000000000346 1041754.980000004
138.12999999999988 26.949999999999992 1041754.980000004
380.96999999999997 0.17000000000075488 1041754.980000004
300.61999999999944 -144.15999999999985 1041754.980000004
-12.380000000000564 -144.15999999999985 1041754.980000004
300.61999999999944 -144.15999999999985 1041754.980000004
-12.380000000000564 -144.15999999999985 1041754.980000004
272.38000000000056 26.100000000000016 1041754.980000004
29.01 -12.790000000000191 1041754.980000004
342.01 -12.790000000000191 1041754.980000004
29.01 -12.790000000000191 1041754.980000004
342.01 -12.790000000000191 1041754.980000004
247.02999999999997 21.829999999999973 1041754.980000004
287.95000000000005 18.48999999999992 1041754.980000004
233.25000000000068 23.99 1041754.980000004
185.1199999999999 -0.5400000000004184 1041754.980000004
185.1199999999999 -0.5400000000004184 1041754.980000004
298.98 51.55999999999989 1041754.980000004
209.91000000000008 40.56999999999989 1041754.980000004
232.4299999999996 -3.350000000000591 1041754.980000004
232.4299999999996 -3.350000000000591 1041754.980000004
197.97000000000003 30.86999999999998 1041754.980000004
303.95000000000005 10.890000000000002 1041754.980000004
-56.0 -300.2999999999997 1041754.980000004
-56.0 -300.2999999999997 1041754.980000004
154.0 0.22000000000000916 1041754.980000004
69.97999999999999 -10.500000000000455 1041754.980000004
382.98 -10.500000000000455 1041754.980000004
69.97999999999999 -10.500000000000455 1041754.980000004
382.98 -10.500000000000455 1041754.980000004
314.08000000000084 27.100000000000016 1041754.980000004
284.7800000000002 -5.240000000000691 1041754.980000004
284.7800000000002 -5.240000000000691 1041754.980000004
145.29000000000065 9.049999999999999 1041754.980000004
115.36000000000018 0.4999999999990908 1041754.980000004
5.300000000000637 -15.840000000000146 1041754.980000004
318.30000000000064 -15.840000000000146 1041754.980000004
5.300000000000637 -15.840000000000146 1041754.980000004
318.30000000000064 -15.840000000000146 1041754.980000004
312.93999999999915 -55.600000000000364 1041754.980000004
-0.060000000000854925 -55.600000000000364 1041754.980000004
312.93999999999915 -55.600000000000364 1041754.980000004
-0.060000000000854925 -55.600000000000364 1041754.980000004
253.69999999999936 40.379999999999924 1041754.980000004
182.64000000000033 34.219999999999956 1041754.980000004
358.09 10.870000000000118 1041754.980000004
96.24999999999962 9.730000000000006 1041754.980000004
212.59000000000037 2.5899999999999874 1041754.980000004
280.8700000000001 49.69000000000006 1041754.980000004
3.2900000000006457 -32.069999999999936 1041754.980000004
316.29000000000065 -32.069999999999936 1041754.980000004
3.2900000000006457 -32.069999999999936 1041754.980000004
316.29000000000065 -32.069999999999936 1041754.980000004
257.38999999999965 12.130000000000019 1041754.980000004
280.27999999999975 31.32000000000005 1041754.980000004
198.99 2.6899999999999853 1041754.980000004
308.5699999999995 -124.00999999999999 1041754.980000004
-4.430000000000518 -124.00999999999999 1041754.980000004
308.5699999999995 -124.00999999999999 1041754.980000004
-4.430000000000518 -124.00999999999999 1041754.980000004
356 76 1041754.980000004
373 82 1041754.980000004
443 113 1041754.980000004
385 109 1041754.980000004
457 131 1041754.980000004
328 69 1041754.980000004
382 88 1041754.980000004
405 98 1041754.980000004
404 100 1041754.980000004
427 88 1041754.980000004
392 99 1041754.980000004
129.01999999999998 32.86000000000003 1041754.980000004
226.01999999999998 53.780000000000044 1041754.980000004
278.3100000000006 58.069999999999986 1041754.980000004
285.9999999999991 72.97999999999999 1041754.980000004
122.92999999999945 34.870000000000026 1041754.980000004
275.4700000000005 75.72999999999986 1041754.980000004
219.890000000001 55.30999999999994 1041754.980000004
185.01999999999998 45.05999999999979 1041754.980000004
44.15999999999997 9.980000000000022 1041754.980000004
99.71999999999986 25.08000000000017 1041754.980000004
319.4200000000005 71.14000000000007 1041754.980000004
234.60999999999945 61.429999999999914 1041754.980000004
-58 -50 1041754.980000004
-58 -50 1041754.980000004
-98 -83 1041754.980000004
-98 -83 1041754.980000004
-130 -108 1041754.980000004
-130 -108 1041754.980000004
-55 -132 1041754.980000004
-55 -132 1041754.980000004
-112 -68 1041754.980000004
-112 -68 1041754.980000004
-61 -137 1041754.980000004
-61 -137 1041754.980000004
-112 -180 1041754.980000004
-112 -180 1041754.980000004
-81 -86 1041754.980000004
-81 -86 1041754.980000004
-114 -203 1041754.980000004
-114 -203 1041754.980000004
-149 -235 1041754.980000004
-149 -235 1041754.980000004
-81 -42 1041754.980000004
-81 -42 1041754.980000004
-65 -149 1041754.980000004
-65 -149 1041754.980000004
-146 -169 1041754.980000004
-146 -169 1041754.980000004
-72 -39 1041754.980000004
-72 -39 1041754.980000004
-151 -133 1041754.980000004
-151 -133 1041754.980000004
-84 -38 1041754.980000004
-84 -38 1041754.980000004
-155 -166 1041754.980000004
-155 -166 1041754.980000004
-106 -157 1041754.980000004
-106 -157 1041754.980000004
-110 -198 1041754.980000004
-110 -198 1041754.980000004
-65 -49 1041754.980000004
-65 -49 1041754.980000004
-144 -311 1041754.980000004
-144 -311 1041754.980000004
-150 -286 1041754.980000004
-150 -286 1041754.980000004
-115 -174 1041754.980000004
-115 -174 1041754.980000004
-155 -193 1041754.980000004
-155 -193 1041754.980000004
-25 -20 1041754.980000004
-25 -20 1041754.980000004
-128 -269 1041754.980000004
-128 -269 1041754.980000004
-151 -299 1041754.980000004
-151 -299 1041754.980000004
-142 -109 1041754.980000004
-142 -109 1041754.980000004
-77 -149 1041754.980000004
-77 -149 1041754.980000004
-121 -165 1041754.980000004
-121 -165 1041754.980000004
-155 -251 1041754.980000004
-155 -251 1041754.980000004
-124 -236 1041754.980000004
-124 -236 1041754.980000004
-116 -209 1041754.980000004
-116 -209 1041754.980000004
-76 -163 1041754.980000004
-76 -163 1041754.980000004
-126 -284 1041754.980000004
-126 -284 1041754.980000004
-130 -279 1041754.980000004
-130 -279 1041754.980000004
-76 -187 1041754.980000004
-76 -187 1041754.980000004
-61 -77 1041754.980000004
-61 -77 1041754.980000004
-128 -217 1041754.980000004
-128 -217 1041754.980000004
-68 -71 1041754.980000004
-68 -71 1041754.980000004
-48 -85 1041754.980000004
-48 -85 1041754.980000004
-71 -24 1041754.980000004
-71 -24 1041754.980000004
-123 -193 1041754.980000004
-123 -193 1041754.980000004
-132 -179 1041754.980000004
-132 -179 1041754.980000004
-143 -200 1041754.980000004
-143 -200 1041754.980000004
-92 -202 1041754.980000004
-92 -202 1041754.980000004
-137 -207 1041754.980000004
-137 -207 1041754.980000004
-150 -85 1041754.980000004
-150 -85 1041754.980000004
-138 -107 1041754.980000004
-138 -107 1041754.980000004
-143 -46 1041754.980000004
-143 -46 1041754.980000004
-136 -149 1041754.980000004
-136 -149 1041754.980000004
-93 -220 1041754.980000004
-93 -220 1041754.980000004
-85 -43 1041754.980000004
-85 -43 1041754.980000004
-108 -238 1041754.980000004
-108 -238 1041754.980000004
-60 -58 1041754.980000004
-60 -58 1041754.980000004
-103 -183 1041754.980000004
-103 -183 1041754.980000004
-72 -105 1041754.980000004
-72 -105 1041754.980000004
-135 -168 1041754.980000004
-135 -168 1041754.980000004
-115 -282 1041754.980000004
-115 -282 1041754.980000004
-138 -225 1041754.980000004
-138 -225 1041754.980000004
-138 -50 1041754.980000004
-138 -50 1041754.980000004
-132 -302 1041754.980000004
-132 -302 1041754.980000004
-70 -37 1041754.980000004
-70 -37 1041754.980000004
-107 -193 1041754.980000004
-107 -193 1041754.980000004
-71 -132 1041754.980000004
-71 -132 1041754.980000004
-116 -210 1041754.980000004
-116 -210 1041754.980000004
-107 -121 1041754.980000004
-107 -121 1041754.980000004
-155 -260 1041754.980000004
-155 -260 1041754.980000004
-132 -124 1041754.980000004
-132 -124 1041754.980000004
-126 -238 1041754.980000004
-126 -238 1041754.980000004
-96 -190 1041754.980000004
-96 -190 1041754.980000004
-145 -313 1041754.980000004
-145 -313 1041754.980000004
-104 -34 1041754.980000004
-104 -34 1041754.980000004
-151 -135 1041754.980000004
-151 -135 1041754.980000004
-117 -55 1041754.980000004
-117 -55 1041754.980000004
-88 -61 1041754.980000004
-88 -61 1041754.980000004
-114 -176 1041754.980000004
-114 -176 1041754.980000004
-92 -80 1041754.980000004
-92 -80 1041754.980000004
-39 -92 1041754.980000004
-39 -92 1041754.980000004
-122.92000000000007 -312.27999999999975 1041754.980000004
-122.92000000000007 -312.27999999999975 1041754.980000004
-150.07999999999993 -312.17999999999984 1041754.980000004
-150.07999999999993 -312.17999999999984 1041754.980000004
-114 -24 1041754.980000004
-114 -24 1041754.980000004
-78 -21 1041754.980000004
-78 -21 1041754.980000004
-95 -26 1041754.980000004
-95 -26 1041754.980000004
-137 -31 1041754.980000004
-137 -31 1041754.980000004
-143 -35 1041754.980000004
-143 -35 1041754.980000004
-148 -33 1041754.980000004
-148 -33 1041754.980000004
-75 -18 1041754.980000004
-75 -18 1041754.980000004
