21 444 1039009.0599999749
-32 50 1039009.0599999749
-32 50 1039009.0599999749
-34 130 1039009.0599999749
-34 130 1039009.0599999749
-44 87 1039009.0599999749
-44 87 1039009.0599999749
-58 263 1039009.0599999749
-58 263 1039009.0599999749
-98 230 1039009.0599999749
-98 230 1039009.0599999749
-130 205 1039009.0599999749
-130 205 1039009.0599999749
-55 181 1039009.0599999749
-55 181 1039009.0599999749
43 389 1039009.0599999749
-49 127 1039009.0599999749
-49 127 1039009.0599999749
-112 245 1039009.0599999749
-112 245 1039009.0599999749
60 395 1039009.0599999749
-114 2 1039009.0599999749
-114 2 1039009.0599999749
-61 176 1039009.0599999749
-61 176 1039009.0599999749
-114 289 1039009.0599999749
-114 289 1039009.0599999749
71 338 1039009.0599999749
106 466 1039009.0599999749
55 466 1039009.0599999749
42 365 1039009.0599999749
-15 264 1039009.0599999749
-15 264 1039009.0599999749
-78 292 1039009.0599999749
-78 292 1039009.0599999749
-112 133 1039009.0599999749
-112 133 1039009.0599999749
-40 26 1039009.0599999749
-40 26 1039009.0599999749
5 363 1039009.0599999749
-81 227 1039009.0599999749
-81 227 1039009.0599999749
39 353 1039009.0599999749
50 459 1039009.0599999749
-103 40 1039009.0599999749
-103 40 1039009.0599999749
-114 110 1039009.0599999749
-114 110 1039009.0599999749
130 426 1039009.0599999749
-149 78 1039009.0599999749
-149 78 1039009.0599999749
-37 76 1039009.0599999749
-37 76 1039009.0599999749
-81 271 1039009.0599999749
-81 271 1039009.0599999749
66 447 1039009.0599999749
133 367 1039009.0599999749
-65 164 1039009.0599999749
-65 164 1039009.0599999749
-89 81 1039009.0599999749
-89 81 1039009.0599999749
-79 24 1039009.0599999749
-79 24 1039009.0599999749
15 355 1039009.0599999749
147 456 1039009.0599999749
-95 287 1039009.0599999749
-95 287 1039009.0599999749
-46 102 1039009.0599999749
-46 102 1039009.0599999749
72 422 1039009.0599999749
-137 282 1039009.0599999749
-137 282 1039009.0599999749
-146 144 1039009.0599999749
167 457 1039009.0599999749
-146 144 1039009.0599999749
167 457 1039009.0599999749
96 458 1039009.0599999749
-14 94 1039009.0599999749
-14 94 1039009.0599999749
-72 274 1039009.0599999749
-72 274 1039009.0599999749
-143 278 1039009.0599999749
-143 278 1039009.0599999749
-151 180 1039009.0599999749
-151 180 1039009.0599999749
23 457 1039009.0599999749
144 444 1039009.0599999749
131 368 1039009.0599999749
-84 275 1039009.0599999749
-84 275 1039009.0599999749
98 455 1039009.0599999749
-100 306 1039009.0599999749
-100 -7 1039009.0599999749
-100 306 1039009.0599999749
-100 -7 1039009.0599999749
-155 147 1039009.0599999749
158 460 1039009.0599999749
-155 147 1039009.0599999749
158 460 1039009.0599999749
15 382 1039009.0599999749
52 379 1039009.0599999749
-106 156 1039009.0599999749
-106 156 1039009.0599999749
-31 198 1039009.0599999749
-31 198 1039009.0599999749
-110 115 1039009.0599999749
-110 115 1039009.0599999749
-65 264 1039009.0599999749
-65 264 1039009.0599999749
69 401 1039009.0599999749
-144 2 1039009.0599999749
-144 2 1039009.0599999749
48 353 1039009.0599999749
66 349 1039009.0599999749
16 443 1039009.0599999749
-150 27 1039009.0599999749
-150 27 1039009.0599999749
150 397 1039009.0599999749
-115 139 1039009.0599999749
-115 139 1039009.0599999749
-155 120 1039009.0599999749
158 433 1039009.0599999749
-155 120 1039009.0599999749
158 433 1039009.0599999749
100 337 1039009.0599999749
-104 33 1039009.0599999749
-104 33 1039009.0599999749
-25 293 1039009.0599999749
-25 293 1039009.0599999749
-128 44 1039009.0599999749
-128 44 1039009.0599999749
129 346 1039009.0599999749
-151 14 1039009.0599999749
-151 14 1039009.0599999749
-142 204 1039009.0599999749
-142 204 1039009.0599999749
-77 164 1039009.0599999749
-77 164 1039009.0599999749
-121 148 1039009.0599999749
-121 148 1039009.0599999749
-155 62 1039009.0599999749
-155 62 1039009.0599999749
53 437 1039009.0599999749
-25 193 1039009.0599999749
-25 193 1039009.0599999749
-124 77 1039009.0599999749
-124 77 1039009.0599999749
-87 54 1039009.0599999749
-87 54 1039009.0599999749
42 445 1039009.0599999749
92 411 1039009.0599999749
-33 31 1039009.0599999749
-33 31 1039009.0599999749
-116 104 1039009.0599999749
-116 104 1039009.0599999749
-76 150 1039009.0599999749
-76 150 1039009.0599999749
-126 29 1039009.0599999749
-126 29 1039009.0599999749
-130 34 1039009.0599999749
-130 34 1039009.0599999749
-56 158 1039009.0599999749
-56 158 1039009.0599999749
-148 280 1039009.0599999749
-148 280 1039009.0599999749
133 363 1039009.0599999749
-154 284 1039009.0599999749
-154 -29 1039009.0599999749
-154 284 1039009.0599999749
-154 -29 1039009.0599999749
-76 126 1039009.0599999749
-76 126 1039009.0599999749
-60 40 1039009.0599999749
-60 40 1039009.0599999749
118 451 1039009.0599999749
-61 236 1039009.0599999749
-61 236 1039009.0599999749
119 389 1039009.0599999749
-128 96 1039009.0599999749
-128 96 1039009.0599999749
-45 174 1039009.0599999749
-45 174 1039009.0599999749
-92 55 1039009.0599999749
-92 55 1039009.0599999749
90 371 1039009.0599999749
-68 242 1039009.0599999749
-68 242 1039009.0599999749
-31 169 1039009.0599999749
-31 169 1039009.0599999749
-48 228 1039009.0599999749
-48 228 1039009.0599999749
-29 109 1039009.0599999749
-29 109 1039009.0599999749
-71 289 1039009.0599999749
-71 289 1039009.0599999749
-47 133 1039009.0599999749
-47 133 1039009.0599999749
124 348 1039009.0599999749
-123 120 1039009.0599999749
-123 120 1039009.0599999749
-73 44 1039009.0599999749
-73 44 1039009.0599999749
99 451 1039009.0599999749
-132 134 1039009.0599999749
-132 134 1039009.0599999749
-28 73 1039009.0599999749
-28 73 1039009.0599999749
59 387 1039009.0599999749
-75 295 1039009.0599999749
-75 295 1039009.0599999749
-143 113 1039009.0599999749
-143 113 1039009.0599999749
-66 22 1039009.0599999749
-66 22 1039009.0599999749
-20 254 1039009.0599999749
-20 254 1039009.0599999749
-92 111 1039009.0599999749
-92 111 1039009.0599999749
-137 106 1039009.0599999749
-137 106 1039009.0599999749
-150 228 1039009.0599999749
-150 228 1039009.0599999749
-51 152 1039009.0599999749
-51 152 1039009.0599999749
-138 206 1039009.0599999749
-138 206 1039009.0599999749
-143 267 1039009.0599999749
-143 267 1039009.0599999749
-136 164 1039009.0599999749
-136 164 1039009.0599999749
31 334 1039009.0599999749
-56 86 1039009.0599999749
-56 86 1039009.0599999749
-34 58 1039009.0599999749
-34 58 1039009.0599999749
-93 93 1039009.0599999749
-93 93 1039009.0599999749
-73 26 1039009.0599999749
-73 26 1039009.0599999749
131 381 1039009.0599999749
-85 270 1039009.0599999749
-85 270 1039009.0599999749
-108 75 1039009.0599999749
-108 75 1039009.0599999749
-60 255 1039009.0599999749
-60 255 1039009.0599999749
-103 130 1039009.0599999749
-103 130 1039009.0599999749
62 350 1039009.0599999749
-72 208 1039009.0599999749
-72 208 1039009.0599999749
-135 145 1039009.0599999749
-135 145 1039009.0599999749
146 455 1039009.0599999749
36 349 1039009.0599999749
-60 82 1039009.0599999749
-60 82 1039009.0599999749
-115 31 1039009.0599999749
-115 31 1039009.0599999749
24 419 1039009.0599999749
-138 88 1039009.0599999749
-138 88 1039009.0599999749
-138 263 1039009.0599999749
-138 263 1039009.0599999749
22 376 1039009.0599999749
-132 11 1039009.0599999749
-132 11 1039009.0599999749
-70 276 1039009.0599999749
-70 276 1039009.0599999749
42 466 1039009.0599999749
109 462 1039009.0599999749
-107 120 1039009.0599999749
-107 120 1039009.0599999749
-71 181 1039009.0599999749
-71 181 1039009.0599999749
15 340 1039009.0599999749
-17 44 1039009.0599999749
-17 44 1039009.0599999749
-116 103 1039009.0599999749
-116 103 1039009.0599999749
-107 192 1039009.0599999749
-107 192 1039009.0599999749
46 331 1039009.0599999749
-14 51 1039009.0599999749
-14 51 1039009.0599999749
-155 53 1039009.0599999749
-155 53 1039009.0599999749
-25 19 1039009.0599999749
-25 19 1039009.0599999749
-132 189 1039009.0599999749
-132 189 1039009.0599999749
-126 75 1039009.0599999749
-126 75 1039009.0599999749
-96 123 1039009.0599999749
-96 123 1039009.0599999749
105 378 1039009.0599999749
-79 61 1039009.0599999749
-79 61 1039009.0599999749
34 424 1039009.0599999749
-148 303 1039009.0599999749
-148 -10 1039009.0599999749
-148 303 1039009.0599999749
-148 -10 1039009.0599999749
-28 181 1039009.0599999749
-28 181 1039009.0599999749
-145 0 1039009.0599999749
-145 0 1039009.0599999749
49 429 1039009.0599999749
-104 279 1039009.0599999749
-104 279 1039009.0599999749
-151 178 1039009.0599999749
-151 178 1039009.0599999749
0 364 1039009.0599999749
-117 258 1039009.0599999749
-117 258 1039009.0599999749
91 413 1039009.0599999749
72 360 1039009.0599999749
-88 252 1039009.0599999749
-88 252 1039009.0599999749
95 451 1039009.0599999749
98 395 1039009.0599999749
70 447 1039009.0599999749
-114 137 1039009.0599999749
-114 137 1039009.0599999749
-92 233 1039009.0599999749
-92 233 1039009.0599999749
126 460 1039009.0599999749
-39 221 1039009.0599999749
-39 221 1039009.0599999749
114 401 1039009.0599999749
-64 115 1039009.0599999749
-64 115 1039009.0599999749
-55 111 1039009.0599999749
-55 111 1039009.0599999749
7 344 1039009.0599999749
79 412 1039009.0599999749
122 365 1039009.0599999749
-8.970000000000027 10.930000000000037 1039009.0599999749
-8.970000000000027 10.930000000000037 1039009.0599999749
-8.930000000000064 10.890000000000082 1039009.0599999749
-8.930000000000064 10.890000000000082 1039009.0599999749
-8.8900000000001 10.85000000000011 1039009.0599999749
-8.8900000000001 10.85000000000011 1039009.0599999749
-8.870000000000118 10.830000000000146 1039009.0599999749
-8.870000000000118 10.830000000000146 1039009.0599999749
-8.830000000000155 10.790000000000164 1039009.0599999749
-8.830000000000155 10.790000000000164 1039009.0599999749
-20.970000000000027 217.99 1039009.0599999749
-20.970000000000027 217.99 1039009.0599999749
-4.9500000000000455 283.04999999999995 1039009.0599999749
-4.9500000000000455 283.04999999999995 1039009.0599999749
-8.77000000000021 10.730000000000201 1039009.0599999749
-8.77000000000021 10.730000000000201 1039009.0599999749
-8.760000000000218 10.700000000000198 1039009.0599999749
-8.760000000000218 10.700000000000198 1039009.0599999749
-8.720000000000255 10.660000000000226 1039009.0599999749
-8.720000000000255 10.660000000000226 1039009.0599999749
-8.700000000000273 10.640000000000262 1039009.0599999749
-8.700000000000273 10.640000000000262 1039009.0599999749
-8.640000000000327 10.58000000000029 1039009.0599999749
-8.640000000000327 10.58000000000029 1039009.0599999749
-91.97000000000003 6.970000000000027 1039009.0599999749
-91.97000000000003 6.970000000000027 1039009.0599999749
21.99000000000001 468.99 1039009.0599999749
-8.570000000000391 10.510000000000279 1039009.0599999749
-8.570000000000391 10.510000000000279 1039009.0599999749
-8.55000000000041 10.490000000000284 1039009.0599999749
-8.55000000000041 10.490000000000284 1039009.0599999749
-8.470000000000482 10.410000000000313 1039009.0599999749
-8.470000000000482 10.410000000000313 1039009.0599999749
-9.970000000000027 107.01 1039009.0599999749
-9.970000000000027 107.01 1039009.0599999749
-112.95000000000005 311.04999999999995 1039009.0599999749
-112.95000000000005 -1.9500000000000455 1039009.0599999749
-112.95000000000005 311.04999999999995 1039009.0599999749
-112.95000000000005 -1.9500000000000455 1039009.0599999749
-8.430000000000518 10.370000000000328 1039009.0599999749
-8.430000000000518 10.370000000000328 1039009.0599999749
-7.960000000000036 138.03999999999996 1039009.0599999749
-7.960000000000036 138.03999999999996 1039009.0599999749
5.660000000000309 376.12 1039009.0599999749
-8.410000000000537 10.350000000000355 1039009.0599999749
-8.410000000000537 10.350000000000355 1039009.0599999749
-150.07999999999993 0.8200000000001637 1039009.0599999749
-150.07999999999993 0.8200000000001637 1039009.0599999749
-12.380000000000564 168.84000000000015 1039009.0599999749
-12.380000000000564 168.84000000000015 1039009.0599999749
0.0400000000000091 51.119999999999976 1039009.0599999749
96.87999999999994 322.7000000000003 1039009.0599999749
88.65999999999983 245.48000000000047 1039009.0599999749
-122.93000000000006 0.7100000000002638 1039009.0599999749
-122.93000000000006 0.7100000000002638 1039009.0599999749
-127.90000000000009 312.47999999999956 1039009.0599999749
-127.90000000000009 -0.5200000000004366 1039009.0599999749
-127.90000000000009 312.47999999999956 1039009.0599999749
-127.90000000000009 -0.5200000000004366 1039009.0599999749
4.039999999999999 246.25999999999976 1039009.0599999749
50.019999999999996 169.98000000000002 1039009.0599999749
43.96000000000001 323.9200000000001 1039009.0599999749
2.4100000000005366 429.07000000000005 1039009.0599999749
-8.6700000000003 11.190000000000014 1039009.0599999749
-8.6700000000003 11.190000000000014 1039009.0599999749
41.64000000000007 152.6600000000003 1039009.0599999749
93.12000000000006 248.98000000000002 1039009.0599999749
2.700000000000273 411.8599999999999 1039009.0599999749
1.0000000000009095 340.14000000000004 1039009.0599999749
5.810000000000004 243.73000000000025 1039009.0599999749
-4.400000000000546 189.0 1039009.0599999749
-4.400000000000546 189.0 1039009.0599999749
2.7400000000002365 444.84000000000015 1039009.0599999749
-99.96000000000004 1.900000000000091 1039009.0599999749
-99.96000000000004 1.900000000000091 1039009.0599999749
55.43999999999991 153.13999999999987 1039009.0599999749
50.269999999999946 145.69000000000028 1039009.0599999749
53.60999999999988 168.91000000000008 1039009.0599999749
6.390000000000555 384.1700000000001 1039009.0599999749
15.159999999999997 69.74000000000038 1039009.0599999749
-8.820000000000164 10.580000000000325 1039009.0599999749
-8.820000000000164 10.580000000000325 1039009.0599999749
0.11999999999909049 257.4599999999996 1039009.0599999749
6.7400000000000055 71.48000000000025 1039009.0599999749
-2.590000000000373 302.3499999999997 1039009.0599999749
-2.590000000000373 302.3499999999997 1039009.0599999749
53.95000000000001 185.87000000000012 1039009.0599999749
95.64000000000033 253.05999999999904 1039009.0599999749
3.7399999999999842 98.53999999999976 1039009.0599999749
3.379999999999992 115.83999999999992 1039009.0599999749
21.590000000000092 130.6700000000003 1039009.0599999749
38.219999999999956 275.74000000000024 1039009.0599999749
85.69999999999985 250.94000000000005 1039009.0599999749
67.94999999999997 313.0900000000008 1039009.0599999749
62.79999999999984 179.98000000000002 1039009.0599999749
28.919999999999987 188.8800000000001 1039009.0599999749
70.76000000000039 261.7799999999993 1039009.0599999749
6.139999999999997 297.02 1039009.0599999749
46.929999999999815 290.9100000000001 1039009.0599999749
71.6099999999998 231.30999999999972 1039009.0599999749
62.28000000000014 260.47999999999956 1039009.0599999749
4.339999999999993 280.6800000000003 1039009.0599999749
19.959999999999994 198.8800000000001 1039009.0599999749
13.339999999999971 243.67999999999938 1039009.0599999749
22.820000000000128 62.720000000000056 1039009.0599999749
47.570000000000086 171.02999999999997 1039009.0599999749
24.60999999999994 210.40999999999963 1039009.0599999749
34.29999999999994 110.5999999999998 1039009.0599999749
63.970000000000006 220.04999999999995 1039009.0599999749
-80.55000000000041 309.70999999999935 1039009.0599999749
-80.55000000000041 -3.2900000000006457 1039009.0599999749
-80.55000000000041 309.70999999999935 1039009.0599999749
-80.55000000000041 -3.2900000000006457 1039009.0599999749
33.41000000000012 226.92999999999915 1039009.0599999749
6.0699999999999985 62.85000000000003 1039009.0599999749
12.960000000000022 204.6599999999994 1039009.0599999749
5.229999999999995 50.029999999999994 1039009.0599999749
23.48999999999992 105.38999999999969 1039009.0599999749
88.77999999999989 256.3999999999987 1039009.0599999749
43.09999999999998 190.69999999999936 1039009.0599999749
28.410000000000064 202.95000000000005 1039009.0599999749
27.949999999999992 289.93000000000006 1039009.0599999749
23.210000000000033 144.04999999999995 1039009.0599999749
12.930000000000001 187.05000000000086 1039009.0599999749
32.19999999999996 213.94000000000005 1039009.0599999749
70.67000000000034 300.6700000000012 1039009.0599999749
55.59000000000008 240.99 1039009.0599999749
-28.20999999999981 307.8499999999992 1039009.0599999749
-28.20999999999981 -5.150000000000773 1039009.0599999749
-28.20999999999981 307.8499999999992 1039009.0599999749
-28.20999999999981 -5.150000000000773 1039009.0599999749
15.680000000000007 129.70000000000027 1039009.0599999749
37.31000000000014 178.39000000000055 1039009.0599999749
-8.310000000000628 10.250000000000375 1039009.0599999749
-8.310000000000628 10.250000000000375 1039009.0599999749
21.139999999999866 157.05999999999904 1039009.0599999749
76.5900000000003 227.95000000000005 1039009.0599999749
16.87999999999998 299.4599999999996 1039009.0599999749
6.900000000000002 30.919999999999987 1039009.0599999749
47.31000000000014 260.41000000000054 1039009.0599999749
3.2199999999999953 132.2199999999998 1039009.0599999749
64.31000000000016 260.14999999999986 1039009.0599999749
-55.99000000000001 12.690000000000282 1039009.0599999749
-55.99000000000001 12.690000000000282 1039009.0599999749
41.129999999999775 221.06999999999994 1039009.0599999749
29.39000000000006 300.58999999999946 1039009.0599999749
45.10999999999998 323.85000000000014 1039009.0599999749
58.079999999999984 210.28000000000065 1039009.0599999749
25.180000000000028 277.2600000000007 1039009.0599999749
18.80999999999997 279.63000000000034 1039009.0599999749
15.649999999999986 42.229999999999954 1039009.0599999749
40.780000000000044 158.29999999999973 1039009.0599999749
11.189999999999996 228.3300000000006 1039009.0599999749
55.4999999999999 190.45999999999958 1039009.0599999749
103.16000000000008 296.28000000000065 1039009.0599999749
41.620000000000076 132.01999999999998 1039009.0599999749
334 131 1039009.0599999749
334 444 1039009.0599999749
347 226 1039009.0599999749
347 226 1039009.0599999749
281 363 1039009.0599999749
281 363 1039009.0599999749
454 240 1039009.0599999749
454 240 1039009.0599999749
279 443 1039009.0599999749
279 443 1039009.0599999749
269 400 1039009.0599999749
269 400 1039009.0599999749
420 159 1039009.0599999749
420 159 1039009.0599999749
356 389 1039009.0599999749
264 440 1039009.0599999749
264 440 1039009.0599999749
402 218 1039009.0599999749
402 218 1039009.0599999749
447 276 1039009.0599999749
447 276 1039009.0599999749
448 279 1039009.0599999749
448 279 1039009.0599999749
373 395 1039009.0599999749
199 315 1039009.0599999749
199 315 1039009.0599999749
464 254 1039009.0599999749
464 254 1039009.0599999749
377 220 1039009.0599999749
377 220 1039009.0599999749
384 338 1039009.0599999749
419 153 1039009.0599999749
419 466 1039009.0599999749
368 153 1039009.0599999749
368 466 1039009.0599999749
355 365 1039009.0599999749
442 183 1039009.0599999749
442 183 1039009.0599999749
402 255 1039009.0599999749
402 255 1039009.0599999749
423 212 1039009.0599999749
423 212 1039009.0599999749
325 243 1039009.0599999749
325 243 1039009.0599999749
201 446 1039009.0599999749
201 446 1039009.0599999749
273 339 1039009.0599999749
273 339 1039009.0599999749
318 363 1039009.0599999749
352 353 1039009.0599999749
363 146 1039009.0599999749
363 459 1039009.0599999749
210 353 1039009.0599999749
210 353 1039009.0599999749
351 276 1039009.0599999749
351 276 1039009.0599999749
199 423 1039009.0599999749
199 423 1039009.0599999749
377 260 1039009.0599999749
377 260 1039009.0599999749
443 426 1039009.0599999749
164 391 1039009.0599999749
164 391 1039009.0599999749
276 389 1039009.0599999749
276 389 1039009.0599999749
449 283 1039009.0599999749
449 283 1039009.0599999749
326 188 1039009.0599999749
326 188 1039009.0599999749
356 190 1039009.0599999749
356 190 1039009.0599999749
379 134 1039009.0599999749
379 447 1039009.0599999749
446 367 1039009.0599999749
224 394 1039009.0599999749
224 394 1039009.0599999749
436 175 1039009.0599999749
436 175 1039009.0599999749
146 322 1039009.0599999749
459 322 1039009.0599999749
234 337 1039009.0599999749
234 337 1039009.0599999749
328 355 1039009.0599999749
460 143 1039009.0599999749
460 456 1039009.0599999749
267 415 1039009.0599999749
267 415 1039009.0599999749
385 422 1039009.0599999749
345 214 1039009.0599999749
345 214 1039009.0599999749
409 145 1039009.0599999749
409 458 1039009.0599999749
438 228 1039009.0599999749
438 228 1039009.0599999749
299 407 1039009.0599999749
299 407 1039009.0599999749
361 261 1039009.0599999749
361 261 1039009.0599999749
336 144 1039009.0599999749
336 457 1039009.0599999749
457 444 1039009.0599999749
455 254 1039009.0599999749
455 254 1039009.0599999749
444 368 1039009.0599999749
156 337 1039009.0599999749
469 337 1039009.0599999749
430 182 1039009.0599999749
430 182 1039009.0599999749
366 169 1039009.0599999749
366 169 1039009.0599999749
408 243 1039009.0599999749
408 243 1039009.0599999749
411 142 1039009.0599999749
411 455 1039009.0599999749
328 382 1039009.0599999749
365 379 1039009.0599999749
207 469 1039009.0599999749
207 469 1039009.0599999749
138 340 1039009.0599999749
451 340 1039009.0599999749
354 158 1039009.0599999749
354 158 1039009.0599999749
203 428 1039009.0599999749
203 428 1039009.0599999749
338 210 1039009.0599999749
338 210 1039009.0599999749
382 401 1039009.0599999749
169 315 1039009.0599999749
169 315 1039009.0599999749
361 353 1039009.0599999749
379 349 1039009.0599999749
329 130 1039009.0599999749
329 443 1039009.0599999749
163 340 1039009.0599999749
163 340 1039009.0599999749
463 397 1039009.0599999749
198 452 1039009.0599999749
198 452 1039009.0599999749
413 337 1039009.0599999749
209 346 1039009.0599999749
209 346 1039009.0599999749
185 357 1039009.0599999749
185 357 1039009.0599999749
442 346 1039009.0599999749
399 251 1039009.0599999749
399 251 1039009.0599999749
162 327 1039009.0599999749
162 327 1039009.0599999749
192 461 1039009.0599999749
192 461 1039009.0599999749
158 375 1039009.0599999749
158 375 1039009.0599999749
366 124 1039009.0599999749
366 437 1039009.0599999749
338 278 1039009.0599999749
338 278 1039009.0599999749
189 390 1039009.0599999749
189 390 1039009.0599999749
226 367 1039009.0599999749
226 367 1039009.0599999749
355 132 1039009.0599999749
355 445 1039009.0599999749
405 411 1039009.0599999749
418 181 1039009.0599999749
418 181 1039009.0599999749
280 344 1039009.0599999749
280 344 1039009.0599999749
197 417 1039009.0599999749
197 417 1039009.0599999749
333 199 1039009.0599999749
333 199 1039009.0599999749
237 463 1039009.0599999749
237 463 1039009.0599999749
400 197 1039009.0599999749
400 197 1039009.0599999749
187 342 1039009.0599999749
187 342 1039009.0599999749
183 347 1039009.0599999749
183 347 1039009.0599999749
351 179 1039009.0599999749
351 179 1039009.0599999749
446 363 1039009.0599999749
237 439 1039009.0599999749
237 439 1039009.0599999749
253 353 1039009.0599999749
253 353 1039009.0599999749
431 138 1039009.0599999749
431 451 1039009.0599999749
361 171 1039009.0599999749
361 171 1039009.0599999749
432 258 1039009.0599999749
432 258 1039009.0599999749
402 246 1039009.0599999749
402 246 1039009.0599999749
319 244 1039009.0599999749
319 244 1039009.0599999749
432 389 1039009.0599999749
332 280 1039009.0599999749
332 280 1039009.0599999749
185 409 1039009.0599999749
185 409 1039009.0599999749
426 175 1039009.0599999749
426 175 1039009.0599999749
221 368 1039009.0599999749
221 368 1039009.0599999749
403 371 1039009.0599999749
284 422 1039009.0599999749
284 422 1039009.0599999749
266 446 1039009.0599999749
266 446 1039009.0599999749
437 348 1039009.0599999749
190 433 1039009.0599999749
190 433 1039009.0599999749
240 357 1039009.0599999749
240 357 1039009.0599999749
341 290 1039009.0599999749
341 290 1039009.0599999749
412 138 1039009.0599999749
412 451 1039009.0599999749
181 447 1039009.0599999749
181 447 1039009.0599999749
285 386 1039009.0599999749
285 386 1039009.0599999749
372 387 1039009.0599999749
170 426 1039009.0599999749
170 426 1039009.0599999749
247 335 1039009.0599999749
247 335 1039009.0599999749
467 163 1039009.0599999749
467 163 1039009.0599999749
221 424 1039009.0599999749
221 424 1039009.0599999749
176 419 1039009.0599999749
176 419 1039009.0599999749
262 465 1039009.0599999749
262 465 1039009.0599999749
344 334 1039009.0599999749
453 218 1039009.0599999749
453 218 1039009.0599999749
257 399 1039009.0599999749
257 399 1039009.0599999749
399 178 1039009.0599999749
399 178 1039009.0599999749
279 371 1039009.0599999749
279 371 1039009.0599999749
341 203 1039009.0599999749
341 203 1039009.0599999749
369 241 1039009.0599999749
369 241 1039009.0599999749
220 406 1039009.0599999749
220 406 1039009.0599999749
240 339 1039009.0599999749
240 339 1039009.0599999749
444 381 1039009.0599999749
205 388 1039009.0599999749
205 388 1039009.0599999749
375 180 1039009.0599999749
375 180 1039009.0599999749
418 174 1039009.0599999749
418 174 1039009.0599999749
210 443 1039009.0599999749
210 443 1039009.0599999749
375 350 1039009.0599999749
178 458 1039009.0599999749
178 458 1039009.0599999749
453 160 1039009.0599999749
453 160 1039009.0599999749
459 142 1039009.0599999749
459 455 1039009.0599999749
449 172 1039009.0599999749
449 172 1039009.0599999749
152 363 1039009.0599999749
465 363 1039009.0599999749
349 349 1039009.0599999749
253 395 1039009.0599999749
253 395 1039009.0599999749
371 211 1039009.0599999749
371 211 1039009.0599999749
198 344 1039009.0599999749
198 344 1039009.0599999749
342 189 1039009.0599999749
342 189 1039009.0599999749
385 231 1039009.0599999749
385 231 1039009.0599999749
337 106 1039009.0599999749
337 419 1039009.0599999749
175 401 1039009.0599999749
175 401 1039009.0599999749
383 261 1039009.0599999749
383 261 1039009.0599999749
390 165 1039009.0599999749
390 165 1039009.0599999749
335 376 1039009.0599999749
181 324 1039009.0599999749
181 324 1039009.0599999749
355 153 1039009.0599999749
355 466 1039009.0599999749
467 313 1039009.0599999749
422 149 1039009.0599999749
422 462 1039009.0599999749
457 290 1039009.0599999749
457 290 1039009.0599999749
206 433 1039009.0599999749
206 433 1039009.0599999749
328 340 1039009.0599999749
363 170 1039009.0599999749
363 170 1039009.0599999749
296 357 1039009.0599999749
296 357 1039009.0599999749
197 416 1039009.0599999749
197 416 1039009.0599999749
416 297 1039009.0599999749
416 297 1039009.0599999749
359 331 1039009.0599999749
299 364 1039009.0599999749
299 364 1039009.0599999749
158 366 1039009.0599999749
158 366 1039009.0599999749
288 332 1039009.0599999749
288 332 1039009.0599999749
187 388 1039009.0599999749
187 388 1039009.0599999749
424 180 1039009.0599999749
424 180 1039009.0599999749
427 215 1039009.0599999749
427 215 1039009.0599999749
217 436 1039009.0599999749
217 436 1039009.0599999749
389 228 1039009.0599999749
389 228 1039009.0599999749
418 378 1039009.0599999749
234 374 1039009.0599999749
234 374 1039009.0599999749
347 111 1039009.0599999749
347 424 1039009.0599999749
353 221 1039009.0599999749
353 221 1039009.0599999749
362 116 1039009.0599999749
362 429 1039009.0599999749
410 176 1039009.0599999749
410 176 1039009.0599999749
463 280 1039009.0599999749
463 280 1039009.0599999749
313 364 1039009.0599999749
421 206 1039009.0599999749
421 206 1039009.0599999749
404 413 1039009.0599999749
376 260 1039009.0599999749
376 260 1039009.0599999749
385 360 1039009.0599999749
422 252 1039009.0599999749
422 252 1039009.0599999749
408 252 1039009.0599999749
408 252 1039009.0599999749
408 138 1039009.0599999749
408 451 1039009.0599999749
466 292 1039009.0599999749
466 292 1039009.0599999749
411 395 1039009.0599999749
406 249 1039009.0599999749
406 249 1039009.0599999749
443 168 1039009.0599999749
443 168 1039009.0599999749
383 134 1039009.0599999749
383 447 1039009.0599999749
199 450 1039009.0599999749
199 450 1039009.0599999749
439 147 1039009.0599999749
439 460 1039009.0599999749
359 291 1039009.0599999749
359 291 1039009.0599999749
368 190 1039009.0599999749
368 190 1039009.0599999749
464 157 1039009.0599999749
464 157 1039009.0599999749
427 401 1039009.0599999749
249 428 1039009.0599999749
249 428 1039009.0599999749
258 424 1039009.0599999749
258 424 1039009.0599999749
320 344 1039009.0599999749
392 412 1039009.0599999749
435 365 1039009.0599999749
367 186 1039009.0599999749
367 186 1039009.0599999749
221.02999999999997 319.97 1039009.0599999749
221.02999999999997 319.97 1039009.0599999749
334.99 155.99 1039009.0599999749
334.99 468.99 1039009.0599999749
303.03 420.01 1039009.0599999749
303.03 420.01 1039009.0599999749
305.03999999999996 451.03999999999996 1039009.0599999749
305.03999999999996 451.03999999999996 1039009.0599999749
318.6600000000003 376.12 1039009.0599999749
162.92000000000007 313.82000000000016 1039009.0599999749
162.92000000000007 313.82000000000016 1039009.0599999749
113.09000000000005 174.59000000000037 1039009.0599999749
198.1099999999999 139.4499999999996 1039009.0599999749
409.87999999999994 322.7000000000003 1039009.0599999749
318.88000000000017 297.0799999999999 1039009.0599999749
318.88000000000017 297.0799999999999 1039009.0599999749
190.06999999999994 313.71000000000026 1039009.0599999749
190.06999999999994 313.71000000000026 1039009.0599999749
197.1099999999999 104.17000000000009 1039009.0599999749
110.92999999999996 180.2299999999998 1039009.0599999749
153.06999999999994 292.4099999999996 1039009.0599999749
356.96000000000004 323.9200000000001 1039009.0599999749
133.45999999999958 54.39999999999992 1039009.0599999749
158.96000000000004 283.98 1039009.0599999749
38.80000000000004 40.219999999999956 1039009.0599999749
186.75000000000023 73.68999999999933 1039009.0599999749
315.41000000000054 116.07000000000004 1039009.0599999749
315.41000000000054 429.07000000000005 1039009.0599999749
304.3299999999997 324.19 1039009.0599999749
304.3299999999997 324.19 1039009.0599999749
330.03000000000003 299.4099999999996 1039009.0599999749
330.03000000000003 299.4099999999996 1039009.0599999749
98.01 142.02999999999997 1039009.0599999749
342.02 300.2399999999998 1039009.0599999749
342.02 300.2399999999998 1039009.0599999749
198.96000000000004 109.95999999999998 1039009.0599999749
326.8800000000001 204.03999999999996 1039009.0599999749
326.8800000000001 204.03999999999996 1039009.0599999749
48.35999999999993 39.90000000000002 1039009.0599999749
136.63999999999942 172.35999999999967 1039009.0599999749
168.15999999999985 312.74000000000024 1039009.0599999749
315.7000000000003 98.85999999999993 1039009.0599999749
315.7000000000003 411.8599999999999 1039009.0599999749
314.0000000000009 340.14000000000004 1039009.0599999749
315.74000000000024 131.84000000000015 1039009.0599999749
315.74000000000024 444.84000000000015 1039009.0599999749
274.16000000000076 312.4600000000014 1039009.0599999749
158.94999999999914 52.65000000000007 1039009.0599999749
213.03999999999996 314.9000000000001 1039009.0599999749
213.03999999999996 314.9000000000001 1039009.0599999749
184.7800000000002 311.2200000000007 1039009.0599999749
149.97000000000003 279.5900000000004 1039009.0599999749
217.28999999999974 123.11000000000006 1039009.0599999749
323.4600000000005 229.03999999999996 1039009.0599999749
323.4600000000005 229.03999999999996 1039009.0599999749
319.39000000000055 384.1700000000001 1039009.0599999749
123.10000000000005 174.96000000000004 1039009.0599999749
257.95000000000005 110.78999999999989 1039009.0599999749
221.07999999999993 233.03999999999996 1039009.0599999749
297.50000000000045 265.3199999999988 1039009.0599999749
253.60999999999945 254.53000000000043 1039009.0599999749
189.84000000000015 119.97999999999999 1039009.0599999749
139.8800000000001 159.74000000000024 1039009.0599999749
170.02999999999997 278.01 1039009.0599999749
109.35999999999967 212.41999999999962 1039009.0599999749
199.9000000000001 310.4800000000005 1039009.0599999749
247.76000000000022 263.9200000000001 1039009.0599999749
304.17999999999984 323.5800000000003 1039009.0599999749
304.17999999999984 323.5800000000003 1039009.0599999749
96.76999999999988 175.99 1039009.0599999749
383.0 302.5399999999995 1039009.0599999749
383.0 302.5399999999995 1039009.0599999749
205.99 120.15000000000008 1039009.0599999749
234.85000000000014 291.85000000000014 1039009.0599999749
97.55999999999977 81.7999999999999 1039009.0599999749
316.1300000000008 245.49000000000046 1039009.0599999749
316.1300000000008 245.49000000000046 1039009.0599999749
133.73000000000025 275.1100000000008 1039009.0599999749
117.09000000000005 182.68999999999937 1039009.0599999749
189.02999999999997 77.51000000000026 1039009.0599999749
61.44000000000011 36.980000000000004 1039009.0599999749
107.99 205.1300000000008 1039009.0599999749
380.95 313.0900000000008 1039009.0599999749
117.93999999999997 136.7800000000011 1039009.0599999749
106.96999999999998 159.08999999999992 1039009.0599999749
154.27999999999975 163.2199999999998 1039009.0599999749
267.1999999999998 101.83999999999992 1039009.0599999749
167.01 144.01 1039009.0599999749
264.8100000000002 228.01 1039009.0599999749
134.41000000000145 284.48999999999864 1039009.0599999749
104.99 173.6700000000003 1039009.0599999749
85.58999999999979 178.02999999999997 1039009.0599999749
130.74000000000024 55.15999999999997 1039009.0599999749
165.4499999999996 302.3500000000006 1039009.0599999749
158.02999999999997 146.93000000000006 1039009.0599999749
234.98000000000093 164.27999999999975 1039009.0599999749
256.4800000000005 86.82000000000042 1039009.0599999749
242.82999999999925 288.93000000000006 1039009.0599999749
145.40000000000055 141.98000000000002 1039009.0599999749
141.0999999999999 239.9000000000001 1039009.0599999749
147.25999999999976 142.96000000000004 1039009.0599999749
53.20999999999996 123.99 1039009.0599999749
200.8800000000001 132.50000000000045 1039009.0599999749
232.19999999999982 270.6800000000003 1039009.0599999749
108.94999999999997 252.24999999999977 1039009.0599999749
177.13999999999896 282.0799999999999 1039009.0599999749
71.05000000000054 133.99 1039009.0599999749
274.36999999999966 221.1099999999999 1039009.0599999749
69.44000000000023 87.65999999999983 1039009.0599999749
202.97000000000003 114.99 1039009.0599999749
279.61999999999944 130.17999999999984 1039009.0599999749
251.9000000000001 175.92000000000007 1039009.0599999749
158.36999999999966 62.18999999999996 1039009.0599999749
224.23999999999978 80.83999999999992 1039009.0599999749
258.27999999999975 181.79999999999927 1039009.0599999749
218.2099999999998 287.03 1039009.0599999749
129.5700000000004 167.4500000000005 1039009.0599999749
143.5600000000004 290.39999999999964 1039009.0599999749
268.4699999999996 174.14999999999986 1039009.0599999749
199.0999999999999 137.0 1039009.0599999749
78.87999999999994 99.0 1039009.0599999749
71.35000000000018 24.089999999999858 1039009.0599999749
175.01 206.30999999999972 1039009.0599999749
282.2199999999998 167.48000000000138 1039009.0599999749
262.25999999999976 151.2400000000007 1039009.0599999749
311.2400000000007 257.05999999999995 1039009.0599999749
265.51000000000045 133.74999999999932 1039009.0599999749
252.93000000000006 80.74999999999936 1039009.0599999749
236.9000000000001 126.28000000000014 1039009.0599999749
207.5399999999995 156.91999999999916 1039009.0599999749
224.74000000000024 252.05999999999995 1039009.0599999749
195.9000000000001 258.59999999999945 1039009.0599999749
119.21000000000011 258.6299999999994 1039009.0599999749
151.39000000000055 49.61000000000008 1039009.0599999749
318.2100000000007 297.1899999999998 1039009.0599999749
318.2100000000007 297.1899999999998 1039009.0599999749
241.18999999999983 207.4500000000005 1039009.0599999749
244.51000000000045 242.2299999999998 1039009.0599999749
177.61999999999944 164.45999999999958 1039009.0599999749
175.4600000000005 105.63999999999982 1039009.0599999749
302.74000000000024 107.52000000000027 1039009.0599999749
41.680000000000064 52.23999999999995 1039009.0599999749
269.4199999999996 87.26000000000013 1039009.0599999749
208.8900000000001 278.5300000000004 1039009.0599999749
86.55999999999977 197.03999999999996 1039009.0599999749
198.69000000000028 289.3099999999997 1039009.0599999749
164.96000000000004 279.98 1039009.0599999749
264.02 126.4199999999997 1039009.0599999749
220.3299999999997 93.3900000000002 1039009.0599999749
284.03999999999996 109.36000000000018 1039009.0599999749
72.01 109.33000000000017 1039009.0599999749
15.279999999999994 26.47999999999992 1039009.0599999749
114.64000000000033 214.96000000000004 1039009.0599999749
244.23999999999887 276.8799999999992 1039009.0599999749
232.25999999999976 308.7800000000002 1039009.0599999749
180.95000000000005 133.5700000000004 1039009.0599999749
293.15999999999894 218.69999999999936 1039009.0599999749
46.29999999999994 18.300000000000047 1039009.0599999749
304.27000000000066 138.46999999999957 1039009.0599999749
59.53999999999989 73.83999999999992 1039009.0599999749
109.12000000000006 148.84000000000015 1039009.0599999749
119.04000000000002 76.0 1039009.0599999749
191.97000000000003 148.5499999999995 1039009.0599999749
248.09000000000083 114.38999999999969 1039009.0599999749
240.99000000000092 181.50999999999954 1039009.0599999749
174.87000000000012 88.09000000000005 1039009.0599999749
280.96000000000095 198.29999999999973 1039009.0599999749
162.13999999999987 177.36000000000058 1039009.0599999749
126.26000000000013 147.19999999999982 1039009.0599999749
228.9000000000001 275.3599999999997 1039009.0599999749
205.05999999999995 74.7999999999999 1039009.0599999749
94.25999999999962 137.10000000000082 1039009.0599999749
59.38000000000012 82.82000000000042 1039009.0599999749
304.6899999999994 323.2500000000004 1039009.0599999749
304.6899999999994 323.2500000000004 1039009.0599999749
238.74999999999932 296.24999999999886 1039009.0599999749
316.18000000000075 280.96000000000004 1039009.0599999749
316.18000000000075 280.96000000000004 1039009.0599999749
65.67999999999984 134.13999999999987 1039009.0599999749
141.74000000000024 254.03999999999996 1039009.0599999749
42.26000000000015 77.10000000000056 1039009.0599999749
99.86000000000044 137.08000000000084 1039009.0599999749
114.35000000000018 88.87000000000045 1039009.0599999749
129.93000000000006 112.0299999999995 1039009.0599999749
291.94000000000096 252.64000000000124 1039009.0599999749
163.92999999999915 228.36999999999966 1039009.0599999749
236.75000000000023 149.3300000000006 1039009.0599999749
150.98000000000002 156.80000000000018 1039009.0599999749
140.62999999999943 216.4700000000014 1039009.0599999749
210.73999999999933 131.01999999999907 1039009.0599999749
30.279999999999887 20.319999999999894 1039009.0599999749
227.26000000000067 269.40000000000055 1039009.0599999749
35.95000000000001 35.41000000000012 1039009.0599999749
175.70999999999935 262.1300000000008 1039009.0599999749
288.61999999999944 193.37999999999965 1039009.0599999749
169.26000000000067 266.72000000000025 1039009.0599999749
153.1300000000008 311.8100000000011 1039009.0599999749
91.87000000000045 101.79000000000092 1039009.0599999749
161.2200000000007 181.6399999999985 1039009.0599999749
232.14999999999986 226.63000000000034 1039009.0599999749
285.1399999999999 180.9000000000001 1039009.0599999749
177.99 145.06999999999994 1039009.0599999749
52.30999999999994 65.32999999999966 1039009.0599999749
95.38999999999969 145.68999999999937 1039009.0599999749
285.4299999999996 306.6500000000003 1039009.0599999749
77.13000000000007 164.4500000000005 1039009.0599999749
221.52999999999952 110.66999999999983 1039009.0599999749
89.29000000000015 218.16999999999985 1039009.0599999749
149.21000000000072 84.7900000000004 1039009.0599999749
105.08000000000004 64.81999999999991 1039009.0599999749
307.83000000000015 189.26999999999975 1039009.0599999749
131.38999999999965 68.3900000000002 1039009.0599999749
134.74000000000024 279.0 1039009.0599999749
197.4399999999996 102.03999999999951 1039009.0599999749
299.0899999999999 93.16999999999958 1039009.0599999749
72.18000000000009 47.55999999999989 1039009.0599999749
143.81000000000017 130.87000000000012 1039009.0599999749
200.39000000000055 244.2300000000007 1039009.0599999749
213.1199999999999 305.5800000000004 1039009.0599999749
184.56999999999857 205.9899999999991 1039009.0599999749
257.06999999999994 158.04999999999995 1039009.0599999749
164.05999999999995 77.77999999999989 1039009.0599999749
257.01 325.6900000000003 1039009.0599999749
257.01 325.6900000000003 1039009.0599999749
66.37000000000019 35.95000000000001 1039009.0599999749
49.029999999999994 114.98999999999948 1039009.0599999749
240.81000000000017 273.99 1039009.0599999749
358.10999999999996 323.85000000000014 1039009.0599999749
151.8799999999992 253.8800000000001 1039009.0599999749
169.43000000000143 203.91000000000008 1039009.0599999749
256.69999999999845 263.8799999999992 1039009.0599999749
124.69999999999985 228.57999999999947 1039009.0599999749
213.54000000000133 228.5800000000013 1039009.0599999749
169.96000000000004 113.16000000000008 1039009.0599999749
121.24999999999962 51.770000000000046 1039009.0599999749
95.64000000000033 241.98000000000093 1039009.0599999749
206.69999999999936 192.0 1039009.0599999749
286.94000000000096 291.52000000000135 1039009.0599999749
129.89999999999918 184.39999999999873 1039009.0599999749
105.97999999999999 153.07999999999993 1039009.0599999749
91.96999999999998 97.48999999999974 1039009.0599999749
252.05999999999995 235.6600000000003 1039009.0599999749
247.81000000000017 164.01 1039009.0599999749
181.58999999999946 188.21000000000072 1039009.0599999749
89.64999999999982 57.99 1039009.0599999749
157.8900000000001 119.86999999999993 1039009.0599999749
133.0999999999999 49.420000000000115 1039009.0599999749
300.2299999999998 168.3300000000006 1039009.0599999749
185.03999999999996 95.93999999999997 1039009.0599999749
104.94999999999997 181.34999999999968 1039009.0599999749
34 -87 1039009.0599999749
347 -87 1039009.0599999749
34 -87 1039009.0599999749
347 -87 1039009.0599999749
-32 -263 1039009.0599999749
-32 -263 1039009.0599999749
141 -73 1039009.0599999749
454 -73 1039009.0599999749
141 -73 1039009.0599999749
454 -73 1039009.0599999749
-34 -183 1039009.0599999749
-34 -183 1039009.0599999749
-44 -226 1039009.0599999749
-44 -226 1039009.0599999749
107 -154 1039009.0599999749
420 -154 1039009.0599999749
107 -154 1039009.0599999749
420 -154 1039009.0599999749
255 -50 1039009.0599999749
255 -50 1039009.0599999749
215 -83 1039009.0599999749
215 -83 1039009.0599999749
183 -108 1039009.0599999749
183 -108 1039009.0599999749
258 -132 1039009.0599999749
258 -132 1039009.0599999749
-49 -186 1039009.0599999749
-49 -186 1039009.0599999749
89 -95 1039009.0599999749
402 -95 1039009.0599999749
89 -95 1039009.0599999749
402 -95 1039009.0599999749
134 -37 1039009.0599999749
447 -37 1039009.0599999749
134 -37 1039009.0599999749
447 -37 1039009.0599999749
135 -34 1039009.0599999749
448 -34 1039009.0599999749
135 -34 1039009.0599999749
448 -34 1039009.0599999749
201 -68 1039009.0599999749
201 -68 1039009.0599999749
-114 -311 1039009.0599999749
-114 -311 1039009.0599999749
252 -137 1039009.0599999749
252 -137 1039009.0599999749
199 -24 1039009.0599999749
199 -24 1039009.0599999749
151 -59 1039009.0599999749
464 -59 1039009.0599999749
151 -59 1039009.0599999749
464 -59 1039009.0599999749
64 -93 1039009.0599999749
377 -93 1039009.0599999749
64 -93 1039009.0599999749
377 -93 1039009.0599999749
384 25 1039009.0599999749
355 52 1039009.0599999749
129 -130 1039009.0599999749
442 -130 1039009.0599999749
129 -130 1039009.0599999749
442 -130 1039009.0599999749
298 -49 1039009.0599999749
-15 -49 1039009.0599999749
298 -49 1039009.0599999749
-15 -49 1039009.0599999749
89 -58 1039009.0599999749
402 -58 1039009.0599999749
89 -58 1039009.0599999749
402 -58 1039009.0599999749
110 -101 1039009.0599999749
423 -101 1039009.0599999749
110 -101 1039009.0599999749
423 -101 1039009.0599999749
12 -70 1039009.0599999749
325 -70 1039009.0599999749
12 -70 1039009.0599999749
325 -70 1039009.0599999749
235 -21 1039009.0599999749
235 -21 1039009.0599999749
-40 -287 1039009.0599999749
-40 -287 1039009.0599999749
318 50 1039009.0599999749
232 -86 1039009.0599999749
232 -86 1039009.0599999749
352 40 1039009.0599999749
-103 -273 1039009.0599999749
-103 -273 1039009.0599999749
38 -37 1039009.0599999749
351 -37 1039009.0599999749
38 -37 1039009.0599999749
351 -37 1039009.0599999749
64 -53 1039009.0599999749
377 -53 1039009.0599999749
64 -53 1039009.0599999749
377 -53 1039009.0599999749
-37 -237 1039009.0599999749
-37 -237 1039009.0599999749
136 -30 1039009.0599999749
449 -30 1039009.0599999749
136 -30 1039009.0599999749
449 -30 1039009.0599999749
13 -125 1039009.0599999749
326 -125 1039009.0599999749
13 -125 1039009.0599999749
326 -125 1039009.0599999749
43 -123 1039009.0599999749
356 -123 1039009.0599999749
43 -123 1039009.0599999749
356 -123 1039009.0599999749
232 -42 1039009.0599999749
232 -42 1039009.0599999749
446 54 1039009.0599999749
248 -149 1039009.0599999749
248 -149 1039009.0599999749
-89 -232 1039009.0599999749
-89 -232 1039009.0599999749
123 -138 1039009.0599999749
436 -138 1039009.0599999749
123 -138 1039009.0599999749
436 -138 1039009.0599999749
459 9 1039009.0599999749
-79 -289 1039009.0599999749
-79 -289 1039009.0599999749
328 42 1039009.0599999749
218 -26 1039009.0599999749
218 -26 1039009.0599999749
-46 -211 1039009.0599999749
-46 -211 1039009.0599999749
176 -31 1039009.0599999749
176 -31 1039009.0599999749
32 -99 1039009.0599999749
345 -99 1039009.0599999749
32 -99 1039009.0599999749
345 -99 1039009.0599999749
125 -85 1039009.0599999749
438 -85 1039009.0599999749
125 -85 1039009.0599999749
438 -85 1039009.0599999749
-14 -219 1039009.0599999749
-14 -219 1039009.0599999749
48 -52 1039009.0599999749
361 -52 1039009.0599999749
48 -52 1039009.0599999749
361 -52 1039009.0599999749
241 -39 1039009.0599999749
241 -39 1039009.0599999749
170 -35 1039009.0599999749
170 -35 1039009.0599999749
162 -133 1039009.0599999749
162 -133 1039009.0599999749
142 -59 1039009.0599999749
455 -59 1039009.0599999749
142 -59 1039009.0599999749
455 -59 1039009.0599999749
444 55 1039009.0599999749
229 -38 1039009.0599999749
229 -38 1039009.0599999749
469 24 1039009.0599999749
117 -131 1039009.0599999749
430 -131 1039009.0599999749
117 -131 1039009.0599999749
430 -131 1039009.0599999749
53 -144 1039009.0599999749
366 -144 1039009.0599999749
53 -144 1039009.0599999749
366 -144 1039009.0599999749
95 -70 1039009.0599999749
408 -70 1039009.0599999749
95 -70 1039009.0599999749
408 -70 1039009.0599999749
213 -7 1039009.0599999749
213 -7 1039009.0599999749
365 66 1039009.0599999749
282 -115 1039009.0599999749
-31 -115 1039009.0599999749
282 -115 1039009.0599999749
-31 -115 1039009.0599999749
451 27 1039009.0599999749
41 -155 1039009.0599999749
354 -155 1039009.0599999749
41 -155 1039009.0599999749
354 -155 1039009.0599999749
248 -49 1039009.0599999749
248 -49 1039009.0599999749
25 -103 1039009.0599999749
338 -103 1039009.0599999749
25 -103 1039009.0599999749
338 -103 1039009.0599999749
361 40 1039009.0599999749
379 36 1039009.0599999749
463 84 1039009.0599999749
413 24 1039009.0599999749
-104 -280 1039009.0599999749
-104 -280 1039009.0599999749
288 -20 1039009.0599999749
288 -20 1039009.0599999749
442 33 1039009.0599999749
86 -62 1039009.0599999749
399 -62 1039009.0599999749
86 -62 1039009.0599999749
399 -62 1039009.0599999749
171 -109 1039009.0599999749
171 -109 1039009.0599999749
236 -149 1039009.0599999749
236 -149 1039009.0599999749
288 -120 1039009.0599999749
-25 -120 1039009.0599999749
288 -120 1039009.0599999749
-25 -120 1039009.0599999749
25 -35 1039009.0599999749
338 -35 1039009.0599999749
25 -35 1039009.0599999749
338 -35 1039009.0599999749
-87 -259 1039009.0599999749
-87 -259 1039009.0599999749
105 -132 1039009.0599999749
418 -132 1039009.0599999749
105 -132 1039009.0599999749
418 -132 1039009.0599999749
-33 -282 1039009.0599999749
-33 -282 1039009.0599999749
20 -114 1039009.0599999749
333 -114 1039009.0599999749
20 -114 1039009.0599999749
333 -114 1039009.0599999749
87 -116 1039009.0599999749
400 -116 1039009.0599999749
87 -116 1039009.0599999749
400 -116 1039009.0599999749
257 -155 1039009.0599999749
-56 -155 1039009.0599999749
257 -155 1039009.0599999749
-56 -155 1039009.0599999749
38 -134 1039009.0599999749
351 -134 1039009.0599999749
38 -134 1039009.0599999749
351 -134 1039009.0599999749
165 -33 1039009.0599999749
165 -33 1039009.0599999749
446 50 1039009.0599999749
159 -29 1039009.0599999749
159 -29 1039009.0599999749
-60 -273 1039009.0599999749
-60 -273 1039009.0599999749
252 -77 1039009.0599999749
252 -77 1039009.0599999749
48 -142 1039009.0599999749
361 -142 1039009.0599999749
48 -142 1039009.0599999749
361 -142 1039009.0599999749
119 -55 1039009.0599999749
432 -55 1039009.0599999749
119 -55 1039009.0599999749
432 -55 1039009.0599999749
89 -67 1039009.0599999749
402 -67 1039009.0599999749
89 -67 1039009.0599999749
402 -67 1039009.0599999749
6 -69 1039009.0599999749
319 -69 1039009.0599999749
6 -69 1039009.0599999749
319 -69 1039009.0599999749
432 76 1039009.0599999749
19 -33 1039009.0599999749
332 -33 1039009.0599999749
19 -33 1039009.0599999749
332 -33 1039009.0599999749
113 -138 1039009.0599999749
426 -138 1039009.0599999749
113 -138 1039009.0599999749
426 -138 1039009.0599999749
268 -139 1039009.0599999749
-45 -139 1039009.0599999749
268 -139 1039009.0599999749
-45 -139 1039009.0599999749
-92 -258 1039009.0599999749
-92 -258 1039009.0599999749
403 58 1039009.0599999749
245 -71 1039009.0599999749
245 -71 1039009.0599999749
282 -144 1039009.0599999749
-31 -144 1039009.0599999749
282 -144 1039009.0599999749
-31 -144 1039009.0599999749
265 -85 1039009.0599999749
265 -85 1039009.0599999749
-29 -204 1039009.0599999749
-29 -204 1039009.0599999749
242 -24 1039009.0599999749
242 -24 1039009.0599999749
-47 -180 1039009.0599999749
-47 -180 1039009.0599999749
437 35 1039009.0599999749
-73 -269 1039009.0599999749
-73 -269 1039009.0599999749
28 -23 1039009.0599999749
341 -23 1039009.0599999749
28 -23 1039009.0599999749
341 -23 1039009.0599999749
-28 -240 1039009.0599999749
-28 -240 1039009.0599999749
372 74 1039009.0599999749
238 -18 1039009.0599999749
238 -18 1039009.0599999749
-66 -291 1039009.0599999749
-66 -291 1039009.0599999749
154 -150 1039009.0599999749
467 -150 1039009.0599999749
154 -150 1039009.0599999749
467 -150 1039009.0599999749
293 -59 1039009.0599999749
-20 -59 1039009.0599999749
293 -59 1039009.0599999749
-20 -59 1039009.0599999749
163 -85 1039009.0599999749
163 -85 1039009.0599999749
-51 -161 1039009.0599999749
-51 -161 1039009.0599999749
175 -107 1039009.0599999749
175 -107 1039009.0599999749
170 -46 1039009.0599999749
170 -46 1039009.0599999749
177 -149 1039009.0599999749
177 -149 1039009.0599999749
344 21 1039009.0599999749
140 -95 1039009.0599999749
453 -95 1039009.0599999749
140 -95 1039009.0599999749
453 -95 1039009.0599999749
-56 -227 1039009.0599999749
-56 -227 1039009.0599999749
86 -135 1039009.0599999749
399 -135 1039009.0599999749
86 -135 1039009.0599999749
399 -135 1039009.0599999749
-34 -255 1039009.0599999749
-34 -255 1039009.0599999749
28 -110 1039009.0599999749
341 -110 1039009.0599999749
28 -110 1039009.0599999749
341 -110 1039009.0599999749
56 -72 1039009.0599999749
369 -72 1039009.0599999749
56 -72 1039009.0599999749
369 -72 1039009.0599999749
-73 -287 1039009.0599999749
-73 -287 1039009.0599999749
444 68 1039009.0599999749
228 -43 1039009.0599999749
228 -43 1039009.0599999749
62 -133 1039009.0599999749
375 -133 1039009.0599999749
62 -133 1039009.0599999749
375 -133 1039009.0599999749
253 -58 1039009.0599999749
253 -58 1039009.0599999749
105 -139 1039009.0599999749
418 -139 1039009.0599999749
105 -139 1039009.0599999749
418 -139 1039009.0599999749
375 37 1039009.0599999749
241 -105 1039009.0599999749
241 -105 1039009.0599999749
140 -153 1039009.0599999749
453 -153 1039009.0599999749
140 -153 1039009.0599999749
453 -153 1039009.0599999749
136 -141 1039009.0599999749
449 -141 1039009.0599999749
136 -141 1039009.0599999749
449 -141 1039009.0599999749
465 50 1039009.0599999749
349 36 1039009.0599999749
-60 -231 1039009.0599999749
-60 -231 1039009.0599999749
58 -102 1039009.0599999749
371 -102 1039009.0599999749
58 -102 1039009.0599999749
371 -102 1039009.0599999749
29 -124 1039009.0599999749
342 -124 1039009.0599999749
29 -124 1039009.0599999749
342 -124 1039009.0599999749
72 -82 1039009.0599999749
385 -82 1039009.0599999749
72 -82 1039009.0599999749
385 -82 1039009.0599999749
70 -52 1039009.0599999749
383 -52 1039009.0599999749
70 -52 1039009.0599999749
383 -52 1039009.0599999749
77 -148 1039009.0599999749
390 -148 1039009.0599999749
77 -148 1039009.0599999749
390 -148 1039009.0599999749
175 -50 1039009.0599999749
175 -50 1039009.0599999749
335 63 1039009.0599999749
243 -37 1039009.0599999749
243 -37 1039009.0599999749
467 0 1039009.0599999749
144 -23 1039009.0599999749
457 -23 1039009.0599999749
144 -23 1039009.0599999749
457 -23 1039009.0599999749
242 -132 1039009.0599999749
242 -132 1039009.0599999749
328 27 1039009.0599999749
50 -143 1039009.0599999749
363 -143 1039009.0599999749
50 -143 1039009.0599999749
363 -143 1039009.0599999749
-17 -269 1039009.0599999749
-17 -269 1039009.0599999749
103 -16 1039009.0599999749
416 -16 1039009.0599999749
103 -16 1039009.0599999749
416 -16 1039009.0599999749
206 -121 1039009.0599999749
206 -121 1039009.0599999749
359 18 1039009.0599999749
-14 -262 1039009.0599999749
-14 -262 1039009.0599999749
-25 -294 1039009.0599999749
-25 -294 1039009.0599999749
181 -124 1039009.0599999749
181 -124 1039009.0599999749
111 -133 1039009.0599999749
424 -133 1039009.0599999749
111 -133 1039009.0599999749
424 -133 1039009.0599999749
114 -98 1039009.0599999749
427 -98 1039009.0599999749
114 -98 1039009.0599999749
427 -98 1039009.0599999749
76 -85 1039009.0599999749
389 -85 1039009.0599999749
76 -85 1039009.0599999749
389 -85 1039009.0599999749
418 65 1039009.0599999749
-79 -252 1039009.0599999749
-79 -252 1039009.0599999749
165 -10 1039009.0599999749
165 -10 1039009.0599999749
285 -132 1039009.0599999749
-28 -132 1039009.0599999749
285 -132 1039009.0599999749
-28 -132 1039009.0599999749
40 -92 1039009.0599999749
353 -92 1039009.0599999749
40 -92 1039009.0599999749
353 -92 1039009.0599999749
97 -137 1039009.0599999749
410 -137 1039009.0599999749
97 -137 1039009.0599999749
410 -137 1039009.0599999749
209 -34 1039009.0599999749
209 -34 1039009.0599999749
162 -135 1039009.0599999749
162 -135 1039009.0599999749
150 -33 1039009.0599999749
463 -33 1039009.0599999749
150 -33 1039009.0599999749
463 -33 1039009.0599999749
108 -107 1039009.0599999749
421 -107 1039009.0599999749
108 -107 1039009.0599999749
421 -107 1039009.0599999749
196 -55 1039009.0599999749
196 -55 1039009.0599999749
63 -53 1039009.0599999749
376 -53 1039009.0599999749
63 -53 1039009.0599999749
376 -53 1039009.0599999749
385 47 1039009.0599999749
109 -61 1039009.0599999749
422 -61 1039009.0599999749
109 -61 1039009.0599999749
422 -61 1039009.0599999749
225 -61 1039009.0599999749
225 -61 1039009.0599999749
95 -61 1039009.0599999749
408 -61 1039009.0599999749
95 -61 1039009.0599999749
408 -61 1039009.0599999749
153 -21 1039009.0599999749
466 -21 1039009.0599999749
153 -21 1039009.0599999749
466 -21 1039009.0599999749
411 82 1039009.0599999749
93 -64 1039009.0599999749
406 -64 1039009.0599999749
93 -64 1039009.0599999749
406 -64 1039009.0599999749
130 -145 1039009.0599999749
443 -145 1039009.0599999749
130 -145 1039009.0599999749
443 -145 1039009.0599999749
221 -80 1039009.0599999749
221 -80 1039009.0599999749
274 -92 1039009.0599999749
274 -92 1039009.0599999749
46 -22 1039009.0599999749
359 -22 1039009.0599999749
46 -22 1039009.0599999749
359 -22 1039009.0599999749
55 -123 1039009.0599999749
368 -123 1039009.0599999749
55 -123 1039009.0599999749
368 -123 1039009.0599999749
151 -156 1039009.0599999749
464 -156 1039009.0599999749
151 -156 1039009.0599999749
464 -156 1039009.0599999749
-64 -198 1039009.0599999749
-64 -198 1039009.0599999749
-55 -202 1039009.0599999749
-55 -202 1039009.0599999749
320 31 1039009.0599999749
435 52 1039009.0599999749
54 -127 1039009.0599999749
367 -127 1039009.0599999749
54 -127 1039009.0599999749
367 -127 1039009.0599999749
292.03 -95.00999999999999 1039009.0599999749
-20.970000000000027 -95.00999999999999 1039009.0599999749
292.03 -95.00999999999999 1039009.0599999749
-20.970000000000027 -95.00999999999999 1039009.0599999749
308.04999999999995 -29.950000000000045 1039009.0599999749
-4.9500000000000455 -29.950000000000045 1039009.0599999749
308.04999999999995 -29.950000000000045 1039009.0599999749
-4.9500000000000455 -29.950000000000045 1039009.0599999749
5.620000000000337 -15.920000000000073 1039009.0599999749
5.620000000000337 -15.920000000000073 1039009.0599999749
-91.97000000000003 -306.03 1039009.0599999749
-91.97000000000003 -306.03 1039009.0599999749
167.99 0.030000000000009096 1039009.0599999749
-9.970000000000027 -205.99 1039009.0599999749
-9.970000000000027 -205.99 1039009.0599999749
200.04999999999995 -1.9500000000000455 1039009.0599999749
200.04999999999995 -1.9500000000000455 1039009.0599999749
-7.960000000000036 -174.96000000000004 1039009.0599999749
-7.960000000000036 -174.96000000000004 1039009.0599999749
318.6600000000003 63.119999999999976 1039009.0599999749
300.61999999999944 -144.15999999999985 1039009.0599999749
-12.380000000000564 -144.15999999999985 1039009.0599999749
300.61999999999944 -144.15999999999985 1039009.0599999749
-12.380000000000564 -144.15999999999985 1039009.0599999749
409.87999999999994 9.700000000000273 1039009.0599999749
5.880000000000171 -15.920000000000073 1039009.0599999749
318.88000000000017 -15.920000000000073 1039009.0599999749
5.880000000000171 -15.920000000000073 1039009.0599999749
318.88000000000017 -15.920000000000073 1039009.0599999749
185.0999999999999 -0.5200000000004366 1039009.0599999749
185.0999999999999 -0.5200000000004366 1039009.0599999749
356.96000000000004 10.920000000000073 1039009.0599999749
-8.6700000000003 -301.81 1039009.0599999749
-8.6700000000003 -301.81 1039009.0599999749
17.030000000000005 -13.590000000000373 1039009.0599999749
330.03000000000003 -13.590000000000373 1039009.0599999749
17.030000000000005 -13.590000000000373 1039009.0599999749
330.03000000000003 -13.590000000000373 1039009.0599999749
153.97000000000003 0.2700000000000092 1039009.0599999749
312.28000000000065 51.019999999999996 1039009.0599999749
5.240000000000682 -15.800000000000182 1039009.0599999749
5.240000000000682 -15.800000000000182 1039009.0599999749
29.020000000000003 -12.760000000000218 1039009.0599999749
342.02 -12.760000000000218 1039009.0599999749
29.020000000000003 -12.760000000000218 1039009.0599999749
342.02 -12.760000000000218 1039009.0599999749
13.88000000000011 -108.96000000000004 1039009.0599999749
326.8800000000001 -108.96000000000004 1039009.0599999749
13.88000000000011 -108.96000000000004 1039009.0599999749
326.8800000000001 -108.96000000000004 1039009.0599999749
314.0000000000009 27.140000000000022 1039009.0599999749
308.59999999999945 -124.0 1039009.0599999749
-4.400000000000546 -124.0 1039009.0599999749
308.59999999999945 -124.0 1039009.0599999749
-4.400000000000546 -124.0 1039009.0599999749
-99.96000000000004 -311.0999999999999 1039009.0599999749
-99.96000000000004 -311.0999999999999 1039009.0599999749
10.460000000000491 -83.96000000000004 1039009.0599999749
323.4600000000005 -83.96000000000004 1039009.0599999749
10.460000000000491 -83.96000000000004 1039009.0599999749
323.4600000000005 -83.96000000000004 1039009.0599999749
209.61999999999944 32.220000000000155 1039009.0599999749
-8.820000000000164 -302.4199999999997 1039009.0599999749
-8.820000000000164 -302.4199999999997 1039009.0599999749
70.0 -10.460000000000491 1039009.0599999749
383.0 -10.460000000000491 1039009.0599999749
70.0 -10.460000000000491 1039009.0599999749
383.0 -10.460000000000491 1039009.0599999749
310.4099999999996 -10.650000000000318 1039009.0599999749
-2.590000000000373 -10.650000000000318 1039009.0599999749
310.4099999999996 -10.650000000000318 1039009.0599999749
-2.590000000000373 -10.650000000000318 1039009.0599999749
3.1300000000007913 -67.50999999999954 1039009.0599999749
316.1300000000008 -67.50999999999954 1039009.0599999749
3.1300000000007913 -67.50999999999954 1039009.0599999749
316.1300000000008 -67.50999999999954 1039009.0599999749
280.28999999999974 31.33000000000005 1039009.0599999749
380.95 0.09000000000082764 1039009.0599999749
138.15999999999985 26.93999999999999 1039009.0599999749
198.99 2.749999999999984 1039009.0599999749
197.97000000000003 30.80999999999997 1039009.0599999749
257.36999999999966 12.03000000000002 1039009.0599999749
240.01999999999998 44.079999999999984 1039009.0599999749
221.17999999999984 7.659999999999986 1039009.0599999749
239.97000000000003 26.050000000000008 1039009.0599999749
209.8900000000001 40.629999999999875 1039009.0599999749
233.26000000000067 24.0 1039009.0599999749
303.94000000000005 10.820000000000004 1039009.0599999749
169.0999999999999 2.319999999999993 1039009.0599999749
5.2100000000007185 -15.810000000000173 1039009.0599999749
318.2100000000007 -15.810000000000173 1039009.0599999749
5.2100000000007185 -15.810000000000173 1039009.0599999749
318.2100000000007 -15.810000000000173 1039009.0599999749
298.96000000000004 51.59999999999988 1039009.0599999749
212.5700000000004 2.6299999999999866 1039009.0599999749
232.4499999999996 -3.2900000000006457 1039009.0599999749
232.4499999999996 -3.2900000000006457 1039009.0599999749
163.61999999999944 27.240000000000038 1039009.0599999749
162.04999999999995 13.99 1039009.0599999749
284.7900000000002 -5.150000000000773 1039009.0599999749
284.7900000000002 -5.150000000000773 1039009.0599999749
182.5600000000004 34.19999999999996 1039009.0599999749
280.8800000000001 49.620000000000076 1039009.0599999749
-8.310000000000628 -302.7499999999996 1039009.0599999749
-8.310000000000628 -302.7499999999996 1039009.0599999749
3.180000000000746 -32.039999999999964 1039009.0599999749
316.18000000000075 -32.039999999999964 1039009.0599999749
3.180000000000746 -32.039999999999964 1039009.0599999749
316.18000000000075 -32.039999999999964 1039009.0599999749
288.0 18.539999999999928 1039009.0599999749
253.68999999999937 40.34999999999993 1039009.0599999749
155.51000000000045 24.050000000000008 1039009.0599999749
96.17999999999958 9.740000000000006 1039009.0599999749
296.0 43.04000000000019 1039009.0599999749
272.28000000000065 26.100000000000016 1039009.0599999749
-55.99000000000001 -300.3099999999997 1039009.0599999749
-55.99000000000001 -300.3099999999997 1039009.0599999749
358.10999999999996 10.850000000000136 1039009.0599999749
181.05999999999995 11.379999999999992 1039009.0599999749
145.26000000000067 9.02 1039009.0599999749
247.01 21.74999999999996 1039009.0599999749
115.3800000000002 0.6199999999990908 1039009.0599999749
187.14999999999986 28.469999999999917 1039009.0599999749
356 76 1039009.0599999749
373 82 1039009.0599999749
443 113 1039009.0599999749
385 109 1039009.0599999749
457 131 1039009.0599999749
328 69 1039009.0599999749
382 88 1039009.0599999749
405 98 1039009.0599999749
404 100 1039009.0599999749
427 88 1039009.0599999749
392 99 1039009.0599999749
319.39000000000055 71.17000000000009 1039009.0599999749
275.40000000000055 75.69999999999985 1039009.0599999749
234.7699999999993 61.4899999999999 1039009.0599999749
185.01999999999998 45.13999999999977 1039009.0599999749
226.05999999999995 53.74000000000005 1039009.0599999749
44.23999999999995 9.940000000000023 1039009.0599999749
286.02999999999906 72.96999999999998 1039009.0599999749
122.84999999999941 34.830000000000034 1039009.0599999749
129.01999999999998 32.820000000000036 1039009.0599999749
278.27000000000066 58.129999999999974 1039009.0599999749
99.78999999999989 25.130000000000177 1039009.0599999749
219.81000000000108 55.30999999999994 1039009.0599999749
-58 -50 1039009.0599999749
-58 -50 1039009.0599999749
-98 -83 1039009.0599999749
-98 -83 1039009.0599999749
-130 -108 1039009.0599999749
-130 -108 1039009.0599999749
-55 -132 1039009.0599999749
-55 -132 1039009.0599999749
-112 -68 1039009.0599999749
-112 -68 1039009.0599999749
-61 -137 1039009.0599999749
-61 -137 1039009.0599999749
-112 -180 1039009.0599999749
-112 -180 1039009.0599999749
-81 -86 1039009.0599999749
-81 -86 1039009.0599999749
-114 -203 1039009.0599999749
-114 -203 1039009.0599999749
-149 -235 1039009.0599999749
-149 -235 1039009.0599999749
-81 -42 1039009.0599999749
-81 -42 1039009.0599999749
-65 -149 1039009.0599999749
-65 -149 1039009.0599999749
-146 -169 1039009.0599999749
-146 -169 1039009.0599999749
-72 -39 1039009.0599999749
-72 -39 1039009.0599999749
-151 -133 1039009.0599999749
-151 -133 1039009.0599999749
-84 -38 1039009.0599999749
-84 -38 1039009.0599999749
-155 -166 1039009.0599999749
-155 -166 1039009.0599999749
-106 -157 1039009.0599999749
-106 -157 1039009.0599999749
-110 -198 1039009.0599999749
-110 -198 1039009.0599999749
-65 -49 1039009.0599999749
-65 -49 1039009.0599999749
-144 -311 1039009.0599999749
-144 -311 1039009.0599999749
-150 -286 1039009.0599999749
-150 -286 1039009.0599999749
-115 -174 1039009.0599999749
-115 -174 1039009.0599999749
-155 -193 1039009.0599999749
-155 -193 1039009.0599999749
-25 -20 1039009.0599999749
-25 -20 1039009.0599999749
-128 -269 1039009.0599999749
-128 -269 1039009.0599999749
-151 -299 1039009.0599999749
-151 -299 1039009.0599999749
-142 -109 1039009.0599999749
-142 -109 1039009.0599999749
-77 -149 1039009.0599999749
-77 -149 1039009.0599999749
-121 -165 1039009.0599999749
-121 -165 1039009.0599999749
-155 -251 1039009.0599999749
-155 -251 1039009.0599999749
-124 -236 1039009.0599999749
-124 -236 1039009.0599999749
-116 -209 1039009.0599999749
-116 -209 1039009.0599999749
-76 -163 1039009.0599999749
-76 -163 1039009.0599999749
-126 -284 1039009.0599999749
-126 -284 1039009.0599999749
-130 -279 1039009.0599999749
-130 -279 1039009.0599999749
-76 -187 1039009.0599999749
-76 -187 1039009.0599999749
-61 -77 1039009.0599999749
-61 -77 1039009.0599999749
-128 -217 1039009.0599999749
-128 -217 1039009.0599999749
-68 -71 1039009.0599999749
-68 -71 1039009.0599999749
-48 -85 1039009.0599999749
-48 -85 1039009.0599999749
-71 -24 1039009.0599999749
-71 -24 1039009.0599999749
-123 -193 1039009.0599999749
-123 -193 1039009.0599999749
-132 -179 1039009.0599999749
-132 -179 1039009.0599999749
-143 -200 1039009.0599999749
-143 -200 1039009.0599999749
-92 -202 1039009.0599999749
-92 -202 1039009.0599999749
-137 -207 1039009.0599999749
-137 -207 1039009.0599999749
-150 -85 1039009.0599999749
-150 -85 1039009.0599999749
-138 -107 1039009.0599999749
-138 -107 1039009.0599999749
-143 -46 1039009.0599999749
-143 -46 1039009.0599999749
-136 -149 1039009.0599999749
-136 -149 1039009.0599999749
-93 -220 1039009.0599999749
-93 -220 1039009.0599999749
-85 -43 1039009.0599999749
-85 -43 1039009.0599999749
-108 -238 1039009.0599999749
-108 -238 1039009.0599999749
-60 -58 1039009.0599999749
-60 -58 1039009.0599999749
-103 -183 1039009.0599999749
-103 -183 1039009.0599999749
-72 -105 1039009.0599999749
-72 -105 1039009.0599999749
-135 -168 1039009.0599999749
-135 -168 1039009.0599999749
-115 -282 1039009.0599999749
-115 -282 1039009.0599999749
-138 -225 1039009.0599999749
-138 -225 1039009.0599999749
-138 -50 1039009.0599999749
-138 -50 1039009.0599999749
-132 -302 1039009.0599999749
-132 -302 1039009.0599999749
-70 -37 1039009.0599999749
-70 -37 1039009.0599999749
-107 -193 1039009.0599999749
-107 -193 1039009.0599999749
-71 -132 1039009.0599999749
-71 -132 1039009.0599999749
-116 -210 1039009.0599999749
-116 -210 1039009.0599999749
-107 -121 1039009.0599999749
-107 -121 1039009.0599999749
-155 -260 1039009.0599999749
-155 -260 1039009.0599999749
-132 -124 1039009.0599999749
-132 -124 1039009.0599999749
-126 -238 1039009.0599999749
-126 -238 1039009.0599999749
-96 -190 1039009.0599999749
-96 -190 1039009.0599999749
-145 -313 1039009.0599999749
-145 -313 1039009.0599999749
-104 -34 1039009.0599999749
-104 -34 1039009.0599999749
-151 -135 1039009.0599999749
-151 -135 1039009.0599999749
-117 -55 1039009.0599999749
-117 -55 1039009.0599999749
-88 -61 1039009.0599999749
-88 -61 1039009.0599999749
-114 -176 1039009.0599999749
-114 -176 1039009.0599999749
-92 -80 1039009.0599999749
-92 -80 1039009.0599999749
-39 -92 1039009.0599999749
-39 -92 1039009.0599999749
-150.07999999999993 -312.17999999999984 1039009.0599999749
-150.07999999999993 -312.17999999999984 1039009.0599999749
-122.93000000000006 -312.28999999999974 1039009.0599999749
-122.93000000000006 -312.28999999999974 1039009.0599999749
-114 -24 1039009.0599999749
-114 -24 1039009.0599999749
-78 -21 1039009.0599999749
-78 -21 1039009.0599999749
-95 -26 1039009.0599999749
-95 -26 1039009.0599999749
-137 -31 1039009.0599999749
-137 -31 1039009.0599999749
-143 -35 1039009.0599999749
-143 -35 1039009.0599999749
-148 -33 1039009.0599999749
-148 -33 1039009.0599999749
-75 -18 1039009.0599999749
-75 -18 1039009.0599999749
