21 444 1037658.8200000401
-32 50 1037658.8200000401
-32 50 1037658.8200000401
-34 130 1037658.8200000401
-34 130 1037658.8200000401
-44 87 1037658.8200000401
-44 87 1037658.8200000401
-58 263 1037658.8200000401
-58 263 1037658.8200000401
-98 230 1037658.8200000401
-98 230 1037658.8200000401
-130 205 1037658.8200000401
-130 205 1037658.8200000401
-55 181 1037658.8200000401
-55 181 1037658.8200000401
43 389 1037658.8200000401
-49 127 1037658.8200000401
-49 127 1037658.8200000401
-112 245 1037658.8200000401
-112 245 1037658.8200000401
60 395 1037658.8200000401
-114 2 1037658.8200000401
-114 2 1037658.8200000401
-61 176 1037658.8200000401
-61 176 1037658.8200000401
-114 289 1037658.8200000401
-114 289 1037658.8200000401
71 338 1037658.8200000401
106 466 1037658.8200000401
55 466 1037658.8200000401
42 365 1037658.8200000401
-15 264 1037658.8200000401
-15 264 1037658.8200000401
-78 292 1037658.8200000401
-78 292 1037658.8200000401
-112 133 1037658.8200000401
-112 133 1037658.8200000401
-40 26 1037658.8200000401
-40 26 1037658.8200000401
5 363 1037658.8200000401
-81 227 1037658.8200000401
-81 227 1037658.8200000401
39 353 1037658.8200000401
50 459 1037658.8200000401
-103 40 1037658.8200000401
-103 40 1037658.8200000401
-114 110 1037658.8200000401
-114 110 1037658.8200000401
130 426 1037658.8200000401
-149 78 1037658.8200000401
-149 78 1037658.8200000401
-37 76 1037658.8200000401
-37 76 1037658.8200000401
-81 271 1037658.8200000401
-81 271 1037658.8200000401
66 447 1037658.8200000401
133 367 1037658.8200000401
-65 164 1037658.8200000401
-65 164 1037658.8200000401
-89 81 1037658.8200000401
-89 81 1037658.8200000401
-79 24 1037658.8200000401
-79 24 1037658.8200000401
15 355 1037658.8200000401
147 456 1037658.8200000401
-95 287 1037658.8200000401
-95 287 1037658.8200000401
-46 102 1037658.8200000401
-46 102 1037658.8200000401
72 422 1037658.8200000401
-137 282 1037658.8200000401
-137 282 1037658.8200000401
-146 144 1037658.8200000401
167 457 1037658.8200000401
-146 144 1037658.8200000401
167 457 1037658.8200000401
96 458 1037658.8200000401
-14 94 1037658.8200000401
-14 94 1037658.8200000401
-72 274 1037658.8200000401
-72 274 1037658.8200000401
-143 278 1037658.8200000401
-143 278 1037658.8200000401
-151 180 1037658.8200000401
-151 180 1037658.8200000401
23 457 1037658.8200000401
144 444 1037658.8200000401
131 368 1037658.8200000401
-84 275 1037658.8200000401
-84 275 1037658.8200000401
98 455 1037658.8200000401
-100 306 1037658.8200000401
-100 -7 1037658.8200000401
-100 306 1037658.8200000401
-100 -7 1037658.8200000401
-155 147 1037658.8200000401
158 460 1037658.8200000401
-155 147 1037658.8200000401
158 460 1037658.8200000401
15 382 1037658.8200000401
52 379 1037658.8200000401
-106 156 1037658.8200000401
-106 156 1037658.8200000401
-31 198 1037658.8200000401
-31 198 1037658.8200000401
-110 115 1037658.8200000401
-110 115 1037658.8200000401
-65 264 1037658.8200000401
-65 264 1037658.8200000401
69 401 1037658.8200000401
-144 2 1037658.8200000401
-144 2 1037658.8200000401
48 353 1037658.8200000401
66 349 1037658.8200000401
16 443 1037658.8200000401
-150 27 1037658.8200000401
-150 27 1037658.8200000401
150 397 1037658.8200000401
-115 139 1037658.8200000401
-115 139 1037658.8200000401
-155 120 1037658.8200000401
158 433 1037658.8200000401
-155 120 1037658.8200000401
158 433 1037658.8200000401
100 337 1037658.8200000401
-104 33 1037658.8200000401
-104 33 1037658.8200000401
-25 293 1037658.8200000401
-25 293 1037658.8200000401
-128 44 1037658.8200000401
-128 44 1037658.8200000401
129 346 1037658.8200000401
-151 14 1037658.8200000401
-151 14 1037658.8200000401
-142 204 1037658.8200000401
-142 204 1037658.8200000401
-77 164 1037658.8200000401
-77 164 1037658.8200000401
-121 148 1037658.8200000401
-121 148 1037658.8200000401
-155 62 1037658.8200000401
-155 62 1037658.8200000401
53 437 1037658.8200000401
-25 193 1037658.8200000401
-25 193 1037658.8200000401
-124 77 1037658.8200000401
-124 77 1037658.8200000401
-87 54 1037658.8200000401
-87 54 1037658.8200000401
42 445 1037658.8200000401
92 411 1037658.8200000401
-33 31 1037658.8200000401
-33 31 1037658.8200000401
-116 104 1037658.8200000401
-116 104 1037658.8200000401
-76 150 1037658.8200000401
-76 150 1037658.8200000401
-126 29 1037658.8200000401
-126 29 1037658.8200000401
-130 34 1037658.8200000401
-130 34 1037658.8200000401
-56 158 1037658.8200000401
-56 158 1037658.8200000401
-148 280 1037658.8200000401
-148 280 1037658.8200000401
133 363 1037658.8200000401
-154 284 1037658.8200000401
-154 -29 1037658.8200000401
-154 284 1037658.8200000401
-154 -29 1037658.8200000401
-76 126 1037658.8200000401
-76 126 1037658.8200000401
-60 40 1037658.8200000401
-60 40 1037658.8200000401
118 451 1037658.8200000401
-61 236 1037658.8200000401
-61 236 1037658.8200000401
119 389 1037658.8200000401
-128 96 1037658.8200000401
-128 96 1037658.8200000401
-45 174 1037658.8200000401
-45 174 1037658.8200000401
-92 55 1037658.8200000401
-92 55 1037658.8200000401
90 371 1037658.8200000401
-68 242 1037658.8200000401
-68 242 1037658.8200000401
-31 169 1037658.8200000401
-31 169 1037658.8200000401
-48 228 1037658.8200000401
-48 228 1037658.8200000401
-29 109 1037658.8200000401
-29 109 1037658.8200000401
-71 289 1037658.8200000401
-71 289 1037658.8200000401
-47 133 1037658.8200000401
-47 133 1037658.8200000401
124 348 1037658.8200000401
-123 120 1037658.8200000401
-123 120 1037658.8200000401
-73 44 1037658.8200000401
-73 44 1037658.8200000401
99 451 1037658.8200000401
-132 134 1037658.8200000401
-132 134 1037658.8200000401
-28 73 1037658.8200000401
-28 73 1037658.8200000401
59 387 1037658.8200000401
-75 295 1037658.8200000401
-75 295 1037658.8200000401
-143 113 1037658.8200000401
-143 113 1037658.8200000401
-66 22 1037658.8200000401
-66 22 1037658.8200000401
-20 254 1037658.8200000401
-20 254 1037658.8200000401
-92 111 1037658.8200000401
-92 111 1037658.8200000401
-137 106 1037658.8200000401
-137 106 1037658.8200000401
-150 228 1037658.8200000401
-150 228 1037658.8200000401
-51 152 1037658.8200000401
-51 152 1037658.8200000401
-138 206 1037658.8200000401
-138 206 1037658.8200000401
-143 267 1037658.8200000401
-143 267 1037658.8200000401
-136 164 1037658.8200000401
-136 164 1037658.8200000401
31 334 1037658.8200000401
-56 86 1037658.8200000401
-56 86 1037658.8200000401
-34 58 1037658.8200000401
-34 58 1037658.8200000401
-93 93 1037658.8200000401
-93 93 1037658.8200000401
-73 26 1037658.8200000401
-73 26 1037658.8200000401
131 381 1037658.8200000401
-85 270 1037658.8200000401
-85 270 1037658.8200000401
-108 75 1037658.8200000401
-108 75 1037658.8200000401
-60 255 1037658.8200000401
-60 255 1037658.8200000401
-103 130 1037658.8200000401
-103 130 1037658.8200000401
62 350 1037658.8200000401
-72 208 1037658.8200000401
-72 208 1037658.8200000401
-135 145 1037658.8200000401
-135 145 1037658.8200000401
146 455 1037658.8200000401
36 349 1037658.8200000401
-60 82 1037658.8200000401
-60 82 1037658.8200000401
-115 31 1037658.8200000401
-115 31 1037658.8200000401
24 419 1037658.8200000401
-138 88 1037658.8200000401
-138 88 1037658.8200000401
-138 263 1037658.8200000401
-138 263 1037658.8200000401
22 376 1037658.8200000401
-132 11 1037658.8200000401
-132 11 1037658.8200000401
-70 276 1037658.8200000401
-70 276 1037658.8200000401
42 466 1037658.8200000401
109 462 1037658.8200000401
-107 120 1037658.8200000401
-107 120 1037658.8200000401
-71 181 1037658.8200000401
-71 181 1037658.8200000401
15 340 1037658.8200000401
-17 44 1037658.8200000401
-17 44 1037658.8200000401
-116 103 1037658.8200000401
-116 103 1037658.8200000401
-107 192 1037658.8200000401
-107 192 1037658.8200000401
46 331 1037658.8200000401
-14 51 1037658.8200000401
-14 51 1037658.8200000401
-155 53 1037658.8200000401
-155 53 1037658.8200000401
-25 19 1037658.8200000401
-25 19 1037658.8200000401
-132 189 1037658.8200000401
-132 189 1037658.8200000401
-126 75 1037658.8200000401
-126 75 1037658.8200000401
-96 123 1037658.8200000401
-96 123 1037658.8200000401
105 378 1037658.8200000401
-79 61 1037658.8200000401
-79 61 1037658.8200000401
34 424 1037658.8200000401
-148 303 1037658.8200000401
-148 -10 1037658.8200000401
-148 303 1037658.8200000401
-148 -10 1037658.8200000401
-28 181 1037658.8200000401
-28 181 1037658.8200000401
-145 0 1037658.8200000401
-145 0 1037658.8200000401
49 429 1037658.8200000401
-104 279 1037658.8200000401
-104 279 1037658.8200000401
-151 178 1037658.8200000401
-151 178 1037658.8200000401
0 364 1037658.8200000401
-117 258 1037658.8200000401
-117 258 1037658.8200000401
91 413 1037658.8200000401
72 360 1037658.8200000401
-88 252 1037658.8200000401
-88 252 1037658.8200000401
95 451 1037658.8200000401
98 395 1037658.8200000401
70 447 1037658.8200000401
-114 137 1037658.8200000401
-114 137 1037658.8200000401
-92 233 1037658.8200000401
-92 233 1037658.8200000401
126 460 1037658.8200000401
-39 221 1037658.8200000401
-39 221 1037658.8200000401
114 401 1037658.8200000401
-64 115 1037658.8200000401
-64 115 1037658.8200000401
-55 111 1037658.8200000401
-55 111 1037658.8200000401
7 344 1037658.8200000401
79 412 1037658.8200000401
122 365 1037658.8200000401
-8.970000000000027 10.930000000000037 1037658.8200000401
-8.970000000000027 10.930000000000037 1037658.8200000401
-8.930000000000064 10.890000000000082 1037658.8200000401
-8.930000000000064 10.890000000000082 1037658.8200000401
-8.8900000000001 10.85000000000011 1037658.8200000401
-8.8900000000001 10.85000000000011 1037658.8200000401
-8.870000000000118 10.830000000000146 1037658.8200000401
-8.870000000000118 10.830000000000146 1037658.8200000401
-8.830000000000155 10.790000000000164 1037658.8200000401
-8.830000000000155 10.790000000000164 1037658.8200000401
-20.970000000000027 217.99 1037658.8200000401
-20.970000000000027 217.99 1037658.8200000401
-4.9500000000000455 283.04999999999995 1037658.8200000401
-4.9500000000000455 283.04999999999995 1037658.8200000401
-8.77000000000021 10.730000000000201 1037658.8200000401
-8.77000000000021 10.730000000000201 1037658.8200000401
-8.760000000000218 10.700000000000198 1037658.8200000401
-8.760000000000218 10.700000000000198 1037658.8200000401
-8.720000000000255 10.660000000000226 1037658.8200000401
-8.720000000000255 10.660000000000226 1037658.8200000401
-8.700000000000273 10.640000000000262 1037658.8200000401
-8.700000000000273 10.640000000000262 1037658.8200000401
-8.640000000000327 10.58000000000029 1037658.8200000401
-8.640000000000327 10.58000000000029 1037658.8200000401
21.99000000000001 468.99 1037658.8200000401
-8.570000000000391 10.510000000000279 1037658.8200000401
-8.570000000000391 10.510000000000279 1037658.8200000401
-8.55000000000041 10.490000000000284 1037658.8200000401
-8.55000000000041 10.490000000000284 1037658.8200000401
-8.470000000000482 10.410000000000313 1037658.8200000401
-8.470000000000482 10.410000000000313 1037658.8200000401
-9.970000000000027 107.01 1037658.8200000401
-9.970000000000027 107.01 1037658.8200000401
-112.95000000000005 311.04999999999995 1037658.8200000401
-112.95000000000005 -1.9500000000000455 1037658.8200000401
-112.95000000000005 311.04999999999995 1037658.8200000401
-112.95000000000005 -1.9500000000000455 1037658.8200000401
-8.430000000000518 10.370000000000328 1037658.8200000401
-8.430000000000518 10.370000000000328 1037658.8200000401
-7.960000000000036 138.03999999999996 1037658.8200000401
-7.960000000000036 138.03999999999996 1037658.8200000401
-8.410000000000537 10.350000000000355 1037658.8200000401
-8.410000000000537 10.350000000000355 1037658.8200000401
-12.380000000000564 168.84000000000015 1037658.8200000401
-12.380000000000564 168.84000000000015 1037658.8200000401
-122.93000000000006 0.7100000000002638 1037658.8200000401
-122.93000000000006 0.7100000000002638 1037658.8200000401
43.96000000000001 323.9200000000001 1037658.8200000401
2.4100000000005366 429.07000000000005 1037658.8200000401
93.12000000000006 248.98000000000002 1037658.8200000401
2.700000000000273 411.8599999999999 1037658.8200000401
-99.96000000000004 1.900000000000091 1037658.8200000401
-99.96000000000004 1.900000000000091 1037658.8200000401
45.10999999999998 323.85000000000014 1037658.8200000401
67.94999999999997 313.07000000000085 1037658.8200000401
2.7300000000002456 444.83000000000015 1037658.8200000401
88.64999999999982 245.47000000000048 1037658.8200000401
6.129999999999997 297.01 1037658.8200000401
-2.570000000000391 302.3499999999997 1037658.8200000401
-2.570000000000391 302.3499999999997 1037658.8200000401
15.650000000000007 129.69000000000028 1037658.8200000401
3.7199999999999847 98.53999999999976 1037658.8200000401
27.93999999999999 289.94000000000005 1037658.8200000401
-91.96000000000004 6.960000000000036 1037658.8200000401
-91.96000000000004 6.960000000000036 1037658.8200000401
6.059999999999999 62.86000000000003 1037658.8200000401
24.60999999999994 210.4299999999996 1037658.8200000401
-8.66000000000031 11.180000000000014 1037658.8200000401
-8.66000000000031 11.180000000000014 1037658.8200000401
64.32000000000016 260.1399999999999 1037658.8200000401
-150.07999999999993 0.8000000000001819 1037658.8200000401
-150.07999999999993 0.8000000000001819 1037658.8200000401
0.1499999999990905 257.48999999999955 1037658.8200000401
-4.360000000000582 188.96000000000004 1037658.8200000401
-4.360000000000582 188.96000000000004 1037658.8200000401
25.170000000000027 277.2300000000007 1037658.8200000401
12.910000000000023 204.6699999999994 1037658.8200000401
50.029999999999994 169.97000000000003 1037658.8200000401
53.61999999999988 168.9000000000001 1037658.8200000401
38.20999999999996 275.7700000000002 1037658.8200000401
-127.91000000000008 312.50999999999954 1037658.8200000401
-127.91000000000008 -0.49000000000046384 1037658.8200000401
-127.91000000000008 312.50999999999954 1037658.8200000401
-127.91000000000008 -0.49000000000046384 1037658.8200000401
53.94000000000001 185.86000000000013 1037658.8200000401
4.379999999999992 280.6600000000003 1037658.8200000401
6.910000000000002 30.92999999999999 1037658.8200000401
46.96999999999981 290.8900000000001 1037658.8200000401
5.219999999999995 50.019999999999996 1037658.8200000401
13.39999999999997 243.67999999999938 1037658.8200000401
15.139999999999997 69.7800000000004 1037658.8200000401
0.0500000000000091 51.129999999999974 1037658.8200000401
71.57999999999979 231.3399999999997 1037658.8200000401
-8.290000000000646 10.230000000000375 1037658.8200000401
-8.290000000000646 10.230000000000375 1037658.8200000401
22.850000000000133 62.69000000000006 1037658.8200000401
5.800000000000004 243.70000000000027 1037658.8200000401
11.169999999999996 228.3500000000006 1037658.8200000401
63.980000000000004 220.03999999999996 1037658.8200000401
28.899999999999984 188.9000000000001 1037658.8200000401
95.67000000000034 253.089999999999 1037658.8200000401
85.67999999999984 250.96000000000004 1037658.8200000401
21.620000000000097 130.6800000000003 1037658.8200000401
-80.55000000000041 309.7499999999993 1037658.8200000401
-80.55000000000041 -3.250000000000682 1037658.8200000401
-80.55000000000041 309.7499999999993 1037658.8200000401
-80.55000000000041 -3.250000000000682 1037658.8200000401
0.9600000000009459 340.12 1037658.8200000401
33.44000000000011 226.93999999999915 1037658.8200000401
55.4999999999999 190.47999999999956 1037658.8200000401
3.2499999999999947 132.24999999999977 1037658.8200000401
96.87999999999994 322.6800000000003 1037658.8200000401
28.430000000000067 202.91000000000008 1037658.8200000401
-8.830000000000155 10.570000000000334 1037658.8200000401
-8.830000000000155 10.570000000000334 1037658.8200000401
62.25000000000015 260.48999999999955 1037658.8200000401
41.620000000000076 152.6600000000003 1037658.8200000401
16.849999999999977 299.48999999999955 1037658.8200000401
34.30999999999994 110.54999999999977 1037658.8200000401
40.76000000000005 158.27999999999975 1037658.8200000401
21.059999999999853 157.11999999999898 1037658.8200000401
6.350000000000591 384.1700000000001 1037658.8200000401
3.3999999999999915 115.85999999999993 1037658.8200000401
47.29000000000014 260.3100000000006 1037658.8200000401
23.210000000000033 144.06999999999994 1037658.8200000401
41.55000000000009 132.04999999999995 1037658.8200000401
88.74999999999987 256.48999999999864 1037658.8200000401
50.24999999999995 145.65000000000032 1037658.8200000401
18.789999999999967 279.5900000000004 1037658.8200000401
103.2000000000001 296.2000000000007 1037658.8200000401
6.730000000000006 71.51000000000026 1037658.8200000401
-55.98000000000002 12.680000000000291 1037658.8200000401
-55.98000000000002 12.680000000000291 1037658.8200000401
32.20999999999996 213.95000000000005 1037658.8200000401
43.05999999999999 190.71999999999935 1037658.8200000401
41.15999999999977 221.07999999999993 1037658.8200000401
55.429999999999914 153.16999999999985 1037658.8200000401
-28.169999999999845 307.8899999999992 1037658.8200000401
-28.169999999999845 -5.1100000000008095 1037658.8200000401
-28.169999999999845 307.8899999999992 1037658.8200000401
-28.169999999999845 -5.1100000000008095 1037658.8200000401
58.05999999999999 210.2400000000007 1037658.8200000401
29.400000000000063 300.61999999999944 1037658.8200000401
70.70000000000036 300.6600000000012 1037658.8200000401
12.950000000000001 186.97000000000094 1037658.8200000401
4.059999999999999 246.27999999999975 1037658.8200000401
5.650000000000318 376.10999999999996 1037658.8200000401
62.85999999999983 180.0 1037658.8200000401
37.25000000000015 178.3500000000006 1037658.8200000401
23.469999999999917 105.30999999999965 1037658.8200000401
76.64000000000033 227.98000000000002 1037658.8200000401
47.53000000000009 171.02999999999997 1037658.8200000401
19.93999999999999 198.86000000000013 1037658.8200000401
55.55000000000009 241.01 1037658.8200000401
15.669999999999986 42.20999999999996 1037658.8200000401
70.80000000000041 261.7999999999993 1037658.8200000401
334 131 1037658.8200000401
334 444 1037658.8200000401
347 226 1037658.8200000401
347 226 1037658.8200000401
281 363 1037658.8200000401
281 363 1037658.8200000401
454 240 1037658.8200000401
454 240 1037658.8200000401
279 443 1037658.8200000401
279 443 1037658.8200000401
269 400 1037658.8200000401
269 400 1037658.8200000401
420 159 1037658.8200000401
420 159 1037658.8200000401
356 389 1037658.8200000401
264 440 1037658.8200000401
264 440 1037658.8200000401
402 218 1037658.8200000401
402 218 1037658.8200000401
447 276 1037658.8200000401
447 276 1037658.8200000401
448 279 1037658.8200000401
448 279 1037658.8200000401
373 395 1037658.8200000401
199 315 1037658.8200000401
199 315 1037658.8200000401
464 254 1037658.8200000401
464 254 1037658.8200000401
377 220 1037658.8200000401
377 220 1037658.8200000401
384 338 1037658.8200000401
419 153 1037658.8200000401
419 466 1037658.8200000401
368 153 1037658.8200000401
368 466 1037658.8200000401
355 365 1037658.8200000401
442 183 1037658.8200000401
442 183 1037658.8200000401
402 255 1037658.8200000401
402 255 1037658.8200000401
423 212 1037658.8200000401
423 212 1037658.8200000401
325 243 1037658.8200000401
325 243 1037658.8200000401
201 446 1037658.8200000401
201 446 1037658.8200000401
273 339 1037658.8200000401
273 339 1037658.8200000401
318 363 1037658.8200000401
352 353 1037658.8200000401
363 146 1037658.8200000401
363 459 1037658.8200000401
210 353 1037658.8200000401
210 353 1037658.8200000401
351 276 1037658.8200000401
351 276 1037658.8200000401
199 423 1037658.8200000401
199 423 1037658.8200000401
377 260 1037658.8200000401
377 260 1037658.8200000401
443 426 1037658.8200000401
164 391 1037658.8200000401
164 391 1037658.8200000401
276 389 1037658.8200000401
276 389 1037658.8200000401
449 283 1037658.8200000401
449 283 1037658.8200000401
326 188 1037658.8200000401
326 188 1037658.8200000401
356 190 1037658.8200000401
356 190 1037658.8200000401
379 134 1037658.8200000401
379 447 1037658.8200000401
446 367 1037658.8200000401
224 394 1037658.8200000401
224 394 1037658.8200000401
436 175 1037658.8200000401
436 175 1037658.8200000401
146 322 1037658.8200000401
459 322 1037658.8200000401
234 337 1037658.8200000401
234 337 1037658.8200000401
328 355 1037658.8200000401
460 143 1037658.8200000401
460 456 1037658.8200000401
267 415 1037658.8200000401
267 415 1037658.8200000401
385 422 1037658.8200000401
345 214 1037658.8200000401
345 214 1037658.8200000401
409 145 1037658.8200000401
409 458 1037658.8200000401
438 228 1037658.8200000401
438 228 1037658.8200000401
299 407 1037658.8200000401
299 407 1037658.8200000401
361 261 1037658.8200000401
361 261 1037658.8200000401
336 144 1037658.8200000401
336 457 1037658.8200000401
457 444 1037658.8200000401
455 254 1037658.8200000401
455 254 1037658.8200000401
444 368 1037658.8200000401
156 337 1037658.8200000401
469 337 1037658.8200000401
430 182 1037658.8200000401
430 182 1037658.8200000401
366 169 1037658.8200000401
366 169 1037658.8200000401
408 243 1037658.8200000401
408 243 1037658.8200000401
411 142 1037658.8200000401
411 455 1037658.8200000401
328 382 1037658.8200000401
365 379 1037658.8200000401
207 469 1037658.8200000401
207 469 1037658.8200000401
138 340 1037658.8200000401
451 340 1037658.8200000401
354 158 1037658.8200000401
354 158 1037658.8200000401
203 428 1037658.8200000401
203 428 1037658.8200000401
338 210 1037658.8200000401
338 210 1037658.8200000401
382 401 1037658.8200000401
169 315 1037658.8200000401
169 315 1037658.8200000401
361 353 1037658.8200000401
379 349 1037658.8200000401
329 130 1037658.8200000401
329 443 1037658.8200000401
163 340 1037658.8200000401
163 340 1037658.8200000401
463 397 1037658.8200000401
198 452 1037658.8200000401
198 452 1037658.8200000401
413 337 1037658.8200000401
209 346 1037658.8200000401
209 346 1037658.8200000401
185 357 1037658.8200000401
185 357 1037658.8200000401
442 346 1037658.8200000401
399 251 1037658.8200000401
399 251 1037658.8200000401
162 327 1037658.8200000401
162 327 1037658.8200000401
192 461 1037658.8200000401
192 461 1037658.8200000401
158 375 1037658.8200000401
158 375 1037658.8200000401
366 124 1037658.8200000401
366 437 1037658.8200000401
338 278 1037658.8200000401
338 278 1037658.8200000401
189 390 1037658.8200000401
189 390 1037658.8200000401
226 367 1037658.8200000401
226 367 1037658.8200000401
355 132 1037658.8200000401
355 445 1037658.8200000401
405 411 1037658.8200000401
418 181 1037658.8200000401
418 181 1037658.8200000401
280 344 1037658.8200000401
280 344 1037658.8200000401
197 417 1037658.8200000401
197 417 1037658.8200000401
333 199 1037658.8200000401
333 199 1037658.8200000401
237 463 1037658.8200000401
237 463 1037658.8200000401
400 197 1037658.8200000401
400 197 1037658.8200000401
187 342 1037658.8200000401
187 342 1037658.8200000401
183 347 1037658.8200000401
183 347 1037658.8200000401
351 179 1037658.8200000401
351 179 1037658.8200000401
446 363 1037658.8200000401
237 439 1037658.8200000401
237 439 1037658.8200000401
253 353 1037658.8200000401
253 353 1037658.8200000401
431 138 1037658.8200000401
431 451 1037658.8200000401
361 171 1037658.8200000401
361 171 1037658.8200000401
432 258 1037658.8200000401
432 258 1037658.8200000401
402 246 1037658.8200000401
402 246 1037658.8200000401
319 244 1037658.8200000401
319 244 1037658.8200000401
432 389 1037658.8200000401
332 280 1037658.8200000401
332 280 1037658.8200000401
185 409 1037658.8200000401
185 409 1037658.8200000401
426 175 1037658.8200000401
426 175 1037658.8200000401
221 368 1037658.8200000401
221 368 1037658.8200000401
403 371 1037658.8200000401
284 422 1037658.8200000401
284 422 1037658.8200000401
266 446 1037658.8200000401
266 446 1037658.8200000401
437 348 1037658.8200000401
190 433 1037658.8200000401
190 433 1037658.8200000401
240 357 1037658.8200000401
240 357 1037658.8200000401
341 290 1037658.8200000401
341 290 1037658.8200000401
412 138 1037658.8200000401
412 451 1037658.8200000401
181 447 1037658.8200000401
181 447 1037658.8200000401
285 386 1037658.8200000401
285 386 1037658.8200000401
372 387 1037658.8200000401
170 426 1037658.8200000401
170 426 1037658.8200000401
247 335 1037658.8200000401
247 335 1037658.8200000401
467 163 1037658.8200000401
467 163 1037658.8200000401
221 424 1037658.8200000401
221 424 1037658.8200000401
176 419 1037658.8200000401
176 419 1037658.8200000401
262 465 1037658.8200000401
262 465 1037658.8200000401
344 334 1037658.8200000401
453 218 1037658.8200000401
453 218 1037658.8200000401
257 399 1037658.8200000401
257 399 1037658.8200000401
399 178 1037658.8200000401
399 178 1037658.8200000401
279 371 1037658.8200000401
279 371 1037658.8200000401
341 203 1037658.8200000401
341 203 1037658.8200000401
369 241 1037658.8200000401
369 241 1037658.8200000401
220 406 1037658.8200000401
220 406 1037658.8200000401
240 339 1037658.8200000401
240 339 1037658.8200000401
444 381 1037658.8200000401
205 388 1037658.8200000401
205 388 1037658.8200000401
375 180 1037658.8200000401
375 180 1037658.8200000401
418 174 1037658.8200000401
418 174 1037658.8200000401
210 443 1037658.8200000401
210 443 1037658.8200000401
375 350 1037658.8200000401
178 458 1037658.8200000401
178 458 1037658.8200000401
453 160 1037658.8200000401
453 160 1037658.8200000401
459 142 1037658.8200000401
459 455 1037658.8200000401
449 172 1037658.8200000401
449 172 1037658.8200000401
152 363 1037658.8200000401
465 363 1037658.8200000401
349 349 1037658.8200000401
253 395 1037658.8200000401
253 395 1037658.8200000401
371 211 1037658.8200000401
371 211 1037658.8200000401
198 344 1037658.8200000401
198 344 1037658.8200000401
342 189 1037658.8200000401
342 189 1037658.8200000401
385 231 1037658.8200000401
385 231 1037658.8200000401
337 106 1037658.8200000401
337 419 1037658.8200000401
175 401 1037658.8200000401
175 401 1037658.8200000401
383 261 1037658.8200000401
383 261 1037658.8200000401
390 165 1037658.8200000401
390 165 1037658.8200000401
335 376 1037658.8200000401
181 324 1037658.8200000401
181 324 1037658.8200000401
355 153 1037658.8200000401
355 466 1037658.8200000401
467 313 1037658.8200000401
422 149 1037658.8200000401
422 462 1037658.8200000401
457 290 1037658.8200000401
457 290 1037658.8200000401
206 433 1037658.8200000401
206 433 1037658.8200000401
328 340 1037658.8200000401
363 170 1037658.8200000401
363 170 1037658.8200000401
296 357 1037658.8200000401
296 357 1037658.8200000401
197 416 1037658.8200000401
197 416 1037658.8200000401
416 297 1037658.8200000401
416 297 1037658.8200000401
359 331 1037658.8200000401
299 364 1037658.8200000401
299 364 1037658.8200000401
158 366 1037658.8200000401
158 366 1037658.8200000401
288 332 1037658.8200000401
288 332 1037658.8200000401
187 388 1037658.8200000401
187 388 1037658.8200000401
424 180 1037658.8200000401
424 180 1037658.8200000401
427 215 1037658.8200000401
427 215 1037658.8200000401
217 436 1037658.8200000401
217 436 1037658.8200000401
389 228 1037658.8200000401
389 228 1037658.8200000401
418 378 1037658.8200000401
234 374 1037658.8200000401
234 374 1037658.8200000401
347 111 1037658.8200000401
347 424 1037658.8200000401
353 221 1037658.8200000401
353 221 1037658.8200000401
362 116 1037658.8200000401
362 429 1037658.8200000401
410 176 1037658.8200000401
410 176 1037658.8200000401
463 280 1037658.8200000401
463 280 1037658.8200000401
313 364 1037658.8200000401
421 206 1037658.8200000401
421 206 1037658.8200000401
404 413 1037658.8200000401
376 260 1037658.8200000401
376 260 1037658.8200000401
385 360 1037658.8200000401
422 252 1037658.8200000401
422 252 1037658.8200000401
408 252 1037658.8200000401
408 252 1037658.8200000401
408 138 1037658.8200000401
408 451 1037658.8200000401
466 292 1037658.8200000401
466 292 1037658.8200000401
411 395 1037658.8200000401
406 249 1037658.8200000401
406 249 1037658.8200000401
443 168 1037658.8200000401
443 168 1037658.8200000401
383 134 1037658.8200000401
383 447 1037658.8200000401
199 450 1037658.8200000401
199 450 1037658.8200000401
439 147 1037658.8200000401
439 460 1037658.8200000401
359 291 1037658.8200000401
359 291 1037658.8200000401
368 190 1037658.8200000401
368 190 1037658.8200000401
464 157 1037658.8200000401
464 157 1037658.8200000401
427 401 1037658.8200000401
249 428 1037658.8200000401
249 428 1037658.8200000401
258 424 1037658.8200000401
258 424 1037658.8200000401
320 344 1037658.8200000401
392 412 1037658.8200000401
435 365 1037658.8200000401
367 186 1037658.8200000401
367 186 1037658.8200000401
334.99 155.99 1037658.8200000401
334.99 468.99 1037658.8200000401
303.03 420.01 1037658.8200000401
303.03 420.01 1037658.8200000401
305.03999999999996 451.03999999999996 1037658.8200000401
305.03999999999996 451.03999999999996 1037658.8200000401
190.06999999999994 313.71000000000026 1037658.8200000401
190.06999999999994 313.71000000000026 1037658.8200000401
356.96000000000004 323.9200000000001 1037658.8200000401
315.41000000000054 116.07000000000004 1037658.8200000401
315.41000000000054 429.07000000000005 1037658.8200000401
98.01 142.02999999999997 1037658.8200000401
326.8800000000001 204.03999999999996 1037658.8200000401
326.8800000000001 204.03999999999996 1037658.8200000401
315.7000000000003 98.85999999999993 1037658.8200000401
315.7000000000003 411.8599999999999 1037658.8200000401
213.03999999999996 314.9000000000001 1037658.8200000401
213.03999999999996 314.9000000000001 1037658.8200000401
205.99 120.15000000000008 1037658.8200000401
251.9000000000001 175.92000000000007 1037658.8200000401
358.10999999999996 323.85000000000014 1037658.8200000401
185.03999999999996 95.93999999999997 1037658.8200000401
380.95 313.07000000000085 1037658.8200000401
130.73000000000025 55.14999999999997 1037658.8200000401
168.16999999999985 312.73000000000025 1037658.8200000401
342.02 300.25999999999976 1037658.8200000401
342.02 300.25999999999976 1037658.8200000401
91.97999999999999 97.45999999999972 1037658.8200000401
315.73000000000025 131.83000000000015 1037658.8200000401
315.73000000000025 444.83000000000015 1037658.8200000401
199.8800000000001 310.4600000000005 1037658.8200000401
72.02000000000001 109.34000000000017 1037658.8200000401
105.94999999999997 153.06999999999994 1037658.8200000401
110.94999999999997 180.24999999999977 1037658.8200000401
221.03999999999996 319.96000000000004 1037658.8200000401
221.03999999999996 319.96000000000004 1037658.8200000401
330.06 299.4399999999996 1037658.8200000401
330.06 299.4399999999996 1037658.8200000401
252.93000000000006 80.72999999999935 1037658.8200000401
114.70000000000036 214.96000000000004 1037658.8200000401
170.01999999999998 278.02 1037658.8200000401
198.97000000000003 109.94999999999997 1037658.8200000401
304.3399999999997 324.18 1037658.8200000401
304.3399999999997 324.18 1037658.8200000401
145.37000000000057 141.97000000000003 1037658.8200000401
126.26000000000013 147.19999999999982 1037658.8200000401
162.92000000000007 313.8000000000002 1037658.8200000401
162.92000000000007 313.8000000000002 1037658.8200000401
184.7700000000002 311.2300000000007 1037658.8200000401
104.93999999999997 181.35999999999967 1037658.8200000401
133.47999999999956 54.39999999999992 1037658.8200000401
244.51000000000045 242.2299999999998 1037658.8200000401
189.01999999999998 77.54000000000028 1037658.8200000401
383.01 302.5499999999995 1037658.8200000401
383.01 302.5499999999995 1037658.8200000401
133.08999999999992 49.41000000000012 1037658.8200000401
151.01999999999998 156.80000000000018 1037658.8200000401
49.029999999999994 114.96999999999947 1037658.8200000401
129.5500000000004 167.41000000000054 1037658.8200000401
41.66000000000007 52.279999999999944 1037658.8200000401
175.01 206.30999999999972 1037658.8200000401
199.1099999999999 136.99 1037658.8200000401
318.89000000000016 297.0899999999999 1037658.8200000401
318.89000000000016 297.0899999999999 1037658.8200000401
232.2199999999998 270.6600000000003 1037658.8200000401
316.0900000000008 245.4500000000005 1037658.8200000401
316.0900000000008 245.4500000000005 1037658.8200000401
264.01 126.4099999999997 1037658.8200000401
218.2099999999998 287.01 1037658.8200000401
136.62999999999943 172.38999999999965 1037658.8200000401
154.28999999999974 163.24999999999977 1037658.8200000401
274.1300000000008 312.41000000000145 1037658.8200000401
121.2099999999996 51.75000000000005 1037658.8200000401
247.81000000000017 164.02999999999997 1037658.8200000401
162.13999999999987 177.36000000000058 1037658.8200000401
153.07000000000085 311.75000000000114 1037658.8200000401
241.15999999999985 207.4400000000005 1037658.8200000401
269.4399999999996 87.28000000000014 1037658.8200000401
107.99 205.1300000000008 1037658.8200000401
316.1100000000008 280.97 1037658.8200000401
316.1100000000008 280.97 1037658.8200000401
35.95000000000001 35.370000000000125 1037658.8200000401
151.40000000000055 49.580000000000084 1037658.8200000401
284.04999999999995 109.35000000000018 1037658.8200000401
323.4500000000005 229.04999999999995 1037658.8200000401
323.4500000000005 229.04999999999995 1037658.8200000401
123.12000000000006 174.96000000000004 1037658.8200000401
169.37000000000148 203.97000000000003 1037658.8200000401
141.70000000000027 254.01999999999998 1037658.8200000401
117.95999999999998 136.74000000000115 1037658.8200000401
106.95999999999998 159.0999999999999 1037658.8200000401
304.70999999999935 323.23000000000036 1037658.8200000401
304.70999999999935 323.23000000000036 1037658.8200000401
72.16000000000008 47.5199999999999 1037658.8200000401
104.95999999999998 173.6600000000003 1037658.8200000401
158.34999999999968 62.18999999999996 1037658.8200000401
200.86000000000013 132.48000000000047 1037658.8200000401
224.71000000000026 252.04999999999995 1037658.8200000401
77.13000000000007 164.41000000000054 1037658.8200000401
177.98000000000002 145.0999999999999 1037658.8200000401
299.0799999999999 93.15999999999957 1037658.8200000401
297.50000000000045 265.27999999999884 1037658.8200000401
221.5399999999995 110.67999999999984 1037658.8200000401
198.1199999999999 139.45999999999958 1037658.8200000401
285.0899999999999 180.95000000000005 1037658.8200000401
164.98000000000002 280.0 1037658.8200000401
232.2199999999998 308.74000000000024 1037658.8200000401
256.7899999999984 263.94999999999914 1037658.8200000401
279.6299999999994 130.2299999999998 1037658.8200000401
65.68999999999984 134.14999999999986 1037658.8200000401
169.28000000000065 266.7000000000003 1037658.8200000401
213.4600000000014 228.5600000000013 1037658.8200000401
85.52999999999976 178.04999999999995 1037658.8200000401
157.9000000000001 119.83999999999992 1037658.8200000401
318.18000000000075 297.1999999999998 1037658.8200000401
318.18000000000075 297.1999999999998 1037658.8200000401
53.24999999999995 123.94999999999997 1037658.8200000401
267.1999999999998 101.83999999999992 1037658.8200000401
257.98 110.75999999999988 1037658.8200000401
210.78999999999928 131.06999999999903 1037658.8200000401
313.96000000000095 340.12 1037658.8200000401
175.68999999999937 262.0900000000008 1037658.8200000401
143.54000000000042 290.4199999999996 1037658.8200000401
208.92000000000007 278.50000000000045 1037658.8200000401
169.96000000000004 113.16000000000008 1037658.8200000401
409.87999999999994 322.6800000000003 1037658.8200000401
268.5199999999995 174.19999999999982 1037658.8200000401
158.02999999999997 146.95000000000005 1037658.8200000401
189.82000000000016 119.93999999999997 1037658.8200000401
96.77999999999989 175.98000000000002 1037658.8200000401
304.16999999999985 323.57000000000033 1037658.8200000401
304.16999999999985 323.57000000000033 1037658.8200000401
69.46000000000024 87.65999999999983 1037658.8200000401
307.85000000000014 189.24999999999977 1037658.8200000401
124.67999999999984 228.61999999999944 1037658.8200000401
202.99 114.96999999999998 1037658.8200000401
242.8799999999992 288.94000000000005 1037658.8200000401
274.37999999999965 221.1199999999999 1037658.8200000401
300.26999999999975 168.29000000000065 1037658.8200000401
205.01999999999998 74.75999999999988 1037658.8200000401
129.8900000000001 112.0099999999995 1037658.8200000401
264.7900000000002 227.97000000000003 1037658.8200000401
109.31999999999965 212.45999999999958 1037658.8200000401
311.2000000000007 257.03999999999996 1037658.8200000401
42.270000000000145 77.13000000000058 1037658.8200000401
319.3500000000006 384.1700000000001 1037658.8200000401
158.94000000000005 283.98 1037658.8200000401
147.25999999999976 142.96000000000004 1037658.8200000401
177.56999999999948 164.4499999999996 1037658.8200000401
109.15000000000008 148.83000000000015 1037658.8200000401
134.37000000000148 284.5099999999986 1037658.8200000401
113.08000000000004 174.58000000000038 1037658.8200000401
149.15000000000077 84.83000000000042 1037658.8200000401
265.51000000000045 133.74999999999932 1037658.8200000401
197.45999999999958 102.0199999999995 1037658.8200000401
248.09000000000083 114.38999999999969 1037658.8200000401
166.99 144.01 1037658.8200000401
220.36999999999966 93.41000000000021 1037658.8200000401
66.3900000000002 35.970000000000006 1037658.8200000401
244.28999999999883 276.92999999999915 1037658.8200000401
133.7700000000002 275.07000000000085 1037658.8200000401
238.7699999999993 296.2899999999988 1037658.8200000401
282.2099999999998 167.4500000000014 1037658.8200000401
149.96000000000004 279.5600000000004 1037658.8200000401
134.73000000000025 279.03 1037658.8200000401
257.05999999999995 158.05999999999995 1037658.8200000401
15.259999999999994 26.439999999999912 1037658.8200000401
232.13999999999987 226.62000000000035 1037658.8200000401
140.62999999999943 216.43000000000143 1037658.8200000401
180.95000000000005 133.59000000000037 1037658.8200000401
143.81000000000017 130.83000000000015 1037658.8200000401
257.02 325.6800000000003 1037658.8200000401
257.02 325.6800000000003 1037658.8200000401
151.91999999999916 253.8800000000001 1037658.8200000401
234.85000000000014 291.85000000000014 1037658.8200000401
105.06000000000003 64.77999999999989 1037658.8200000401
228.92000000000007 275.3599999999997 1037658.8200000401
207.5399999999995 156.9799999999991 1037658.8200000401
227.21000000000072 269.3700000000006 1037658.8200000401
141.07999999999993 239.86000000000013 1037658.8200000401
38.81000000000004 40.229999999999954 1037658.8200000401
91.96000000000049 101.80000000000092 1037658.8200000401
153.07999999999993 292.4199999999996 1037658.8200000401
221.08999999999992 232.99 1037658.8200000401
95.64000000000033 241.94000000000096 1037658.8200000401
46.30999999999994 18.270000000000042 1037658.8200000401
247.76000000000022 263.9000000000001 1037658.8200000401
258.28999999999974 181.80999999999926 1037658.8200000401
119.23000000000012 258.6699999999994 1037658.8200000401
253.59999999999945 254.50000000000045 1037658.8200000401
78.86999999999993 99.01 1037658.8200000401
236.74000000000024 149.32000000000062 1037658.8200000401
114.3800000000002 88.92000000000047 1037658.8200000401
256.41000000000054 86.89000000000046 1037658.8200000401
165.4499999999996 302.3100000000006 1037658.8200000401
286.8000000000011 291.4400000000014 1037658.8200000401
61.41000000000012 36.99 1037658.8200000401
95.32999999999966 145.72999999999934 1037658.8200000401
224.2099999999998 80.8099999999999 1037658.8200000401
48.39999999999992 39.920000000000016 1037658.8200000401
217.29999999999973 123.12000000000006 1037658.8200000401
86.56999999999978 197.04999999999995 1037658.8200000401
89.63999999999982 57.94000000000001 1037658.8200000401
181.6499999999994 188.17000000000075 1037658.8200000401
89.30000000000015 218.15999999999985 1037658.8200000401
177.2099999999989 282.1099999999999 1037658.8200000401
161.21000000000072 181.68999999999846 1037658.8200000401
139.8900000000001 159.73000000000025 1037658.8200000401
159.00999999999908 52.630000000000074 1037658.8200000401
129.92999999999915 184.44999999999868 1037658.8200000401
206.7799999999993 192.03999999999996 1037658.8200000401
318.6500000000003 376.10999999999996 1037658.8200000401
108.97999999999999 252.25999999999976 1037658.8200000401
240.81000000000017 273.99 1037658.8200000401
186.72000000000025 73.6399999999993 1037658.8200000401
200.37000000000057 244.25000000000068 1037658.8200000401
119.04000000000002 75.97999999999999 1037658.8200000401
240.96000000000095 181.5399999999995 1037658.8200000401
164.04999999999995 77.76999999999988 1037658.8200000401
71.3800000000002 24.019999999999847 1037658.8200000401
59.35000000000013 82.89000000000046 1037658.8200000401
198.70000000000027 289.3199999999997 1037658.8200000401
234.93000000000097 164.28999999999974 1037658.8200000401
291.95000000000095 252.5700000000013 1037658.8200000401
30.259999999999884 20.279999999999887 1037658.8200000401
71.06000000000054 134.0 1037658.8200000401
131.39999999999964 68.4000000000002 1037658.8200000401
252.06999999999994 235.6700000000003 1037658.8200000401
163.92999999999915 228.36999999999966 1037658.8200000401
117.11000000000006 182.70999999999935 1037658.8200000401
175.41000000000054 105.6099999999998 1037658.8200000401
213.12999999999988 305.5500000000004 1037658.8200000401
52.29999999999994 65.31999999999965 1037658.8200000401
197.1199999999999 104.18000000000009 1037658.8200000401
304.2000000000007 138.39999999999964 1037658.8200000401
99.92000000000047 137.0000000000009 1037658.8200000401
262.27999999999975 151.2200000000007 1037658.8200000401
302.71000000000026 107.53000000000027 1037658.8200000401
280.920000000001 198.27999999999975 1037658.8200000401
97.53999999999976 81.81999999999991 1037658.8200000401
236.87000000000012 126.35000000000018 1037658.8200000401
293.1899999999989 218.6499999999994 1037658.8200000401
59.579999999999885 73.81999999999991 1037658.8200000401
192.0 148.5599999999995 1037658.8200000401
195.93000000000006 258.6299999999994 1037658.8200000401
174.86000000000013 88.10000000000005 1037658.8200000401
94.2299999999996 137.07000000000085 1037658.8200000401
184.61999999999853 206.03999999999905 1037658.8200000401
285.4299999999996 306.6700000000003 1037658.8200000401
288.6599999999994 193.39999999999964 1037658.8200000401
34 -87 1037658.8200000401
347 -87 1037658.8200000401
34 -87 1037658.8200000401
347 -87 1037658.8200000401
-32 -263 1037658.8200000401
-32 -263 1037658.8200000401
141 -73 1037658.8200000401
454 -73 1037658.8200000401
141 -73 1037658.8200000401
454 -73 1037658.8200000401
-34 -183 1037658.8200000401
-34 -183 1037658.8200000401
-44 -226 1037658.8200000401
-44 -226 1037658.8200000401
107 -154 1037658.8200000401
420 -154 1037658.8200000401
107 -154 1037658.8200000401
420 -154 1037658.8200000401
255 -50 1037658.8200000401
255 -50 1037658.8200000401
215 -83 1037658.8200000401
215 -83 1037658.8200000401
183 -108 1037658.8200000401
183 -108 1037658.8200000401
258 -132 1037658.8200000401
258 -132 1037658.8200000401
-49 -186 1037658.8200000401
-49 -186 1037658.8200000401
89 -95 1037658.8200000401
402 -95 1037658.8200000401
89 -95 1037658.8200000401
402 -95 1037658.8200000401
134 -37 1037658.8200000401
447 -37 1037658.8200000401
134 -37 1037658.8200000401
447 -37 1037658.8200000401
135 -34 1037658.8200000401
448 -34 1037658.8200000401
135 -34 1037658.8200000401
448 -34 1037658.8200000401
201 -68 1037658.8200000401
201 -68 1037658.8200000401
-114 -311 1037658.8200000401
-114 -311 1037658.8200000401
252 -137 1037658.8200000401
252 -137 1037658.8200000401
199 -24 1037658.8200000401
199 -24 1037658.8200000401
151 -59 1037658.8200000401
464 -59 1037658.8200000401
151 -59 1037658.8200000401
464 -59 1037658.8200000401
64 -93 1037658.8200000401
377 -93 1037658.8200000401
64 -93 1037658.8200000401
377 -93 1037658.8200000401
384 25 1037658.8200000401
355 52 1037658.8200000401
129 -130 1037658.8200000401
442 -130 1037658.8200000401
129 -130 1037658.8200000401
442 -130 1037658.8200000401
298 -49 1037658.8200000401
-15 -49 1037658.8200000401
298 -49 1037658.8200000401
-15 -49 1037658.8200000401
89 -58 1037658.8200000401
402 -58 1037658.8200000401
89 -58 1037658.8200000401
402 -58 1037658.8200000401
110 -101 1037658.8200000401
423 -101 1037658.8200000401
110 -101 1037658.8200000401
423 -101 1037658.8200000401
12 -70 1037658.8200000401
325 -70 1037658.8200000401
12 -70 1037658.8200000401
325 -70 1037658.8200000401
235 -21 1037658.8200000401
235 -21 1037658.8200000401
-40 -287 1037658.8200000401
-40 -287 1037658.8200000401
318 50 1037658.8200000401
232 -86 1037658.8200000401
232 -86 1037658.8200000401
352 40 1037658.8200000401
-103 -273 1037658.8200000401
-103 -273 1037658.8200000401
38 -37 1037658.8200000401
351 -37 1037658.8200000401
38 -37 1037658.8200000401
351 -37 1037658.8200000401
64 -53 1037658.8200000401
377 -53 1037658.8200000401
64 -53 1037658.8200000401
377 -53 1037658.8200000401
-37 -237 1037658.8200000401
-37 -237 1037658.8200000401
136 -30 1037658.8200000401
449 -30 1037658.8200000401
136 -30 1037658.8200000401
449 -30 1037658.8200000401
13 -125 1037658.8200000401
326 -125 1037658.8200000401
13 -125 1037658.8200000401
326 -125 1037658.8200000401
43 -123 1037658.8200000401
356 -123 1037658.8200000401
43 -123 1037658.8200000401
356 -123 1037658.8200000401
232 -42 1037658.8200000401
232 -42 1037658.8200000401
446 54 1037658.8200000401
248 -149 1037658.8200000401
248 -149 1037658.8200000401
-89 -232 1037658.8200000401
-89 -232 1037658.8200000401
123 -138 1037658.8200000401
436 -138 1037658.8200000401
123 -138 1037658.8200000401
436 -138 1037658.8200000401
459 9 1037658.8200000401
-79 -289 1037658.8200000401
-79 -289 1037658.8200000401
328 42 1037658.8200000401
218 -26 1037658.8200000401
218 -26 1037658.8200000401
-46 -211 1037658.8200000401
-46 -211 1037658.8200000401
176 -31 1037658.8200000401
176 -31 1037658.8200000401
32 -99 1037658.8200000401
345 -99 1037658.8200000401
32 -99 1037658.8200000401
345 -99 1037658.8200000401
125 -85 1037658.8200000401
438 -85 1037658.8200000401
125 -85 1037658.8200000401
438 -85 1037658.8200000401
-14 -219 1037658.8200000401
-14 -219 1037658.8200000401
48 -52 1037658.8200000401
361 -52 1037658.8200000401
48 -52 1037658.8200000401
361 -52 1037658.8200000401
241 -39 1037658.8200000401
241 -39 1037658.8200000401
170 -35 1037658.8200000401
170 -35 1037658.8200000401
162 -133 1037658.8200000401
162 -133 1037658.8200000401
142 -59 1037658.8200000401
455 -59 1037658.8200000401
142 -59 1037658.8200000401
455 -59 1037658.8200000401
444 55 1037658.8200000401
229 -38 1037658.8200000401
229 -38 1037658.8200000401
469 24 1037658.8200000401
117 -131 1037658.8200000401
430 -131 1037658.8200000401
117 -131 1037658.8200000401
430 -131 1037658.8200000401
53 -144 1037658.8200000401
366 -144 1037658.8200000401
53 -144 1037658.8200000401
366 -144 1037658.8200000401
95 -70 1037658.8200000401
408 -70 1037658.8200000401
95 -70 1037658.8200000401
408 -70 1037658.8200000401
213 -7 1037658.8200000401
213 -7 1037658.8200000401
365 66 1037658.8200000401
282 -115 1037658.8200000401
-31 -115 1037658.8200000401
282 -115 1037658.8200000401
-31 -115 1037658.8200000401
451 27 1037658.8200000401
41 -155 1037658.8200000401
354 -155 1037658.8200000401
41 -155 1037658.8200000401
354 -155 1037658.8200000401
248 -49 1037658.8200000401
248 -49 1037658.8200000401
25 -103 1037658.8200000401
338 -103 1037658.8200000401
25 -103 1037658.8200000401
338 -103 1037658.8200000401
361 40 1037658.8200000401
379 36 1037658.8200000401
463 84 1037658.8200000401
413 24 1037658.8200000401
-104 -280 1037658.8200000401
-104 -280 1037658.8200000401
288 -20 1037658.8200000401
288 -20 1037658.8200000401
442 33 1037658.8200000401
86 -62 1037658.8200000401
399 -62 1037658.8200000401
86 -62 1037658.8200000401
399 -62 1037658.8200000401
171 -109 1037658.8200000401
171 -109 1037658.8200000401
236 -149 1037658.8200000401
236 -149 1037658.8200000401
288 -120 1037658.8200000401
-25 -120 1037658.8200000401
288 -120 1037658.8200000401
-25 -120 1037658.8200000401
25 -35 1037658.8200000401
338 -35 1037658.8200000401
25 -35 1037658.8200000401
338 -35 1037658.8200000401
-87 -259 1037658.8200000401
-87 -259 1037658.8200000401
105 -132 1037658.8200000401
418 -132 1037658.8200000401
105 -132 1037658.8200000401
418 -132 1037658.8200000401
-33 -282 1037658.8200000401
-33 -282 1037658.8200000401
20 -114 1037658.8200000401
333 -114 1037658.8200000401
20 -114 1037658.8200000401
333 -114 1037658.8200000401
87 -116 1037658.8200000401
400 -116 1037658.8200000401
87 -116 1037658.8200000401
400 -116 1037658.8200000401
257 -155 1037658.8200000401
-56 -155 1037658.8200000401
257 -155 1037658.8200000401
-56 -155 1037658.8200000401
38 -134 1037658.8200000401
351 -134 1037658.8200000401
38 -134 1037658.8200000401
351 -134 1037658.8200000401
165 -33 1037658.8200000401
165 -33 1037658.8200000401
446 50 1037658.8200000401
159 -29 1037658.8200000401
159 -29 1037658.8200000401
-60 -273 1037658.8200000401
-60 -273 1037658.8200000401
252 -77 1037658.8200000401
252 -77 1037658.8200000401
48 -142 1037658.8200000401
361 -142 1037658.8200000401
48 -142 1037658.8200000401
361 -142 1037658.8200000401
119 -55 1037658.8200000401
432 -55 1037658.8200000401
119 -55 1037658.8200000401
432 -55 1037658.8200000401
89 -67 1037658.8200000401
402 -67 1037658.8200000401
89 -67 1037658.8200000401
402 -67 1037658.8200000401
6 -69 1037658.8200000401
319 -69 1037658.8200000401
6 -69 1037658.8200000401
319 -69 1037658.8200000401
432 76 1037658.8200000401
19 -33 1037658.8200000401
332 -33 1037658.8200000401
19 -33 1037658.8200000401
332 -33 1037658.8200000401
113 -138 1037658.8200000401
426 -138 1037658.8200000401
113 -138 1037658.8200000401
426 -138 1037658.8200000401
268 -139 1037658.8200000401
-45 -139 1037658.8200000401
268 -139 1037658.8200000401
-45 -139 1037658.8200000401
-92 -258 1037658.8200000401
-92 -258 1037658.8200000401
403 58 1037658.8200000401
245 -71 1037658.8200000401
245 -71 1037658.8200000401
282 -144 1037658.8200000401
-31 -144 1037658.8200000401
282 -144 1037658.8200000401
-31 -144 1037658.8200000401
265 -85 1037658.8200000401
265 -85 1037658.8200000401
-29 -204 1037658.8200000401
-29 -204 1037658.8200000401
242 -24 1037658.8200000401
242 -24 1037658.8200000401
-47 -180 1037658.8200000401
-47 -180 1037658.8200000401
437 35 1037658.8200000401
-73 -269 1037658.8200000401
-73 -269 1037658.8200000401
28 -23 1037658.8200000401
341 -23 1037658.8200000401
28 -23 1037658.8200000401
341 -23 1037658.8200000401
-28 -240 1037658.8200000401
-28 -240 1037658.8200000401
372 74 1037658.8200000401
238 -18 1037658.8200000401
238 -18 1037658.8200000401
-66 -291 1037658.8200000401
-66 -291 1037658.8200000401
154 -150 1037658.8200000401
467 -150 1037658.8200000401
154 -150 1037658.8200000401
467 -150 1037658.8200000401
293 -59 1037658.8200000401
-20 -59 1037658.8200000401
293 -59 1037658.8200000401
-20 -59 1037658.8200000401
163 -85 1037658.8200000401
163 -85 1037658.8200000401
-51 -161 1037658.8200000401
-51 -161 1037658.8200000401
175 -107 1037658.8200000401
175 -107 1037658.8200000401
170 -46 1037658.8200000401
170 -46 1037658.8200000401
177 -149 1037658.8200000401
177 -149 1037658.8200000401
344 21 1037658.8200000401
140 -95 1037658.8200000401
453 -95 1037658.8200000401
140 -95 1037658.8200000401
453 -95 1037658.8200000401
-56 -227 1037658.8200000401
-56 -227 1037658.8200000401
86 -135 1037658.8200000401
399 -135 1037658.8200000401
86 -135 1037658.8200000401
399 -135 1037658.8200000401
-34 -255 1037658.8200000401
-34 -255 1037658.8200000401
28 -110 1037658.8200000401
341 -110 1037658.8200000401
28 -110 1037658.8200000401
341 -110 1037658.8200000401
56 -72 1037658.8200000401
369 -72 1037658.8200000401
56 -72 1037658.8200000401
369 -72 1037658.8200000401
-73 -287 1037658.8200000401
-73 -287 1037658.8200000401
444 68 1037658.8200000401
228 -43 1037658.8200000401
228 -43 1037658.8200000401
62 -133 1037658.8200000401
375 -133 1037658.8200000401
62 -133 1037658.8200000401
375 -133 1037658.8200000401
253 -58 1037658.8200000401
253 -58 1037658.8200000401
105 -139 1037658.8200000401
418 -139 1037658.8200000401
105 -139 1037658.8200000401
418 -139 1037658.8200000401
375 37 1037658.8200000401
241 -105 1037658.8200000401
241 -105 1037658.8200000401
140 -153 1037658.8200000401
453 -153 1037658.8200000401
140 -153 1037658.8200000401
453 -153 1037658.8200000401
136 -141 1037658.8200000401
449 -141 1037658.8200000401
136 -141 1037658.8200000401
449 -141 1037658.8200000401
465 50 1037658.8200000401
349 36 1037658.8200000401
-60 -231 1037658.8200000401
-60 -231 1037658.8200000401
58 -102 1037658.8200000401
371 -102 1037658.8200000401
58 -102 1037658.8200000401
371 -102 1037658.8200000401
29 -124 1037658.8200000401
342 -124 1037658.8200000401
29 -124 1037658.8200000401
342 -124 1037658.8200000401
72 -82 1037658.8200000401
385 -82 1037658.8200000401
72 -82 1037658.8200000401
385 -82 1037658.8200000401
70 -52 1037658.8200000401
383 -52 1037658.8200000401
70 -52 1037658.8200000401
383 -52 1037658.8200000401
77 -148 1037658.8200000401
390 -148 1037658.8200000401
77 -148 1037658.8200000401
390 -148 1037658.8200000401
175 -50 1037658.8200000401
175 -50 1037658.8200000401
335 63 1037658.8200000401
243 -37 1037658.8200000401
243 -37 1037658.8200000401
467 0 1037658.8200000401
144 -23 1037658.8200000401
457 -23 1037658.8200000401
144 -23 1037658.8200000401
457 -23 1037658.8200000401
242 -132 1037658.8200000401
242 -132 1037658.8200000401
328 27 1037658.8200000401
50 -143 1037658.8200000401
363 -143 1037658.8200000401
50 -143 1037658.8200000401
363 -143 1037658.8200000401
-17 -269 1037658.8200000401
-17 -269 1037658.8200000401
103 -16 1037658.8200000401
416 -16 1037658.8200000401
103 -16 1037658.8200000401
416 -16 1037658.8200000401
206 -121 1037658.8200000401
206 -121 1037658.8200000401
359 18 1037658.8200000401
-14 -262 1037658.8200000401
-14 -262 1037658.8200000401
-25 -294 1037658.8200000401
-25 -294 1037658.8200000401
181 -124 1037658.8200000401
181 -124 1037658.8200000401
111 -133 1037658.8200000401
424 -133 1037658.8200000401
111 -133 1037658.8200000401
424 -133 1037658.8200000401
114 -98 1037658.8200000401
427 -98 1037658.8200000401
114 -98 1037658.8200000401
427 -98 1037658.8200000401
76 -85 1037658.8200000401
389 -85 1037658.8200000401
76 -85 1037658.8200000401
389 -85 1037658.8200000401
418 65 1037658.8200000401
-79 -252 1037658.8200000401
-79 -252 1037658.8200000401
165 -10 1037658.8200000401
165 -10 1037658.8200000401
285 -132 1037658.8200000401
-28 -132 1037658.8200000401
285 -132 1037658.8200000401
-28 -132 1037658.8200000401
40 -92 1037658.8200000401
353 -92 1037658.8200000401
40 -92 1037658.8200000401
353 -92 1037658.8200000401
97 -137 1037658.8200000401
410 -137 1037658.8200000401
97 -137 1037658.8200000401
410 -137 1037658.8200000401
209 -34 1037658.8200000401
209 -34 1037658.8200000401
162 -135 1037658.8200000401
162 -135 1037658.8200000401
150 -33 1037658.8200000401
463 -33 1037658.8200000401
150 -33 1037658.8200000401
463 -33 1037658.8200000401
108 -107 1037658.8200000401
421 -107 1037658.8200000401
108 -107 1037658.8200000401
421 -107 1037658.8200000401
196 -55 1037658.8200000401
196 -55 1037658.8200000401
63 -53 1037658.8200000401
376 -53 1037658.8200000401
63 -53 1037658.8200000401
376 -53 1037658.8200000401
385 47 1037658.8200000401
109 -61 1037658.8200000401
422 -61 1037658.8200000401
109 -61 1037658.8200000401
422 -61 1037658.8200000401
225 -61 1037658.8200000401
225 -61 1037658.8200000401
95 -61 1037658.8200000401
408 -61 1037658.8200000401
95 -61 1037658.8200000401
408 -61 1037658.8200000401
153 -21 1037658.8200000401
466 -21 1037658.8200000401
153 -21 1037658.8200000401
466 -21 1037658.8200000401
411 82 1037658.8200000401
93 -64 1037658.8200000401
406 -64 1037658.8200000401
93 -64 1037658.8200000401
406 -64 1037658.8200000401
130 -145 1037658.8200000401
443 -145 1037658.8200000401
130 -145 1037658.8200000401
443 -145 1037658.8200000401
221 -80 1037658.8200000401
221 -80 1037658.8200000401
274 -92 1037658.8200000401
274 -92 1037658.8200000401
46 -22 1037658.8200000401
359 -22 1037658.8200000401
46 -22 1037658.8200000401
359 -22 1037658.8200000401
55 -123 1037658.8200000401
368 -123 1037658.8200000401
55 -123 1037658.8200000401
368 -123 1037658.8200000401
151 -156 1037658.8200000401
464 -156 1037658.8200000401
151 -156 1037658.8200000401
464 -156 1037658.8200000401
-64 -198 1037658.8200000401
-64 -198 1037658.8200000401
-55 -202 1037658.8200000401
-55 -202 1037658.8200000401
320 31 1037658.8200000401
435 52 1037658.8200000401
54 -127 1037658.8200000401
367 -127 1037658.8200000401
54 -127 1037658.8200000401
367 -127 1037658.8200000401
292.03 -95.00999999999999 1037658.8200000401
-20.970000000000027 -95.00999999999999 1037658.8200000401
292.03 -95.00999999999999 1037658.8200000401
-20.970000000000027 -95.00999999999999 1037658.8200000401
308.04999999999995 -29.950000000000045 1037658.8200000401
-4.9500000000000455 -29.950000000000045 1037658.8200000401
308.04999999999995 -29.950000000000045 1037658.8200000401
-4.9500000000000455 -29.950000000000045 1037658.8200000401
5.620000000000337 -15.920000000000073 1037658.8200000401
5.620000000000337 -15.920000000000073 1037658.8200000401
167.99 0.030000000000009096 1037658.8200000401
-9.970000000000027 -205.99 1037658.8200000401
-9.970000000000027 -205.99 1037658.8200000401
200.04999999999995 -1.9500000000000455 1037658.8200000401
200.04999999999995 -1.9500000000000455 1037658.8200000401
-7.960000000000036 -174.96000000000004 1037658.8200000401
-7.960000000000036 -174.96000000000004 1037658.8200000401
300.61999999999944 -144.15999999999985 1037658.8200000401
-12.380000000000564 -144.15999999999985 1037658.8200000401
300.61999999999944 -144.15999999999985 1037658.8200000401
-12.380000000000564 -144.15999999999985 1037658.8200000401
356.96000000000004 10.920000000000073 1037658.8200000401
5.240000000000682 -15.800000000000182 1037658.8200000401
5.240000000000682 -15.800000000000182 1037658.8200000401
13.88000000000011 -108.96000000000004 1037658.8200000401
326.8800000000001 -108.96000000000004 1037658.8200000401
13.88000000000011 -108.96000000000004 1037658.8200000401
326.8800000000001 -108.96000000000004 1037658.8200000401
-99.96000000000004 -311.0999999999999 1037658.8200000401
-99.96000000000004 -311.0999999999999 1037658.8200000401
358.10999999999996 10.850000000000136 1037658.8200000401
380.95 0.07000000000084583 1037658.8200000401
29.020000000000003 -12.740000000000236 1037658.8200000401
342.02 -12.740000000000236 1037658.8200000401
29.020000000000003 -12.740000000000236 1037658.8200000401
342.02 -12.740000000000236 1037658.8200000401
310.4299999999996 -10.650000000000318 1037658.8200000401
-2.570000000000391 -10.650000000000318 1037658.8200000401
310.4299999999996 -10.650000000000318 1037658.8200000401
-2.570000000000391 -10.650000000000318 1037658.8200000401
162.02999999999997 14.01 1037658.8200000401
-91.96000000000004 -306.03999999999996 1037658.8200000401
-91.96000000000004 -306.03999999999996 1037658.8200000401
17.06000000000001 -13.5600000000004 1037658.8200000401
330.06 -13.5600000000004 1037658.8200000401
17.06000000000001 -13.5600000000004 1037658.8200000401
330.06 -13.5600000000004 1037658.8200000401
-8.66000000000031 -301.82 1037658.8200000401
-8.66000000000031 -301.82 1037658.8200000401
233.2400000000007 24.0 1037658.8200000401
70.01 -10.4500000000005 1037658.8200000401
383.01 -10.4500000000005 1037658.8200000401
70.01 -10.4500000000005 1037658.8200000401
383.01 -10.4500000000005 1037658.8200000401
308.6399999999994 -124.03999999999996 1037658.8200000401
-4.360000000000582 -124.03999999999996 1037658.8200000401
308.6399999999994 -124.03999999999996 1037658.8200000401
-4.360000000000582 -124.03999999999996 1037658.8200000401
163.62999999999943 27.230000000000036 1037658.8200000401
197.98000000000002 30.819999999999972 1037658.8200000401
199.0 2.7799999999999834 1037658.8200000401
169.06999999999994 2.3499999999999925 1037658.8200000401
5.890000000000171 -15.910000000000082 1037658.8200000401
318.89000000000016 -15.910000000000082 1037658.8200000401
5.890000000000171 -15.910000000000082 1037658.8200000401
318.89000000000016 -15.910000000000082 1037658.8200000401
3.0900000000008276 -67.5499999999995 1037658.8200000401
316.0900000000008 -67.5499999999995 1037658.8200000401
3.0900000000008276 -67.5499999999995 1037658.8200000401
316.0900000000008 -67.5499999999995 1037658.8200000401
298.97 51.60999999999988 1037658.8200000401
185.08999999999992 -0.49000000000046384 1037658.8200000401
185.08999999999992 -0.49000000000046384 1037658.8200000401
155.48000000000047 24.040000000000006 1037658.8200000401
3.1100000000008095 -32.02999999999997 1037658.8200000401
316.1100000000008 -32.02999999999997 1037658.8200000401
3.1100000000008095 -32.02999999999997 1037658.8200000401
316.1100000000008 -32.02999999999997 1037658.8200000401
209.8900000000001 40.629999999999875 1037658.8200000401
257.4099999999996 11.970000000000022 1037658.8200000401
10.4500000000005 -83.95000000000005 1037658.8200000401
323.4500000000005 -83.95000000000005 1037658.8200000401
10.4500000000005 -83.95000000000005 1037658.8200000401
323.4500000000005 -83.95000000000005 1037658.8200000401
-8.290000000000646 -302.76999999999964 1037658.8200000401
-8.290000000000646 -302.76999999999964 1037658.8200000401
212.5600000000004 2.619999999999987 1037658.8200000401
145.2400000000007 9.02 1037658.8200000401
5.180000000000746 -15.800000000000182 1037658.8200000401
318.18000000000075 -15.800000000000182 1037658.8200000401
5.180000000000746 -15.800000000000182 1037658.8200000401
318.18000000000075 -15.800000000000182 1037658.8200000401
232.4499999999996 -3.250000000000682 1037658.8200000401
232.4499999999996 -3.250000000000682 1037658.8200000401
313.96000000000095 27.12000000000002 1037658.8200000401
280.3499999999997 31.33000000000005 1037658.8200000401
409.87999999999994 9.680000000000291 1037658.8200000401
138.16999999999985 26.92999999999999 1037658.8200000401
-8.830000000000155 -302.42999999999967 1037658.8200000401
-8.830000000000155 -302.42999999999967 1037658.8200000401
209.67999999999938 32.18000000000016 1037658.8200000401
240.03999999999996 44.079999999999984 1037658.8200000401
239.99 26.050000000000008 1037658.8200000401
115.43000000000022 0.6899999999990909 1037658.8200000401
280.9000000000001 49.620000000000076 1037658.8200000401
181.06999999999994 11.389999999999992 1037658.8200000401
-55.98000000000002 -300.3199999999997 1037658.8200000401
-55.98000000000002 -300.3199999999997 1037658.8200000401
284.83000000000015 -5.1100000000008095 1037658.8200000401
284.83000000000015 -5.1100000000008095 1037658.8200000401
247.03999999999996 21.79999999999997 1037658.8200000401
96.17999999999958 9.720000000000006 1037658.8200000401
253.73999999999933 40.33999999999993 1037658.8200000401
272.2600000000007 26.12000000000002 1037658.8200000401
318.6500000000003 63.10999999999998 1037658.8200000401
153.96000000000004 0.3000000000000092 1037658.8200000401
187.1199999999999 28.459999999999916 1037658.8200000401
312.2500000000007 51.01 1037658.8200000401
295.99 42.9900000000002 1037658.8200000401
303.95000000000005 10.810000000000004 1037658.8200000401
288.01 18.569999999999933 1037658.8200000401
221.15999999999985 7.719999999999985 1037658.8200000401
182.5600000000004 34.23999999999995 1037658.8200000401
356 76 1037658.8200000401
373 82 1037658.8200000401
443 113 1037658.8200000401
385 109 1037658.8200000401
457 131 1037658.8200000401
328 69 1037658.8200000401
382 88 1037658.8200000401
405 98 1037658.8200000401
404 100 1037658.8200000401
427 88 1037658.8200000401
392 99 1037658.8200000401
286.05999999999904 72.97999999999999 1037658.8200000401
129.0 32.820000000000036 1037658.8200000401
234.78999999999928 61.54999999999989 1037658.8200000401
275.41000000000054 75.68999999999984 1037658.8200000401
99.8099999999999 25.130000000000177 1037658.8200000401
278.27000000000066 58.14999999999997 1037658.8200000401
319.3500000000006 71.17000000000009 1037658.8200000401
219.7900000000011 55.28999999999994 1037658.8200000401
44.219999999999956 9.880000000000024 1037658.8200000401
185.01 45.20999999999976 1037658.8200000401
226.07999999999993 53.680000000000064 1037658.8200000401
122.78999999999938 34.79000000000004 1037658.8200000401
-58 -50 1037658.8200000401
-58 -50 1037658.8200000401
-98 -83 1037658.8200000401
-98 -83 1037658.8200000401
-130 -108 1037658.8200000401
-130 -108 1037658.8200000401
-55 -132 1037658.8200000401
-55 -132 1037658.8200000401
-112 -68 1037658.8200000401
-112 -68 1037658.8200000401
-61 -137 1037658.8200000401
-61 -137 1037658.8200000401
-112 -180 1037658.8200000401
-112 -180 1037658.8200000401
-81 -86 1037658.8200000401
-81 -86 1037658.8200000401
-114 -203 1037658.8200000401
-114 -203 1037658.8200000401
-149 -235 1037658.8200000401
-149 -235 1037658.8200000401
-81 -42 1037658.8200000401
-81 -42 1037658.8200000401
-65 -149 1037658.8200000401
-65 -149 1037658.8200000401
-146 -169 1037658.8200000401
-146 -169 1037658.8200000401
-72 -39 1037658.8200000401
-72 -39 1037658.8200000401
-151 -133 1037658.8200000401
-151 -133 1037658.8200000401
-84 -38 1037658.8200000401
-84 -38 1037658.8200000401
-155 -166 1037658.8200000401
-155 -166 1037658.8200000401
-106 -157 1037658.8200000401
-106 -157 1037658.8200000401
-110 -198 1037658.8200000401
-110 -198 1037658.8200000401
-65 -49 1037658.8200000401
-65 -49 1037658.8200000401
-144 -311 1037658.8200000401
-144 -311 1037658.8200000401
-150 -286 1037658.8200000401
-150 -286 1037658.8200000401
-115 -174 1037658.8200000401
-115 -174 1037658.8200000401
-155 -193 1037658.8200000401
-155 -193 1037658.8200000401
-25 -20 1037658.8200000401
-25 -20 1037658.8200000401
-128 -269 1037658.8200000401
-128 -269 1037658.8200000401
-151 -299 1037658.8200000401
-151 -299 1037658.8200000401
-142 -109 1037658.8200000401
-142 -109 1037658.8200000401
-77 -149 1037658.8200000401
-77 -149 1037658.8200000401
-121 -165 1037658.8200000401
-121 -165 1037658.8200000401
-155 -251 1037658.8200000401
-155 -251 1037658.8200000401
-124 -236 1037658.8200000401
-124 -236 1037658.8200000401
-116 -209 1037658.8200000401
-116 -209 1037658.8200000401
-76 -163 1037658.8200000401
-76 -163 1037658.8200000401
-126 -284 1037658.8200000401
-126 -284 1037658.8200000401
-130 -279 1037658.8200000401
-130 -279 1037658.8200000401
-76 -187 1037658.8200000401
-76 -187 1037658.8200000401
-61 -77 1037658.8200000401
-61 -77 1037658.8200000401
-128 -217 1037658.8200000401
-128 -217 1037658.8200000401
-68 -71 1037658.8200000401
-68 -71 1037658.8200000401
-48 -85 1037658.8200000401
-48 -85 1037658.8200000401
-71 -24 1037658.8200000401
-71 -24 1037658.8200000401
-123 -193 1037658.8200000401
-123 -193 1037658.8200000401
-132 -179 1037658.8200000401
-132 -179 1037658.8200000401
-143 -200 1037658.8200000401
-143 -200 1037658.8200000401
-92 -202 1037658.8200000401
-92 -202 1037658.8200000401
-137 -207 1037658.8200000401
-137 -207 1037658.8200000401
-150 -85 1037658.8200000401
-150 -85 1037658.8200000401
-138 -107 1037658.8200000401
-138 -107 1037658.8200000401
-143 -46 1037658.8200000401
-143 -46 1037658.8200000401
-136 -149 1037658.8200000401
-136 -149 1037658.8200000401
-93 -220 1037658.8200000401
-93 -220 1037658.8200000401
-85 -43 1037658.8200000401
-85 -43 1037658.8200000401
-108 -238 1037658.8200000401
-108 -238 1037658.8200000401
-60 -58 1037658.8200000401
-60 -58 1037658.8200000401
-103 -183 1037658.8200000401
-103 -183 1037658.8200000401
-72 -105 1037658.8200000401
-72 -105 1037658.8200000401
-135 -168 1037658.8200000401
-135 -168 1037658.8200000401
-115 -282 1037658.8200000401
-115 -282 1037658.8200000401
-138 -225 1037658.8200000401
-138 -225 1037658.8200000401
-138 -50 1037658.8200000401
-138 -50 1037658.8200000401
-132 -302 1037658.8200000401
-132 -302 1037658.8200000401
-70 -37 1037658.8200000401
-70 -37 1037658.8200000401
-107 -193 1037658.8200000401
-107 -193 1037658.8200000401
-71 -132 1037658.8200000401
-71 -132 1037658.8200000401
-116 -210 1037658.8200000401
-116 -210 1037658.8200000401
-107 -121 1037658.8200000401
-107 -121 1037658.8200000401
-155 -260 1037658.8200000401
-155 -260 1037658.8200000401
-132 -124 1037658.8200000401
-132 -124 1037658.8200000401
-126 -238 1037658.8200000401
-126 -238 1037658.8200000401
-96 -190 1037658.8200000401
-96 -190 1037658.8200000401
-145 -313 1037658.8200000401
-145 -313 1037658.8200000401
-104 -34 1037658.8200000401
-104 -34 1037658.8200000401
-151 -135 1037658.8200000401
-151 -135 1037658.8200000401
-117 -55 1037658.8200000401
-117 -55 1037658.8200000401
-88 -61 1037658.8200000401
-88 -61 1037658.8200000401
-114 -176 1037658.8200000401
-114 -176 1037658.8200000401
-92 -80 1037658.8200000401
-92 -80 1037658.8200000401
-39 -92 1037658.8200000401
-39 -92 1037658.8200000401
-122.93000000000006 -312.28999999999974 1037658.8200000401
-122.93000000000006 -312.28999999999974 1037658.8200000401
-150.07999999999993 -312.1999999999998 1037658.8200000401
-150.07999999999993 -312.1999999999998 1037658.8200000401
-114 -24 1037658.8200000401
-114 -24 1037658.8200000401
-78 -21 1037658.8200000401
-78 -21 1037658.8200000401
-95 -26 1037658.8200000401
-95 -26 1037658.8200000401
-137 -31 1037658.8200000401
-137 -31 1037658.8200000401
-143 -35 1037658.8200000401
-143 -35 1037658.8200000401
-148 -33 1037658.8200000401
-148 -33 1037658.8200000401
-75 -18 1037658.8200000401
-75 -18 1037658.8200000401
