239 -36
239 -36
160 343
160 343
359 16
46 329
359 329
175 -114
175 -114
396 55
83 368
396 368
403 298
90 -15
403 -15
403 298
90 -15
403 -15
397 282
84 -31
397 -31
397 282
84 -31
397 -31
461 122
148 435
461 435
321 55
321 368
253 -33
253 -33
398 10
85 323
398 323
296 461
296 461
469 189
156 -124
469 -124
469 189
156 -124
469 -124
264 425
264 425
323 68
323 381
224 -57
224 -57
203 406
203 406
178 422
178 422
402 110
89 423
402 423
254 373
254 373
291 412
291 412
421 25
108 338
421 338
186 389
186 389
180 438
180 438
263 -65
263 -65
376 131
63 444
376 444
225 336
225 336
204 -30
204 -30
387 60
74 373
387 373
421 221
108 -92
421 -92
421 221
108 -92
421 -92
438 289
125 -24
438 -24
438 289
125 -24
438 -24
320 94
320 407
423 241
110 -72
423 -72
423 241
110 -72
423 -72
360 47
47 360
360 360
464 148
151 461
464 461
455 270
142 -43
455 -43
455 270
142 -43
455 -43
164 -142
164 -142
447 178
134 -135
447 -135
447 178
134 -135
447 -135
242 -64
242 -64
440 240
127 -73
440 -73
440 240
127 -73
440 -73
364 247
51 -66
364 -66
364 247
51 -66
364 -66
204 450
204 450
247 -43
247 -43
248 -101
248 -101
266 -58
266 -58
442 76
129 389
442 389
427 12
114 325
427 325
400 238
87 -75
400 -75
400 238
87 -75
400 -75
205 -150
205 -150
267 430
267 430
353 235
40 -78
353 -78
353 235
40 -78
353 -78
411 253
98 -60
411 -60
411 253
98 -60
411 -60
346 246
33 -67
346 -67
346 246
33 -67
346 -67
253 -138
253 -138
274 444
274 444
225 378
225 378
407 165
94 -148
407 -148
407 165
94 -148
407 -148
407 308
94 -5
407 -5
407 308
94 -5
407 -5
259 -64
259 -64
271 424
271 424
345 36
345 349
221 390
221 390
204 -147
204 -147
189 -51
189 -51
239 -21
239 -21
419 86
106 399
419 399
204 455
204 455
251 330
251 330
335 278
22 -35
335 -35
335 278
22 -35
335 -35
288 -37
288 -37
287 -154
287 -154
166 346
166 346
244 -109
244 -109
447 36
134 349
447 349
353 72
40 385
353 385
433 137
120 450
433 450
365 43
52 356
365 356
204 458
204 458
206 381
206 381
258 428
258 428
282 -115
282 -115
356 0
356 313
426 43
113 356
426 356
366 146
53 459
366 459
232 377
232 377
231 325
231 325
264 419
264 419
167 452
167 452
408 79
95 392
408 392
188 406
188 406
372 172
59 -141
372 -141
372 172
59 -141
372 -141
189 -125
189 -125
308 410
308 410
180 442
180 442
288 -111
288 -111
415 186
102 -127
415 -127
415 186
102 -127
415 -127
370 49
57 362
370 362
347 179
347 -134
347 179
347 -134
346 172
346 -141
346 172
346 -141
466 194
153 -119
466 -119
466 194
153 -119
466 -119
350 20
37 333
350 333
172 455
172 455
456 241
143 -72
456 -72
456 241
143 -72
456 -72
460 29
147 342
460 342
300 -21
300 -21
458 211
145 -102
458 -102
458 211
145 -102
458 -102
456 260
143 -53
456 -53
456 260
143 -53
456 -53
261 -41
261 -41
239 349
239 349
224 -22
224 -22
395 140
82 453
395 453
422 125
109 438
422 438
343 289
30 -24
343 -24
343 289
30 -24
343 -24
342 156
342 469
424 111
111 424
424 424
296 -148
296 -148
184 331
184 331
425 293
112 -20
425 -20
425 293
112 -20
425 -20
157 -94
157 -94
353 108
353 421
211 -14
211 -14
188 -149
188 -149
429 175
116 -138
429 -138
429 175
116 -138
429 -138
263 -123
263 -123
431 13
118 326
431 326
250 379
250 379
157 -126
157 -126
370 189
57 -124
370 -124
370 189
57 -124
370 -124
280 374
280 374
259 440
259 440
245 332
245 332
383 289
70 -24
383 -24
383 289
70 -24
383 -24
385 168
72 -145
385 -145
385 168
72 -145
385 -145
251 -76
251 -76
244 -88
244 -88
415 301
102 -12
415 -12
415 301
102 -12
415 -12
172 -125
172 -125
353 230
40 -83
353 -83
353 230
40 -83
353 -83
379 166
66 -147
379 -147
379 166
66 -147
379 -147
158 371
158 371
342 182
342 -131
342 182
342 -131
292 330
292 330
390 196
77 -117
390 -117
390 196
77 -117
390 -117
186 345
186 345
415 222
102 -91
415 -91
415 222
102 -91
415 -91
266 -68
266 -68
181 468
181 468
442 290
129 -23
442 -23
442 290
129 -23
442 -23
303 325
303 325
288 -156
288 -156
441 111
128 424
441 424
293 438
293 438
196 -143
196 -143
201 383
201 383
174 315
174 315
407 18
94 331
407 331
236 -96
236 -96
337 194
337 -119
337 194
337 -119
178 428
178 428
437 293
124 -20
437 -20
437 293
124 -20
437 -20
246 -97
246 -97
412 274
99 -39
412 -39
412 274
99 -39
412 -39
203 -96
203 -96
279 344
279 344
416 112
103 425
416 425
294 350
294 350
188 416
188 416
425 299
112 -14
425 -14
425 299
112 -14
425 -14
433 226
120 -87
433 -87
433 226
120 -87
433 -87
172 -134
172 -134
353 53
40 366
353 366
383 279
70 -34
383 -34
383 279
70 -34
383 -34
411 133
98 446
411 446
212 -98
212 -98
202 -108
202 -108
318 136
318 449
410 217
97 -96
410 -96
410 217
97 -96
410 -96
292 351
292 351
220 -100
220 -100
240 -104
240 -104
386 240
73 -73
386 -73
386 240
73 -73
386 -73
163 402
163 402
203 318
203 318
215 343
215 343
172 355
172 355
158 -77
158 -77
428 68
115 381
428 381
415 222
102 -91
415 -91
415 222
102 -91
415 -91
412 155
99 468
412 468
352 261
39 -52
352 -52
352 261
39 -52
352 -52
377 90
64 403
377 403
419 75
106 388
419 388
268 -44
268 -44
164 460
164 460
219 427
219 427
274 -45
274 -45
407 300
94 -13
407 -13
407 300
94 -13
407 -13
335 279
22 -34
335 -34
335 279
22 -34
335 -34
354 39
41 352
354 352
265 409
265 409
278 329
278 329
206 -58
206 -58
276 334
276 334
197 -18
197 -18
384 50
71 363
384 363
427 159
114 -154
427 -154
427 159
114 -154
427 -154
203 -31
203 -31
292 370
292 370
167 362
167 362
223 -62
223 -62
343 139
343 452
262 -106
262 -106
357 311
44 -2
357 -2
357 311
44 -2
357 -2
412 208
99 -105
412 -105
412 208
99 -105
412 -105
443 124
130 437
443 437
356 240
43 -73
356 -73
356 240
43 -73
356 -73
293 -37
293 -37
213 -41
213 -41
230 -82
230 -82
388 238
75 -75
388 -75
388 238
75 -75
388 -75
232 -155
232 -155
413 289
100 -24
413 -24
413 289
100 -24
413 -24
419 293
106 -20
419 -20
419 293
106 -20
419 -20
426 221
113 -92
426 -92
426 221
113 -92
426 -92
284 -77
284 -77
235 391
235 391
289 407
289 407
389 93
76 406
389 406
208 -109
208 -109
372 48
59 361
372 361
178 336
178 336
360 211
47 -102
360 -102
360 211
47 -102
360 -102
307 340
307 340
328 300
15 -13
328 -13
328 300
15 -13
328 -13
217 372
217 372
250 343
250 343
396 246
83 -67
396 -67
396 246
83 -67
396 -67
268 -21
268 -21
221 -84
221 -84
284 452
284 452
375 79
62 392
375 392
397 284
84 -29
397 -29
397 284
84 -29
397 -29
369 222
56 -91
369 -91
369 222
56 -91
369 -91
461 117
148 430
461 430
450 65
137 378
450 378
167 432
167 432
409 222
96 -91
409 -91
409 222
96 -91
409 -91
254 403
254 403
271 329
271 329
296 -125
296 -125
393 279
80 -34
393 -34
393 279
80 -34
393 -34
170 -49
170 -49
194 331
194 331
404 226
91 -87
404 -87
404 226
91 -87
404 -87
407 163
94 -150
407 -150
407 163
94 -150
407 -150
389 190
76 -123
389 -123
389 190
76 -123
389 -123
339 176
339 -137
339 176
339 -137
182 -106
182 -106
432 179
119 -134
432 -134
432 179
119 -134
432 -134
409 223
96 -90
409 -90
409 223
96 -90
409 -90
434 62
121 375
434 375
313 -148
313 -148
193 369
193 369
250 -65
250 -65
174 336
174 336
436 111
123 424
436 424
365 268
52 -45
365 -45
365 268
52 -45
365 -45
411 84
98 397
411 397
268 -155
268 -155
380 233
67 -80
380 -80
380 233
67 -80
380 -80
214 -59
214 -59
426 84
113 397
426 397
424 297
111 -16
424 -16
424 297
111 -16
424 -16
307 336
307 336
309.001 -24.000999999999976
309.001 -24.000999999999976
322.999 142.001
322.999 455.001
458.002 21.998000000000047
145.002 334.99800000000005
458.002 334.99800000000005
302.001 377.999
302.001 377.999
319.999 307.001
6.999 -5.999000000000024
319.999 -5.999000000000024
319.999 307.001
6.999 -5.999000000000024
319.999 -5.999000000000024
42.998000000000005 312.99800000000005
318.99800000000005 61.0
318.99800000000005 374.0
106.0 292.99800000000005
311.00199999999995 443.998
311.00199999999995 443.998
304.00199999999995 351.0
304.00199999999995 351.0
102.00200000000001 301.00199999999995
247.999 211.999
107.99799999999999 220.998
93.99799999999999 162.998
306.0039999999999 356.998
306.0039999999999 356.998
307.0049999999999 -156.00300000000001
307.0049999999999 -156.00300000000001
385.001 302.001
72.001 -10.999000000000024
385.001 -10.999000000000024
385.001 302.001
72.001 -10.999000000000024
385.001 -10.999000000000024
56.99700000000001 49.00499999999999
325.002 3.9980000000000473
325.002 316.99800000000005
96.0 223.002
455.999 21.999000000000024
142.999 334.999
455.999 334.999
177.998 23.002000000000002
89.99599999999998 297.9960000000001
263.00199999999995 248.0
185.99199999999996 75.99399999999997
287.99800000000005 156.99199999999996
310.99800000000005 278.9960000000001
198.99699999999999 1.0049999999999994
246.00600000000003 216.0
178.00600000000003 115.00400000000002
232.001 63.99100000000002
95.999 221.999
163.999 147.00500000000002
412.001 307.0049999999999
99.001 -5.995000000000118
412.001 -5.995000000000118
412.001 307.0049999999999
99.001 -5.995000000000118
412.001 -5.995000000000118
313.999 22.999
313.999 335.999
278.00199999999995 15.990000000000006
403.998 1.9980000000000473
90.99799999999999 314.99800000000005
403.998 314.99800000000005
245.0 18.997999999999998
305.999 313.9870000000003
305.999 313.9870000000003
230.00400000000002 231.002
93.99599999999998 307.9960000000001
166.99299999999997 138.99699999999999
316.99800000000005 12.0
316.99800000000005 325.0
111.0 110.99199999999996
267.0039999999999 315.9880000000003
267.0039999999999 315.9880000000003
105.999 74.999
52.99700000000001 145.99699999999999
234.001 319.9910000000002
234.001 319.9910000000002
112.00300000000001 292.99700000000007
313.9950000000001 96.001
313.9950000000001 409.001
267.0 117.0
263.9910000000002 105.999
249.999 248.00300000000001
263.99800000000005 112.0
96.99399999999997 216.998
272.0 -13.998000000000047
272.0 -13.998000000000047
203.002 5.004000000000001
234.001 6.988999999999996
253.98799999999994 90.00200000000001
230.99699999999999 12.002999999999998
110.999 297.001
210.00700000000003 311.99700000000007
84.00800000000004 281.9920000000002
246.99599999999998 269.99800000000005
172.0 188.0
156.998 186.98999999999995
118.00400000000002 13.0
65.99599999999998 165.998
173.99099999999996 22.994999999999994
180.00700000000003 125.00300000000001
51.999 42.993000000000016
293.0089999999998 124.98699999999994
172.00800000000004 42.001999999999995
250.00400000000002 66.01400000000007
210.00600000000003 -0.9900000000002365
210.00600000000003 -0.9900000000002365
57.00299999999999 189.00900000000004
198.998 313.9960000000001
198.998 313.9960000000001
291.99000000000024 38.0
187.99299999999997 164.001
273.99800000000005 131.00400000000002
73.999 60.00299999999999
261.0 272.00599999999986
312.00999999999976 340.00800000000004
312.00999999999976 340.00800000000004
83.001 246.00500000000002
4.013000000000004 12.012999999999993
305.999 44.006999999999984
184.001 17.999
163.99599999999998 170.99199999999996
235.99499999999998 216.999
204.0 141.99599999999998
98.999 154.98899999999995
12.002999999999998 3.999
23.980999999999977 194.03700000000018
166.0 33.0
220.999 77.00700000000003
120.00200000000001 137.00800000000004
239.99199999999996 208.99399999999997
225.001 22.999
147.00400000000002 29.012000000000015
180.00500000000002 129.001
90.99799999999999 1.9980000000000002
166.99399999999997 119.0
172.00400000000002 179.002
297.99000000000024 316.99000000000024
297.99000000000024 316.99000000000024
41.0 38.998000000000005
258.9950000000001 249.00300000000001
150.98799999999994 148.00600000000003
120.00800000000004 225.99199999999996
303.999 37.993000000000016
101.99599999999998 186.00400000000002
71.999 301.999
316.9960000000001 294.0039999999999
316.9960000000001 -18.996000000000095
316.9960000000001 294.0039999999999
316.9960000000001 -18.996000000000095
289.0039999999999 -93.00200000000001
289.0039999999999 -93.00200000000001
212.0 215.002
203.999 136.98699999999994
238.99399999999997 36.00799999999998
159.99099999999996 29.99299999999999
205.00500000000002 162.98899999999995
142.999 240.99499999999998
122.99299999999997 110.99499999999998
40.001999999999995 72.00200000000001
310.9910000000002 131.00300000000001
108.999 124.999
213.999 253.99499999999998
39.993000000000016 234.999
251.01000000000005 16.993999999999993
75.00300000000001 237.99299999999997
39.99500000000001 53.006999999999984
311.0089999999998 -34.006999999999834
311.0089999999998 -34.006999999999834
106.00300000000001 86.00500000000002
94.001 299.99700000000007
250.0190000000001 30.011000000000013
204.00900000000004 282.999
286.99000000000024 159.01200000000006
200.99499999999998 70.00500000000002
25.989999999999988 175.99199999999996
97.99599999999998 132.998
220.99599999999998 229.002
241.99199999999996 249.002
244.00700000000003 224.99699999999999
239.00600000000003 292.00599999999986
204.01200000000006 166.0180000000001
186.00600000000003 32.00999999999998
148.001 122.01100000000005
113.98899999999995 11.999
113.00200000000001 220.98799999999994
188.001 92.99099999999996
113.01300000000006 83.999
59.01599999999996 47.99000000000002
345.995 311.0089999999998
32.99500000000001 -1.9910000000002128
345.995 -1.9910000000002128
345.995 311.0089999999998
32.99500000000001 -1.9910000000002128
345.995 -1.9910000000002128
76.99699999999999 196.01700000000008
205.98599999999993 254.98599999999993
287.98900000000026 276.0049999999999
293.00599999999986 -86.99799999999999
293.00599999999986 -86.99799999999999
201.99099999999996 204.99499999999998
288.99700000000007 93.98099999999991
72.01100000000005 168.00300000000001
63.99600000000001 90.01000000000005
67.001 232.99099999999996
196.98799999999994 294.9960000000001
211.00500000000002 299.001
263.00999999999976 189.998
243.98999999999995 203.9799999999999
234.99199999999996 78.01000000000005
107.99399999999997 25.006000000000007
188.00300000000001 103.00500000000002
302.0 65.00600000000003
76.00300000000001 189.99499999999998
319.9960000000001 300.0
6.996000000000095 -13.0
319.9960000000001 -13.0
319.9960000000001 300.0
6.996000000000095 -13.0
319.9960000000001 -13.0
213.00700000000003 272.001
137.0 64.99799999999999
188.99299999999997 261.999
112.00500000000002 299.0089999999998
88.98999999999995 109.99599999999998
121.01400000000007 61.99200000000002
55.998000000000005 221.99599999999998
208.00900000000004 203.98499999999993
223.0 250.99199999999996
279.98100000000045 61.00299999999999
173.98799999999994 2.007999999999999
251.0 236.998
98.001 84.00700000000003
304.00999999999976 -123.99799999999999
304.00999999999976 -123.99799999999999
307.00199999999995 27.004000000000005
174.98899999999995 199.00300000000001
94.99699999999999 78.99099999999996
254.01500000000007 59.99500000000001
295.99800000000005 165.00800000000004
270.99400000000014 15.998000000000001
129.03500000000017 290.0129999999997
33.001999999999995 171.99399999999997
299.9910000000002 292.0049999999999
69.99699999999999 289.0129999999997
276.0 21.00800000000001
293.0089999999998 225.999
252.998 280.00199999999995
289.00699999999983 219.98499999999993
224.99699999999999 65.001
252.99299999999997 174.99699999999999
98.99499999999998 207.99099999999996
268.0 269.00199999999995
72.99699999999999 240.01100000000005
180.999 154.99099999999996
157.9819999999999 58.0
281.99400000000014 197.99399999999997
39.0 260.9960000000001
162.99299999999997 89.00300000000001
44.00399999999999 310.9820000000004
224.00400000000002 256.0159999999996
167.01100000000005 49.014999999999965
46.023999999999944 15.994000000000003
305.00299999999993 256.0049999999999
302.99800000000005 11.998000000000001
102.99399999999997 112.00200000000001
156.001 189.001
8.005999999999997 54.99600000000001
194.00700000000003 17.999
143.0 259.9960000000001
258.9910000000002 127.01500000000007
158.01200000000006 236.01600000000008
94.00200000000001 18.012000000000015
224.001 290.9950000000001
97.99699999999999 253.00700000000003
238.99299999999997 277.001
10.011999999999993 68.01600000000008
231.99299999999997 157.98499999999993
175.00600000000003 313.98600000000033
175.00600000000003 313.98600000000033
296.00199999999995 188.0
58.99100000000002 171.99299999999997
28.987999999999985 156.002
165.99099999999996 318.97700000000054
165.99099999999996 318.97700000000054
124.99299999999997 288.99300000000017
294.00599999999986 36.99600000000001
181.99599999999998 207.01600000000008
274.0079999999998 267.99800000000005
63.001 130.9809999999999
268.00299999999993 292.0089999999998
220.0180000000001 212.9779999999999
129.998 124.01000000000005
142.00400000000002 270.01399999999967
46.989000000000026 210.999
293.00699999999983 275.999
81.99199999999996 140.00600000000003
193.00300000000001 55.98700000000003
440.004 13.996000000000095
127.00400000000002 326.9960000000001
440.004 326.9960000000001
206.00400000000002 68.0
203.01200000000006 92.99799999999999
305.0219999999995 -57.012000000000086
305.0219999999995 -57.012000000000086
267.99300000000017 158.001
307.0 23.0
306.0179999999996 427.004
306.0179999999996 427.004
278.9870000000003 31.013000000000016
101.99799999999999 222.00400000000002
143.00500000000002 21.98299999999998
51.01399999999997 247.00600000000003
99.00300000000001 273.9950000000001
115.99799999999999 174.99199999999996
283.99300000000017 139.00300000000001
129.00600000000003 76.00800000000004
189.999 -6.997000000000071
189.999 -6.997000000000071
83.999 284.0089999999998
128.01100000000005 110.99099999999996
171.998 142.0
214.98399999999992 30.006000000000007
114.99699999999999 67.99299999999997
112.99499999999998 43.00299999999999
133.999 36.00299999999999
87.00500000000002 237.99499999999998
34.00899999999998 179.00700000000003
90.99499999999998 226.001
32.97900000000005 245.99699999999999
290.99700000000007 99.00700000000003
291.99400000000014 16.997999999999998
75.99799999999999 93.00600000000003
152.998 194.01000000000005
204.00500000000002 145.01700000000008
144.99099999999996 210.98699999999994
114.01300000000006 158.99699999999999
266.0049999999999 254.999
202.98499999999993 282.00299999999993
127.001 239.99499999999998
127.00500000000002 13.995000000000003
39.976000000000056 229.98599999999993
195.99099999999996 170.00300000000001
288.01499999999965 202.01100000000005
100.00600000000003 288.99800000000005
79.99699999999999 278.99300000000017
271.00699999999983 110.99299999999997
30.01700000000002 289.00699999999983
83.01800000000009 54.98800000000003
39.98200000000004 107.99799999999999
42.999 240.00300000000001
283.999 236.00700000000003
134.00800000000004 177.99599999999998
84.97699999999989 10.008999999999995
36.99000000000002 19.997999999999998
28.988999999999987 182.00700000000003
47.001 47.00299999999999
202.9809999999999 217.0230000000001
312.99300000000017 165.00500000000002
265.0169999999996 95.99299999999997
148.002 116.9799999999999
110.00300000000001 241.01300000000006
296.0 147.998
43.00399999999999 0.010000000000000002
257.9880000000003 114.99599999999998
61.99700000000001 78.99499999999998
305.99700000000007 1.0069999999999992
266.0039999999999 244.98799999999994
307.00299999999993 156.99299999999997
69.99699999999999 278.9910000000002
189.001 188.00300000000001
308.001 96.999
177.998 108.99799999999999
29.985999999999983 138.98799999999994
123.99699999999999 293.00699999999983
217.00300000000001 58.989000000000026
219.001 114.00300000000001
71.00300000000001 49.98700000000003
170.00500000000002 264.01499999999965
52.00399999999999 268.00599999999986
157.01000000000005 218.998
119.00600000000003 179.01400000000007
31.980999999999977 35.99700000000001
262.0049999999999 207.001
93.99399999999997 165.01000000000005
292.00599999999986 57.001999999999995
-74 277
-74 -36
-74 277
-74 -36
-153 30
-153 -283
-153 30
-153 -283
-138 199
-138 -114
-138 199
-138 -114
-60 -33
-60 -33
-17 -165
-17 -165
-49 112
-49 -201
-49 112
-49 -201
-89 256
-89 -57
-89 256
-89 -57
-110 93
-110 -220
-110 93
-110 -220
-135 109
-135 -204
-135 109
-135 -204
-59 60
-59 -253
-59 60
-59 -253
-22 -214
-22 -214
-127 76
-127 -237
-127 76
-127 -237
-133 125
-133 -188
-133 125
-133 -188
-50 -65
-50 -65
-88 23
-88 -290
-88 23
-88 -290
-109 283
-109 -30
-109 283
-109 -30
-149 171
-149 -142
-149 171
-149 -142
-71 249
-71 -64
-71 249
-71 -64
-109 137
-109 -176
-109 137
-109 -176
-66 -43
-66 -43
-65 212
-65 -101
-65 212
-65 -101
-47 -58
-47 -58
-108 163
-108 -150
-108 163
-108 -150
-46 117
-46 -196
-46 117
-46 -196
-60 175
-60 -138
-60 175
-60 -138
-39 131
-39 -182
-39 131
-39 -182
-88 65
-88 -248
-88 65
-88 -248
-54 -64
-54 -64
-42 111
-42 -202
-42 111
-42 -202
-92 77
-92 -236
-92 77
-92 -236
-109 166
-109 -147
-109 166
-109 -147
-124 262
-124 -51
-124 262
-124 -51
-74 -21
-74 -21
-109 142
-109 -171
-109 142
-109 -171
-62 17
-62 -296
-62 17
-62 -296
-25 -37
-25 -37
-26 -154
-26 -154
-147 33
-147 -280
-147 33
-147 -280
-69 204
-69 -109
-69 204
-69 -109
-109 145
-109 -168
-109 145
-109 -168
-107 68
-107 -245
-107 68
-107 -245
-55 115
-55 -198
-55 115
-55 -198
-31 -115
-31 -115
-81 64
-81 -249
-81 64
-81 -249
-82 12
-82 -301
-82 12
-82 -301
-49 106
-49 -207
-49 106
-49 -207
-146 139
-146 -174
-146 139
-146 -174
-125 93
-125 -220
-125 93
-125 -220
-124 188
-124 -125
-124 188
-124 -125
-133 129
-133 -184
-133 129
-133 -184
-25 -111
-25 -111
-141 142
-141 -171
-141 142
-141 -171
-13 -21
-13 -21
-52 -41
-52 -41
-74 36
-74 -277
-74 36
-74 -277
-89 291
-89 -22
-89 291
-89 -22
-17 -148
-17 -148
-129 18
-129 -295
-129 18
-129 -295
-156 219
-156 -94
-156 219
-156 -94
-102 299
-102 -14
-102 299
-102 -14
-125 164
-125 -149
-125 164
-125 -149
-50 -123
-50 -123
-63 66
-63 -247
-63 66
-63 -247
-156 187
-156 -126
-156 187
-156 -126
-33 61
-33 -252
-33 61
-33 -252
-54 127
-54 -186
-54 127
-54 -186
-68 19
-68 -294
-68 19
-68 -294
-62 -76
-62 -76
-69 225
-69 -88
-69 225
-69 -88
-141 188
-141 -125
-141 188
-141 -125
-155 58
-155 -255
-155 58
-155 -255
-21 17
-21 17
-127 32
-127 -281
-127 32
-127 -281
-47 -68
-47 -68
-132 155
-132 -158
-132 155
-132 -158
-10 12
-10 12
-25 -156
-25 -156
-20 -188
-20 -188
-117 170
-117 -143
-117 170
-117 -143
-112 70
-112 -243
-112 70
-112 -243
-139 2
-139 -311
-139 2
-139 -311
-77 217
-77 -96
-77 217
-77 -96
-135 115
-135 -198
-135 115
-135 -198
-67 216
-67 -97
-67 216
-67 -97
-110 217
-110 -96
-110 217
-110 -96
-34 31
-34 -282
-34 31
-34 -282
-19 37
-19 37
-125 103
-125 -210
-125 103
-125 -210
-141 179
-141 -134
-141 179
-141 -134
-101 215
-101 -98
-101 215
-101 -98
-111 205
-111 -108
-111 205
-111 -108
-21 38
-21 38
-93 213
-93 -100
-93 213
-93 -100
-73 209
-73 -104
-73 209
-73 -104
-150 89
-150 -224
-150 89
-150 -224
-110 5
-110 -308
-110 5
-110 -308
-98 30
-98 -283
-98 30
-98 -283
-141 42
-141 -271
-141 42
-141 -271
-155 236
-155 -77
-155 236
-155 -77
-45 -44
-45 -44
-149 147
-149 -166
-149 147
-149 -166
-94 114
-94 -199
-94 114
-94 -199
-39 -45
-39 -45
-48 96
-48 -217
-48 96
-48 -217
-35 16
-35 -297
-35 16
-35 -297
-107 255
-107 -58
-107 255
-107 -58
-37 21
-37 -292
-37 21
-37 -292
-116 295
-116 -18
-116 295
-116 -18
-110 282
-110 -31
-110 282
-110 -31
-21 57
-21 57
-146 49
-146 -264
-146 49
-146 -264
-90 251
-90 -62
-90 251
-90 -62
-51 -106
-51 -106
-20 -37
-20 -37
-100 272
-100 -41
-100 272
-100 -41
-83 231
-83 -82
-83 231
-83 -82
-81 158
-81 -155
-81 158
-81 -155
-29 -77
-29 -77
-78 78
-78 -235
-78 78
-78 -235
-24 -219
-24 -219
-105 204
-105 -109
-105 204
-105 -109
-135 23
-135 -290
-135 23
-135 -290
-96 59
-96 -254
-96 59
-96 -254
-63 30
-63 -283
-63 30
-63 -283
-45 -21
-45 -21
-92 229
-92 -84
-92 229
-92 -84
-29 -174
-29 -174
-146 119
-146 -194
-146 119
-146 -194
-59 90
-59 -223
-59 90
-59 -223
-42 16
-42 -297
-42 16
-42 -297
-17 -125
-17 -125
-143 264
-143 -49
-143 264
-143 -49
-119 18
-119 -295
-119 18
-119 -295
-131 207
-131 -106
-131 207
-131 -106
-120 56
-120 -257
-120 56
-120 -257
-63 -65
-63 -65
-139 23
-139 -290
-139 23
-139 -290
-45 158
-45 -155
-45 158
-45 -155
-99 254
-99 -59
-99 254
-99 -59
-3.9990000000000236 -24.000999999999976
-3.9990000000000236 -24.000999999999976
-7.000999999999976 0.9870000000003074
-7.000999999999976 0.9870000000003074
-45.996000000000095 2.9880000000002838
-45.996000000000095 -310.0119999999997
-45.996000000000095 2.9880000000002838
-45.996000000000095 -310.0119999999997
-78.999 6.991000000000213
-78.999 -306.0089999999998
-78.999 6.991000000000213
-78.999 -306.0089999999998
-41.0 -13.998000000000047
-41.0 -13.998000000000047
-102.99399999999997 312.00999999999976
-102.99399999999997 -0.9900000000002365
-102.99399999999997 312.00999999999976
-102.99399999999997 -0.9900000000002365
-114.00200000000001 0.9960000000000946
-114.00200000000001 -312.0039999999999
-114.00200000000001 0.9960000000000946
-114.00200000000001 -312.0039999999999
-15.009999999999764 3.9900000000002365
-15.009999999999764 3.9900000000002365
-23.996000000000095 -93.00200000000001
-23.996000000000095 -93.00200000000001
-19.994000000000142 -86.99799999999999
-19.994000000000142 -86.99799999999999
-137.99399999999997 0.9860000000003311
-137.99399999999997 -312.01399999999967
-137.99399999999997 0.9860000000003311
-137.99399999999997 -312.01399999999967
-147.00900000000004 5.977000000000544
-147.00900000000004 -307.02299999999946
-147.00900000000004 5.977000000000544
-147.00900000000004 -307.02299999999946
-7.97800000000052 -57.012000000000086
-7.97800000000052 -57.012000000000086
-123.001 306.00299999999993
-123.001 -6.997000000000071
-123.001 306.00299999999993
-123.001 -6.997000000000071
8 368
-17 148
-17 148
10 381
7 407
32 349
-25 276
-25 276
-26 159
-26 159
-31 198
-31 198
-5 97
-5 97
-25 202
-25 202
-13 292
-13 292
29 469
-17 165
-17 165
40 421
-25 157
-25 157
-20 125
-20 125
5 449
-45 269
-45 269
-39 268
-39 268
30 452
-20 276
-20 276
-29 236
-29 236
-45 292
-45 292
-17 188
-17 188
-3.9990000000000236 288.999
-3.9990000000000236 288.999
9.999000000000024 455.001
-10.999000000000024 64.999
-10.999000000000024 64.999
5.998000000000047 374.0
-1.9980000000000473 130.998
-1.9980000000000473 130.998
-6.996000000000095 43.998000000000005
-6.996000000000095 43.998000000000005
-5.995000000000118 156.99699999999999
-5.995000000000118 156.99699999999999
12.001999999999999 316.99800000000005
4.005000000000002 293.999
0.9990000000000236 335.999
3.9980000000000473 325.0
0.9950000000001182 409.001
-41.0 299.00199999999995
-41.0 299.00199999999995
6.995999999999999 307.0
-0.9900000000002365 27.00800000000001
-0.9900000000002365 27.00800000000001
1.0049999999999994 22.999
-23.996000000000095 219.998
-23.996000000000095 219.998
-1.9910000000002128 278.99300000000017
-1.9910000000002128 278.99300000000017
-19.994000000000142 226.002
-19.994000000000142 226.002
0.015000000000000006 165.00300000000001
22.002000000000002 277.98600000000033
1.0049999999999994 96.00500000000002
-8.990000000000236 189.002
-8.990000000000236 189.002
5.015000000000005 135.99099999999996
-7.97800000000052 255.98799999999991
-7.97800000000052 255.98799999999991
-6.982000000000426 114.00400000000002
-6.982000000000426 114.00400000000002
21.999 279.00299999999993
7.03000000000001 93.99799999999999
15.008999999999995 300.00299999999993
-60 280
-60 280
-22 99
-22 99
-50 248
-50 248
-66 270
-66 270
-47 255
-47 255
-54 249
-54 249
-74 292
-74 292
-52 272
-52 272
-50 190
-50 190
-62 237
-62 237
-47 245
-47 245
-51 207
-51 207
-24 94
-24 94
-6 27
-6 27
-29 139
-29 139
-63 248
-63 248
-6 23
-6 23
-8.998000000000047 38.0
-8.998000000000047 38.0
-5 -216
-5 -216
-21 -296
-21 -296
-10 -301
-10 -301
-19 -276
-19 -276
-21 -275
-21 -275
-21 -256
-21 -256
-6 -286
-6 -286
0 -148
0 -148
-6 -290
-6 -290
-10.999000000000024 -248.001
-10.999000000000024 -248.001
-1.9980000000000473 -182.002
-1.9980000000000473 -182.002
-8.998000000000047 -275.0
-8.998000000000047 -275.0
-6.996000000000095 -269.002
-6.996000000000095 -269.002
-5.995000000000118 -156.00300000000001
-5.995000000000118 -156.00300000000001
-7.000999999999976 -312.0129999999997
-7.000999999999976 -312.0129999999997
-0.9900000000002365 -285.99199999999996
-0.9900000000002365 -285.99199999999996
-15.009999999999764 -309.00999999999976
-15.009999999999764 -309.00999999999976
-1.9910000000002128 -34.006999999999834
-1.9910000000002128 -34.006999999999834
-8.990000000000236 -123.99799999999999
-8.990000000000236 -123.99799999999999
-6.982000000000426 -198.99599999999998
-6.982000000000426 -198.99599999999998
34 -134
34 -134
33 -141
33 -141
29 -131
29 -131
24 -119
24 -119
26 -137
26 -137
3.9960000000000946 -18.996000000000095
3.9960000000000946 -18.996000000000095
1118400.025999826