239 -36
239 -36
160 343
160 343
359 16
46 329
359 329
175 -114
175 -114
396 55
83 368
396 368
403 298
90 -15
403 -15
403 298
90 -15
403 -15
397 282
84 -31
397 -31
397 282
84 -31
397 -31
461 122
148 435
461 435
253 -33
253 -33
398 10
85 323
398 323
296 461
296 461
469 189
156 -124
469 -124
469 189
156 -124
469 -124
264 425
264 425
224 -57
224 -57
203 406
203 406
178 422
178 422
402 110
89 423
402 423
254 373
254 373
291 412
291 412
421 25
108 338
421 338
186 389
186 389
180 438
180 438
263 -65
263 -65
376 131
63 444
376 444
225 336
225 336
204 -30
204 -30
387 60
74 373
387 373
421 221
108 -92
421 -92
421 221
108 -92
421 -92
438 289
125 -24
438 -24
438 289
125 -24
438 -24
320 94
320 407
423 241
110 -72
423 -72
423 241
110 -72
423 -72
360 47
47 360
360 360
464 148
151 461
464 461
455 270
142 -43
455 -43
455 270
142 -43
455 -43
164 -142
164 -142
447 178
134 -135
447 -135
447 178
134 -135
447 -135
242 -64
242 -64
440 240
127 -73
440 -73
440 240
127 -73
440 -73
364 247
51 -66
364 -66
364 247
51 -66
364 -66
204 450
204 450
247 -43
247 -43
248 -101
248 -101
266 -58
266 -58
442 76
129 389
442 389
427 12
114 325
427 325
400 238
87 -75
400 -75
400 238
87 -75
400 -75
205 -150
205 -150
267 430
267 430
353 235
40 -78
353 -78
353 235
40 -78
353 -78
411 253
98 -60
411 -60
411 253
98 -60
411 -60
346 246
33 -67
346 -67
346 246
33 -67
346 -67
253 -138
253 -138
274 444
274 444
225 378
225 378
407 165
94 -148
407 -148
407 165
94 -148
407 -148
259 -64
259 -64
271 424
271 424
345 36
345 349
221 390
221 390
204 -147
204 -147
189 -51
189 -51
239 -21
239 -21
419 86
106 399
419 399
204 455
204 455
335 278
22 -35
335 -35
335 278
22 -35
335 -35
288 -37
288 -37
287 -154
287 -154
166 346
166 346
244 -109
244 -109
447 36
134 349
447 349
353 72
40 385
353 385
433 137
120 450
433 450
365 43
52 356
365 356
204 458
204 458
206 381
206 381
258 428
258 428
282 -115
282 -115
356 0
356 313
426 43
113 356
426 356
366 146
53 459
366 459
232 377
232 377
231 325
231 325
264 419
264 419
167 452
167 452
408 79
95 392
408 392
188 406
188 406
372 172
59 -141
372 -141
372 172
59 -141
372 -141
189 -125
189 -125
308 410
308 410
180 442
180 442
288 -111
288 -111
415 186
102 -127
415 -127
415 186
102 -127
415 -127
370 49
57 362
370 362
347 179
347 -134
347 179
347 -134
346 172
346 -141
346 172
346 -141
466 194
153 -119
466 -119
466 194
153 -119
466 -119
350 20
37 333
350 333
172 455
172 455
456 241
143 -72
456 -72
456 241
143 -72
456 -72
460 29
147 342
460 342
300 -21
300 -21
458 211
145 -102
458 -102
458 211
145 -102
458 -102
456 260
143 -53
456 -53
456 260
143 -53
456 -53
261 -41
261 -41
239 349
239 349
224 -22
224 -22
395 140
82 453
395 453
422 125
109 438
422 438
343 289
30 -24
343 -24
343 289
30 -24
343 -24
342 156
342 469
424 111
111 424
424 424
296 -148
296 -148
184 331
184 331
425 293
112 -20
425 -20
425 293
112 -20
425 -20
157 -94
157 -94
353 108
353 421
211 -14
211 -14
188 -149
188 -149
429 175
116 -138
429 -138
429 175
116 -138
429 -138
263 -123
263 -123
250 379
250 379
157 -126
157 -126
370 189
57 -124
370 -124
370 189
57 -124
370 -124
280 374
280 374
259 440
259 440
245 332
245 332
383 289
70 -24
383 -24
383 289
70 -24
383 -24
385 168
72 -145
385 -145
385 168
72 -145
385 -145
251 -76
251 -76
244 -88
244 -88
415 301
102 -12
415 -12
415 301
102 -12
415 -12
172 -125
172 -125
353 230
40 -83
353 -83
353 230
40 -83
353 -83
379 166
66 -147
379 -147
379 166
66 -147
379 -147
158 371
158 371
342 182
342 -131
342 182
342 -131
292 330
292 330
390 196
77 -117
390 -117
390 196
77 -117
390 -117
186 345
186 345
415 222
102 -91
415 -91
415 222
102 -91
415 -91
266 -68
266 -68
181 468
181 468
442 290
129 -23
442 -23
442 290
129 -23
442 -23
303 325
303 325
288 -156
288 -156
441 111
128 424
441 424
293 438
293 438
196 -143
196 -143
201 383
201 383
174 315
174 315
407 18
94 331
407 331
236 -96
236 -96
337 194
337 -119
337 194
337 -119
178 428
178 428
437 293
124 -20
437 -20
437 293
124 -20
437 -20
246 -97
246 -97
412 274
99 -39
412 -39
412 274
99 -39
412 -39
203 -96
203 -96
279 344
279 344
416 112
103 425
416 425
294 350
294 350
188 416
188 416
425 299
112 -14
425 -14
425 299
112 -14
425 -14
433 226
120 -87
433 -87
433 226
120 -87
433 -87
172 -134
172 -134
353 53
40 366
353 366
383 279
70 -34
383 -34
383 279
70 -34
383 -34
411 133
98 446
411 446
212 -98
212 -98
202 -108
202 -108
410 217
97 -96
410 -96
410 217
97 -96
410 -96
292 351
292 351
220 -100
220 -100
240 -104
240 -104
386 240
73 -73
386 -73
386 240
73 -73
386 -73
163 402
163 402
203 318
203 318
215 343
215 343
172 355
172 355
158 -77
158 -77
428 68
115 381
428 381
415 222
102 -91
415 -91
415 222
102 -91
415 -91
412 155
99 468
412 468
352 261
39 -52
352 -52
352 261
39 -52
352 -52
377 90
64 403
377 403
419 75
106 388
419 388
268 -44
268 -44
164 460
164 460
219 427
219 427
274 -45
274 -45
407 300
94 -13
407 -13
407 300
94 -13
407 -13
335 279
22 -34
335 -34
335 279
22 -34
335 -34
354 39
41 352
354 352
265 409
265 409
278 329
278 329
206 -58
206 -58
276 334
276 334
197 -18
197 -18
384 50
71 363
384 363
427 159
114 -154
427 -154
427 159
114 -154
427 -154
203 -31
203 -31
292 370
292 370
167 362
167 362
223 -62
223 -62
343 139
343 452
262 -106
262 -106
357 311
44 -2
357 -2
357 311
44 -2
357 -2
412 208
99 -105
412 -105
412 208
99 -105
412 -105
443 124
130 437
443 437
356 240
43 -73
356 -73
356 240
43 -73
356 -73
293 -37
293 -37
213 -41
213 -41
230 -82
230 -82
388 238
75 -75
388 -75
388 238
75 -75
388 -75
232 -155
232 -155
413 289
100 -24
413 -24
413 289
100 -24
413 -24
419 293
106 -20
419 -20
419 293
106 -20
419 -20
426 221
113 -92
426 -92
426 221
113 -92
426 -92
284 -77
284 -77
235 391
235 391
289 407
289 407
389 93
76 406
389 406
208 -109
208 -109
372 48
59 361
372 361
178 336
178 336
360 211
47 -102
360 -102
360 211
47 -102
360 -102
307 340
307 340
328 300
15 -13
328 -13
328 300
15 -13
328 -13
217 372
217 372
250 343
250 343
396 246
83 -67
396 -67
396 246
83 -67
396 -67
268 -21
268 -21
221 -84
221 -84
284 452
284 452
375 79
62 392
375 392
397 284
84 -29
397 -29
397 284
84 -29
397 -29
369 222
56 -91
369 -91
369 222
56 -91
369 -91
461 117
148 430
461 430
450 65
137 378
450 378
167 432
167 432
409 222
96 -91
409 -91
409 222
96 -91
409 -91
254 403
254 403
271 329
271 329
296 -125
296 -125
393 279
80 -34
393 -34
393 279
80 -34
393 -34
170 -49
170 -49
194 331
194 331
404 226
91 -87
404 -87
404 226
91 -87
404 -87
407 163
94 -150
407 -150
407 163
94 -150
407 -150
389 190
76 -123
389 -123
389 190
76 -123
389 -123
339 176
339 -137
339 176
339 -137
182 -106
182 -106
432 179
119 -134
432 -134
432 179
119 -134
432 -134
409 223
96 -90
409 -90
409 223
96 -90
409 -90
434 62
121 375
434 375
313 -148
313 -148
193 369
193 369
250 -65
250 -65
174 336
174 336
436 111
123 424
436 424
365 268
52 -45
365 -45
365 268
52 -45
365 -45
411 84
98 397
411 397
268 -155
268 -155
380 233
67 -80
380 -80
380 233
67 -80
380 -80
214 -59
214 -59
426 84
113 397
426 397
424 297
111 -16
424 -16
424 297
111 -16
424 -16
307 336
307 336
6.993000000000085 -5.997000000000071
6.993000000000085 -5.997000000000071
407.001 308.001
94.001 -4.999000000000024
407.001 -4.999000000000024
407.001 308.001
94.001 -4.999000000000024
407.001 -4.999000000000024
322.99800000000005 142.002
322.99800000000005 455.002
319.999 307.00699999999983
6.999 -5.9930000000001655
319.999 -5.9930000000001655
319.999 307.00699999999983
6.999 -5.9930000000001655
319.999 -5.9930000000001655
302.0049999999999 377.999
302.0049999999999 377.999
319.9820000000004 300.00199999999995
6.982000000000426 -12.998000000000047
319.9820000000004 -12.998000000000047
319.9820000000004 300.00199999999995
6.982000000000426 -12.998000000000047
319.9820000000004 -12.998000000000047
320.99000000000024 55.0
320.99000000000024 368.0
271.9950000000001 -13.987000000000307
271.9950000000001 -13.987000000000307
319.9870000000002 307.0049999999999
6.987000000000179 -5.995000000000118
319.9870000000002 -5.995000000000118
319.9870000000002 307.0049999999999
6.987000000000179 -5.995000000000118
319.9870000000002 -5.995000000000118
431.002 12.99200000000019
118.00200000000001 325.9920000000002
431.002 325.9920000000002
94.00500000000002 299.9950000000001
317.99800000000005 136.002
317.99800000000005 449.002
316.9830000000004 11.997000000000002
316.9830000000004 324.997
458.001 21.98900000000026
145.001 334.98900000000026
458.001 334.98900000000026
304.0199999999995 350.998
304.0199999999995 350.998
111.00800000000004 296.99800000000005
319.9850000000003 306.999
6.985000000000298 -6.000999999999976
319.9850000000003 -6.000999999999976
319.9850000000003 306.999
6.985000000000298 -6.000999999999976
319.9850000000003 -6.000999999999976
313.9500000000012 95.99199999999996
313.9500000000012 408.99199999999996
455.999 21.98100000000045
142.999 334.98100000000045
455.999 334.98100000000045
189.99499999999998 -6.971000000000686
189.99499999999998 -6.971000000000686
311.0459999999989 443.97199999999987
311.0459999999989 443.97199999999987
47.001 47.022999999999946
403.9809999999999 1.9710000000006858
90.98099999999991 314.9710000000007
403.9809999999999 314.9710000000007
163.98899999999995 147.05500000000026
384.9849999999999 302.042999999999
71.98499999999993 -10.957000000001017
384.9849999999999 -10.957000000001017
384.9849999999999 302.042999999999
71.98499999999993 -10.957000000001017
384.9849999999999 -10.957000000001017
43.0 240.0200000000001
412.03400000000016 307.04399999999896
99.03400000000016 -5.9560000000010405
412.03400000000016 -5.9560000000010405
412.03400000000016 307.04399999999896
99.03400000000016 -5.9560000000010405
412.03400000000016 -5.9560000000010405
198.96999999999986 1.027999999999997
309.0119999999997 -24.005999999999858
309.0119999999997 -24.005999999999858
263.99800000000005 112.0
102.01900000000009 301.03099999999927
25.907999999999888 175.97599999999989
213.99599999999998 253.9599999999998
251.02600000000012 236.96399999999983
263.0119999999997 248.0
316.97600000000057 294.00999999999976
316.97600000000057 -18.990000000000236
316.97600000000057 294.00999999999976
316.97600000000057 -18.990000000000236
172.002 188.002
312.0969999999977 340.0770000000001
312.0969999999977 340.0770000000001
313.9870000000003 22.99299999999999
313.9870000000003 335.993
234.0230000000001 6.900999999999967
166.00900000000004 33.00499999999999
93.98899999999995 307.99700000000007
224.99699999999999 64.999
180.05400000000026 124.9779999999999
198.98999999999995 313.9080000000022
198.98999999999995 313.9080000000022
52.02899999999993 42.91700000000019
106.00400000000002 86.04800000000023
325.022 3.9760000000005675
325.022 316.97600000000057
294.0339999999992 36.98000000000005
293.0219999999995 124.90999999999957
318.9750000000006 60.99100000000002
318.9750000000006 373.99100000000004
108.00700000000003 25.063000000000077
257.8680000000031 115.00200000000001
302.98500000000035 11.995000000000003
155.99199999999996 189.01600000000008
306.99800000000005 27.044000000000054
107.99799999999999 221.00600000000003
204.07100000000034 283.00299999999993
177.998 23.00800000000001
266.042999999999 244.90499999999955
100.0 288.9660000000008
311.1359999999968 -34.039999999999054
311.1359999999968 -34.039999999999054
187.94399999999973 164.03000000000014
90.999 2.0129999999999986
122.94699999999975 110.97099999999986
102.95199999999977 111.98199999999991
260.9920000000002 271.9820000000004
69.9579999999998 278.92200000000184
239.96999999999986 208.99399999999997
202.8119999999991 281.9440000000013
224.0620000000003 256.09599999999773
34.10199999999976 179.03600000000017
287.99400000000014 156.92799999999966
307.06099999999856 -156.03700000000018
307.06099999999856 -156.03700000000018
234.00700000000003 319.9270000000017
234.00700000000003 319.9270000000017
307.9440000000013 97.03800000000018
291.90900000000215 38.014999999999965
59.126999999999704 47.925000000000175
75.02600000000012 237.92399999999964
98.99399999999997 154.93399999999968
89.94599999999974 297.99400000000014
440.0240000000001 13.962000000000899
127.02400000000011 326.9620000000009
440.0240000000001 326.9620000000009
146.999 29.119000000000145
43.04799999999989 0.10200000000000008
296.00599999999986 147.94399999999973
266.99400000000014 315.8340000000039
266.99400000000014 315.8340000000039
99.10800000000052 273.872000000003
194.04500000000021 18.011000000000013
71.99499999999998 302.0209999999995
114.9799999999999 68.01000000000005
241.92199999999963 249.0220000000001
345.9550000000001 311.0969999999977
32.955000000000105 -1.9030000000022937
345.9550000000001 -1.9030000000022937
345.9550000000001 311.0969999999977
32.955000000000105 -1.9030000000022937
345.9550000000001 -1.9030000000022937
248.0400000000002 211.99399999999997
322.99400000000014 68.00600000000003
322.99400000000014 381.00600000000003
230.99399999999997 12.007999999999996
87.03700000000018 237.999
113.04500000000021 220.93299999999968
124.001 293.0709999999983
186.0390000000002 32.07699999999982
166.92699999999965 138.90899999999957
274.06199999999853 267.9740000000006
284.0039999999999 139.01000000000005
288.9960000000001 219.87799999999942
203.02800000000013 5.06000000000002
148.00500000000002 116.8109999999991
270.89200000000255 15.900000000000055
305.2409999999943 -57.06900000000036
305.2409999999943 -57.06900000000036
113.10300000000049 84.04500000000021
96.9379999999997 216.96999999999986
220.98999999999995 77.09600000000046
167.05900000000028 49.096999999999774
224.999 23.021000000000026
291.98600000000033 57.005999999999986
211.01600000000008 298.9960000000001
102.00200000000001 222.0440000000002
177.96399999999983 108.94599999999974
213.03700000000018 271.9950000000001
178.04700000000022 115.0210000000001
184.0190000000001 17.952999999999943
159.96199999999982 29.95799999999995
267.99400000000014 269.00199999999995
306.9790000000005 22.98499999999998
69.93099999999967 289.04499999999894
246.03200000000015 216.0200000000001
173.9149999999996 22.952999999999943
83.98799999999994 284.041999999999
93.99499999999998 18.09900000000012
76.98799999999994 196.19200000000092
244.96699999999984 19.003000000000004
288.9870000000003 93.77299999999892
306.1099999999974 427.0260000000001
306.1099999999974 427.0260000000001
303.99800000000005 37.98400000000004
137.07300000000035 64.96099999999981
8.097999999999946 54.91800000000019
187.99399999999997 92.9579999999998
105.96999999999986 74.94599999999974
279.85900000000333 61.08299999999981
4.069000000000023 12.05299999999997
71.03700000000018 49.84900000000035
266.0589999999986 255.001
56.96000000000009 49.05199999999988
297.93400000000156 316.8980000000024
297.93400000000156 316.8980000000024
121.03400000000016 61.890000000000256
109.00700000000003 124.99299999999997
302.0049999999999 65.11100000000053
296.0709999999983 187.99299999999997
28.96799999999996 182.02800000000013
304.1299999999969 -123.98199999999991
304.1299999999969 -123.98199999999991
286.9080000000022 159.15800000000075
51.10699999999975 247.0610000000003
212.00400000000002 215.02400000000011
98.9799999999999 207.90399999999954
72.08800000000042 167.99599999999998
310.8780000000029 130.99399999999997
30.12200000000015 289.0259999999994
281.9020000000023 197.9779999999999
306.0389999999991 356.993
306.0389999999991 356.993
250.05600000000027 66.14000000000067
310.9450000000013 278.99700000000007
250.99499999999998 329.98100000000045
250.99499999999998 329.98100000000045
163.92999999999967 170.91999999999962
113.92599999999965 11.960000000000022
305.97200000000066 1.027999999999997
204.15500000000074 166.21500000000103
162.8759999999994 88.99799999999999
41.001 38.98300000000004
83.00900000000004 246.11100000000053
232.02600000000012 63.93000000000016
93.9569999999998 162.94899999999976
175.01400000000007 313.8020000000047
175.01400000000007 313.8020000000047
223.00300000000001 250.92899999999966
220.93099999999967 229.03100000000015
253.00800000000004 280.0679999999984
305.999 313.915000000002
305.999 313.915000000002
72.93199999999968 240.11600000000055
202.8299999999992 217.18200000000087
235.96499999999983 217.001
33.066999999999844 171.90099999999953
76.03100000000015 189.89899999999952
203.0830000000004 93.01100000000005
172.05400000000026 41.98800000000003
295.99800000000005 165.03400000000016
305.99400000000014 44.07799999999982
265.0759999999982 95.88999999999947
134.04900000000023 177.93099999999967
206.0210000000001 68.00300000000001
196.8329999999992 295.001
42.98700000000003 312.98500000000035
238.96699999999984 36.11099999999974
204.01100000000005 141.98899999999995
148.01200000000006 122.11200000000053
56.001999999999995 221.9779999999999
235.0220000000001 78.18600000000089
52.00899999999998 268.0389999999991
101.99499999999998 186.02700000000013
61.99000000000002 78.94399999999973
110.0420000000002 241.09000000000043
278.9360000000015 31.096000000000117
90.92399999999964 225.99399999999997
93.98099999999991 165.15700000000075
247.002 269.9540000000011
181.99299999999997 207.14100000000067
84.79799999999904 10.08999999999995
174.96999999999986 198.99399999999997
172.06700000000032 142.00300000000001
278.0329999999992 15.899000000000056
263.9320000000016 105.96999999999986
204.0200000000001 145.11400000000054
56.968000000000075 189.02800000000013
73.98999999999995 60.06999999999984
185.88699999999946 75.99699999999999
39.76900000000054 229.80499999999907
210.02800000000013 311.92600000000175
95.99799999999999 221.99199999999996
129.11400000000054 76.15000000000072
88.91399999999959 110.03400000000016
216.999 58.88100000000028
124.93399999999968 288.91800000000194
127.00500000000002 240.03100000000015
79.97199999999987 278.92600000000175
244.0210000000001 225.0190000000001
39.93000000000016 234.98799999999994
299.91400000000203 292.06199999999853
288.1299999999969 202.09000000000043
32.7440000000006 246.002
220.11300000000054 212.8349999999992
38.96200000000009 261.00599999999986
253.9159999999996 90.01600000000008
46.95000000000012 210.90599999999955
204.00600000000003 136.84399999999926
224.03600000000017 291.0159999999996
106.001 292.99700000000007
112.01400000000007 292.9320000000016
200.96499999999983 70.01900000000009
275.96000000000095 21.04800000000006
210.08000000000038 -0.8720000000030268
210.08000000000038 -0.8720000000030268
29.95999999999995 138.8559999999993
252.90299999999954 175.00500000000002
293.1109999999974 226.01700000000008
287.91300000000206 276.0129999999997
31.846999999999813 36.001
142.96399999999983 259.9920000000002
28.940999999999928 155.99299999999997
189.01700000000008 187.99099999999996
152.9809999999999 194.07300000000035
239.07900000000038 292.12899999999695
304.9630000000009 255.9429999999997
120.18000000000086 225.89199999999948
262.07799999999816 207.07800000000037
238.92999999999967 276.99000000000024
172.05300000000025 178.98299999999992
63.92200000000018 90.09200000000044
158.17900000000085 236.0610000000003
157.9159999999996 58.031999999999925
43.99600000000001 310.8100000000045
115.98499999999993 174.9349999999997
289.05299999999875 -93.03500000000017
289.05299999999875 -93.03500000000017
81.99199999999996 140.02400000000011
157.0850000000004 218.99499999999998
214.8719999999994 30.07400000000009
166.92199999999963 118.9799999999999
39.91900000000019 53.05099999999988
267.91300000000206 157.94099999999972
230.03000000000014 231.02800000000013
46.207999999999515 16.020000000000024
133.95499999999979 36.036999999999914
268.03099999999927 292.0889999999979
84.0620000000003 281.9360000000015
58.916000000000196 172.0
254.05300000000025 59.82300000000041
263.0389999999991 189.98699999999994
128.13100000000063 110.87699999999941
283.98900000000026 236.0650000000003
76.0410000000002 93.00900000000004
293.0629999999985 275.9650000000008
188.94199999999972 261.91400000000203
118.05400000000026 12.996000000000002
144.84499999999926 210.9569999999998
258.9660000000008 249.03000000000014
232.002 157.90799999999956
114.0830000000004 158.98699999999994
97.97399999999988 132.99599999999998
10.115999999999936 68.08600000000041
293.10799999999745 -86.98799999999994
293.10799999999745 -86.98799999999994
143.03400000000016 21.79599999999975
251.08800000000042 16.915999999999897
66.0 165.9399999999997
67.0 232.92799999999966
39.993000000000016 108.05100000000024
188.06900000000033 103.04500000000021
119.02300000000011 179.18500000000088
130.01400000000007 124.03600000000017
195.98399999999992 170.0200000000001
250.13800000000066 30.060000000000073
94.86799999999937 78.90799999999956
290.99400000000014 99.1040000000005
97.96599999999984 84.07000000000033
12.046999999999974 4.047000000000016
96.01000000000005 223.0420000000002
258.77000000000544 127.19200000000092
173.9179999999996 2.1139999999999874
267.0289999999993 117.0410000000002
127.05600000000027 13.952000000000027
180.0430000000002 129.06900000000033
98.0220000000001 253.0820000000004
306.99700000000007 156.9589999999998
193.0 55.908000000000214
142.99199999999996 240.9799999999999
205.8929999999995 254.9149999999996
291.96000000000095 16.989999999999988
156.9389999999997 186.9149999999996
62.96600000000008 130.8319999999992
250.01200000000006 248.00600000000003
112.02900000000014 299.09499999999775
120.0630000000003 137.09900000000047
39.96000000000009 72.08800000000042
243.8939999999995 203.787999999999
83.17500000000084 54.9150000000002
271.0979999999977 110.98599999999993
181.00400000000002 154.96599999999984
205.0440000000002 162.9359999999997
201.92899999999966 204.98699999999994
23.82699999999979 194.34100000000163
219.10900000000052 114.01700000000008
165.82599999999917 318.7720000000054
165.82599999999917 318.7720000000054
150.81799999999913 148.09800000000047
169.96399999999983 264.1019999999976
208.09600000000046 203.87799999999942
312.89700000000244 165.05900000000028
52.99100000000002 146.0210000000001
36.92400000000018 19.993999999999993
273.9800000000005 131.002
142.02800000000013 270.1659999999961
111.02300000000011 110.94299999999973
112.95099999999977 43.02899999999993
129.3750000000018 290.126999999997
-74 277
-74 -36
-74 277
-74 -36
-153 30
-153 -283
-153 30
-153 -283
-138 199
-138 -114
-138 199
-138 -114
-60 -33
-60 -33
-17 -165
-17 -165
-49 112
-49 -201
-49 112
-49 -201
-89 256
-89 -57
-89 256
-89 -57
-110 93
-110 -220
-110 93
-110 -220
-135 109
-135 -204
-135 109
-135 -204
-59 60
-59 -253
-59 60
-59 -253
-22 -214
-22 -214
-127 76
-127 -237
-127 76
-127 -237
-133 125
-133 -188
-133 125
-133 -188
-50 -65
-50 -65
-88 23
-88 -290
-88 23
-88 -290
-109 283
-109 -30
-109 283
-109 -30
-149 171
-149 -142
-149 171
-149 -142
-71 249
-71 -64
-71 249
-71 -64
-109 137
-109 -176
-109 137
-109 -176
-66 -43
-66 -43
-65 212
-65 -101
-65 212
-65 -101
-47 -58
-47 -58
-108 163
-108 -150
-108 163
-108 -150
-46 117
-46 -196
-46 117
-46 -196
-60 175
-60 -138
-60 175
-60 -138
-39 131
-39 -182
-39 131
-39 -182
-88 65
-88 -248
-88 65
-88 -248
-54 -64
-54 -64
-42 111
-42 -202
-42 111
-42 -202
-92 77
-92 -236
-92 77
-92 -236
-109 166
-109 -147
-109 166
-109 -147
-124 262
-124 -51
-124 262
-124 -51
-74 -21
-74 -21
-109 142
-109 -171
-109 142
-109 -171
-25 -37
-25 -37
-26 -154
-26 -154
-147 33
-147 -280
-147 33
-147 -280
-69 204
-69 -109
-69 204
-69 -109
-109 145
-109 -168
-109 145
-109 -168
-107 68
-107 -245
-107 68
-107 -245
-55 115
-55 -198
-55 115
-55 -198
-31 -115
-31 -115
-81 64
-81 -249
-81 64
-81 -249
-82 12
-82 -301
-82 12
-82 -301
-49 106
-49 -207
-49 106
-49 -207
-146 139
-146 -174
-146 139
-146 -174
-125 93
-125 -220
-125 93
-125 -220
-124 188
-124 -125
-124 188
-124 -125
-133 129
-133 -184
-133 129
-133 -184
-25 -111
-25 -111
-141 142
-141 -171
-141 142
-141 -171
-13 -21
-13 -21
-52 -41
-52 -41
-74 36
-74 -277
-74 36
-74 -277
-89 291
-89 -22
-89 291
-89 -22
-17 -148
-17 -148
-129 18
-129 -295
-129 18
-129 -295
-156 219
-156 -94
-156 219
-156 -94
-102 299
-102 -14
-102 299
-102 -14
-125 164
-125 -149
-125 164
-125 -149
-50 -123
-50 -123
-63 66
-63 -247
-63 66
-63 -247
-156 187
-156 -126
-156 187
-156 -126
-33 61
-33 -252
-33 61
-33 -252
-54 127
-54 -186
-54 127
-54 -186
-68 19
-68 -294
-68 19
-68 -294
-62 -76
-62 -76
-69 225
-69 -88
-69 225
-69 -88
-141 188
-141 -125
-141 188
-141 -125
-155 58
-155 -255
-155 58
-155 -255
-21 17
-21 17
-127 32
-127 -281
-127 32
-127 -281
-47 -68
-47 -68
-132 155
-132 -158
-132 155
-132 -158
-10 12
-10 12
-25 -156
-25 -156
-20 -188
-20 -188
-117 170
-117 -143
-117 170
-117 -143
-112 70
-112 -243
-112 70
-112 -243
-139 2
-139 -311
-139 2
-139 -311
-77 217
-77 -96
-77 217
-77 -96
-135 115
-135 -198
-135 115
-135 -198
-67 216
-67 -97
-67 216
-67 -97
-110 217
-110 -96
-110 217
-110 -96
-34 31
-34 -282
-34 31
-34 -282
-19 37
-19 37
-125 103
-125 -210
-125 103
-125 -210
-141 179
-141 -134
-141 179
-141 -134
-101 215
-101 -98
-101 215
-101 -98
-111 205
-111 -108
-111 205
-111 -108
-21 38
-21 38
-93 213
-93 -100
-93 213
-93 -100
-73 209
-73 -104
-73 209
-73 -104
-150 89
-150 -224
-150 89
-150 -224
-110 5
-110 -308
-110 5
-110 -308
-98 30
-98 -283
-98 30
-98 -283
-141 42
-141 -271
-141 42
-141 -271
-155 236
-155 -77
-155 236
-155 -77
-45 -44
-45 -44
-149 147
-149 -166
-149 147
-149 -166
-94 114
-94 -199
-94 114
-94 -199
-39 -45
-39 -45
-48 96
-48 -217
-48 96
-48 -217
-35 16
-35 -297
-35 16
-35 -297
-107 255
-107 -58
-107 255
-107 -58
-37 21
-37 -292
-37 21
-37 -292
-116 295
-116 -18
-116 295
-116 -18
-110 282
-110 -31
-110 282
-110 -31
-21 57
-21 57
-146 49
-146 -264
-146 49
-146 -264
-90 251
-90 -62
-90 251
-90 -62
-51 -106
-51 -106
-20 -37
-20 -37
-100 272
-100 -41
-100 272
-100 -41
-83 231
-83 -82
-83 231
-83 -82
-81 158
-81 -155
-81 158
-81 -155
-29 -77
-29 -77
-78 78
-78 -235
-78 78
-78 -235
-24 -219
-24 -219
-105 204
-105 -109
-105 204
-105 -109
-135 23
-135 -290
-135 23
-135 -290
-96 59
-96 -254
-96 59
-96 -254
-63 30
-63 -283
-63 30
-63 -283
-45 -21
-45 -21
-92 229
-92 -84
-92 229
-92 -84
-29 -174
-29 -174
-146 119
-146 -194
-146 119
-146 -194
-59 90
-59 -223
-59 90
-59 -223
-42 16
-42 -297
-42 16
-42 -297
-17 -125
-17 -125
-143 264
-143 -49
-143 264
-143 -49
-119 18
-119 -295
-119 18
-119 -295
-131 207
-131 -106
-131 207
-131 -106
-120 56
-120 -257
-120 56
-120 -257
-63 -65
-63 -65
-139 23
-139 -290
-139 23
-139 -290
-45 158
-45 -155
-45 158
-45 -155
-99 254
-99 -59
-99 254
-99 -59
-41.00499999999988 -13.987000000000307
-41.00499999999988 -13.987000000000307
-123.00500000000002 306.0289999999993
-123.00500000000002 -6.971000000000686
-123.00500000000002 306.0289999999993
-123.00500000000002 -6.971000000000686
-3.9880000000002838 -24.005999999999858
-3.9880000000002838 -24.005999999999858
-114.01000000000005 0.9080000000021755
-114.01000000000005 -312.0919999999978
-114.01000000000005 0.9080000000021755
-114.01000000000005 -312.0919999999978
-78.99299999999997 6.927000000001726
-78.99299999999997 -306.0729999999983
-78.99299999999997 6.927000000001726
-78.99299999999997 -306.0729999999983
-46.00599999999986 2.8340000000039254
-46.00599999999986 -310.1659999999961
-46.00599999999986 2.8340000000039254
-46.00599999999986 -310.1659999999961
-7.759000000005699 -57.06900000000036
-7.759000000005699 -57.06900000000036
-15.06599999999844 3.898000000002412
-15.06599999999844 3.898000000002412
-62.005000000000024 16.98100000000045
-62.005000000000024 -296.01899999999955
-62.005000000000024 16.98100000000045
-62.005000000000024 -296.01899999999955
-137.98599999999993 0.8020000000046821
-137.98599999999993 -312.1979999999953
-137.98599999999993 0.8020000000046821
-137.98599999999993 -312.1979999999953
-7.000999999999976 0.91500000000201
-7.000999999999976 0.91500000000201
-102.91999999999962 312.127999999997
-102.91999999999962 -0.8720000000030268
-102.91999999999962 312.127999999997
-102.91999999999962 -0.8720000000030268
-23.947000000001253 -93.03500000000017
-23.947000000001253 -93.03500000000017
-19.892000000002554 -86.98799999999994
-19.892000000002554 -86.98799999999994
-147.17400000000083 5.7720000000053915
-147.17400000000083 -307.2279999999946
-147.17400000000083 5.7720000000053915
-147.17400000000083 -307.2279999999946
-17 148
-17 148
7 407
32 349
-25 276
-25 276
-26 159
-26 159
-31 198
-31 198
-5 97
-5 97
-25 202
-25 202
-13 292
-13 292
29 469
-17 165
-17 165
40 421
-25 157
-25 157
-20 125
-20 125
-45 269
-45 269
-39 268
-39 268
30 452
-20 276
-20 276
-29 236
-29 236
-45 292
-45 292
-17 188
-17 188
9.998000000000047 455.002
-10.995000000000118 64.999
-10.995000000000118 64.999
7.9900000000002365 368.0
-41.00499999999988 299.0129999999997
-41.00499999999988 299.0129999999997
4.998000000000047 449.002
3.983000000000402 324.997
0.9500000000011823 408.99199999999996
-1.9540000000010878 130.97199999999987
-1.9540000000010878 130.97199999999987
-3.9880000000002838 288.99400000000014
-3.9880000000002838 288.99400000000014
-0.9030000000022937 27.077000000000094
-0.9030000000022937 27.077000000000094
0.9870000000003074 335.993
21.99199999999999 279.0459999999989
12.021999999999988 316.97600000000057
5.975000000000591 373.99100000000004
-1.864000000003216 278.96000000000095
-1.864000000003216 278.96000000000095
-5.9390000000014425 156.96299999999982
-5.9390000000014425 156.96299999999982
1.0139999999999985 96.01200000000006
9.994000000000142 381.00600000000003
-7.759000000005699 255.93099999999964
-7.759000000005699 255.93099999999964
-6.890000000002601 114.02600000000012
-6.890000000002601 114.02600000000012
15.095999999999947 300.0
-8.870000000003074 189.0180000000001
-8.870000000003074 189.0180000000001
-6.961000000000922 43.993000000000016
-6.961000000000922 43.993000000000016
6.995999999999999 307.00199999999995
0.19700000000000015 165.05900000000028
21.97399999999997 277.7500000000059
-23.947000000001253 219.96499999999983
-23.947000000001253 219.96499999999983
5.218000000000073 135.96199999999982
4.03000000000001 293.9540000000011
1.0659999999999927 22.995999999999995
-19.892000000002554 226.01200000000006
-19.892000000002554 226.01200000000006
7.2470000000000825 93.98499999999993
-60 280
-60 280
-22 99
-22 99
-50 248
-50 248
-66 270
-66 270
-47 255
-47 255
-54 249
-54 249
-74 292
-74 292
-52 272
-52 272
-50 190
-50 190
-62 237
-62 237
-47 245
-47 245
-51 207
-51 207
-24 94
-24 94
-6 27
-6 27
-29 139
-29 139
-63 248
-63 248
-6 23
-6 23
-8.980000000000473 37.998000000000005
-8.980000000000473 37.998000000000005
-5 -216
-5 -216
-21 -296
-21 -296
-10 -301
-10 -301
-19 -276
-19 -276
-21 -275
-21 -275
-21 -256
-21 -256
-6 -286
-6 -286
0 -148
0 -148
-6 -290
-6 -290
-10.995000000000118 -248.001
-10.995000000000118 -248.001
-8.980000000000473 -275.002
-8.980000000000473 -275.002
-1.9540000000010878 -182.02800000000013
-1.9540000000010878 -182.02800000000013
-0.9030000000022937 -285.9229999999999
-0.9030000000022937 -285.9229999999999
-1.864000000003216 -34.039999999999054
-1.864000000003216 -34.039999999999054
-5.9390000000014425 -156.03700000000018
-5.9390000000014425 -156.03700000000018
-6.890000000002601 -198.97399999999988
-6.890000000002601 -198.97399999999988
-15.06599999999844 -309.1019999999976
-15.06599999999844 -309.1019999999976
-8.870000000003074 -123.98199999999991
-8.870000000003074 -123.98199999999991
-6.961000000000922 -269.007
-6.961000000000922 -269.007
-7.000999999999976 -312.084999999998
-7.000999999999976 -312.084999999998
34 -134
34 -134
33 -141
33 -141
29 -131
29 -131
24 -119
24 -119
26 -137
26 -137
3.9760000000005675 -18.990000000000236
3.9760000000005675 -18.990000000000236
1113176.5360001542