239 -36
239 -36
160 343
160 343
359 16
46 329
359 329
175 -114
175 -114
396 55
83 368
396 368
403 298
90 -15
403 -15
403 298
90 -15
403 -15
397 282
84 -31
397 -31
397 282
84 -31
397 -31
461 122
148 435
461 435
253 -33
253 -33
398 10
85 323
398 323
296 461
296 461
469 189
156 -124
469 -124
469 189
156 -124
469 -124
264 425
264 425
224 -57
224 -57
203 406
203 406
178 422
178 422
402 110
89 423
402 423
254 373
254 373
291 412
291 412
421 25
108 338
421 338
186 389
186 389
180 438
180 438
263 -65
263 -65
376 131
63 444
376 444
225 336
225 336
204 -30
204 -30
387 60
74 373
387 373
421 221
108 -92
421 -92
421 221
108 -92
421 -92
438 289
125 -24
438 -24
438 289
125 -24
438 -24
320 94
320 407
423 241
110 -72
423 -72
423 241
110 -72
423 -72
360 47
47 360
360 360
464 148
151 461
464 461
455 270
142 -43
455 -43
455 270
142 -43
455 -43
164 -142
164 -142
447 178
134 -135
447 -135
447 178
134 -135
447 -135
242 -64
242 -64
440 240
127 -73
440 -73
440 240
127 -73
440 -73
364 247
51 -66
364 -66
364 247
51 -66
364 -66
204 450
204 450
247 -43
247 -43
248 -101
248 -101
266 -58
266 -58
442 76
129 389
442 389
427 12
114 325
427 325
400 238
87 -75
400 -75
400 238
87 -75
400 -75
205 -150
205 -150
267 430
267 430
353 235
40 -78
353 -78
353 235
40 -78
353 -78
411 253
98 -60
411 -60
411 253
98 -60
411 -60
346 246
33 -67
346 -67
346 246
33 -67
346 -67
253 -138
253 -138
274 444
274 444
225 378
225 378
407 165
94 -148
407 -148
407 165
94 -148
407 -148
259 -64
259 -64
271 424
271 424
345 36
345 349
221 390
221 390
204 -147
204 -147
189 -51
189 -51
239 -21
239 -21
419 86
106 399
419 399
204 455
204 455
335 278
22 -35
335 -35
335 278
22 -35
335 -35
288 -37
288 -37
287 -154
287 -154
166 346
166 346
244 -109
244 -109
447 36
134 349
447 349
353 72
40 385
353 385
433 137
120 450
433 450
365 43
52 356
365 356
204 458
204 458
206 381
206 381
258 428
258 428
282 -115
282 -115
356 0
356 313
426 43
113 356
426 356
366 146
53 459
366 459
232 377
232 377
231 325
231 325
264 419
264 419
167 452
167 452
408 79
95 392
408 392
188 406
188 406
372 172
59 -141
372 -141
372 172
59 -141
372 -141
189 -125
189 -125
308 410
308 410
180 442
180 442
288 -111
288 -111
415 186
102 -127
415 -127
415 186
102 -127
415 -127
370 49
57 362
370 362
347 179
347 -134
347 179
347 -134
346 172
346 -141
346 172
346 -141
466 194
153 -119
466 -119
466 194
153 -119
466 -119
350 20
37 333
350 333
172 455
172 455
456 241
143 -72
456 -72
456 241
143 -72
456 -72
460 29
147 342
460 342
300 -21
300 -21
458 211
145 -102
458 -102
458 211
145 -102
458 -102
456 260
143 -53
456 -53
456 260
143 -53
456 -53
261 -41
261 -41
239 349
239 349
224 -22
224 -22
395 140
82 453
395 453
422 125
109 438
422 438
343 289
30 -24
343 -24
343 289
30 -24
343 -24
342 156
342 469
424 111
111 424
424 424
296 -148
296 -148
184 331
184 331
425 293
112 -20
425 -20
425 293
112 -20
425 -20
157 -94
157 -94
353 108
353 421
211 -14
211 -14
188 -149
188 -149
429 175
116 -138
429 -138
429 175
116 -138
429 -138
263 -123
263 -123
250 379
250 379
157 -126
157 -126
370 189
57 -124
370 -124
370 189
57 -124
370 -124
280 374
280 374
259 440
259 440
245 332
245 332
383 289
70 -24
383 -24
383 289
70 -24
383 -24
385 168
72 -145
385 -145
385 168
72 -145
385 -145
251 -76
251 -76
244 -88
244 -88
415 301
102 -12
415 -12
415 301
102 -12
415 -12
172 -125
172 -125
353 230
40 -83
353 -83
353 230
40 -83
353 -83
379 166
66 -147
379 -147
379 166
66 -147
379 -147
158 371
158 371
342 182
342 -131
342 182
342 -131
292 330
292 330
390 196
77 -117
390 -117
390 196
77 -117
390 -117
186 345
186 345
415 222
102 -91
415 -91
415 222
102 -91
415 -91
266 -68
266 -68
181 468
181 468
442 290
129 -23
442 -23
442 290
129 -23
442 -23
303 325
303 325
288 -156
288 -156
441 111
128 424
441 424
293 438
293 438
196 -143
196 -143
201 383
201 383
174 315
174 315
407 18
94 331
407 331
236 -96
236 -96
337 194
337 -119
337 194
337 -119
178 428
178 428
437 293
124 -20
437 -20
437 293
124 -20
437 -20
246 -97
246 -97
412 274
99 -39
412 -39
412 274
99 -39
412 -39
203 -96
203 -96
279 344
279 344
416 112
103 425
416 425
294 350
294 350
188 416
188 416
425 299
112 -14
425 -14
425 299
112 -14
425 -14
433 226
120 -87
433 -87
433 226
120 -87
433 -87
172 -134
172 -134
353 53
40 366
353 366
383 279
70 -34
383 -34
383 279
70 -34
383 -34
411 133
98 446
411 446
212 -98
212 -98
202 -108
202 -108
410 217
97 -96
410 -96
410 217
97 -96
410 -96
292 351
292 351
220 -100
220 -100
240 -104
240 -104
386 240
73 -73
386 -73
386 240
73 -73
386 -73
163 402
163 402
203 318
203 318
215 343
215 343
172 355
172 355
158 -77
158 -77
428 68
115 381
428 381
415 222
102 -91
415 -91
415 222
102 -91
415 -91
412 155
99 468
412 468
352 261
39 -52
352 -52
352 261
39 -52
352 -52
377 90
64 403
377 403
419 75
106 388
419 388
268 -44
268 -44
164 460
164 460
219 427
219 427
274 -45
274 -45
407 300
94 -13
407 -13
407 300
94 -13
407 -13
335 279
22 -34
335 -34
335 279
22 -34
335 -34
354 39
41 352
354 352
265 409
265 409
278 329
278 329
206 -58
206 -58
276 334
276 334
197 -18
197 -18
384 50
71 363
384 363
427 159
114 -154
427 -154
427 159
114 -154
427 -154
203 -31
203 -31
292 370
292 370
167 362
167 362
223 -62
223 -62
343 139
343 452
262 -106
262 -106
357 311
44 -2
357 -2
357 311
44 -2
357 -2
412 208
99 -105
412 -105
412 208
99 -105
412 -105
443 124
130 437
443 437
356 240
43 -73
356 -73
356 240
43 -73
356 -73
293 -37
293 -37
213 -41
213 -41
230 -82
230 -82
388 238
75 -75
388 -75
388 238
75 -75
388 -75
232 -155
232 -155
413 289
100 -24
413 -24
413 289
100 -24
413 -24
419 293
106 -20
419 -20
419 293
106 -20
419 -20
426 221
113 -92
426 -92
426 221
113 -92
426 -92
284 -77
284 -77
235 391
235 391
289 407
289 407
389 93
76 406
389 406
208 -109
208 -109
372 48
59 361
372 361
178 336
178 336
360 211
47 -102
360 -102
360 211
47 -102
360 -102
307 340
307 340
328 300
15 -13
328 -13
328 300
15 -13
328 -13
217 372
217 372
250 343
250 343
396 246
83 -67
396 -67
396 246
83 -67
396 -67
268 -21
268 -21
221 -84
221 -84
284 452
284 452
375 79
62 392
375 392
397 284
84 -29
397 -29
397 284
84 -29
397 -29
369 222
56 -91
369 -91
369 222
56 -91
369 -91
461 117
148 430
461 430
450 65
137 378
450 378
167 432
167 432
409 222
96 -91
409 -91
409 222
96 -91
409 -91
254 403
254 403
271 329
271 329
296 -125
296 -125
393 279
80 -34
393 -34
393 279
80 -34
393 -34
170 -49
170 -49
194 331
194 331
404 226
91 -87
404 -87
404 226
91 -87
404 -87
407 163
94 -150
407 -150
407 163
94 -150
407 -150
389 190
76 -123
389 -123
389 190
76 -123
389 -123
339 176
339 -137
339 176
339 -137
182 -106
182 -106
432 179
119 -134
432 -134
432 179
119 -134
432 -134
409 223
96 -90
409 -90
409 223
96 -90
409 -90
434 62
121 375
434 375
313 -148
313 -148
193 369
193 369
250 -65
250 -65
174 336
174 336
436 111
123 424
436 424
365 268
52 -45
365 -45
365 268
52 -45
365 -45
411 84
98 397
411 397
268 -155
268 -155
380 233
67 -80
380 -80
380 233
67 -80
380 -80
214 -59
214 -59
426 84
113 397
426 397
424 297
111 -16
424 -16
424 297
111 -16
424 -16
307 336
307 336
6.993000000000085 -5.997000000000071
6.993000000000085 -5.997000000000071
407.001 308.001
94.001 -4.999000000000024
407.001 -4.999000000000024
407.001 308.001
94.001 -4.999000000000024
407.001 -4.999000000000024
319.999 307.00699999999983
6.999 -5.9930000000001655
319.999 -5.9930000000001655
319.999 307.00699999999983
6.999 -5.9930000000001655
319.999 -5.9930000000001655
271.9950000000001 -13.987000000000307
271.9950000000001 -13.987000000000307
111.00800000000004 296.99800000000005
319.9850000000003 306.999
6.985000000000298 -6.000999999999976
319.9850000000003 -6.000999999999976
319.9850000000003 306.999
6.985000000000298 -6.000999999999976
319.9850000000003 -6.000999999999976
455.999 21.98100000000045
142.999 334.98100000000045
455.999 334.98100000000045
316.97600000000057 294.00999999999976
316.97600000000057 -18.990000000000236
316.97600000000057 294.00999999999976
316.97600000000057 -18.990000000000236
313.9870000000003 22.99299999999999
313.9870000000003 335.993
325.022 3.9760000000005675
325.022 316.97600000000057
322.99400000000014 68.00600000000003
322.99400000000014 381.00600000000003
306.0389999999991 356.993
306.0389999999991 356.993
42.98700000000003 312.98500000000035
250.99399999999997 329.9800000000005
250.99399999999997 329.9800000000005
403.9819999999999 1.9700000000007094
90.98199999999991 314.9700000000007
403.9819999999999 314.9700000000007
316.9820000000004 11.998000000000001
316.9820000000004 324.998
458.0 21.988000000000284
145.0 334.9880000000003
458.0 334.9880000000003
198.96999999999986 1.027999999999997
317.9950000000001 136.00300000000001
317.9950000000001 449.00300000000004
263.9950000000001 112.001
304.0219999999995 351.0
304.0219999999995 351.0
322.99700000000007 142.001
322.99700000000007 455.001
311.04799999999886 443.96999999999986
311.04799999999886 443.96999999999986
319.98600000000016 307.00599999999986
6.986000000000178 -5.994000000000142
319.98600000000016 -5.994000000000142
319.98600000000016 307.00599999999986
6.986000000000178 -5.994000000000142
319.98600000000016 -5.994000000000142
96.92899999999966 216.96899999999985
43.05299999999988 0.10900000000000008
293.1129999999973 -86.98899999999995
293.1129999999973 -86.98899999999995
204.01300000000006 141.98899999999995
234.00400000000002 319.9200000000019
234.00400000000002 319.9200000000019
212.00400000000002 215.02800000000013
287.99400000000014 156.92599999999965
178.05800000000028 115.02400000000011
180.04800000000023 129.07800000000037
102.00300000000001 222.04700000000022
440.02700000000016 13.95900000000097
127.02700000000013 326.95900000000097
440.02700000000016 326.95900000000097
239.08700000000042 292.13699999999676
96.00900000000004 223.04500000000021
189.99399999999997 -6.970000000000709
189.99399999999997 -6.970000000000709
319.9800000000005 300.00199999999995
6.980000000000473 -12.998000000000047
319.9800000000005 -12.998000000000047
319.9800000000005 300.00199999999995
6.980000000000473 -12.998000000000047
319.9800000000005 -12.998000000000047
89.9369999999997 297.99300000000017
294.0369999999991 36.98300000000004
4.072000000000024 12.05399999999997
303.999 37.989000000000026
318.96800000000076 60.994000000000014
318.96800000000076 373.994
253.00600000000003 280.0799999999981
267.0299999999993 117.05000000000024
302.00599999999986 377.998
302.00599999999986 377.998
230.98999999999995 12.007999999999996
320.98900000000026 55.001
320.98900000000026 368.001
311.14499999999657 -34.044999999998936
311.14499999999657 -34.044999999998936
113.91799999999961 11.958000000000023
87.03400000000016 238.002
95.99799999999999 221.99199999999996
261.001 271.98100000000045
309.01499999999965 -24.006999999999834
309.01499999999965 -24.006999999999834
73.99299999999997 60.074999999999825
41.0 38.98800000000003
118.05600000000027 12.996000000000002
302.98500000000035 11.997000000000002
66.001 165.9389999999997
306.97600000000057 22.985999999999983
99.99799999999999 288.9660000000008
58.908000000000214 171.99599999999998
181.00700000000003 154.9609999999998
122.93399999999968 110.96799999999985
174.96999999999986 198.99599999999998
59.138999999999676 47.91900000000019
83.98699999999994 284.042999999999
201.9189999999996 204.9809999999999
109.00800000000004 124.98799999999994
204.1670000000008 166.22500000000107
123.99599999999998 293.07399999999825
121.02900000000014 61.88100000000028
115.98099999999991 174.93099999999967
305.9630000000009 1.0309999999999966
97.98499999999993 133.001
106.00300000000001 292.9950000000001
225.0 65.00400000000002
83.00400000000002 246.11800000000056
241.91999999999962 249.02400000000011
284.00299999999993 139.0210000000001
266.06199999999853 255.00400000000002
204.07300000000035 283.0049999999999
234.02600000000012 6.895999999999965
102.01700000000008 301.03099999999927
243.8739999999994 203.76599999999888
76.02800000000013 189.88999999999947
52.98800000000003 146.02400000000011
63.90700000000022 90.10300000000049
216.99599999999998 58.86600000000031
107.99599999999998 221.002
39.92600000000017 234.98799999999994
43.99600000000001 310.788000000005
263.92600000000175 105.96599999999984
184.0210000000001 17.95099999999994
28.946999999999935 155.99699999999999
71.02900000000014 49.843000000000366
52.03099999999993 42.9130000000002
108.00400000000002 25.070000000000086
34.108999999999746 179.0410000000002
93.9569999999998 162.94699999999975
194.04600000000022 18.00800000000001
172.002 188.002
345.95600000000013 311.10399999999754
32.9560000000001 -1.8960000000024593
345.95600000000013 -1.8960000000024593
345.95600000000013 311.10399999999754
32.9560000000001 -1.8960000000024593
345.95600000000013 -1.8960000000024593
172.07200000000034 142.002
173.90099999999953 22.944999999999933
289.05699999999865 -93.03500000000017
289.05699999999865 -93.03500000000017
239.96899999999985 208.99299999999997
105.97099999999986 74.94099999999972
8.114999999999936 54.90500000000022
61.99100000000002 78.92899999999966
76.99299999999997 196.207000000001
71.98799999999994 302.0219999999995
39.75000000000058 229.78399999999897
211.01700000000008 298.99700000000007
263.01099999999974 248.001
232.02600000000012 63.92600000000017
244.96899999999985 19.001
230.03400000000016 231.03800000000018
69.96299999999982 278.91300000000206
36.9140000000002 19.99199999999999
72.92899999999966 240.1250000000006
47.0 47.02199999999995
166.9139999999996 138.8959999999995
258.95600000000104 249.03200000000015
56.9560000000001 49.053999999999874
33.07699999999982 171.88899999999947
220.12100000000058 212.82099999999915
165.81599999999912 318.7580000000057
165.81599999999912 318.7580000000057
186.0440000000002 32.08199999999981
299.90400000000227 292.0599999999986
114.9789999999999 68.00700000000003
102.95099999999977 111.98099999999991
431.001 12.991000000000213
118.001 325.9910000000002
431.001 325.9910000000002
114.09200000000044 158.98399999999992
189.01500000000007 187.99099999999996
305.26399999999376 -57.07000000000036
305.26399999999376 -57.07000000000036
291.95500000000106 16.99299999999999
101.99199999999996 186.03400000000016
275.957000000001 21.055000000000067
39.90900000000021 53.05699999999987
306.99800000000005 156.9579999999998
110.04000000000019 241.09400000000045
187.9369999999997 164.03100000000015
106.001 86.05100000000024
196.82399999999916 295.00199999999995
124.92699999999965 288.90100000000234
204.0220000000001 145.11800000000056
305.99700000000007 313.9070000000022
305.99700000000007 313.9070000000022
144.83599999999922 210.94599999999974
273.97300000000064 131.00500000000002
88.90199999999953 110.03000000000014
93.98799999999994 18.110000000000134
286.89600000000246 159.1680000000008
267.9060000000022 157.94799999999975
238.96899999999985 36.11899999999972
42.999 240.0210000000001
297.93100000000163 316.8910000000026
297.93100000000163 316.8910000000026
94.00400000000002 299.99400000000014
205.04800000000023 162.92399999999964
206.0220000000001 68.00600000000003
220.92199999999963 229.03200000000015
247.001 269.9530000000011
296.01099999999974 147.94099999999972
113.11000000000053 84.04600000000022
307.06499999999846 -156.0390000000002
307.06499999999846 -156.0390000000002
128.14300000000068 110.86699999999936
205.8769999999994 254.89899999999952
127.00700000000003 240.03700000000018
279.8560000000034 61.083999999999804
244.0230000000001 225.0210000000001
412.0400000000002 307.05199999999877
99.04000000000019 -5.94800000000123
412.0400000000002 -5.94800000000123
412.0400000000002 307.05199999999877
99.04000000000019 -5.94800000000123
412.0400000000002 -5.94800000000123
312.10799999999745 340.0860000000001
312.10799999999745 340.0860000000001
310.8560000000034 130.98799999999994
98.01800000000009 253.09200000000044
250.00800000000004 248.01200000000006
32.719000000000655 245.999
134.05200000000025 177.92999999999967
263.04399999999896 189.98399999999992
177.95499999999979 108.93299999999968
304.9490000000012 255.93499999999966
120.05600000000027 137.11000000000053
159.96499999999983 29.948999999999938
97.95999999999981 84.08000000000038
257.84500000000367 114.99699999999999
266.042999999999 244.8929999999995
81.98699999999994 140.03300000000016
93.98699999999994 307.999
72.10000000000048 167.998
195.9819999999999 170.02600000000012
219.1280000000006 114.01800000000009
384.98299999999995 302.04899999999884
71.98299999999992 -10.951000000001159
384.98299999999995 -10.951000000001159
384.98299999999995 302.04899999999884
71.98299999999992 -10.951000000001159
384.98299999999995 -10.951000000001159
163.98699999999994 147.0650000000003
204.00800000000004 136.8299999999992
31.8369999999998 36.006999999999984
99.001 154.92699999999965
175.01100000000005 313.78300000000513
175.01100000000005 313.78300000000513
127.06900000000033 13.94500000000003
224.06700000000032 256.1129999999973
200.9569999999998 70.01500000000007
152.9789999999999 194.08900000000042
133.95199999999977 36.04999999999988
155.99099999999996 189.01500000000007
252.8969999999995 175.00300000000001
306.1219999999971 427.0240000000001
306.1219999999971 427.0240000000001
246.03400000000016 216.0220000000001
225.0 23.022000000000027
198.99099999999996 313.90100000000234
198.99099999999996 313.90100000000234
281.90100000000234 197.97299999999987
137.08900000000042 64.96499999999983
56.96900000000007 189.03300000000016
250.05800000000028 66.1480000000007
210.0860000000004 -0.8620000000032633
210.0860000000004 -0.8620000000032633
231.99299999999997 157.90099999999953
113.05000000000024 220.93199999999968
173.90799999999956 2.1219999999999866
310.9410000000014 278.999
302.0039999999999 65.12200000000058
185.88999999999947 76.0
166.91099999999958 118.98099999999991
270.8820000000028 15.888000000000062
46.23099999999946 16.019000000000023
172.0630000000003 41.98300000000004
293.0159999999996 124.90599999999955
142.99399999999997 240.97399999999988
250.1450000000007 30.067000000000082
156.9369999999997 186.90499999999955
202.792999999999 281.94700000000125
254.05400000000026 59.81400000000043
288.14599999999655 202.09800000000047
304.13799999999674 -123.97599999999989
304.13799999999674 -123.97599999999989
220.998 77.10200000000049
296.07399999999825 187.998
210.03200000000015 311.9200000000019
181.98999999999995 207.16200000000077
271.1099999999974 110.98599999999993
188.07200000000034 103.05000000000024
267.99700000000007 269.0049999999999
287.90400000000227 276.01399999999967
291.9840000000004 57.001999999999995
213.03400000000016 271.9880000000003
251.03400000000016 236.9559999999998
224.04600000000022 291.0119999999997
290.9950000000001 99.11700000000056
283.98600000000033 236.07400000000035
289.00199999999995 219.8759999999994
293.125999999997 226.0180000000001
52.00499999999999 268.04499999999894
188.9359999999997 261.90000000000236
203.03500000000017 5.069000000000023
39.96100000000009 72.08700000000042
83.19600000000094 54.90600000000022
12.059999999999967 4.054000000000018
129.39300000000188 290.1349999999968
143.0410000000002 21.780999999999732
251.09600000000046 16.903999999999883
94.85999999999933 78.90199999999953
307.9400000000014 97.03400000000016
208.1070000000005 203.85899999999933
278.92600000000175 31.11400000000014
112.01700000000008 292.92100000000187
268.0469999999989 292.10299999999756
98.98199999999991 207.8939999999995
119.02700000000013 179.19700000000094
29.95799999999995 138.84199999999925
25.904999999999884 175.96899999999985
84.77699999999894 10.096999999999946
112.94699999999975 43.03899999999991
111.0210000000001 110.94099999999972
235.02900000000014 78.19900000000095
172.05900000000028 178.98499999999993
253.90899999999957 90.01700000000008
291.90500000000225 38.01699999999996
76.0420000000002 93.00800000000004
265.0759999999982 95.87599999999941
166.01300000000006 33.00299999999999
158.19900000000095 236.07700000000037
142.04500000000021 270.1729999999959
46.94800000000012 210.8979999999995
79.96699999999984 278.9250000000018
129.1260000000006 76.16600000000079
147.0 29.128000000000156
305.99700000000007 44.0869999999998
258.74500000000603 127.21900000000105
187.98999999999995 92.95599999999979
112.03000000000014 299.10399999999754
148.01000000000005 116.79399999999902
75.03200000000015 237.9159999999996
278.0339999999992 15.886000000000063
293.0679999999984 275.9620000000009
30.14000000000017 289.0299999999993
66.999 232.92499999999964
193.00600000000003 55.89800000000024
262.07799999999816 207.0820000000004
288.9830000000004 93.76499999999888
202.82399999999916 217.1880000000009
38.96600000000008 261.00199999999995
203.08800000000042 93.01600000000008
91.0 2.0139999999999985
313.94700000000125 95.98899999999995
313.94700000000125 408.9889999999999
148.00900000000004 122.12900000000062
93.97599999999989 165.17200000000082
274.0729999999983 267.9670000000008
167.0620000000003 49.10199999999976
10.119999999999933 68.09800000000047
295.99800000000005 165.0400000000002
223.00600000000003 250.91999999999962
56.00399999999999 221.97599999999989
169.9569999999998 264.1109999999974
248.0430000000002 211.99299999999997
99.11800000000056 273.86600000000317
235.9579999999998 216.998
312.8850000000027 165.0610000000003
23.807999999999765 194.3760000000018
39.994000000000014 108.05600000000027
213.99099999999996 253.95499999999979
84.0640000000003 281.93000000000166
162.84799999999927 89.0
28.96799999999996 182.02600000000012
180.0620000000003 124.97399999999988
214.86699999999936 30.079000000000097
130.01500000000007 124.0430000000002
51.113999999999734 247.06600000000032
157.90199999999953 58.02999999999993
150.80299999999906 148.1070000000005
157.0860000000004 218.998
177.998 23.004000000000005
120.18200000000087 225.88999999999947
306.999 27.047000000000057
238.92599999999965 276.99000000000024
90.91099999999958 225.98699999999994
69.92499999999964 289.05299999999875
163.92599999999965 170.90999999999957
142.96999999999986 259.9960000000001
62.9580000000001 130.82599999999917
266.99300000000017 315.8130000000044
266.99300000000017 315.8130000000044
-74 277
-74 -36
-74 277
-74 -36
-153 30
-153 -283
-153 30
-153 -283
-138 199
-138 -114
-138 199
-138 -114
-60 -33
-60 -33
-17 -165
-17 -165
-49 112
-49 -201
-49 112
-49 -201
-89 256
-89 -57
-89 256
-89 -57
-110 93
-110 -220
-110 93
-110 -220
-135 109
-135 -204
-135 109
-135 -204
-59 60
-59 -253
-59 60
-59 -253
-22 -214
-22 -214
-127 76
-127 -237
-127 76
-127 -237
-133 125
-133 -188
-133 125
-133 -188
-50 -65
-50 -65
-88 23
-88 -290
-88 23
-88 -290
-109 283
-109 -30
-109 283
-109 -30
-149 171
-149 -142
-149 171
-149 -142
-71 249
-71 -64
-71 249
-71 -64
-109 137
-109 -176
-109 137
-109 -176
-66 -43
-66 -43
-65 212
-65 -101
-65 212
-65 -101
-47 -58
-47 -58
-108 163
-108 -150
-108 163
-108 -150
-46 117
-46 -196
-46 117
-46 -196
-60 175
-60 -138
-60 175
-60 -138
-39 131
-39 -182
-39 131
-39 -182
-88 65
-88 -248
-88 65
-88 -248
-54 -64
-54 -64
-42 111
-42 -202
-42 111
-42 -202
-92 77
-92 -236
-92 77
-92 -236
-109 166
-109 -147
-109 166
-109 -147
-124 262
-124 -51
-124 262
-124 -51
-74 -21
-74 -21
-109 142
-109 -171
-109 142
-109 -171
-25 -37
-25 -37
-26 -154
-26 -154
-147 33
-147 -280
-147 33
-147 -280
-69 204
-69 -109
-69 204
-69 -109
-109 145
-109 -168
-109 145
-109 -168
-107 68
-107 -245
-107 68
-107 -245
-55 115
-55 -198
-55 115
-55 -198
-31 -115
-31 -115
-81 64
-81 -249
-81 64
-81 -249
-82 12
-82 -301
-82 12
-82 -301
-49 106
-49 -207
-49 106
-49 -207
-146 139
-146 -174
-146 139
-146 -174
-125 93
-125 -220
-125 93
-125 -220
-124 188
-124 -125
-124 188
-124 -125
-133 129
-133 -184
-133 129
-133 -184
-25 -111
-25 -111
-141 142
-141 -171
-141 142
-141 -171
-13 -21
-13 -21
-52 -41
-52 -41
-74 36
-74 -277
-74 36
-74 -277
-89 291
-89 -22
-89 291
-89 -22
-17 -148
-17 -148
-129 18
-129 -295
-129 18
-129 -295
-156 219
-156 -94
-156 219
-156 -94
-102 299
-102 -14
-102 299
-102 -14
-125 164
-125 -149
-125 164
-125 -149
-50 -123
-50 -123
-63 66
-63 -247
-63 66
-63 -247
-156 187
-156 -126
-156 187
-156 -126
-33 61
-33 -252
-33 61
-33 -252
-54 127
-54 -186
-54 127
-54 -186
-68 19
-68 -294
-68 19
-68 -294
-62 -76
-62 -76
-69 225
-69 -88
-69 225
-69 -88
-141 188
-141 -125
-141 188
-141 -125
-155 58
-155 -255
-155 58
-155 -255
-21 17
-21 17
-127 32
-127 -281
-127 32
-127 -281
-47 -68
-47 -68
-132 155
-132 -158
-132 155
-132 -158
-10 12
-10 12
-25 -156
-25 -156
-20 -188
-20 -188
-117 170
-117 -143
-117 170
-117 -143
-112 70
-112 -243
-112 70
-112 -243
-139 2
-139 -311
-139 2
-139 -311
-77 217
-77 -96
-77 217
-77 -96
-135 115
-135 -198
-135 115
-135 -198
-67 216
-67 -97
-67 216
-67 -97
-110 217
-110 -96
-110 217
-110 -96
-34 31
-34 -282
-34 31
-34 -282
-19 37
-19 37
-125 103
-125 -210
-125 103
-125 -210
-141 179
-141 -134
-141 179
-141 -134
-101 215
-101 -98
-101 215
-101 -98
-111 205
-111 -108
-111 205
-111 -108
-21 38
-21 38
-93 213
-93 -100
-93 213
-93 -100
-73 209
-73 -104
-73 209
-73 -104
-150 89
-150 -224
-150 89
-150 -224
-110 5
-110 -308
-110 5
-110 -308
-98 30
-98 -283
-98 30
-98 -283
-141 42
-141 -271
-141 42
-141 -271
-155 236
-155 -77
-155 236
-155 -77
-45 -44
-45 -44
-149 147
-149 -166
-149 147
-149 -166
-94 114
-94 -199
-94 114
-94 -199
-39 -45
-39 -45
-48 96
-48 -217
-48 96
-48 -217
-35 16
-35 -297
-35 16
-35 -297
-107 255
-107 -58
-107 255
-107 -58
-37 21
-37 -292
-37 21
-37 -292
-116 295
-116 -18
-116 295
-116 -18
-110 282
-110 -31
-110 282
-110 -31
-21 57
-21 57
-146 49
-146 -264
-146 49
-146 -264
-90 251
-90 -62
-90 251
-90 -62
-51 -106
-51 -106
-20 -37
-20 -37
-100 272
-100 -41
-100 272
-100 -41
-83 231
-83 -82
-83 231
-83 -82
-81 158
-81 -155
-81 158
-81 -155
-29 -77
-29 -77
-78 78
-78 -235
-78 78
-78 -235
-24 -219
-24 -219
-105 204
-105 -109
-105 204
-105 -109
-135 23
-135 -290
-135 23
-135 -290
-96 59
-96 -254
-96 59
-96 -254
-63 30
-63 -283
-63 30
-63 -283
-45 -21
-45 -21
-92 229
-92 -84
-92 229
-92 -84
-29 -174
-29 -174
-146 119
-146 -194
-146 119
-146 -194
-59 90
-59 -223
-59 90
-59 -223
-42 16
-42 -297
-42 16
-42 -297
-17 -125
-17 -125
-143 264
-143 -49
-143 264
-143 -49
-119 18
-119 -295
-119 18
-119 -295
-131 207
-131 -106
-131 207
-131 -106
-120 56
-120 -257
-120 56
-120 -257
-63 -65
-63 -65
-139 23
-139 -290
-139 23
-139 -290
-45 158
-45 -155
-45 158
-45 -155
-99 254
-99 -59
-99 254
-99 -59
-41.00499999999988 -13.987000000000307
-41.00499999999988 -13.987000000000307
-62.00600000000003 16.980000000000473
-62.00600000000003 -296.0199999999995
-62.00600000000003 16.980000000000473
-62.00600000000003 -296.0199999999995
-19.887000000002672 -86.98899999999995
-19.887000000002672 -86.98899999999995
-78.99599999999998 6.920000000001892
-78.99599999999998 -306.0799999999981
-78.99599999999998 6.920000000001892
-78.99599999999998 -306.0799999999981
-123.00600000000003 306.0299999999993
-123.00600000000003 -6.970000000000709
-123.00600000000003 306.0299999999993
-123.00600000000003 -6.970000000000709
-3.9850000000003547 -24.006999999999834
-3.9850000000003547 -24.006999999999834
-23.943000000001348 -93.03500000000017
-23.943000000001348 -93.03500000000017
-147.18400000000088 5.7580000000057225
-147.18400000000088 -307.2419999999943
-147.18400000000088 5.7580000000057225
-147.18400000000088 -307.2419999999943
-7.736000000006243 -57.07000000000036
-7.736000000006243 -57.07000000000036
-7.002999999999929 0.9070000000021992
-7.002999999999929 0.9070000000021992
-15.068999999998368 3.8910000000025775
-15.068999999998368 3.8910000000025775
-137.98899999999995 0.7830000000051314
-137.98899999999995 -312.21699999999487
-137.98899999999995 0.7830000000051314
-137.98899999999995 -312.21699999999487
-114.00900000000004 0.901000000002341
-114.00900000000004 -312.09899999999766
-114.00900000000004 0.901000000002341
-114.00900000000004 -312.09899999999766
-102.91399999999959 312.13799999999674
-102.91399999999959 -0.8620000000032633
-102.91399999999959 312.13799999999674
-102.91399999999959 -0.8620000000032633
-46.006999999999834 2.813000000004422
-46.006999999999834 -310.1869999999956
-46.006999999999834 2.813000000004422
-46.006999999999834 -310.1869999999956
-17 148
-17 148
7 407
32 349
-25 276
-25 276
-26 159
-26 159
-31 198
-31 198
-5 97
-5 97
-25 202
-25 202
-13 292
-13 292
29 469
-17 165
-17 165
40 421
-25 157
-25 157
-20 125
-20 125
-45 269
-45 269
-39 268
-39 268
30 452
-20 276
-20 276
-29 236
-29 236
-45 292
-45 292
-17 188
-17 188
-41.00499999999988 299.0129999999997
-41.00499999999988 299.0129999999997
0.9870000000003074 335.993
12.021999999999988 316.97600000000057
9.994000000000142 381.00600000000003
-6.961000000000922 43.993000000000016
-6.961000000000922 43.993000000000016
3.9820000000004256 324.998
4.995000000000118 449.00300000000004
9.997000000000071 455.001
-1.952000000001135 130.96999999999986
-1.952000000001135 130.96999999999986
-19.887000000002672 226.01100000000005
-19.887000000002672 226.01100000000005
6.995999999999999 307.0
5.968000000000757 373.994
-10.994000000000142 64.99799999999999
-10.994000000000142 64.99799999999999
7.98900000000026 368.001
-1.8550000000034288 278.95500000000106
-1.8550000000034288 278.95500000000106
15.105999999999941 300.00999999999976
1.0119999999999987 96.00800000000004
-3.9850000000003547 288.99300000000017
-3.9850000000003547 288.99300000000017
4.027000000000009 293.95100000000116
1.0799999999999912 23.0
-23.943000000001348 219.96499999999983
-23.943000000001348 219.96499999999983
-7.736000000006243 255.92999999999964
-7.736000000006243 255.92999999999964
21.989999999999988 279.0499999999988
7.27000000000009 93.98599999999993
-5.935000000001537 156.9609999999998
-5.935000000001537 156.9609999999998
-0.8920000000025539 27.086000000000105
-0.8920000000025539 27.086000000000105
-6.878000000002885 114.02400000000011
-6.878000000002885 114.02400000000011
-8.862000000003263 189.02400000000011
-8.862000000003263 189.02400000000011
21.969999999999963 277.73600000000624
0.21800000000000017 165.0620000000003
0.9470000000012533 408.9889999999999
5.224000000000075 135.9599999999998
-60 280
-60 280
-22 99
-22 99
-50 248
-50 248
-66 270
-66 270
-47 255
-47 255
-54 249
-54 249
-74 292
-74 292
-52 272
-52 272
-50 190
-50 190
-62 237
-62 237
-47 245
-47 245
-51 207
-51 207
-24 94
-24 94
-6 27
-6 27
-29 139
-29 139
-63 248
-63 248
-6 23
-6 23
-8.97800000000052 38.0
-8.97800000000052 38.0
-5 -216
-5 -216
-21 -296
-21 -296
-10 -301
-10 -301
-19 -276
-19 -276
-21 -275
-21 -275
-21 -256
-21 -256
-6 -286
-6 -286
0 -148
0 -148
-6 -290
-6 -290
-6.961000000000922 -269.007
-6.961000000000922 -269.007
-8.97800000000052 -275.0
-8.97800000000052 -275.0
-1.952000000001135 -182.03000000000014
-1.952000000001135 -182.03000000000014
-10.994000000000142 -248.002
-10.994000000000142 -248.002
-1.8550000000034288 -34.044999999998936
-1.8550000000034288 -34.044999999998936
-7.002999999999929 -312.0929999999978
-7.002999999999929 -312.0929999999978
-15.068999999998368 -309.1089999999974
-15.068999999998368 -309.1089999999974
-5.935000000001537 -156.0390000000002
-5.935000000001537 -156.0390000000002
-0.8920000000025539 -285.9139999999999
-0.8920000000025539 -285.9139999999999
-6.878000000002885 -198.97599999999989
-6.878000000002885 -198.97599999999989
-8.862000000003263 -123.97599999999989
-8.862000000003263 -123.97599999999989
34 -134
34 -134
33 -141
33 -141
29 -131
29 -131
24 -119
24 -119
26 -137
26 -137
3.9760000000005675 -18.990000000000236
3.9760000000005675 -18.990000000000236
1112670.993999947