21 444 1023131.9200000267
-32 50 1023131.9200000267
-32 50 1023131.9200000267
-34 130 1023131.9200000267
-34 130 1023131.9200000267
-44 87 1023131.9200000267
-44 87 1023131.9200000267
-58 263 1023131.9200000267
-58 263 1023131.9200000267
-98 230 1023131.9200000267
-98 230 1023131.9200000267
-130 205 1023131.9200000267
-130 205 1023131.9200000267
-55 181 1023131.9200000267
-55 181 1023131.9200000267
43 389 1023131.9200000267
-49 127 1023131.9200000267
-49 127 1023131.9200000267
-112 245 1023131.9200000267
-112 245 1023131.9200000267
60 395 1023131.9200000267
-114 2 1023131.9200000267
-114 2 1023131.9200000267
-61 176 1023131.9200000267
-61 176 1023131.9200000267
-114 289 1023131.9200000267
-114 289 1023131.9200000267
71 338 1023131.9200000267
106 466 1023131.9200000267
55 466 1023131.9200000267
42 365 1023131.9200000267
-15 264 1023131.9200000267
-15 264 1023131.9200000267
-78 292 1023131.9200000267
-78 292 1023131.9200000267
-112 133 1023131.9200000267
-112 133 1023131.9200000267
-40 26 1023131.9200000267
-40 26 1023131.9200000267
5 363 1023131.9200000267
-81 227 1023131.9200000267
-81 227 1023131.9200000267
39 353 1023131.9200000267
50 459 1023131.9200000267
-103 40 1023131.9200000267
-103 40 1023131.9200000267
-114 110 1023131.9200000267
-114 110 1023131.9200000267
130 426 1023131.9200000267
-149 78 1023131.9200000267
-149 78 1023131.9200000267
-37 76 1023131.9200000267
-37 76 1023131.9200000267
-81 271 1023131.9200000267
-81 271 1023131.9200000267
66 447 1023131.9200000267
133 367 1023131.9200000267
-65 164 1023131.9200000267
-65 164 1023131.9200000267
-89 81 1023131.9200000267
-89 81 1023131.9200000267
-79 24 1023131.9200000267
-79 24 1023131.9200000267
15 355 1023131.9200000267
147 456 1023131.9200000267
-95 287 1023131.9200000267
-95 287 1023131.9200000267
-46 102 1023131.9200000267
-46 102 1023131.9200000267
72 422 1023131.9200000267
-137 282 1023131.9200000267
-137 282 1023131.9200000267
-146 144 1023131.9200000267
167 457 1023131.9200000267
-146 144 1023131.9200000267
167 457 1023131.9200000267
96 458 1023131.9200000267
-14 94 1023131.9200000267
-14 94 1023131.9200000267
-72 274 1023131.9200000267
-72 274 1023131.9200000267
-143 278 1023131.9200000267
-143 278 1023131.9200000267
-151 180 1023131.9200000267
-151 180 1023131.9200000267
23 457 1023131.9200000267
144 444 1023131.9200000267
131 368 1023131.9200000267
-84 275 1023131.9200000267
-84 275 1023131.9200000267
98 455 1023131.9200000267
-100 306 1023131.9200000267
-100 -7 1023131.9200000267
-100 306 1023131.9200000267
-100 -7 1023131.9200000267
-155 147 1023131.9200000267
158 460 1023131.9200000267
-155 147 1023131.9200000267
158 460 1023131.9200000267
15 382 1023131.9200000267
52 379 1023131.9200000267
-106 156 1023131.9200000267
-106 156 1023131.9200000267
-31 198 1023131.9200000267
-31 198 1023131.9200000267
-110 115 1023131.9200000267
-110 115 1023131.9200000267
-65 264 1023131.9200000267
-65 264 1023131.9200000267
69 401 1023131.9200000267
-144 2 1023131.9200000267
-144 2 1023131.9200000267
48 353 1023131.9200000267
66 349 1023131.9200000267
16 443 1023131.9200000267
-150 27 1023131.9200000267
-150 27 1023131.9200000267
150 397 1023131.9200000267
-115 139 1023131.9200000267
-115 139 1023131.9200000267
-155 120 1023131.9200000267
158 433 1023131.9200000267
-155 120 1023131.9200000267
158 433 1023131.9200000267
100 337 1023131.9200000267
-104 33 1023131.9200000267
-104 33 1023131.9200000267
-25 293 1023131.9200000267
-25 293 1023131.9200000267
-128 44 1023131.9200000267
-128 44 1023131.9200000267
129 346 1023131.9200000267
-151 14 1023131.9200000267
-151 14 1023131.9200000267
-142 204 1023131.9200000267
-142 204 1023131.9200000267
-77 164 1023131.9200000267
-77 164 1023131.9200000267
-121 148 1023131.9200000267
-121 148 1023131.9200000267
-155 62 1023131.9200000267
-155 62 1023131.9200000267
53 437 1023131.9200000267
-25 193 1023131.9200000267
-25 193 1023131.9200000267
-124 77 1023131.9200000267
-124 77 1023131.9200000267
-87 54 1023131.9200000267
-87 54 1023131.9200000267
42 445 1023131.9200000267
92 411 1023131.9200000267
-33 31 1023131.9200000267
-33 31 1023131.9200000267
-116 104 1023131.9200000267
-116 104 1023131.9200000267
-76 150 1023131.9200000267
-76 150 1023131.9200000267
-126 29 1023131.9200000267
-126 29 1023131.9200000267
-130 34 1023131.9200000267
-130 34 1023131.9200000267
-56 158 1023131.9200000267
-56 158 1023131.9200000267
-148 280 1023131.9200000267
-148 280 1023131.9200000267
133 363 1023131.9200000267
-154 284 1023131.9200000267
-154 -29 1023131.9200000267
-154 284 1023131.9200000267
-154 -29 1023131.9200000267
-76 126 1023131.9200000267
-76 126 1023131.9200000267
-60 40 1023131.9200000267
-60 40 1023131.9200000267
118 451 1023131.9200000267
-61 236 1023131.9200000267
-61 236 1023131.9200000267
119 389 1023131.9200000267
-128 96 1023131.9200000267
-128 96 1023131.9200000267
-45 174 1023131.9200000267
-45 174 1023131.9200000267
-92 55 1023131.9200000267
-92 55 1023131.9200000267
90 371 1023131.9200000267
-68 242 1023131.9200000267
-68 242 1023131.9200000267
-31 169 1023131.9200000267
-31 169 1023131.9200000267
-48 228 1023131.9200000267
-48 228 1023131.9200000267
-29 109 1023131.9200000267
-29 109 1023131.9200000267
-71 289 1023131.9200000267
-71 289 1023131.9200000267
-47 133 1023131.9200000267
-47 133 1023131.9200000267
124 348 1023131.9200000267
-123 120 1023131.9200000267
-123 120 1023131.9200000267
-73 44 1023131.9200000267
-73 44 1023131.9200000267
99 451 1023131.9200000267
-132 134 1023131.9200000267
-132 134 1023131.9200000267
-28 73 1023131.9200000267
-28 73 1023131.9200000267
59 387 1023131.9200000267
-75 295 1023131.9200000267
-75 295 1023131.9200000267
-143 113 1023131.9200000267
-143 113 1023131.9200000267
-66 22 1023131.9200000267
-66 22 1023131.9200000267
-20 254 1023131.9200000267
-20 254 1023131.9200000267
-92 111 1023131.9200000267
-92 111 1023131.9200000267
-137 106 1023131.9200000267
-137 106 1023131.9200000267
-150 228 1023131.9200000267
-150 228 1023131.9200000267
-51 152 1023131.9200000267
-51 152 1023131.9200000267
-138 206 1023131.9200000267
-138 206 1023131.9200000267
-143 267 1023131.9200000267
-143 267 1023131.9200000267
-136 164 1023131.9200000267
-136 164 1023131.9200000267
31 334 1023131.9200000267
-56 86 1023131.9200000267
-56 86 1023131.9200000267
-34 58 1023131.9200000267
-34 58 1023131.9200000267
-93 93 1023131.9200000267
-93 93 1023131.9200000267
-73 26 1023131.9200000267
-73 26 1023131.9200000267
131 381 1023131.9200000267
-85 270 1023131.9200000267
-85 270 1023131.9200000267
-108 75 1023131.9200000267
-108 75 1023131.9200000267
-60 255 1023131.9200000267
-60 255 1023131.9200000267
-103 130 1023131.9200000267
-103 130 1023131.9200000267
62 350 1023131.9200000267
-72 208 1023131.9200000267
-72 208 1023131.9200000267
-135 145 1023131.9200000267
-135 145 1023131.9200000267
146 455 1023131.9200000267
36 349 1023131.9200000267
-60 82 1023131.9200000267
-60 82 1023131.9200000267
-115 31 1023131.9200000267
-115 31 1023131.9200000267
24 419 1023131.9200000267
-138 88 1023131.9200000267
-138 88 1023131.9200000267
-138 263 1023131.9200000267
-138 263 1023131.9200000267
22 376 1023131.9200000267
-132 11 1023131.9200000267
-132 11 1023131.9200000267
-70 276 1023131.9200000267
-70 276 1023131.9200000267
42 466 1023131.9200000267
109 462 1023131.9200000267
-107 120 1023131.9200000267
-107 120 1023131.9200000267
-71 181 1023131.9200000267
-71 181 1023131.9200000267
15 340 1023131.9200000267
-17 44 1023131.9200000267
-17 44 1023131.9200000267
-116 103 1023131.9200000267
-116 103 1023131.9200000267
-107 192 1023131.9200000267
-107 192 1023131.9200000267
46 331 1023131.9200000267
-14 51 1023131.9200000267
-14 51 1023131.9200000267
-155 53 1023131.9200000267
-155 53 1023131.9200000267
-25 19 1023131.9200000267
-25 19 1023131.9200000267
-132 189 1023131.9200000267
-132 189 1023131.9200000267
-126 75 1023131.9200000267
-126 75 1023131.9200000267
-96 123 1023131.9200000267
-96 123 1023131.9200000267
105 378 1023131.9200000267
-79 61 1023131.9200000267
-79 61 1023131.9200000267
34 424 1023131.9200000267
-148 303 1023131.9200000267
-148 -10 1023131.9200000267
-148 303 1023131.9200000267
-148 -10 1023131.9200000267
-28 181 1023131.9200000267
-28 181 1023131.9200000267
-145 0 1023131.9200000267
-145 0 1023131.9200000267
49 429 1023131.9200000267
-104 279 1023131.9200000267
-104 279 1023131.9200000267
-151 178 1023131.9200000267
-151 178 1023131.9200000267
0 364 1023131.9200000267
-117 258 1023131.9200000267
-117 258 1023131.9200000267
91 413 1023131.9200000267
72 360 1023131.9200000267
-88 252 1023131.9200000267
-88 252 1023131.9200000267
95 451 1023131.9200000267
98 395 1023131.9200000267
70 447 1023131.9200000267
-114 137 1023131.9200000267
-114 137 1023131.9200000267
-92 233 1023131.9200000267
-92 233 1023131.9200000267
126 460 1023131.9200000267
-39 221 1023131.9200000267
-39 221 1023131.9200000267
114 401 1023131.9200000267
-64 115 1023131.9200000267
-64 115 1023131.9200000267
-55 111 1023131.9200000267
-55 111 1023131.9200000267
7 344 1023131.9200000267
79 412 1023131.9200000267
122 365 1023131.9200000267
-8.970000000000027 10.930000000000037 1023131.9200000267
-8.970000000000027 10.930000000000037 1023131.9200000267
-8.930000000000064 10.890000000000082 1023131.9200000267
-8.930000000000064 10.890000000000082 1023131.9200000267
-8.8900000000001 10.85000000000011 1023131.9200000267
-8.8900000000001 10.85000000000011 1023131.9200000267
-8.870000000000118 10.830000000000146 1023131.9200000267
-8.870000000000118 10.830000000000146 1023131.9200000267
-8.830000000000155 10.790000000000164 1023131.9200000267
-8.830000000000155 10.790000000000164 1023131.9200000267
-8.77000000000021 10.730000000000201 1023131.9200000267
-8.77000000000021 10.730000000000201 1023131.9200000267
-8.760000000000218 10.700000000000198 1023131.9200000267
-8.760000000000218 10.700000000000198 1023131.9200000267
-8.720000000000255 10.660000000000226 1023131.9200000267
-8.720000000000255 10.660000000000226 1023131.9200000267
-8.700000000000273 10.640000000000262 1023131.9200000267
-8.700000000000273 10.640000000000262 1023131.9200000267
-8.640000000000327 10.58000000000029 1023131.9200000267
-8.640000000000327 10.58000000000029 1023131.9200000267
21.99000000000001 468.99 1023131.9200000267
-8.570000000000391 10.510000000000279 1023131.9200000267
-8.570000000000391 10.510000000000279 1023131.9200000267
-8.55000000000041 10.490000000000284 1023131.9200000267
-8.55000000000041 10.490000000000284 1023131.9200000267
-8.470000000000482 10.410000000000313 1023131.9200000267
-8.470000000000482 10.410000000000313 1023131.9200000267
-8.430000000000518 10.370000000000328 1023131.9200000267
-8.430000000000518 10.370000000000328 1023131.9200000267
-8.410000000000537 10.350000000000355 1023131.9200000267
-8.410000000000537 10.350000000000355 1023131.9200000267
-8.290000000000646 10.230000000000375 1023131.9200000267
-8.290000000000646 10.230000000000375 1023131.9200000267
-8.260000000000673 10.200000000000369 1023131.9200000267
-8.260000000000673 10.200000000000369 1023131.9200000267
-9.960000000000036 107.0 1023131.9200000267
-9.960000000000036 107.0 1023131.9200000267
-8.22000000000071 10.160000000000396 1023131.9200000267
-8.22000000000071 10.160000000000396 1023131.9200000267
-8.170000000000755 10.11000000000046 1023131.9200000267
-8.170000000000755 10.11000000000046 1023131.9200000267
-8.1200000000008 10.060000000000505 1023131.9200000267
-8.1200000000008 10.060000000000505 1023131.9200000267
-8.090000000000828 10.030000000000523 1023131.9200000267
-8.090000000000828 10.030000000000523 1023131.9200000267
-56.02999999999997 12.610000000000355 1023131.9200000267
-56.02999999999997 12.610000000000355 1023131.9200000267
-8.050000000000864 9.99000000000055 1023131.9200000267
-8.050000000000864 9.99000000000055 1023131.9200000267
-20.960000000000036 217.98000000000002 1023131.9200000267
-20.960000000000036 217.98000000000002 1023131.9200000267
-4.920000000000073 283.0799999999999 1023131.9200000267
-4.920000000000073 283.0799999999999 1023131.9200000267
-8.030000000000882 9.970000000000587 1023131.9200000267
-8.030000000000882 9.970000000000587 1023131.9200000267
-8.930000000000064 10.470000000000425 1023131.9200000267
-8.930000000000064 10.470000000000425 1023131.9200000267
-99.97000000000003 1.8500000000001364 1023131.9200000267
-99.97000000000003 1.8500000000001364 1023131.9200000267
-7.990000000000919 9.990000000000604 1023131.9200000267
-7.990000000000919 9.990000000000604 1023131.9200000267
19.949999999999992 198.75000000000023 1023131.9200000267
45.13999999999997 323.8000000000002 1023131.9200000267
5.550000000000409 376.13 1023131.9200000267
43.91000000000002 323.85000000000014 1023131.9200000267
-91.95000000000005 6.9500000000000455 1023131.9200000267
-91.95000000000005 6.9500000000000455 1023131.9200000267
5.339999999999993 50.119999999999976 1023131.9200000267
-80.41000000000054 310.0099999999991 1023131.9200000267
-80.41000000000054 -2.9900000000009186 1023131.9200000267
-80.41000000000054 310.0099999999991 1023131.9200000267
-80.41000000000054 -2.9900000000009186 1023131.9200000267
53.95000000000001 185.85000000000014 1023131.9200000267
85.51999999999975 250.98000000000002 1023131.9200000267
15.440000000000012 129.5600000000004 1023131.9200000267
-122.87000000000012 0.5300000000004275 1023131.9200000267
-122.87000000000012 0.5300000000004275 1023131.9200000267
50.25999999999995 145.48000000000047 1023131.9200000267
6.0000000000009095 384.2400000000001 1023131.9200000267
-150.1099999999999 0.6500000000003183 1023131.9200000267
-150.1099999999999 0.6500000000003183 1023131.9200000267
5.800000000000004 243.50000000000045 1023131.9200000267
38.34999999999993 275.63000000000034 1023131.9200000267
0.5999999999990908 257.7399999999993 1023131.9200000267
-127.84000000000015 312.61999999999944 1023131.9200000267
-127.84000000000015 -0.3800000000005639 1023131.9200000267
-127.84000000000015 312.61999999999944 1023131.9200000267
-127.84000000000015 -0.3800000000005639 1023131.9200000267
47.370000000000125 170.97000000000003 1023131.9200000267
0.5900000000012824 340.19000000000005 1023131.9200000267
41.5100000000001 152.47000000000048 1023131.9200000267
2.600000000000364 444.7800000000002 1023131.9200000267
93.2000000000001 248.96000000000004 1023131.9200000267
64.41000000000021 260.1299999999999 1023131.9200000267
21.95000000000015 130.51000000000045 1023131.9200000267
29.57000000000009 300.9699999999991 1023131.9200000267
95.84000000000043 253.4399999999987 1023131.9200000267
3.3099999999999934 132.50999999999954 1023131.9200000267
4.429999999999991 280.6500000000003 1023131.9200000267
32.28999999999994 213.99 1023131.9200000267
23.16000000000018 62.60000000000008 1023131.9200000267
23.379999999999903 104.97999999999948 1023131.9200000267
6.219999999999995 297.02 1023131.9200000267
23.33000000000005 143.97000000000003 1023131.9200000267
-28.259999999999764 308.27999999999884 1023131.9200000267
-28.259999999999764 -4.720000000001164 1023131.9200000267
-28.259999999999764 308.27999999999884 1023131.9200000267
-28.259999999999764 -4.720000000001164 1023131.9200000267
41.5199999999997 220.98000000000002 1023131.9200000267
6.02 62.86000000000003 1023131.9200000267
-4.040000000000873 189.03999999999996 1023131.9200000267
-4.040000000000873 189.03999999999996 1023131.9200000267
-2.4200000000005275 302.4599999999996 1023131.9200000267
-2.4200000000005275 302.4599999999996 1023131.9200000267
-7.8900000000001 138.1099999999999 1023131.9200000267
-7.8900000000001 138.1099999999999 1023131.9200000267
28.52000000000008 202.9000000000001 1023131.9200000267
50.019999999999996 170.0 1023131.9200000267
2.5100000000004457 411.8299999999999 1023131.9200000267
40.66000000000007 158.4399999999996 1023131.9200000267
-112.97000000000003 311.06999999999994 1023131.9200000267
-112.97000000000003 -1.9300000000000637 1023131.9200000267
-112.97000000000003 311.06999999999994 1023131.9200000267
-112.97000000000003 -1.9300000000000637 1023131.9200000267
16.919999999999987 299.69999999999936 1023131.9200000267
63.10999999999978 180.04999999999995 1023131.9200000267
20.689999999999795 157.40999999999872 1023131.9200000267
88.57999999999979 256.9799999999982 1023131.9200000267
25.240000000000038 276.880000000001 1023131.9200000267
3.4899999999999896 115.78999999999989 1023131.9200000267
67.7999999999999 312.64000000000124 1023131.9200000267
27.969999999999995 289.93000000000006 1023131.9200000267
96.81999999999991 322.4800000000005 1023131.9200000267
33.41000000000012 227.2099999999989 1023131.9200000267
71.42999999999971 231.5499999999995 1023131.9200000267
11.129999999999997 227.99000000000092 1023131.9200000267
88.3999999999997 245.20000000000073 1023131.9200000267
28.899999999999984 188.94000000000005 1023131.9200000267
53.78999999999984 168.81000000000017 1023131.9200000267
12.490000000000032 204.96999999999912 1023131.9200000267
55.55999999999989 190.61999999999944 1023131.9200000267
55.29000000000014 241.01 1023131.9200000267
6.800000000000004 71.74000000000038 1023131.9200000267
55.63999999999987 153.29999999999973 1023131.9200000267
46.96000000000021 260.0200000000009 1023131.9200000267
-8.5600000000004 11.240000000000013 1023131.9200000267
-8.5600000000004 11.240000000000013 1023131.9200000267
64.02000000000001 220.03999999999996 1023131.9200000267
4.119999999999997 246.41999999999962 1023131.9200000267
15.789999999999983 42.20999999999996 1023131.9200000267
15.369999999999992 70.13000000000058 1023131.9200000267
70.91000000000047 300.2700000000016 1023131.9200000267
43.279999999999944 190.9999999999991 1023131.9200000267
34.39999999999992 110.33999999999966 1023131.9200000267
-7.940000000000964 9.920000000000597 1023131.9200000267
-7.940000000000964 9.920000000000597 1023131.9200000267
76.92000000000047 227.94000000000005 1023131.9200000267
61.820000000000235 260.7999999999993 1023131.9200000267
14.159999999999954 244.099999999999 1023131.9200000267
2.1900000000007367 429.1700000000001 1023131.9200000267
47.26999999999975 290.7900000000002 1023131.9200000267
41.34000000000013 132.07999999999993 1023131.9200000267
36.88000000000022 178.0200000000009 1023131.9200000267
18.519999999999925 279.50000000000045 1023131.9200000267
58.23999999999995 209.92000000000098 1023131.9200000267
12.920000000000002 186.66000000000122 1023131.9200000267
-12.170000000000755 168.85000000000014 1023131.9200000267
-12.170000000000755 168.85000000000014 1023131.9200000267
71.1800000000006 262.27999999999884 1023131.9200000267
6.800000000000004 30.899999999999984 1023131.9200000267
24.29999999999989 210.67999999999938 1023131.9200000267
0.1400000000000091 51.05999999999999 1023131.9200000267
4.029999999999978 98.32999999999966 1023131.9200000267
103.02000000000001 296.1000000000008 1023131.9200000267
334 131 1023131.9200000267
334 444 1023131.9200000267
347 226 1023131.9200000267
347 226 1023131.9200000267
281 363 1023131.9200000267
281 363 1023131.9200000267
454 240 1023131.9200000267
454 240 1023131.9200000267
279 443 1023131.9200000267
279 443 1023131.9200000267
269 400 1023131.9200000267
269 400 1023131.9200000267
420 159 1023131.9200000267
420 159 1023131.9200000267
356 389 1023131.9200000267
264 440 1023131.9200000267
264 440 1023131.9200000267
402 218 1023131.9200000267
402 218 1023131.9200000267
447 276 1023131.9200000267
447 276 1023131.9200000267
448 279 1023131.9200000267
448 279 1023131.9200000267
373 395 1023131.9200000267
199 315 1023131.9200000267
199 315 1023131.9200000267
464 254 1023131.9200000267
464 254 1023131.9200000267
377 220 1023131.9200000267
377 220 1023131.9200000267
384 338 1023131.9200000267
419 153 1023131.9200000267
419 466 1023131.9200000267
368 153 1023131.9200000267
368 466 1023131.9200000267
355 365 1023131.9200000267
442 183 1023131.9200000267
442 183 1023131.9200000267
402 255 1023131.9200000267
402 255 1023131.9200000267
423 212 1023131.9200000267
423 212 1023131.9200000267
325 243 1023131.9200000267
325 243 1023131.9200000267
201 446 1023131.9200000267
201 446 1023131.9200000267
273 339 1023131.9200000267
273 339 1023131.9200000267
318 363 1023131.9200000267
352 353 1023131.9200000267
363 146 1023131.9200000267
363 459 1023131.9200000267
210 353 1023131.9200000267
210 353 1023131.9200000267
351 276 1023131.9200000267
351 276 1023131.9200000267
199 423 1023131.9200000267
199 423 1023131.9200000267
377 260 1023131.9200000267
377 260 1023131.9200000267
443 426 1023131.9200000267
164 391 1023131.9200000267
164 391 1023131.9200000267
276 389 1023131.9200000267
276 389 1023131.9200000267
449 283 1023131.9200000267
449 283 1023131.9200000267
326 188 1023131.9200000267
326 188 1023131.9200000267
356 190 1023131.9200000267
356 190 1023131.9200000267
379 134 1023131.9200000267
379 447 1023131.9200000267
446 367 1023131.9200000267
224 394 1023131.9200000267
224 394 1023131.9200000267
436 175 1023131.9200000267
436 175 1023131.9200000267
146 322 1023131.9200000267
459 322 1023131.9200000267
234 337 1023131.9200000267
234 337 1023131.9200000267
328 355 1023131.9200000267
460 143 1023131.9200000267
460 456 1023131.9200000267
267 415 1023131.9200000267
267 415 1023131.9200000267
385 422 1023131.9200000267
345 214 1023131.9200000267
345 214 1023131.9200000267
409 145 1023131.9200000267
409 458 1023131.9200000267
438 228 1023131.9200000267
438 228 1023131.9200000267
299 407 1023131.9200000267
299 407 1023131.9200000267
361 261 1023131.9200000267
361 261 1023131.9200000267
336 144 1023131.9200000267
336 457 1023131.9200000267
457 444 1023131.9200000267
455 254 1023131.9200000267
455 254 1023131.9200000267
444 368 1023131.9200000267
156 337 1023131.9200000267
469 337 1023131.9200000267
430 182 1023131.9200000267
430 182 1023131.9200000267
366 169 1023131.9200000267
366 169 1023131.9200000267
408 243 1023131.9200000267
408 243 1023131.9200000267
411 142 1023131.9200000267
411 455 1023131.9200000267
328 382 1023131.9200000267
365 379 1023131.9200000267
207 469 1023131.9200000267
207 469 1023131.9200000267
138 340 1023131.9200000267
451 340 1023131.9200000267
354 158 1023131.9200000267
354 158 1023131.9200000267
203 428 1023131.9200000267
203 428 1023131.9200000267
338 210 1023131.9200000267
338 210 1023131.9200000267
382 401 1023131.9200000267
169 315 1023131.9200000267
169 315 1023131.9200000267
361 353 1023131.9200000267
379 349 1023131.9200000267
329 130 1023131.9200000267
329 443 1023131.9200000267
163 340 1023131.9200000267
163 340 1023131.9200000267
463 397 1023131.9200000267
198 452 1023131.9200000267
198 452 1023131.9200000267
413 337 1023131.9200000267
209 346 1023131.9200000267
209 346 1023131.9200000267
185 357 1023131.9200000267
185 357 1023131.9200000267
442 346 1023131.9200000267
399 251 1023131.9200000267
399 251 1023131.9200000267
162 327 1023131.9200000267
162 327 1023131.9200000267
192 461 1023131.9200000267
192 461 1023131.9200000267
158 375 1023131.9200000267
158 375 1023131.9200000267
366 124 1023131.9200000267
366 437 1023131.9200000267
338 278 1023131.9200000267
338 278 1023131.9200000267
189 390 1023131.9200000267
189 390 1023131.9200000267
226 367 1023131.9200000267
226 367 1023131.9200000267
355 132 1023131.9200000267
355 445 1023131.9200000267
405 411 1023131.9200000267
418 181 1023131.9200000267
418 181 1023131.9200000267
280 344 1023131.9200000267
280 344 1023131.9200000267
197 417 1023131.9200000267
197 417 1023131.9200000267
333 199 1023131.9200000267
333 199 1023131.9200000267
237 463 1023131.9200000267
237 463 1023131.9200000267
400 197 1023131.9200000267
400 197 1023131.9200000267
187 342 1023131.9200000267
187 342 1023131.9200000267
183 347 1023131.9200000267
183 347 1023131.9200000267
351 179 1023131.9200000267
351 179 1023131.9200000267
446 363 1023131.9200000267
237 439 1023131.9200000267
237 439 1023131.9200000267
253 353 1023131.9200000267
253 353 1023131.9200000267
431 138 1023131.9200000267
431 451 1023131.9200000267
361 171 1023131.9200000267
361 171 1023131.9200000267
432 258 1023131.9200000267
432 258 1023131.9200000267
402 246 1023131.9200000267
402 246 1023131.9200000267
319 244 1023131.9200000267
319 244 1023131.9200000267
432 389 1023131.9200000267
332 280 1023131.9200000267
332 280 1023131.9200000267
185 409 1023131.9200000267
185 409 1023131.9200000267
426 175 1023131.9200000267
426 175 1023131.9200000267
221 368 1023131.9200000267
221 368 1023131.9200000267
403 371 1023131.9200000267
284 422 1023131.9200000267
284 422 1023131.9200000267
266 446 1023131.9200000267
266 446 1023131.9200000267
437 348 1023131.9200000267
190 433 1023131.9200000267
190 433 1023131.9200000267
240 357 1023131.9200000267
240 357 1023131.9200000267
341 290 1023131.9200000267
341 290 1023131.9200000267
412 138 1023131.9200000267
412 451 1023131.9200000267
181 447 1023131.9200000267
181 447 1023131.9200000267
285 386 1023131.9200000267
285 386 1023131.9200000267
372 387 1023131.9200000267
170 426 1023131.9200000267
170 426 1023131.9200000267
247 335 1023131.9200000267
247 335 1023131.9200000267
467 163 1023131.9200000267
467 163 1023131.9200000267
221 424 1023131.9200000267
221 424 1023131.9200000267
176 419 1023131.9200000267
176 419 1023131.9200000267
262 465 1023131.9200000267
262 465 1023131.9200000267
344 334 1023131.9200000267
453 218 1023131.9200000267
453 218 1023131.9200000267
257 399 1023131.9200000267
257 399 1023131.9200000267
399 178 1023131.9200000267
399 178 1023131.9200000267
279 371 1023131.9200000267
279 371 1023131.9200000267
341 203 1023131.9200000267
341 203 1023131.9200000267
369 241 1023131.9200000267
369 241 1023131.9200000267
220 406 1023131.9200000267
220 406 1023131.9200000267
240 339 1023131.9200000267
240 339 1023131.9200000267
444 381 1023131.9200000267
205 388 1023131.9200000267
205 388 1023131.9200000267
375 180 1023131.9200000267
375 180 1023131.9200000267
418 174 1023131.9200000267
418 174 1023131.9200000267
210 443 1023131.9200000267
210 443 1023131.9200000267
375 350 1023131.9200000267
178 458 1023131.9200000267
178 458 1023131.9200000267
453 160 1023131.9200000267
453 160 1023131.9200000267
459 142 1023131.9200000267
459 455 1023131.9200000267
449 172 1023131.9200000267
449 172 1023131.9200000267
152 363 1023131.9200000267
465 363 1023131.9200000267
349 349 1023131.9200000267
253 395 1023131.9200000267
253 395 1023131.9200000267
371 211 1023131.9200000267
371 211 1023131.9200000267
198 344 1023131.9200000267
198 344 1023131.9200000267
342 189 1023131.9200000267
342 189 1023131.9200000267
385 231 1023131.9200000267
385 231 1023131.9200000267
337 106 1023131.9200000267
337 419 1023131.9200000267
175 401 1023131.9200000267
175 401 1023131.9200000267
383 261 1023131.9200000267
383 261 1023131.9200000267
390 165 1023131.9200000267
390 165 1023131.9200000267
335 376 1023131.9200000267
181 324 1023131.9200000267
181 324 1023131.9200000267
355 153 1023131.9200000267
355 466 1023131.9200000267
467 313 1023131.9200000267
422 149 1023131.9200000267
422 462 1023131.9200000267
457 290 1023131.9200000267
457 290 1023131.9200000267
206 433 1023131.9200000267
206 433 1023131.9200000267
328 340 1023131.9200000267
363 170 1023131.9200000267
363 170 1023131.9200000267
296 357 1023131.9200000267
296 357 1023131.9200000267
197 416 1023131.9200000267
197 416 1023131.9200000267
416 297 1023131.9200000267
416 297 1023131.9200000267
359 331 1023131.9200000267
299 364 1023131.9200000267
299 364 1023131.9200000267
158 366 1023131.9200000267
158 366 1023131.9200000267
288 332 1023131.9200000267
288 332 1023131.9200000267
187 388 1023131.9200000267
187 388 1023131.9200000267
424 180 1023131.9200000267
424 180 1023131.9200000267
427 215 1023131.9200000267
427 215 1023131.9200000267
217 436 1023131.9200000267
217 436 1023131.9200000267
389 228 1023131.9200000267
389 228 1023131.9200000267
418 378 1023131.9200000267
234 374 1023131.9200000267
234 374 1023131.9200000267
347 111 1023131.9200000267
347 424 1023131.9200000267
353 221 1023131.9200000267
353 221 1023131.9200000267
362 116 1023131.9200000267
362 429 1023131.9200000267
410 176 1023131.9200000267
410 176 1023131.9200000267
463 280 1023131.9200000267
463 280 1023131.9200000267
313 364 1023131.9200000267
421 206 1023131.9200000267
421 206 1023131.9200000267
404 413 1023131.9200000267
376 260 1023131.9200000267
376 260 1023131.9200000267
385 360 1023131.9200000267
422 252 1023131.9200000267
422 252 1023131.9200000267
408 252 1023131.9200000267
408 252 1023131.9200000267
408 138 1023131.9200000267
408 451 1023131.9200000267
466 292 1023131.9200000267
466 292 1023131.9200000267
411 395 1023131.9200000267
406 249 1023131.9200000267
406 249 1023131.9200000267
443 168 1023131.9200000267
443 168 1023131.9200000267
383 134 1023131.9200000267
383 447 1023131.9200000267
199 450 1023131.9200000267
199 450 1023131.9200000267
439 147 1023131.9200000267
439 460 1023131.9200000267
359 291 1023131.9200000267
359 291 1023131.9200000267
368 190 1023131.9200000267
368 190 1023131.9200000267
464 157 1023131.9200000267
464 157 1023131.9200000267
427 401 1023131.9200000267
249 428 1023131.9200000267
249 428 1023131.9200000267
258 424 1023131.9200000267
258 424 1023131.9200000267
320 344 1023131.9200000267
392 412 1023131.9200000267
435 365 1023131.9200000267
367 186 1023131.9200000267
367 186 1023131.9200000267
334.99 155.99 1023131.9200000267
334.99 468.99 1023131.9200000267
303.03999999999996 420.0 1023131.9200000267
303.03999999999996 420.0 1023131.9200000267
256.97 325.61000000000035 1023131.9200000267
256.97 325.61000000000035 1023131.9200000267
318.90000000000015 297.0999999999999 1023131.9200000267
318.90000000000015 297.0999999999999 1023131.9200000267
304.06999999999994 323.4700000000004 1023131.9200000267
304.06999999999994 323.4700000000004 1023131.9200000267
213.02999999999997 314.85000000000014 1023131.9200000267
213.02999999999997 314.85000000000014 1023131.9200000267
197.0999999999999 104.26000000000013 1023131.9200000267
305.0099999999991 322.9900000000006 1023131.9200000267
305.0099999999991 322.9900000000006 1023131.9200000267
358.14 323.8000000000002 1023131.9200000267
318.5500000000004 376.13 1023131.9200000267
35.81000000000004 35.19000000000016 1023131.9200000267
168.29999999999973 312.5800000000004 1023131.9200000267
356.91 323.85000000000014 1023131.9200000267
221.04999999999995 319.95000000000005 1023131.9200000267
221.04999999999995 319.95000000000005 1023131.9200000267
206.05999999999995 120.26000000000013 1023131.9200000267
342.01 300.36999999999966 1023131.9200000267
342.01 300.36999999999966 1023131.9200000267
110.89999999999995 180.29999999999973 1023131.9200000267
109.10000000000005 148.74000000000024 1023131.9200000267
226.900000000001 269.1400000000008 1023131.9200000267
326.7800000000002 204.1199999999999 1023131.9200000267
326.7800000000002 204.1199999999999 1023131.9200000267
190.12999999999988 313.5300000000004 1023131.9200000267
190.12999999999988 313.5300000000004 1023131.9200000267
113.16000000000008 174.50000000000045 1023131.9200000267
234.74000000000024 291.7800000000002 1023131.9200000267
319.0000000000009 384.2400000000001 1023131.9200000267
162.8900000000001 313.6500000000003 1023131.9200000267
162.8900000000001 313.6500000000003 1023131.9200000267
310.9800000000009 257.1199999999999 1023131.9200000267
66.7700000000004 35.930000000000014 1023131.9200000267
123.02000000000001 174.98000000000002 1023131.9200000267
198.1199999999999 139.63999999999942 1023131.9200000267
48.54999999999989 40.029999999999994 1023131.9200000267
53.219999999999956 123.97999999999999 1023131.9200000267
232.37999999999965 308.5800000000004 1023131.9200000267
149.98000000000002 279.30000000000064 1023131.9200000267
313.5900000000013 340.19000000000005 1023131.9200000267
268.6899999999994 174.2299999999998 1023131.9200000267
247.51000000000045 263.8100000000002 1023131.9200000267
252.98000000000002 80.25999999999911 1023131.9200000267
315.60000000000036 131.7800000000002 1023131.9200000267
315.60000000000036 444.7800000000002 1023131.9200000267
247.81000000000108 114.14999999999957 1023131.9200000267
158.94000000000005 284.02 1023131.9200000267
145.20000000000073 141.96000000000004 1023131.9200000267
162.16999999999985 177.1300000000008 1023131.9200000267
78.7999999999999 98.97999999999999 1023131.9200000267
217.30999999999972 123.07000000000004 1023131.9200000267
106.95999999999998 159.25999999999976 1023131.9200000267
98.06000000000003 142.0 1023131.9200000267
52.43999999999991 64.99999999999949 1023131.9200000267
315.7100000000012 245.27000000000066 1023131.9200000267
315.7100000000012 245.27000000000066 1023131.9200000267
199.86000000000013 310.2600000000007 1023131.9200000267
129.4500000000005 167.21000000000072 1023131.9200000267
105.93999999999997 153.05999999999995 1023131.9200000267
189.0 77.96000000000049 1023131.9200000267
160.96000000000095 182.27999999999793 1023131.9200000267
109.04999999999951 212.78999999999928 1023131.9200000267
154.3199999999997 163.4399999999996 1023131.9200000267
150.95000000000005 156.69000000000028 1023131.9200000267
198.61000000000035 289.4499999999996 1023131.9200000267
323.2600000000007 229.05999999999995 1023131.9200000267
323.2600000000007 229.05999999999995 1023131.9200000267
59.9999999999998 73.67999999999984 1023131.9200000267
198.91000000000008 109.96999999999998 1023131.9200000267
280.4500000000014 198.48999999999955 1023131.9200000267
285.03999999999996 181.0 1023131.9200000267
169.96000000000004 113.26000000000013 1023131.9200000267
157.99 147.01 1023131.9200000267
269.5599999999995 87.52000000000027 1023131.9200000267
170.05999999999995 277.96000000000004 1023131.9200000267
257.05999999999995 158.13999999999987 1023131.9200000267
124.6099999999998 228.82999999999925 1023131.9200000267
177.91000000000008 145.14999999999986 1023131.9200000267
244.6399999999985 277.079999999999 1023131.9200000267
104.7999999999999 181.59999999999945 1023131.9200000267
92.05000000000003 97.10999999999954 1023131.9200000267
61.18000000000016 37.179999999999964 1023131.9200000267
305.1099999999999 451.1099999999999 1023131.9200000267
305.1099999999999 451.1099999999999 1023131.9200000267
117.24000000000012 182.93999999999915 1023131.9200000267
126.36000000000018 147.17999999999984 1023131.9200000267
247.60000000000036 163.94000000000005 1023131.9200000267
93.88999999999943 136.6700000000012 1023131.9200000267
224.86000000000013 252.03999999999996 1023131.9200000267
105.1900000000001 64.74999999999987 1023131.9200000267
49.08999999999998 114.50999999999924 1023131.9200000267
240.7700000000002 273.99 1023131.9200000267
228.91000000000008 275.5699999999995 1023131.9200000267
41.5100000000001 52.269999999999946 1023131.9200000267
315.51000000000045 98.82999999999991 1023131.9200000267
315.51000000000045 411.8299999999999 1023131.9200000267
243.40999999999872 288.9100000000001 1023131.9200000267
252.18999999999983 235.59000000000037 1023131.9200000267
239.2199999999989 296.6599999999985 1023131.9200000267
164.98000000000002 280.02 1023131.9200000267
262.36999999999966 150.93000000000097 1023131.9200000267
46.45999999999991 18.58000000000009 1023131.9200000267
211.17999999999893 131.49999999999864 1023131.9200000267
164.0999999999999 77.71999999999986 1023131.9200000267
114.95000000000049 214.99 1023131.9200000267
279.9999999999991 130.25999999999976 1023131.9200000267
177.61999999999853 282.03999999999996 1023131.9200000267
119.14000000000007 258.7399999999993 1023131.9200000267
94.89999999999944 146.05999999999904 1023131.9200000267
85.54999999999977 178.14999999999986 1023131.9200000267
89.30000000000015 217.92000000000007 1023131.9200000267
288.8799999999992 193.51999999999953 1023131.9200000267
236.91000000000008 126.53000000000027 1023131.9200000267
176.00999999999908 261.85000000000105 1023131.9200000267
174.82000000000016 88.0 1023131.9200000267
267.37999999999965 101.87999999999994 1023131.9200000267
221.6599999999994 110.67999999999984 1023131.9200000267
218.3299999999997 287.1299999999999 1023131.9200000267
189.6700000000003 119.99 1023131.9200000267
133.63000000000034 274.8100000000011 1023131.9200000267
38.620000000000076 40.43999999999991 1023131.9200000267
185.2999999999979 206.67999999999847 1023131.9200000267
147.41999999999962 142.9000000000001 1023131.9200000267
409.81999999999994 322.4800000000005 1023131.9200000267
149.0000000000009 85.20000000000061 1023131.9200000267
195.93000000000006 258.8899999999992 1023131.9200000267
207.60999999999945 157.34999999999877 1023131.9200000267
157.69000000000028 119.66999999999983 1023131.9200000267
114.35000000000018 89.19000000000061 1023131.9200000267
100.1600000000006 136.62000000000126 1023131.9200000267
120.87999999999943 51.620000000000076 1023131.9200000267
285.71999999999935 306.4600000000005 1023131.9200000267
236.53000000000043 149.05000000000086 1023131.9200000267
329.96 299.61999999999944 1023131.9200000267
329.96 299.61999999999944 1023131.9200000267
158.45999999999958 62.35999999999993 1023131.9200000267
286.4600000000014 290.9000000000019 1023131.9200000267
256.06000000000085 87.22000000000062 1023131.9200000267
89.50999999999975 57.99 1023131.9200000267
274.5599999999995 221.17999999999984 1023131.9200000267
97.57999999999979 81.57999999999979 1023131.9200000267
168.94000000000096 266.4600000000005 1023131.9200000267
315.6800000000012 281.03999999999996 1023131.9200000267
315.6800000000012 281.03999999999996 1023131.9200000267
253.96999999999912 254.21000000000072 1023131.9200000267
165.56999999999948 302.1300000000008 1023131.9200000267
153.04999999999995 292.38999999999965 1023131.9200000267
199.07999999999993 136.96000000000004 1023131.9200000267
180.85000000000014 133.39000000000055 1023131.9200000267
212.9100000000019 227.89000000000192 1023131.9200000267
175.3400000000006 105.55999999999977 1023131.9200000267
265.51000000000045 134.02999999999906 1023131.9200000267
284.28999999999974 109.3900000000002 1023131.9200000267
205.05999999999995 74.6199999999998 1023131.9200000267
232.19999999999982 226.4600000000005 1023131.9200000267
186.63000000000034 73.06999999999901 1023131.9200000267
104.95999999999998 173.50000000000045 1023131.9200000267
291.5600000000013 252.1200000000017 1023131.9200000267
203.0999999999999 115.0 1023131.9200000267
15.269999999999994 26.189999999999873 1023131.9200000267
77.0 164.2200000000007 1023131.9200000267
197.49999999999955 101.77999999999938 1023131.9200000267
185.05999999999995 95.95999999999998 1023131.9200000267
293.48999999999864 218.8699999999992 1023131.9200000267
304.4399999999996 324.24 1023131.9200000267
304.4399999999996 324.24 1023131.9200000267
119.07000000000004 76.01 1023131.9200000267
299.05999999999995 92.97999999999948 1023131.9200000267
133.2299999999998 49.23000000000015 1023131.9200000267
303.870000000001 138.7699999999993 1023131.9200000267
134.63000000000034 278.99 1023131.9200000267
264.98 228.0999999999999 1023131.9200000267
143.36000000000058 290.61999999999944 1023131.9200000267
137.03999999999905 172.69999999999936 1023131.9200000267
92.53000000000078 102.61000000000134 1023131.9200000267
86.50999999999975 197.01 1023131.9200000267
257.96000000000004 110.7999999999999 1023131.9200000267
141.13999999999987 239.96000000000004 1023131.9200000267
264.06999999999994 126.12999999999955 1023131.9200000267
234.51000000000136 164.4299999999996 1023131.9200000267
273.7700000000011 311.73000000000206 1023131.9200000267
224.50999999999954 80.6099999999998 1023131.9200000267
192.01 148.84999999999923 1023131.9200000267
133.68999999999937 54.54999999999989 1023131.9200000267
232.3199999999997 270.50000000000045 1023131.9200000267
129.86000000000013 111.47999999999922 1023131.9200000267
140.7699999999993 215.87000000000194 1023131.9200000267
41.95000000000021 77.33000000000068 1023131.9200000267
305.05999999999904 322.9200000000006 1023131.9200000267
305.05999999999904 322.9200000000006 1023131.9200000267
143.76000000000022 130.40000000000055 1023131.9200000267
152.13999999999896 253.80000000000018 1023131.9200000267
240.52000000000135 181.85999999999922 1023131.9200000267
151.20000000000073 49.4800000000001 1023131.9200000267
181.80999999999926 187.87000000000103 1023131.9200000267
315.19000000000074 116.17000000000009 1023131.9200000267
315.19000000000074 429.1700000000001 1023131.9200000267
152.60000000000127 311.30000000000155 1023131.9200000267
133.55000000000223 285.24999999999795 1023131.9200000267
177.73999999999933 164.6599999999994 1023131.9200000267
65.83999999999992 134.03999999999996 1023131.9200000267
317.84000000000106 297.2399999999998 1023131.9200000267
317.84000000000106 297.2399999999998 1023131.9200000267
117.96999999999998 136.19000000000165 1023131.9200000267
167.04999999999995 143.83000000000015 1023131.9200000267
175.06999999999994 206.4299999999996 1023131.9200000267
108.88999999999994 252.36999999999966 1023131.9200000267
220.62999999999943 93.57000000000029 1023131.9200000267
221.15999999999985 232.96000000000004 1023131.9200000267
251.96000000000004 175.8800000000001 1023131.9200000267
297.28000000000065 265.71999999999844 1023131.9200000267
200.69000000000028 132.29000000000065 1023131.9200000267
164.27999999999884 228.49999999999955 1023131.9200000267
213.17999999999984 305.4400000000005 1023131.9200000267
159.35999999999876 52.620000000000076 1023131.9200000267
71.44000000000074 134.13999999999987 1023131.9200000267
131.45999999999958 68.56000000000029 1023131.9200000267
184.61000000000035 310.97000000000094 1023131.9200000267
69.70000000000036 87.69999999999985 1023131.9200000267
302.6600000000003 107.66000000000034 1023131.9200000267
139.98000000000002 159.64000000000033 1023131.9200000267
108.0 204.84000000000106 1023131.9200000267
59.18000000000016 83.22000000000062 1023131.9200000267
300.17999999999984 168.18000000000075 1023131.9200000267
71.73000000000037 23.889999999999826 1023131.9200000267
258.4299999999996 182.22999999999888 1023131.9200000267
130.28999999999883 185.22999999999797 1023131.9200000267
72.23000000000012 47.9899999999998 1023131.9200000267
199.97000000000094 243.87000000000103 1023131.9200000267
168.6800000000021 203.96000000000004 1023131.9200000267
96.55999999999977 175.92000000000007 1023131.9200000267
96.00000000000051 241.48000000000138 1023131.9200000267
207.13999999999896 191.94000000000005 1023131.9200000267
130.6600000000003 55.15999999999997 1023131.9200000267
307.63000000000034 189.30999999999972 1023131.9200000267
282.2399999999998 166.9200000000019 1023131.9200000267
141.5500000000004 253.99 1023131.9200000267
244.18000000000075 242.13999999999987 1023131.9200000267
30.10999999999986 20.009999999999845 1023131.9200000267
208.81000000000017 278.0300000000009 1023131.9200000267
382.99 302.82999999999925 1023131.9200000267
382.99 302.82999999999925 1023131.9200000267
241.2199999999998 207.26000000000067 1023131.9200000267
257.57999999999765 264.2399999999989 1023131.9200000267
71.94999999999997 109.67000000000034 1023131.9200000267
34 -87 1023131.9200000267
347 -87 1023131.9200000267
34 -87 1023131.9200000267
347 -87 1023131.9200000267
-32 -263 1023131.9200000267
-32 -263 1023131.9200000267
141 -73 1023131.9200000267
454 -73 1023131.9200000267
141 -73 1023131.9200000267
454 -73 1023131.9200000267
-34 -183 1023131.9200000267
-34 -183 1023131.9200000267
-44 -226 1023131.9200000267
-44 -226 1023131.9200000267
107 -154 1023131.9200000267
420 -154 1023131.9200000267
107 -154 1023131.9200000267
420 -154 1023131.9200000267
255 -50 1023131.9200000267
255 -50 1023131.9200000267
215 -83 1023131.9200000267
215 -83 1023131.9200000267
183 -108 1023131.9200000267
183 -108 1023131.9200000267
258 -132 1023131.9200000267
258 -132 1023131.9200000267
-49 -186 1023131.9200000267
-49 -186 1023131.9200000267
89 -95 1023131.9200000267
402 -95 1023131.9200000267
89 -95 1023131.9200000267
402 -95 1023131.9200000267
134 -37 1023131.9200000267
447 -37 1023131.9200000267
134 -37 1023131.9200000267
447 -37 1023131.9200000267
135 -34 1023131.9200000267
448 -34 1023131.9200000267
135 -34 1023131.9200000267
448 -34 1023131.9200000267
201 -68 1023131.9200000267
201 -68 1023131.9200000267
-114 -311 1023131.9200000267
-114 -311 1023131.9200000267
252 -137 1023131.9200000267
252 -137 1023131.9200000267
199 -24 1023131.9200000267
199 -24 1023131.9200000267
151 -59 1023131.9200000267
464 -59 1023131.9200000267
151 -59 1023131.9200000267
464 -59 1023131.9200000267
64 -93 1023131.9200000267
377 -93 1023131.9200000267
64 -93 1023131.9200000267
377 -93 1023131.9200000267
384 25 1023131.9200000267
355 52 1023131.9200000267
129 -130 1023131.9200000267
442 -130 1023131.9200000267
129 -130 1023131.9200000267
442 -130 1023131.9200000267
298 -49 1023131.9200000267
-15 -49 1023131.9200000267
298 -49 1023131.9200000267
-15 -49 1023131.9200000267
89 -58 1023131.9200000267
402 -58 1023131.9200000267
89 -58 1023131.9200000267
402 -58 1023131.9200000267
110 -101 1023131.9200000267
423 -101 1023131.9200000267
110 -101 1023131.9200000267
423 -101 1023131.9200000267
12 -70 1023131.9200000267
325 -70 1023131.9200000267
12 -70 1023131.9200000267
325 -70 1023131.9200000267
235 -21 1023131.9200000267
235 -21 1023131.9200000267
-40 -287 1023131.9200000267
-40 -287 1023131.9200000267
318 50 1023131.9200000267
232 -86 1023131.9200000267
232 -86 1023131.9200000267
352 40 1023131.9200000267
-103 -273 1023131.9200000267
-103 -273 1023131.9200000267
38 -37 1023131.9200000267
351 -37 1023131.9200000267
38 -37 1023131.9200000267
351 -37 1023131.9200000267
64 -53 1023131.9200000267
377 -53 1023131.9200000267
64 -53 1023131.9200000267
377 -53 1023131.9200000267
-37 -237 1023131.9200000267
-37 -237 1023131.9200000267
136 -30 1023131.9200000267
449 -30 1023131.9200000267
136 -30 1023131.9200000267
449 -30 1023131.9200000267
13 -125 1023131.9200000267
326 -125 1023131.9200000267
13 -125 1023131.9200000267
326 -125 1023131.9200000267
43 -123 1023131.9200000267
356 -123 1023131.9200000267
43 -123 1023131.9200000267
356 -123 1023131.9200000267
232 -42 1023131.9200000267
232 -42 1023131.9200000267
446 54 1023131.9200000267
248 -149 1023131.9200000267
248 -149 1023131.9200000267
-89 -232 1023131.9200000267
-89 -232 1023131.9200000267
123 -138 1023131.9200000267
436 -138 1023131.9200000267
123 -138 1023131.9200000267
436 -138 1023131.9200000267
459 9 1023131.9200000267
-79 -289 1023131.9200000267
-79 -289 1023131.9200000267
328 42 1023131.9200000267
218 -26 1023131.9200000267
218 -26 1023131.9200000267
-46 -211 1023131.9200000267
-46 -211 1023131.9200000267
176 -31 1023131.9200000267
176 -31 1023131.9200000267
32 -99 1023131.9200000267
345 -99 1023131.9200000267
32 -99 1023131.9200000267
345 -99 1023131.9200000267
125 -85 1023131.9200000267
438 -85 1023131.9200000267
125 -85 1023131.9200000267
438 -85 1023131.9200000267
-14 -219 1023131.9200000267
-14 -219 1023131.9200000267
48 -52 1023131.9200000267
361 -52 1023131.9200000267
48 -52 1023131.9200000267
361 -52 1023131.9200000267
241 -39 1023131.9200000267
241 -39 1023131.9200000267
170 -35 1023131.9200000267
170 -35 1023131.9200000267
162 -133 1023131.9200000267
162 -133 1023131.9200000267
142 -59 1023131.9200000267
455 -59 1023131.9200000267
142 -59 1023131.9200000267
455 -59 1023131.9200000267
444 55 1023131.9200000267
229 -38 1023131.9200000267
229 -38 1023131.9200000267
469 24 1023131.9200000267
117 -131 1023131.9200000267
430 -131 1023131.9200000267
117 -131 1023131.9200000267
430 -131 1023131.9200000267
53 -144 1023131.9200000267
366 -144 1023131.9200000267
53 -144 1023131.9200000267
366 -144 1023131.9200000267
95 -70 1023131.9200000267
408 -70 1023131.9200000267
95 -70 1023131.9200000267
408 -70 1023131.9200000267
213 -7 1023131.9200000267
213 -7 1023131.9200000267
365 66 1023131.9200000267
282 -115 1023131.9200000267
-31 -115 1023131.9200000267
282 -115 1023131.9200000267
-31 -115 1023131.9200000267
451 27 1023131.9200000267
41 -155 1023131.9200000267
354 -155 1023131.9200000267
41 -155 1023131.9200000267
354 -155 1023131.9200000267
248 -49 1023131.9200000267
248 -49 1023131.9200000267
25 -103 1023131.9200000267
338 -103 1023131.9200000267
25 -103 1023131.9200000267
338 -103 1023131.9200000267
361 40 1023131.9200000267
379 36 1023131.9200000267
463 84 1023131.9200000267
413 24 1023131.9200000267
-104 -280 1023131.9200000267
-104 -280 1023131.9200000267
288 -20 1023131.9200000267
288 -20 1023131.9200000267
442 33 1023131.9200000267
86 -62 1023131.9200000267
399 -62 1023131.9200000267
86 -62 1023131.9200000267
399 -62 1023131.9200000267
171 -109 1023131.9200000267
171 -109 1023131.9200000267
236 -149 1023131.9200000267
236 -149 1023131.9200000267
288 -120 1023131.9200000267
-25 -120 1023131.9200000267
288 -120 1023131.9200000267
-25 -120 1023131.9200000267
25 -35 1023131.9200000267
338 -35 1023131.9200000267
25 -35 1023131.9200000267
338 -35 1023131.9200000267
-87 -259 1023131.9200000267
-87 -259 1023131.9200000267
105 -132 1023131.9200000267
418 -132 1023131.9200000267
105 -132 1023131.9200000267
418 -132 1023131.9200000267
-33 -282 1023131.9200000267
-33 -282 1023131.9200000267
20 -114 1023131.9200000267
333 -114 1023131.9200000267
20 -114 1023131.9200000267
333 -114 1023131.9200000267
87 -116 1023131.9200000267
400 -116 1023131.9200000267
87 -116 1023131.9200000267
400 -116 1023131.9200000267
257 -155 1023131.9200000267
-56 -155 1023131.9200000267
257 -155 1023131.9200000267
-56 -155 1023131.9200000267
38 -134 1023131.9200000267
351 -134 1023131.9200000267
38 -134 1023131.9200000267
351 -134 1023131.9200000267
165 -33 1023131.9200000267
165 -33 1023131.9200000267
446 50 1023131.9200000267
159 -29 1023131.9200000267
159 -29 1023131.9200000267
-60 -273 1023131.9200000267
-60 -273 1023131.9200000267
252 -77 1023131.9200000267
252 -77 1023131.9200000267
48 -142 1023131.9200000267
361 -142 1023131.9200000267
48 -142 1023131.9200000267
361 -142 1023131.9200000267
119 -55 1023131.9200000267
432 -55 1023131.9200000267
119 -55 1023131.9200000267
432 -55 1023131.9200000267
89 -67 1023131.9200000267
402 -67 1023131.9200000267
89 -67 1023131.9200000267
402 -67 1023131.9200000267
6 -69 1023131.9200000267
319 -69 1023131.9200000267
6 -69 1023131.9200000267
319 -69 1023131.9200000267
432 76 1023131.9200000267
19 -33 1023131.9200000267
332 -33 1023131.9200000267
19 -33 1023131.9200000267
332 -33 1023131.9200000267
113 -138 1023131.9200000267
426 -138 1023131.9200000267
113 -138 1023131.9200000267
426 -138 1023131.9200000267
268 -139 1023131.9200000267
-45 -139 1023131.9200000267
268 -139 1023131.9200000267
-45 -139 1023131.9200000267
-92 -258 1023131.9200000267
-92 -258 1023131.9200000267
403 58 1023131.9200000267
245 -71 1023131.9200000267
245 -71 1023131.9200000267
282 -144 1023131.9200000267
-31 -144 1023131.9200000267
282 -144 1023131.9200000267
-31 -144 1023131.9200000267
265 -85 1023131.9200000267
265 -85 1023131.9200000267
-29 -204 1023131.9200000267
-29 -204 1023131.9200000267
242 -24 1023131.9200000267
242 -24 1023131.9200000267
-47 -180 1023131.9200000267
-47 -180 1023131.9200000267
437 35 1023131.9200000267
-73 -269 1023131.9200000267
-73 -269 1023131.9200000267
28 -23 1023131.9200000267
341 -23 1023131.9200000267
28 -23 1023131.9200000267
341 -23 1023131.9200000267
-28 -240 1023131.9200000267
-28 -240 1023131.9200000267
372 74 1023131.9200000267
238 -18 1023131.9200000267
238 -18 1023131.9200000267
-66 -291 1023131.9200000267
-66 -291 1023131.9200000267
154 -150 1023131.9200000267
467 -150 1023131.9200000267
154 -150 1023131.9200000267
467 -150 1023131.9200000267
293 -59 1023131.9200000267
-20 -59 1023131.9200000267
293 -59 1023131.9200000267
-20 -59 1023131.9200000267
163 -85 1023131.9200000267
163 -85 1023131.9200000267
-51 -161 1023131.9200000267
-51 -161 1023131.9200000267
175 -107 1023131.9200000267
175 -107 1023131.9200000267
170 -46 1023131.9200000267
170 -46 1023131.9200000267
177 -149 1023131.9200000267
177 -149 1023131.9200000267
344 21 1023131.9200000267
140 -95 1023131.9200000267
453 -95 1023131.9200000267
140 -95 1023131.9200000267
453 -95 1023131.9200000267
-56 -227 1023131.9200000267
-56 -227 1023131.9200000267
86 -135 1023131.9200000267
399 -135 1023131.9200000267
86 -135 1023131.9200000267
399 -135 1023131.9200000267
-34 -255 1023131.9200000267
-34 -255 1023131.9200000267
28 -110 1023131.9200000267
341 -110 1023131.9200000267
28 -110 1023131.9200000267
341 -110 1023131.9200000267
56 -72 1023131.9200000267
369 -72 1023131.9200000267
56 -72 1023131.9200000267
369 -72 1023131.9200000267
-73 -287 1023131.9200000267
-73 -287 1023131.9200000267
444 68 1023131.9200000267
228 -43 1023131.9200000267
228 -43 1023131.9200000267
62 -133 1023131.9200000267
375 -133 1023131.9200000267
62 -133 1023131.9200000267
375 -133 1023131.9200000267
253 -58 1023131.9200000267
253 -58 1023131.9200000267
105 -139 1023131.9200000267
418 -139 1023131.9200000267
105 -139 1023131.9200000267
418 -139 1023131.9200000267
375 37 1023131.9200000267
241 -105 1023131.9200000267
241 -105 1023131.9200000267
140 -153 1023131.9200000267
453 -153 1023131.9200000267
140 -153 1023131.9200000267
453 -153 1023131.9200000267
136 -141 1023131.9200000267
449 -141 1023131.9200000267
136 -141 1023131.9200000267
449 -141 1023131.9200000267
465 50 1023131.9200000267
349 36 1023131.9200000267
-60 -231 1023131.9200000267
-60 -231 1023131.9200000267
58 -102 1023131.9200000267
371 -102 1023131.9200000267
58 -102 1023131.9200000267
371 -102 1023131.9200000267
29 -124 1023131.9200000267
342 -124 1023131.9200000267
29 -124 1023131.9200000267
342 -124 1023131.9200000267
72 -82 1023131.9200000267
385 -82 1023131.9200000267
72 -82 1023131.9200000267
385 -82 1023131.9200000267
70 -52 1023131.9200000267
383 -52 1023131.9200000267
70 -52 1023131.9200000267
383 -52 1023131.9200000267
77 -148 1023131.9200000267
390 -148 1023131.9200000267
77 -148 1023131.9200000267
390 -148 1023131.9200000267
175 -50 1023131.9200000267
175 -50 1023131.9200000267
335 63 1023131.9200000267
243 -37 1023131.9200000267
243 -37 1023131.9200000267
467 0 1023131.9200000267
144 -23 1023131.9200000267
457 -23 1023131.9200000267
144 -23 1023131.9200000267
457 -23 1023131.9200000267
242 -132 1023131.9200000267
242 -132 1023131.9200000267
328 27 1023131.9200000267
50 -143 1023131.9200000267
363 -143 1023131.9200000267
50 -143 1023131.9200000267
363 -143 1023131.9200000267
-17 -269 1023131.9200000267
-17 -269 1023131.9200000267
103 -16 1023131.9200000267
416 -16 1023131.9200000267
103 -16 1023131.9200000267
416 -16 1023131.9200000267
206 -121 1023131.9200000267
206 -121 1023131.9200000267
359 18 1023131.9200000267
-14 -262 1023131.9200000267
-14 -262 1023131.9200000267
-25 -294 1023131.9200000267
-25 -294 1023131.9200000267
181 -124 1023131.9200000267
181 -124 1023131.9200000267
111 -133 1023131.9200000267
424 -133 1023131.9200000267
111 -133 1023131.9200000267
424 -133 1023131.9200000267
114 -98 1023131.9200000267
427 -98 1023131.9200000267
114 -98 1023131.9200000267
427 -98 1023131.9200000267
76 -85 1023131.9200000267
389 -85 1023131.9200000267
76 -85 1023131.9200000267
389 -85 1023131.9200000267
418 65 1023131.9200000267
-79 -252 1023131.9200000267
-79 -252 1023131.9200000267
165 -10 1023131.9200000267
165 -10 1023131.9200000267
285 -132 1023131.9200000267
-28 -132 1023131.9200000267
285 -132 1023131.9200000267
-28 -132 1023131.9200000267
40 -92 1023131.9200000267
353 -92 1023131.9200000267
40 -92 1023131.9200000267
353 -92 1023131.9200000267
97 -137 1023131.9200000267
410 -137 1023131.9200000267
97 -137 1023131.9200000267
410 -137 1023131.9200000267
209 -34 1023131.9200000267
209 -34 1023131.9200000267
162 -135 1023131.9200000267
162 -135 1023131.9200000267
150 -33 1023131.9200000267
463 -33 1023131.9200000267
150 -33 1023131.9200000267
463 -33 1023131.9200000267
108 -107 1023131.9200000267
421 -107 1023131.9200000267
108 -107 1023131.9200000267
421 -107 1023131.9200000267
196 -55 1023131.9200000267
196 -55 1023131.9200000267
63 -53 1023131.9200000267
376 -53 1023131.9200000267
63 -53 1023131.9200000267
376 -53 1023131.9200000267
385 47 1023131.9200000267
109 -61 1023131.9200000267
422 -61 1023131.9200000267
109 -61 1023131.9200000267
422 -61 1023131.9200000267
225 -61 1023131.9200000267
225 -61 1023131.9200000267
95 -61 1023131.9200000267
408 -61 1023131.9200000267
95 -61 1023131.9200000267
408 -61 1023131.9200000267
153 -21 1023131.9200000267
466 -21 1023131.9200000267
153 -21 1023131.9200000267
466 -21 1023131.9200000267
411 82 1023131.9200000267
93 -64 1023131.9200000267
406 -64 1023131.9200000267
93 -64 1023131.9200000267
406 -64 1023131.9200000267
130 -145 1023131.9200000267
443 -145 1023131.9200000267
130 -145 1023131.9200000267
443 -145 1023131.9200000267
221 -80 1023131.9200000267
221 -80 1023131.9200000267
274 -92 1023131.9200000267
274 -92 1023131.9200000267
46 -22 1023131.9200000267
359 -22 1023131.9200000267
46 -22 1023131.9200000267
359 -22 1023131.9200000267
55 -123 1023131.9200000267
368 -123 1023131.9200000267
55 -123 1023131.9200000267
368 -123 1023131.9200000267
151 -156 1023131.9200000267
464 -156 1023131.9200000267
151 -156 1023131.9200000267
464 -156 1023131.9200000267
-64 -198 1023131.9200000267
-64 -198 1023131.9200000267
-55 -202 1023131.9200000267
-55 -202 1023131.9200000267
320 31 1023131.9200000267
435 52 1023131.9200000267
54 -127 1023131.9200000267
367 -127 1023131.9200000267
54 -127 1023131.9200000267
367 -127 1023131.9200000267
5.620000000000337 -15.920000000000073 1023131.9200000267
5.620000000000337 -15.920000000000073 1023131.9200000267
5.240000000000682 -15.800000000000182 1023131.9200000267
5.240000000000682 -15.800000000000182 1023131.9200000267
-9.960000000000036 -206.0 1023131.9200000267
-9.960000000000036 -206.0 1023131.9200000267
-56.02999999999997 -300.38999999999965 1023131.9200000267
-56.02999999999997 -300.38999999999965 1023131.9200000267
292.03999999999996 -95.01999999999998 1023131.9200000267
-20.960000000000036 -95.01999999999998 1023131.9200000267
292.03999999999996 -95.01999999999998 1023131.9200000267
-20.960000000000036 -95.01999999999998 1023131.9200000267
167.98000000000002 0.020000000000009094 1023131.9200000267
5.900000000000171 -15.900000000000091 1023131.9200000267
318.90000000000015 -15.900000000000091 1023131.9200000267
5.900000000000171 -15.900000000000091 1023131.9200000267
318.90000000000015 -15.900000000000091 1023131.9200000267
308.0799999999999 -29.920000000000073 1023131.9200000267
-4.920000000000073 -29.920000000000073 1023131.9200000267
308.0799999999999 -29.920000000000073 1023131.9200000267
-4.920000000000073 -29.920000000000073 1023131.9200000267
-8.930000000000064 -302.5299999999996 1023131.9200000267
-8.930000000000064 -302.5299999999996 1023131.9200000267
-99.97000000000003 -311.14999999999986 1023131.9200000267
-99.97000000000003 -311.14999999999986 1023131.9200000267
312.05000000000086 51.01 1023131.9200000267
-7.990000000000919 -303.0099999999994 1023131.9200000267
-7.990000000000919 -303.0099999999994 1023131.9200000267
358.14 10.800000000000182 1023131.9200000267
318.5500000000004 63.129999999999974 1023131.9200000267
356.91 10.850000000000136 1023131.9200000267
-91.95000000000005 -306.04999999999995 1023131.9200000267
-91.95000000000005 -306.04999999999995 1023131.9200000267
29.01 -12.630000000000337 1023131.9200000267
342.01 -12.630000000000337 1023131.9200000267
29.01 -12.630000000000337 1023131.9200000267
342.01 -12.630000000000337 1023131.9200000267
232.58999999999946 -2.9900000000009186 1023131.9200000267
232.58999999999946 -2.9900000000009186 1023131.9200000267
169.05999999999995 2.4799999999999898 1023131.9200000267
13.7800000000002 -108.88000000000011 1023131.9200000267
326.7800000000002 -108.88000000000011 1023131.9200000267
13.7800000000002 -108.88000000000011 1023131.9200000267
326.7800000000002 -108.88000000000011 1023131.9200000267
209.93999999999915 31.840000000000174 1023131.9200000267
138.3399999999997 26.919999999999987 1023131.9200000267
185.15999999999985 -0.3800000000005639 1023131.9200000267
185.15999999999985 -0.3800000000005639 1023131.9200000267
221.29999999999973 7.899999999999981 1023131.9200000267
313.5900000000013 27.19000000000003 1023131.9200000267
280.5399999999995 31.360000000000056 1023131.9200000267
2.7100000000011732 -67.72999999999934 1023131.9200000267
315.7100000000012 -67.72999999999934 1023131.9200000267
2.7100000000011732 -67.72999999999934 1023131.9200000267
315.7100000000012 -67.72999999999934 1023131.9200000267
181.0 11.719999999999985 1023131.9200000267
10.260000000000673 -83.94000000000005 1023131.9200000267
323.2600000000007 -83.94000000000005 1023131.9200000267
10.260000000000673 -83.94000000000005 1023131.9200000267
323.2600000000007 -83.94000000000005 1023131.9200000267
155.1300000000008 24.13000000000002 1023131.9200000267
284.74000000000024 -4.720000000001164 1023131.9200000267
284.74000000000024 -4.720000000001164 1023131.9200000267
308.9599999999991 -123.96000000000004 1023131.9200000267
-4.040000000000873 -123.96000000000004 1023131.9200000267
308.9599999999991 -123.96000000000004 1023131.9200000267
-4.040000000000873 -123.96000000000004 1023131.9200000267
310.5799999999995 -10.540000000000418 1023131.9200000267
-2.4200000000005275 -10.540000000000418 1023131.9200000267
310.5799999999995 -10.540000000000418 1023131.9200000267
-2.4200000000005275 -10.540000000000418 1023131.9200000267
-7.8900000000001 -174.8900000000001 1023131.9200000267
-7.8900000000001 -174.8900000000001 1023131.9200000267
239.98000000000002 26.020000000000003 1023131.9200000267
115.61000000000031 1.2299999999990914 1023131.9200000267
212.51000000000045 2.849999999999982 1023131.9200000267
200.02999999999997 -1.9300000000000637 1023131.9200000267
200.02999999999997 -1.9300000000000637 1023131.9200000267
182.29000000000065 34.329999999999934 1023131.9200000267
253.94999999999914 40.5099999999999 1023131.9200000267
247.02999999999997 21.729999999999958 1023131.9200000267
296.0799999999999 42.58000000000028 1023131.9200000267
271.97000000000094 26.030000000000005 1023131.9200000267
153.94000000000005 0.4200000000000093 1023131.9200000267
298.94000000000005 51.979999999999805 1023131.9200000267
280.74000000000024 49.56000000000009 1023131.9200000267
209.84000000000015 40.89999999999982 1023131.9200000267
161.94000000000005 13.98 1023131.9200000267
409.81999999999994 9.480000000000473 1023131.9200000267
16.959999999999994 -13.380000000000564 1023131.9200000267
329.96 -13.380000000000564 1023131.9200000267
16.959999999999994 -13.380000000000564 1023131.9200000267
329.96 -13.380000000000564 1023131.9200000267
2.6800000000012005 -31.960000000000036 1023131.9200000267
315.6800000000012 -31.960000000000036 1023131.9200000267
2.6800000000012005 -31.960000000000036 1023131.9200000267
315.6800000000012 -31.960000000000036 1023131.9200000267
187.0999999999999 28.03999999999985 1023131.9200000267
163.9899999999991 27.31000000000005 1023131.9200000267
303.8900000000001 10.53000000000001 1023131.9200000267
95.87999999999943 9.580000000000009 1023131.9200000267
-8.5600000000004 -301.76 1023131.9200000267
-8.5600000000004 -301.76 1023131.9200000267
198.92000000000007 3.179999999999975 1023131.9200000267
198.03999999999996 30.719999999999956 1023131.9200000267
232.73000000000116 24.07000000000001 1023131.9200000267
-7.940000000000964 -303.0799999999994 1023131.9200000267
-7.940000000000964 -303.0799999999994 1023131.9200000267
4.840000000001055 -15.760000000000218 1023131.9200000267
317.84000000000106 -15.760000000000218 1023131.9200000267
4.840000000001055 -15.760000000000218 1023131.9200000267
317.84000000000106 -15.760000000000218 1023131.9200000267
240.0 43.94000000000001 1023131.9200000267
288.02 18.319999999999894 1023131.9200000267
300.82999999999925 -144.14999999999986 1023131.9200000267
-12.170000000000755 -144.14999999999986 1023131.9200000267
300.82999999999925 -144.14999999999986 1023131.9200000267
-12.170000000000755 -144.14999999999986 1023131.9200000267
69.99 -10.170000000000755 1023131.9200000267
382.99 -10.170000000000755 1023131.9200000267
69.99 -10.170000000000755 1023131.9200000267
382.99 -10.170000000000755 1023131.9200000267
144.86000000000104 9.0 1023131.9200000267
257.4699999999996 11.930000000000023 1023131.9200000267
356 76 1023131.9200000267
373 82 1023131.9200000267
443 113 1023131.9200000267
385 109 1023131.9200000267
457 131 1023131.9200000267
328 69 1023131.9200000267
382 88 1023131.9200000267
405 98 1023131.9200000267
404 100 1023131.9200000267
427 88 1023131.9200000267
392 99 1023131.9200000267
226.12999999999988 53.670000000000066 1023131.9200000267
319.0000000000009 71.24000000000012 1023131.9200000267
128.99 32.69000000000006 1023131.9200000267
235.3199999999988 61.75999999999985 1023131.9200000267
122.39999999999918 34.76000000000005 1023131.9200000267
184.98000000000002 45.71999999999966 1023131.9200000267
44.29999999999994 9.56000000000003 1023131.9200000267
275.0400000000009 75.65999999999983 1023131.9200000267
278.1100000000008 58.44999999999991 1023131.9200000267
286.5299999999986 72.90999999999995 1023131.9200000267
219.5600000000013 55.579999999999885 1023131.9200000267
99.88999999999994 25.390000000000217 1023131.9200000267
-58 -50 1023131.9200000267
-58 -50 1023131.9200000267
-98 -83 1023131.9200000267
-98 -83 1023131.9200000267
-130 -108 1023131.9200000267
-130 -108 1023131.9200000267
-55 -132 1023131.9200000267
-55 -132 1023131.9200000267
-112 -68 1023131.9200000267
-112 -68 1023131.9200000267
-61 -137 1023131.9200000267
-61 -137 1023131.9200000267
-112 -180 1023131.9200000267
-112 -180 1023131.9200000267
-81 -86 1023131.9200000267
-81 -86 1023131.9200000267
-114 -203 1023131.9200000267
-114 -203 1023131.9200000267
-149 -235 1023131.9200000267
-149 -235 1023131.9200000267
-81 -42 1023131.9200000267
-81 -42 1023131.9200000267
-65 -149 1023131.9200000267
-65 -149 1023131.9200000267
-146 -169 1023131.9200000267
-146 -169 1023131.9200000267
-72 -39 1023131.9200000267
-72 -39 1023131.9200000267
-151 -133 1023131.9200000267
-151 -133 1023131.9200000267
-84 -38 1023131.9200000267
-84 -38 1023131.9200000267
-155 -166 1023131.9200000267
-155 -166 1023131.9200000267
-106 -157 1023131.9200000267
-106 -157 1023131.9200000267
-110 -198 1023131.9200000267
-110 -198 1023131.9200000267
-65 -49 1023131.9200000267
-65 -49 1023131.9200000267
-144 -311 1023131.9200000267
-144 -311 1023131.9200000267
-150 -286 1023131.9200000267
-150 -286 1023131.9200000267
-115 -174 1023131.9200000267
-115 -174 1023131.9200000267
-155 -193 1023131.9200000267
-155 -193 1023131.9200000267
-25 -20 1023131.9200000267
-25 -20 1023131.9200000267
-128 -269 1023131.9200000267
-128 -269 1023131.9200000267
-151 -299 1023131.9200000267
-151 -299 1023131.9200000267
-142 -109 1023131.9200000267
-142 -109 1023131.9200000267
-77 -149 1023131.9200000267
-77 -149 1023131.9200000267
-121 -165 1023131.9200000267
-121 -165 1023131.9200000267
-155 -251 1023131.9200000267
-155 -251 1023131.9200000267
-124 -236 1023131.9200000267
-124 -236 1023131.9200000267
-116 -209 1023131.9200000267
-116 -209 1023131.9200000267
-76 -163 1023131.9200000267
-76 -163 1023131.9200000267
-126 -284 1023131.9200000267
-126 -284 1023131.9200000267
-130 -279 1023131.9200000267
-130 -279 1023131.9200000267
-76 -187 1023131.9200000267
-76 -187 1023131.9200000267
-61 -77 1023131.9200000267
-61 -77 1023131.9200000267
-128 -217 1023131.9200000267
-128 -217 1023131.9200000267
-68 -71 1023131.9200000267
-68 -71 1023131.9200000267
-48 -85 1023131.9200000267
-48 -85 1023131.9200000267
-71 -24 1023131.9200000267
-71 -24 1023131.9200000267
-123 -193 1023131.9200000267
-123 -193 1023131.9200000267
-132 -179 1023131.9200000267
-132 -179 1023131.9200000267
-143 -200 1023131.9200000267
-143 -200 1023131.9200000267
-92 -202 1023131.9200000267
-92 -202 1023131.9200000267
-137 -207 1023131.9200000267
-137 -207 1023131.9200000267
-150 -85 1023131.9200000267
-150 -85 1023131.9200000267
-138 -107 1023131.9200000267
-138 -107 1023131.9200000267
-143 -46 1023131.9200000267
-143 -46 1023131.9200000267
-136 -149 1023131.9200000267
-136 -149 1023131.9200000267
-93 -220 1023131.9200000267
-93 -220 1023131.9200000267
-85 -43 1023131.9200000267
-85 -43 1023131.9200000267
-108 -238 1023131.9200000267
-108 -238 1023131.9200000267
-60 -58 1023131.9200000267
-60 -58 1023131.9200000267
-103 -183 1023131.9200000267
-103 -183 1023131.9200000267
-72 -105 1023131.9200000267
-72 -105 1023131.9200000267
-135 -168 1023131.9200000267
-135 -168 1023131.9200000267
-115 -282 1023131.9200000267
-115 -282 1023131.9200000267
-138 -225 1023131.9200000267
-138 -225 1023131.9200000267
-138 -50 1023131.9200000267
-138 -50 1023131.9200000267
-132 -302 1023131.9200000267
-132 -302 1023131.9200000267
-70 -37 1023131.9200000267
-70 -37 1023131.9200000267
-107 -193 1023131.9200000267
-107 -193 1023131.9200000267
-71 -132 1023131.9200000267
-71 -132 1023131.9200000267
-116 -210 1023131.9200000267
-116 -210 1023131.9200000267
-107 -121 1023131.9200000267
-107 -121 1023131.9200000267
-155 -260 1023131.9200000267
-155 -260 1023131.9200000267
-132 -124 1023131.9200000267
-132 -124 1023131.9200000267
-126 -238 1023131.9200000267
-126 -238 1023131.9200000267
-96 -190 1023131.9200000267
-96 -190 1023131.9200000267
-145 -313 1023131.9200000267
-145 -313 1023131.9200000267
-104 -34 1023131.9200000267
-104 -34 1023131.9200000267
-151 -135 1023131.9200000267
-151 -135 1023131.9200000267
-117 -55 1023131.9200000267
-117 -55 1023131.9200000267
-88 -61 1023131.9200000267
-88 -61 1023131.9200000267
-114 -176 1023131.9200000267
-114 -176 1023131.9200000267
-92 -80 1023131.9200000267
-92 -80 1023131.9200000267
-39 -92 1023131.9200000267
-39 -92 1023131.9200000267
-122.87000000000012 -312.4699999999996 1023131.9200000267
-122.87000000000012 -312.4699999999996 1023131.9200000267
-150.1099999999999 -312.3499999999997 1023131.9200000267
-150.1099999999999 -312.3499999999997 1023131.9200000267
-114 -24 1023131.9200000267
-114 -24 1023131.9200000267
-78 -21 1023131.9200000267
-78 -21 1023131.9200000267
-95 -26 1023131.9200000267
-95 -26 1023131.9200000267
-137 -31 1023131.9200000267
-137 -31 1023131.9200000267
-143 -35 1023131.9200000267
-143 -35 1023131.9200000267
-148 -33 1023131.9200000267
-148 -33 1023131.9200000267
-75 -18 1023131.9200000267
-75 -18 1023131.9200000267
