21 444 1021761.4599999414
-32 50 1021761.4599999414
-32 50 1021761.4599999414
-34 130 1021761.4599999414
-34 130 1021761.4599999414
-44 87 1021761.4599999414
-44 87 1021761.4599999414
-58 263 1021761.4599999414
-58 263 1021761.4599999414
-98 230 1021761.4599999414
-98 230 1021761.4599999414
-130 205 1021761.4599999414
-130 205 1021761.4599999414
-55 181 1021761.4599999414
-55 181 1021761.4599999414
43 389 1021761.4599999414
-49 127 1021761.4599999414
-49 127 1021761.4599999414
-112 245 1021761.4599999414
-112 245 1021761.4599999414
60 395 1021761.4599999414
-114 2 1021761.4599999414
-114 2 1021761.4599999414
-61 176 1021761.4599999414
-61 176 1021761.4599999414
-114 289 1021761.4599999414
-114 289 1021761.4599999414
71 338 1021761.4599999414
106 466 1021761.4599999414
55 466 1021761.4599999414
42 365 1021761.4599999414
-15 264 1021761.4599999414
-15 264 1021761.4599999414
-78 292 1021761.4599999414
-78 292 1021761.4599999414
-112 133 1021761.4599999414
-112 133 1021761.4599999414
-40 26 1021761.4599999414
-40 26 1021761.4599999414
5 363 1021761.4599999414
-81 227 1021761.4599999414
-81 227 1021761.4599999414
39 353 1021761.4599999414
50 459 1021761.4599999414
-103 40 1021761.4599999414
-103 40 1021761.4599999414
-114 110 1021761.4599999414
-114 110 1021761.4599999414
130 426 1021761.4599999414
-149 78 1021761.4599999414
-149 78 1021761.4599999414
-37 76 1021761.4599999414
-37 76 1021761.4599999414
-81 271 1021761.4599999414
-81 271 1021761.4599999414
66 447 1021761.4599999414
133 367 1021761.4599999414
-65 164 1021761.4599999414
-65 164 1021761.4599999414
-89 81 1021761.4599999414
-89 81 1021761.4599999414
-79 24 1021761.4599999414
-79 24 1021761.4599999414
15 355 1021761.4599999414
147 456 1021761.4599999414
-95 287 1021761.4599999414
-95 287 1021761.4599999414
-46 102 1021761.4599999414
-46 102 1021761.4599999414
72 422 1021761.4599999414
-137 282 1021761.4599999414
-137 282 1021761.4599999414
-146 144 1021761.4599999414
167 457 1021761.4599999414
-146 144 1021761.4599999414
167 457 1021761.4599999414
96 458 1021761.4599999414
-14 94 1021761.4599999414
-14 94 1021761.4599999414
-72 274 1021761.4599999414
-72 274 1021761.4599999414
-143 278 1021761.4599999414
-143 278 1021761.4599999414
-151 180 1021761.4599999414
-151 180 1021761.4599999414
23 457 1021761.4599999414
144 444 1021761.4599999414
131 368 1021761.4599999414
-84 275 1021761.4599999414
-84 275 1021761.4599999414
98 455 1021761.4599999414
-100 306 1021761.4599999414
-100 -7 1021761.4599999414
-100 306 1021761.4599999414
-100 -7 1021761.4599999414
-155 147 1021761.4599999414
158 460 1021761.4599999414
-155 147 1021761.4599999414
158 460 1021761.4599999414
15 382 1021761.4599999414
52 379 1021761.4599999414
-106 156 1021761.4599999414
-106 156 1021761.4599999414
-31 198 1021761.4599999414
-31 198 1021761.4599999414
-110 115 1021761.4599999414
-110 115 1021761.4599999414
-65 264 1021761.4599999414
-65 264 1021761.4599999414
69 401 1021761.4599999414
-144 2 1021761.4599999414
-144 2 1021761.4599999414
48 353 1021761.4599999414
66 349 1021761.4599999414
16 443 1021761.4599999414
-150 27 1021761.4599999414
-150 27 1021761.4599999414
150 397 1021761.4599999414
-115 139 1021761.4599999414
-115 139 1021761.4599999414
-155 120 1021761.4599999414
158 433 1021761.4599999414
-155 120 1021761.4599999414
158 433 1021761.4599999414
100 337 1021761.4599999414
-104 33 1021761.4599999414
-104 33 1021761.4599999414
-25 293 1021761.4599999414
-25 293 1021761.4599999414
-128 44 1021761.4599999414
-128 44 1021761.4599999414
129 346 1021761.4599999414
-151 14 1021761.4599999414
-151 14 1021761.4599999414
-142 204 1021761.4599999414
-142 204 1021761.4599999414
-77 164 1021761.4599999414
-77 164 1021761.4599999414
-121 148 1021761.4599999414
-121 148 1021761.4599999414
-155 62 1021761.4599999414
-155 62 1021761.4599999414
53 437 1021761.4599999414
-25 193 1021761.4599999414
-25 193 1021761.4599999414
-124 77 1021761.4599999414
-124 77 1021761.4599999414
-87 54 1021761.4599999414
-87 54 1021761.4599999414
42 445 1021761.4599999414
92 411 1021761.4599999414
-33 31 1021761.4599999414
-33 31 1021761.4599999414
-116 104 1021761.4599999414
-116 104 1021761.4599999414
-76 150 1021761.4599999414
-76 150 1021761.4599999414
-126 29 1021761.4599999414
-126 29 1021761.4599999414
-130 34 1021761.4599999414
-130 34 1021761.4599999414
-56 158 1021761.4599999414
-56 158 1021761.4599999414
-148 280 1021761.4599999414
-148 280 1021761.4599999414
133 363 1021761.4599999414
-154 284 1021761.4599999414
-154 -29 1021761.4599999414
-154 284 1021761.4599999414
-154 -29 1021761.4599999414
-76 126 1021761.4599999414
-76 126 1021761.4599999414
-60 40 1021761.4599999414
-60 40 1021761.4599999414
118 451 1021761.4599999414
-61 236 1021761.4599999414
-61 236 1021761.4599999414
119 389 1021761.4599999414
-128 96 1021761.4599999414
-128 96 1021761.4599999414
-45 174 1021761.4599999414
-45 174 1021761.4599999414
-92 55 1021761.4599999414
-92 55 1021761.4599999414
90 371 1021761.4599999414
-68 242 1021761.4599999414
-68 242 1021761.4599999414
-31 169 1021761.4599999414
-31 169 1021761.4599999414
-48 228 1021761.4599999414
-48 228 1021761.4599999414
-29 109 1021761.4599999414
-29 109 1021761.4599999414
-71 289 1021761.4599999414
-71 289 1021761.4599999414
-47 133 1021761.4599999414
-47 133 1021761.4599999414
124 348 1021761.4599999414
-123 120 1021761.4599999414
-123 120 1021761.4599999414
-73 44 1021761.4599999414
-73 44 1021761.4599999414
99 451 1021761.4599999414
-132 134 1021761.4599999414
-132 134 1021761.4599999414
-28 73 1021761.4599999414
-28 73 1021761.4599999414
59 387 1021761.4599999414
-75 295 1021761.4599999414
-75 295 1021761.4599999414
-143 113 1021761.4599999414
-143 113 1021761.4599999414
-66 22 1021761.4599999414
-66 22 1021761.4599999414
-20 254 1021761.4599999414
-20 254 1021761.4599999414
-92 111 1021761.4599999414
-92 111 1021761.4599999414
-137 106 1021761.4599999414
-137 106 1021761.4599999414
-150 228 1021761.4599999414
-150 228 1021761.4599999414
-51 152 1021761.4599999414
-51 152 1021761.4599999414
-138 206 1021761.4599999414
-138 206 1021761.4599999414
-143 267 1021761.4599999414
-143 267 1021761.4599999414
-136 164 1021761.4599999414
-136 164 1021761.4599999414
31 334 1021761.4599999414
-56 86 1021761.4599999414
-56 86 1021761.4599999414
-34 58 1021761.4599999414
-34 58 1021761.4599999414
-93 93 1021761.4599999414
-93 93 1021761.4599999414
-73 26 1021761.4599999414
-73 26 1021761.4599999414
131 381 1021761.4599999414
-85 270 1021761.4599999414
-85 270 1021761.4599999414
-108 75 1021761.4599999414
-108 75 1021761.4599999414
-60 255 1021761.4599999414
-60 255 1021761.4599999414
-103 130 1021761.4599999414
-103 130 1021761.4599999414
62 350 1021761.4599999414
-72 208 1021761.4599999414
-72 208 1021761.4599999414
-135 145 1021761.4599999414
-135 145 1021761.4599999414
146 455 1021761.4599999414
36 349 1021761.4599999414
-60 82 1021761.4599999414
-60 82 1021761.4599999414
-115 31 1021761.4599999414
-115 31 1021761.4599999414
24 419 1021761.4599999414
-138 88 1021761.4599999414
-138 88 1021761.4599999414
-138 263 1021761.4599999414
-138 263 1021761.4599999414
22 376 1021761.4599999414
-132 11 1021761.4599999414
-132 11 1021761.4599999414
-70 276 1021761.4599999414
-70 276 1021761.4599999414
42 466 1021761.4599999414
109 462 1021761.4599999414
-107 120 1021761.4599999414
-107 120 1021761.4599999414
-71 181 1021761.4599999414
-71 181 1021761.4599999414
15 340 1021761.4599999414
-17 44 1021761.4599999414
-17 44 1021761.4599999414
-116 103 1021761.4599999414
-116 103 1021761.4599999414
-107 192 1021761.4599999414
-107 192 1021761.4599999414
46 331 1021761.4599999414
-14 51 1021761.4599999414
-14 51 1021761.4599999414
-155 53 1021761.4599999414
-155 53 1021761.4599999414
-25 19 1021761.4599999414
-25 19 1021761.4599999414
-132 189 1021761.4599999414
-132 189 1021761.4599999414
-126 75 1021761.4599999414
-126 75 1021761.4599999414
-96 123 1021761.4599999414
-96 123 1021761.4599999414
105 378 1021761.4599999414
-79 61 1021761.4599999414
-79 61 1021761.4599999414
34 424 1021761.4599999414
-148 303 1021761.4599999414
-148 -10 1021761.4599999414
-148 303 1021761.4599999414
-148 -10 1021761.4599999414
-28 181 1021761.4599999414
-28 181 1021761.4599999414
-145 0 1021761.4599999414
-145 0 1021761.4599999414
49 429 1021761.4599999414
-104 279 1021761.4599999414
-104 279 1021761.4599999414
-151 178 1021761.4599999414
-151 178 1021761.4599999414
0 364 1021761.4599999414
-117 258 1021761.4599999414
-117 258 1021761.4599999414
91 413 1021761.4599999414
72 360 1021761.4599999414
-88 252 1021761.4599999414
-88 252 1021761.4599999414
95 451 1021761.4599999414
98 395 1021761.4599999414
70 447 1021761.4599999414
-114 137 1021761.4599999414
-114 137 1021761.4599999414
-92 233 1021761.4599999414
-92 233 1021761.4599999414
126 460 1021761.4599999414
-39 221 1021761.4599999414
-39 221 1021761.4599999414
114 401 1021761.4599999414
-64 115 1021761.4599999414
-64 115 1021761.4599999414
-55 111 1021761.4599999414
-55 111 1021761.4599999414
7 344 1021761.4599999414
79 412 1021761.4599999414
122 365 1021761.4599999414
-8.970000000000027 10.930000000000037 1021761.4599999414
-8.970000000000027 10.930000000000037 1021761.4599999414
-8.930000000000064 10.890000000000082 1021761.4599999414
-8.930000000000064 10.890000000000082 1021761.4599999414
-8.8900000000001 10.85000000000011 1021761.4599999414
-8.8900000000001 10.85000000000011 1021761.4599999414
-8.870000000000118 10.830000000000146 1021761.4599999414
-8.870000000000118 10.830000000000146 1021761.4599999414
-8.830000000000155 10.790000000000164 1021761.4599999414
-8.830000000000155 10.790000000000164 1021761.4599999414
-8.77000000000021 10.730000000000201 1021761.4599999414
-8.77000000000021 10.730000000000201 1021761.4599999414
-8.760000000000218 10.700000000000198 1021761.4599999414
-8.760000000000218 10.700000000000198 1021761.4599999414
-8.720000000000255 10.660000000000226 1021761.4599999414
-8.720000000000255 10.660000000000226 1021761.4599999414
-8.700000000000273 10.640000000000262 1021761.4599999414
-8.700000000000273 10.640000000000262 1021761.4599999414
-8.640000000000327 10.58000000000029 1021761.4599999414
-8.640000000000327 10.58000000000029 1021761.4599999414
21.99000000000001 468.99 1021761.4599999414
-8.570000000000391 10.510000000000279 1021761.4599999414
-8.570000000000391 10.510000000000279 1021761.4599999414
-8.55000000000041 10.490000000000284 1021761.4599999414
-8.55000000000041 10.490000000000284 1021761.4599999414
-8.470000000000482 10.410000000000313 1021761.4599999414
-8.470000000000482 10.410000000000313 1021761.4599999414
-8.430000000000518 10.370000000000328 1021761.4599999414
-8.430000000000518 10.370000000000328 1021761.4599999414
-8.410000000000537 10.350000000000355 1021761.4599999414
-8.410000000000537 10.350000000000355 1021761.4599999414
-8.290000000000646 10.230000000000375 1021761.4599999414
-8.290000000000646 10.230000000000375 1021761.4599999414
-8.260000000000673 10.200000000000369 1021761.4599999414
-8.260000000000673 10.200000000000369 1021761.4599999414
-9.960000000000036 107.0 1021761.4599999414
-9.960000000000036 107.0 1021761.4599999414
-8.22000000000071 10.160000000000396 1021761.4599999414
-8.22000000000071 10.160000000000396 1021761.4599999414
-8.170000000000755 10.11000000000046 1021761.4599999414
-8.170000000000755 10.11000000000046 1021761.4599999414
-8.1200000000008 10.060000000000505 1021761.4599999414
-8.1200000000008 10.060000000000505 1021761.4599999414
-8.090000000000828 10.030000000000523 1021761.4599999414
-8.090000000000828 10.030000000000523 1021761.4599999414
-8.050000000000864 9.99000000000055 1021761.4599999414
-8.050000000000864 9.99000000000055 1021761.4599999414
-20.960000000000036 217.98000000000002 1021761.4599999414
-20.960000000000036 217.98000000000002 1021761.4599999414
-8.030000000000882 9.970000000000587 1021761.4599999414
-8.030000000000882 9.970000000000587 1021761.4599999414
-7.990000000000919 9.990000000000604 1021761.4599999414
-7.990000000000919 9.990000000000604 1021761.4599999414
5.550000000000409 376.13 1021761.4599999414
43.91000000000002 323.85000000000014 1021761.4599999414
-91.95000000000005 6.9500000000000455 1021761.4599999414
-91.95000000000005 6.9500000000000455 1021761.4599999414
53.95000000000001 185.85000000000014 1021761.4599999414
-127.84000000000015 312.61999999999944 1021761.4599999414
-127.84000000000015 -0.3800000000005639 1021761.4599999414
-127.84000000000015 312.61999999999944 1021761.4599999414
-127.84000000000015 -0.3800000000005639 1021761.4599999414
93.2000000000001 248.96000000000004 1021761.4599999414
2.5100000000004457 411.8299999999999 1021761.4599999414
-112.97000000000003 311.06999999999994 1021761.4599999414
-112.97000000000003 -1.9300000000000637 1021761.4599999414
-112.97000000000003 311.06999999999994 1021761.4599999414
-112.97000000000003 -1.9300000000000637 1021761.4599999414
4.119999999999997 246.41999999999962 1021761.4599999414
-7.940000000000964 9.920000000000597 1021761.4599999414
-7.940000000000964 9.920000000000597 1021761.4599999414
-4.910000000000082 283.06999999999994 1021761.4599999414
-4.910000000000082 283.06999999999994 1021761.4599999414
-7.880000000000109 138.1199999999999 1021761.4599999414
-7.880000000000109 138.1199999999999 1021761.4599999414
6.0 62.86000000000003 1021761.4599999414
0.1600000000000091 51.03999999999999 1021761.4599999414
-2.4100000000005366 302.4699999999996 1021761.4599999414
-2.4100000000005366 302.4699999999996 1021761.4599999414
11.089999999999998 227.97000000000094 1021761.4599999414
5.990000000000919 384.2500000000001 1021761.4599999414
45.14999999999997 323.7900000000002 1021761.4599999414
-150.1199999999999 0.6400000000003274 1021761.4599999414
-150.1199999999999 0.6400000000003274 1021761.4599999414
50.029999999999994 169.99 1021761.4599999414
-99.96000000000004 1.8400000000001455 1021761.4599999414
-99.96000000000004 1.8400000000001455 1021761.4599999414
-4.0100000000009 189.01 1021761.4599999414
-4.0100000000009 189.01 1021761.4599999414
85.50999999999975 251.01 1021761.4599999414
-56.039999999999964 12.600000000000364 1021761.4599999414
-56.039999999999964 12.600000000000364 1021761.4599999414
2.150000000000773 429.1900000000001 1021761.4599999414
-122.87000000000012 0.5100000000004457 1021761.4599999414
-122.87000000000012 0.5100000000004457 1021761.4599999414
24.259999999999884 210.71999999999935 1021761.4599999414
2.570000000000391 444.7500000000002 1021761.4599999414
23.16000000000018 62.60000000000008 1021761.4599999414
40.64000000000007 158.4399999999996 1021761.4599999414
4.049999999999978 98.30999999999965 1021761.4599999414
-7.920000000000982 9.900000000000594 1021761.4599999414
-7.920000000000982 9.900000000000594 1021761.4599999414
3.3099999999999934 132.52999999999952 1021761.4599999414
47.35000000000013 170.99 1021761.4599999414
5.810000000000004 243.49000000000046 1021761.4599999414
29.610000000000095 300.9699999999991 1021761.4599999414
53.81999999999984 168.7800000000002 1021761.4599999414
32.319999999999936 214.0 1021761.4599999414
16.87999999999998 299.7399999999993 1021761.4599999414
-80.39000000000055 310.02999999999906 1021761.4599999414
-80.39000000000055 -2.970000000000937 1021761.4599999414
-80.39000000000055 310.02999999999906 1021761.4599999414
-80.39000000000055 -2.970000000000937 1021761.4599999414
0.5500000000013188 340.21000000000004 1021761.4599999414
5.339999999999993 50.119999999999976 1021761.4599999414
55.58999999999988 190.62999999999943 1021761.4599999414
36.870000000000225 178.0100000000009 1021761.4599999414
41.31000000000014 132.06999999999994 1021761.4599999414
28.530000000000083 202.87000000000012 1021761.4599999414
76.96000000000049 227.98000000000002 1021761.4599999414
-12.150000000000773 168.85000000000014 1021761.4599999414
-12.150000000000773 168.85000000000014 1021761.4599999414
18.449999999999914 279.51000000000045 1021761.4599999414
33.41000000000012 227.24999999999886 1021761.4599999414
55.64999999999987 153.30999999999972 1021761.4599999414
19.959999999999994 198.74000000000024 1021761.4599999414
41.4900000000001 152.4500000000005 1021761.4599999414
15.359999999999992 70.1600000000006 1021761.4599999414
58.269999999999946 209.87000000000103 1021761.4599999414
25.20000000000003 276.8200000000011 1021761.4599999414
15.799999999999983 42.19999999999996 1021761.4599999414
-8.540000000000418 11.260000000000012 1021761.4599999414
-8.540000000000418 11.260000000000012 1021761.4599999414
6.249999999999995 297.03 1021761.4599999414
67.76999999999988 312.61000000000126 1021761.4599999414
3.509999999999989 115.76999999999988 1021761.4599999414
71.19000000000061 262.2899999999988 1021761.4599999414
12.890000000000002 186.6700000000012 1021761.4599999414
71.02000000000052 300.18000000000166 1021761.4599999414
43.269999999999946 191.06999999999903 1021761.4599999414
55.28000000000014 241.0 1021761.4599999414
23.300000000000047 144.01999999999998 1021761.4599999414
-8.940000000000055 10.460000000000434 1021761.4599999414
-8.940000000000055 10.460000000000434 1021761.4599999414
50.30999999999994 145.41000000000054 1021761.4599999414
95.88000000000045 253.47999999999865 1021761.4599999414
27.93999999999999 289.9200000000001 1021761.4599999414
15.440000000000012 129.5600000000004 1021761.4599999414
47.33999999999973 290.7600000000002 1021761.4599999414
34.40999999999992 110.26999999999963 1021761.4599999414
63.99 220.04999999999995 1021761.4599999414
0.6699999999990909 257.7699999999993 1021761.4599999414
6.800000000000004 30.93999999999999 1021761.4599999414
6.770000000000005 71.7700000000004 1021761.4599999414
28.849999999999977 188.91000000000008 1021761.4599999414
88.35999999999967 245.14000000000078 1021761.4599999414
64.4000000000002 260.1199999999999 1021761.4599999414
71.37999999999968 231.5399999999995 1021761.4599999414
14.249999999999952 244.14999999999895 1021761.4599999414
63.09999999999978 180.01999999999998 1021761.4599999414
41.55999999999969 220.98000000000002 1021761.4599999414
61.79000000000024 260.82999999999925 1021761.4599999414
103.08000000000004 296.1200000000008 1021761.4599999414
38.34999999999993 275.6500000000003 1021761.4599999414
88.54999999999977 257.0699999999981 1021761.4599999414
22.000000000000156 130.48000000000047 1021761.4599999414
4.45999999999999 280.6800000000003 1021761.4599999414
46.90000000000022 259.9800000000009 1021761.4599999414
-28.249999999999773 308.3099999999988 1021761.4599999414
-28.249999999999773 -4.690000000001191 1021761.4599999414
-28.249999999999773 308.3099999999988 1021761.4599999414
-28.249999999999773 -4.690000000001191 1021761.4599999414
96.7999999999999 322.4600000000005 1021761.4599999414
23.379999999999903 104.99999999999949 1021761.4599999414
12.420000000000034 205.01999999999907 1021761.4599999414
20.679999999999794 157.39999999999873 1021761.4599999414
334 131 1021761.4599999414
334 444 1021761.4599999414
347 226 1021761.4599999414
347 226 1021761.4599999414
281 363 1021761.4599999414
281 363 1021761.4599999414
454 240 1021761.4599999414
454 240 1021761.4599999414
279 443 1021761.4599999414
279 443 1021761.4599999414
269 400 1021761.4599999414
269 400 1021761.4599999414
420 159 1021761.4599999414
420 159 1021761.4599999414
356 389 1021761.4599999414
264 440 1021761.4599999414
264 440 1021761.4599999414
402 218 1021761.4599999414
402 218 1021761.4599999414
447 276 1021761.4599999414
447 276 1021761.4599999414
448 279 1021761.4599999414
448 279 1021761.4599999414
373 395 1021761.4599999414
199 315 1021761.4599999414
199 315 1021761.4599999414
464 254 1021761.4599999414
464 254 1021761.4599999414
377 220 1021761.4599999414
377 220 1021761.4599999414
384 338 1021761.4599999414
419 153 1021761.4599999414
419 466 1021761.4599999414
368 153 1021761.4599999414
368 466 1021761.4599999414
355 365 1021761.4599999414
442 183 1021761.4599999414
442 183 1021761.4599999414
402 255 1021761.4599999414
402 255 1021761.4599999414
423 212 1021761.4599999414
423 212 1021761.4599999414
325 243 1021761.4599999414
325 243 1021761.4599999414
201 446 1021761.4599999414
201 446 1021761.4599999414
273 339 1021761.4599999414
273 339 1021761.4599999414
318 363 1021761.4599999414
352 353 1021761.4599999414
363 146 1021761.4599999414
363 459 1021761.4599999414
210 353 1021761.4599999414
210 353 1021761.4599999414
351 276 1021761.4599999414
351 276 1021761.4599999414
199 423 1021761.4599999414
199 423 1021761.4599999414
377 260 1021761.4599999414
377 260 1021761.4599999414
443 426 1021761.4599999414
164 391 1021761.4599999414
164 391 1021761.4599999414
276 389 1021761.4599999414
276 389 1021761.4599999414
449 283 1021761.4599999414
449 283 1021761.4599999414
326 188 1021761.4599999414
326 188 1021761.4599999414
356 190 1021761.4599999414
356 190 1021761.4599999414
379 134 1021761.4599999414
379 447 1021761.4599999414
446 367 1021761.4599999414
224 394 1021761.4599999414
224 394 1021761.4599999414
436 175 1021761.4599999414
436 175 1021761.4599999414
146 322 1021761.4599999414
459 322 1021761.4599999414
234 337 1021761.4599999414
234 337 1021761.4599999414
328 355 1021761.4599999414
460 143 1021761.4599999414
460 456 1021761.4599999414
267 415 1021761.4599999414
267 415 1021761.4599999414
385 422 1021761.4599999414
345 214 1021761.4599999414
345 214 1021761.4599999414
409 145 1021761.4599999414
409 458 1021761.4599999414
438 228 1021761.4599999414
438 228 1021761.4599999414
299 407 1021761.4599999414
299 407 1021761.4599999414
361 261 1021761.4599999414
361 261 1021761.4599999414
336 144 1021761.4599999414
336 457 1021761.4599999414
457 444 1021761.4599999414
455 254 1021761.4599999414
455 254 1021761.4599999414
444 368 1021761.4599999414
156 337 1021761.4599999414
469 337 1021761.4599999414
430 182 1021761.4599999414
430 182 1021761.4599999414
366 169 1021761.4599999414
366 169 1021761.4599999414
408 243 1021761.4599999414
408 243 1021761.4599999414
411 142 1021761.4599999414
411 455 1021761.4599999414
328 382 1021761.4599999414
365 379 1021761.4599999414
207 469 1021761.4599999414
207 469 1021761.4599999414
138 340 1021761.4599999414
451 340 1021761.4599999414
354 158 1021761.4599999414
354 158 1021761.4599999414
203 428 1021761.4599999414
203 428 1021761.4599999414
338 210 1021761.4599999414
338 210 1021761.4599999414
382 401 1021761.4599999414
169 315 1021761.4599999414
169 315 1021761.4599999414
361 353 1021761.4599999414
379 349 1021761.4599999414
329 130 1021761.4599999414
329 443 1021761.4599999414
163 340 1021761.4599999414
163 340 1021761.4599999414
463 397 1021761.4599999414
198 452 1021761.4599999414
198 452 1021761.4599999414
413 337 1021761.4599999414
209 346 1021761.4599999414
209 346 1021761.4599999414
185 357 1021761.4599999414
185 357 1021761.4599999414
442 346 1021761.4599999414
399 251 1021761.4599999414
399 251 1021761.4599999414
162 327 1021761.4599999414
162 327 1021761.4599999414
192 461 1021761.4599999414
192 461 1021761.4599999414
158 375 1021761.4599999414
158 375 1021761.4599999414
366 124 1021761.4599999414
366 437 1021761.4599999414
338 278 1021761.4599999414
338 278 1021761.4599999414
189 390 1021761.4599999414
189 390 1021761.4599999414
226 367 1021761.4599999414
226 367 1021761.4599999414
355 132 1021761.4599999414
355 445 1021761.4599999414
405 411 1021761.4599999414
418 181 1021761.4599999414
418 181 1021761.4599999414
280 344 1021761.4599999414
280 344 1021761.4599999414
197 417 1021761.4599999414
197 417 1021761.4599999414
333 199 1021761.4599999414
333 199 1021761.4599999414
237 463 1021761.4599999414
237 463 1021761.4599999414
400 197 1021761.4599999414
400 197 1021761.4599999414
187 342 1021761.4599999414
187 342 1021761.4599999414
183 347 1021761.4599999414
183 347 1021761.4599999414
351 179 1021761.4599999414
351 179 1021761.4599999414
446 363 1021761.4599999414
237 439 1021761.4599999414
237 439 1021761.4599999414
253 353 1021761.4599999414
253 353 1021761.4599999414
431 138 1021761.4599999414
431 451 1021761.4599999414
361 171 1021761.4599999414
361 171 1021761.4599999414
432 258 1021761.4599999414
432 258 1021761.4599999414
402 246 1021761.4599999414
402 246 1021761.4599999414
319 244 1021761.4599999414
319 244 1021761.4599999414
432 389 1021761.4599999414
332 280 1021761.4599999414
332 280 1021761.4599999414
185 409 1021761.4599999414
185 409 1021761.4599999414
426 175 1021761.4599999414
426 175 1021761.4599999414
221 368 1021761.4599999414
221 368 1021761.4599999414
403 371 1021761.4599999414
284 422 1021761.4599999414
284 422 1021761.4599999414
266 446 1021761.4599999414
266 446 1021761.4599999414
437 348 1021761.4599999414
190 433 1021761.4599999414
190 433 1021761.4599999414
240 357 1021761.4599999414
240 357 1021761.4599999414
341 290 1021761.4599999414
341 290 1021761.4599999414
412 138 1021761.4599999414
412 451 1021761.4599999414
181 447 1021761.4599999414
181 447 1021761.4599999414
285 386 1021761.4599999414
285 386 1021761.4599999414
372 387 1021761.4599999414
170 426 1021761.4599999414
170 426 1021761.4599999414
247 335 1021761.4599999414
247 335 1021761.4599999414
467 163 1021761.4599999414
467 163 1021761.4599999414
221 424 1021761.4599999414
221 424 1021761.4599999414
176 419 1021761.4599999414
176 419 1021761.4599999414
262 465 1021761.4599999414
262 465 1021761.4599999414
344 334 1021761.4599999414
453 218 1021761.4599999414
453 218 1021761.4599999414
257 399 1021761.4599999414
257 399 1021761.4599999414
399 178 1021761.4599999414
399 178 1021761.4599999414
279 371 1021761.4599999414
279 371 1021761.4599999414
341 203 1021761.4599999414
341 203 1021761.4599999414
369 241 1021761.4599999414
369 241 1021761.4599999414
220 406 1021761.4599999414
220 406 1021761.4599999414
240 339 1021761.4599999414
240 339 1021761.4599999414
444 381 1021761.4599999414
205 388 1021761.4599999414
205 388 1021761.4599999414
375 180 1021761.4599999414
375 180 1021761.4599999414
418 174 1021761.4599999414
418 174 1021761.4599999414
210 443 1021761.4599999414
210 443 1021761.4599999414
375 350 1021761.4599999414
178 458 1021761.4599999414
178 458 1021761.4599999414
453 160 1021761.4599999414
453 160 1021761.4599999414
459 142 1021761.4599999414
459 455 1021761.4599999414
449 172 1021761.4599999414
449 172 1021761.4599999414
152 363 1021761.4599999414
465 363 1021761.4599999414
349 349 1021761.4599999414
253 395 1021761.4599999414
253 395 1021761.4599999414
371 211 1021761.4599999414
371 211 1021761.4599999414
198 344 1021761.4599999414
198 344 1021761.4599999414
342 189 1021761.4599999414
342 189 1021761.4599999414
385 231 1021761.4599999414
385 231 1021761.4599999414
337 106 1021761.4599999414
337 419 1021761.4599999414
175 401 1021761.4599999414
175 401 1021761.4599999414
383 261 1021761.4599999414
383 261 1021761.4599999414
390 165 1021761.4599999414
390 165 1021761.4599999414
335 376 1021761.4599999414
181 324 1021761.4599999414
181 324 1021761.4599999414
355 153 1021761.4599999414
355 466 1021761.4599999414
467 313 1021761.4599999414
422 149 1021761.4599999414
422 462 1021761.4599999414
457 290 1021761.4599999414
457 290 1021761.4599999414
206 433 1021761.4599999414
206 433 1021761.4599999414
328 340 1021761.4599999414
363 170 1021761.4599999414
363 170 1021761.4599999414
296 357 1021761.4599999414
296 357 1021761.4599999414
197 416 1021761.4599999414
197 416 1021761.4599999414
416 297 1021761.4599999414
416 297 1021761.4599999414
359 331 1021761.4599999414
299 364 1021761.4599999414
299 364 1021761.4599999414
158 366 1021761.4599999414
158 366 1021761.4599999414
288 332 1021761.4599999414
288 332 1021761.4599999414
187 388 1021761.4599999414
187 388 1021761.4599999414
424 180 1021761.4599999414
424 180 1021761.4599999414
427 215 1021761.4599999414
427 215 1021761.4599999414
217 436 1021761.4599999414
217 436 1021761.4599999414
389 228 1021761.4599999414
389 228 1021761.4599999414
418 378 1021761.4599999414
234 374 1021761.4599999414
234 374 1021761.4599999414
347 111 1021761.4599999414
347 424 1021761.4599999414
353 221 1021761.4599999414
353 221 1021761.4599999414
362 116 1021761.4599999414
362 429 1021761.4599999414
410 176 1021761.4599999414
410 176 1021761.4599999414
463 280 1021761.4599999414
463 280 1021761.4599999414
313 364 1021761.4599999414
421 206 1021761.4599999414
421 206 1021761.4599999414
404 413 1021761.4599999414
376 260 1021761.4599999414
376 260 1021761.4599999414
385 360 1021761.4599999414
422 252 1021761.4599999414
422 252 1021761.4599999414
408 252 1021761.4599999414
408 252 1021761.4599999414
408 138 1021761.4599999414
408 451 1021761.4599999414
466 292 1021761.4599999414
466 292 1021761.4599999414
411 395 1021761.4599999414
406 249 1021761.4599999414
406 249 1021761.4599999414
443 168 1021761.4599999414
443 168 1021761.4599999414
383 134 1021761.4599999414
383 447 1021761.4599999414
199 450 1021761.4599999414
199 450 1021761.4599999414
439 147 1021761.4599999414
439 460 1021761.4599999414
359 291 1021761.4599999414
359 291 1021761.4599999414
368 190 1021761.4599999414
368 190 1021761.4599999414
464 157 1021761.4599999414
464 157 1021761.4599999414
427 401 1021761.4599999414
249 428 1021761.4599999414
249 428 1021761.4599999414
258 424 1021761.4599999414
258 424 1021761.4599999414
320 344 1021761.4599999414
392 412 1021761.4599999414
435 365 1021761.4599999414
367 186 1021761.4599999414
367 186 1021761.4599999414
334.99 155.99 1021761.4599999414
334.99 468.99 1021761.4599999414
303.03999999999996 420.0 1021761.4599999414
303.03999999999996 420.0 1021761.4599999414
305.0099999999991 322.9900000000006 1021761.4599999414
305.0099999999991 322.9900000000006 1021761.4599999414
318.5500000000004 376.13 1021761.4599999414
356.91 323.85000000000014 1021761.4599999414
221.04999999999995 319.95000000000005 1021761.4599999414
221.04999999999995 319.95000000000005 1021761.4599999414
315.51000000000045 98.82999999999991 1021761.4599999414
315.51000000000045 411.8299999999999 1021761.4599999414
199.07999999999993 136.96000000000004 1021761.4599999414
203.0999999999999 115.0 1021761.4599999414
141.5500000000004 253.99 1021761.4599999414
382.99 302.82999999999925 1021761.4599999414
382.99 302.82999999999925 1021761.4599999414
153.06999999999994 292.38999999999965 1021761.4599999414
305.1199999999999 451.1199999999999 1021761.4599999414
305.1199999999999 451.1199999999999 1021761.4599999414
342.0 300.37999999999965 1021761.4599999414
342.0 300.37999999999965 1021761.4599999414
117.21000000000011 182.96999999999912 1021761.4599999414
318.9200000000002 297.1199999999999 1021761.4599999414
318.9200000000002 297.1199999999999 1021761.4599999414
318.9900000000009 384.2500000000001 1021761.4599999414
49.079999999999984 114.49999999999923 1021761.4599999414
168.30999999999972 312.5700000000004 1021761.4599999414
38.64000000000007 40.43999999999991 1021761.4599999414
358.15 323.7900000000002 1021761.4599999414
164.96000000000004 280.0 1021761.4599999414
162.8800000000001 313.6400000000003 1021761.4599999414
162.8800000000001 313.6400000000003 1021761.4599999414
226.88000000000102 269.1200000000008 1021761.4599999414
213.03999999999996 314.84000000000015 1021761.4599999414
213.03999999999996 314.84000000000015 1021761.4599999414
105.16000000000008 64.73999999999987 1021761.4599999414
104.96999999999998 173.49000000000046 1021761.4599999414
326.7700000000002 204.1099999999999 1021761.4599999414
326.7700000000002 204.1099999999999 1021761.4599999414
315.7000000000012 245.26000000000067 1021761.4599999414
315.7000000000012 245.26000000000067 1021761.4599999414
159.36999999999875 52.630000000000074 1021761.4599999414
323.2400000000007 229.03999999999996 1021761.4599999414
323.2400000000007 229.03999999999996 1021761.4599999414
256.96000000000004 325.60000000000036 1021761.4599999414
256.96000000000004 325.60000000000036 1021761.4599999414
158.45999999999958 62.35999999999993 1021761.4599999414
315.1500000000008 116.1900000000001 1021761.4599999414
315.1500000000008 429.1900000000001 1021761.4599999414
113.17000000000009 174.49000000000046 1021761.4599999414
232.30999999999972 270.49000000000046 1021761.4599999414
190.12999999999988 313.51000000000045 1021761.4599999414
190.12999999999988 313.51000000000045 1021761.4599999414
120.8299999999994 51.59000000000008 1021761.4599999414
256.0400000000009 87.28000000000065 1021761.4599999414
197.51999999999953 101.75999999999937 1021761.4599999414
315.5700000000004 131.75000000000023 1021761.4599999414
315.5700000000004 444.7500000000002 1021761.4599999414
46.479999999999905 18.58000000000009 1021761.4599999414
317.8200000000011 297.25999999999976 1021761.4599999414
317.8200000000011 297.25999999999976 1021761.4599999414
48.56999999999989 40.01 1021761.4599999414
329.94 299.6399999999994 1021761.4599999414
329.94 299.6399999999994 1021761.4599999414
257.05999999999995 158.13999999999987 1021761.4599999414
78.7999999999999 98.93999999999997 1021761.4599999414
305.079999999999 322.9000000000006 1021761.4599999414
305.079999999999 322.9000000000006 1021761.4599999414
168.96000000000095 266.4600000000005 1021761.4599999414
244.17000000000075 242.14999999999986 1021761.4599999414
174.84000000000015 87.97999999999999 1021761.4599999414
165.59999999999945 302.1000000000008 1021761.4599999414
158.0 147.0 1021761.4599999414
199.85000000000014 310.2300000000007 1021761.4599999414
206.06999999999994 120.25000000000013 1021761.4599999414
145.15000000000077 141.93000000000006 1021761.4599999414
72.24000000000012 48.0199999999998 1021761.4599999414
269.5499999999995 87.53000000000027 1021761.4599999414
119.12000000000006 258.7799999999993 1021761.4599999414
158.93000000000006 283.99 1021761.4599999414
197.08999999999992 104.27000000000014 1021761.4599999414
69.73000000000037 87.68999999999984 1021761.4599999414
162.16999999999985 177.1100000000008 1021761.4599999414
257.98 110.77999999999989 1021761.4599999414
96.02000000000052 241.4600000000014 1021761.4599999414
199.95000000000095 243.83000000000106 1021761.4599999414
30.069999999999855 19.989999999999842 1021761.4599999414
115.02000000000052 215.0 1021761.4599999414
313.5500000000013 340.21000000000004 1021761.4599999414
252.24999999999977 235.59000000000037 1021761.4599999414
150.96000000000004 156.70000000000027 1021761.4599999414
154.3299999999997 163.46999999999957 1021761.4599999414
254.00999999999908 254.2300000000007 1021761.4599999414
110.89999999999995 180.29999999999973 1021761.4599999414
118.01 136.15000000000168 1021761.4599999414
258.4299999999996 182.26999999999884 1021761.4599999414
131.47999999999956 68.5800000000003 1021761.4599999414
200.6700000000003 132.27000000000066 1021761.4599999414
123.02000000000001 175.0 1021761.4599999414
98.08000000000004 141.98000000000002 1021761.4599999414
195.93000000000006 258.9099999999992 1021761.4599999414
224.5399999999995 80.63999999999982 1021761.4599999414
198.60000000000036 289.4599999999996 1021761.4599999414
147.4299999999996 142.87000000000012 1021761.4599999414
247.5700000000004 163.93000000000006 1021761.4599999414
152.18999999999892 253.81000000000017 1021761.4599999414
109.10000000000005 148.72000000000025 1021761.4599999414
133.2299999999998 49.21000000000016 1021761.4599999414
220.6499999999994 93.5900000000003 1021761.4599999414
243.50999999999863 288.93000000000006 1021761.4599999414
149.0000000000009 85.22000000000062 1021761.4599999414
218.3399999999997 287.1399999999999 1021761.4599999414
212.9000000000019 227.86000000000195 1021761.4599999414
149.99 279.29000000000065 1021761.4599999414
89.33000000000017 217.93000000000006 1021761.4599999414
53.219999999999956 123.95999999999998 1021761.4599999414
130.63000000000034 55.18999999999996 1021761.4599999414
129.47000000000048 167.21000000000072 1021761.4599999414
92.04000000000002 97.09999999999954 1021761.4599999414
61.11000000000018 37.20999999999996 1021761.4599999414
273.7600000000011 311.7000000000021 1021761.4599999414
96.52999999999976 175.93000000000006 1021761.4599999414
221.16999999999985 232.91000000000008 1021761.4599999414
137.06999999999903 172.72999999999934 1021761.4599999414
160.910000000001 182.34999999999786 1021761.4599999414
92.54000000000079 102.66000000000136 1021761.4599999414
157.69000000000028 119.66999999999983 1021761.4599999414
198.1199999999999 139.6599999999994 1021761.4599999414
185.08999999999992 95.99 1021761.4599999414
264.95000000000005 228.06999999999994 1021761.4599999414
240.52000000000135 181.89999999999918 1021761.4599999414
189.01 77.9900000000005 1021761.4599999414
211.22999999999888 131.5499999999986 1021761.4599999414
41.53000000000009 52.269999999999946 1021761.4599999414
288.9099999999992 193.52999999999952 1021761.4599999414
180.83000000000015 133.41000000000054 1021761.4599999414
280.3600000000015 198.49999999999955 1021761.4599999414
139.97000000000003 159.65000000000032 1021761.4599999414
267.39999999999964 101.89999999999995 1021761.4599999414
264.05999999999995 126.13999999999956 1021761.4599999414
297.29000000000065 265.7499999999984 1021761.4599999414
217.28999999999974 123.07000000000004 1021761.4599999414
232.37999999999965 308.5600000000004 1021761.4599999414
234.71000000000026 291.7900000000002 1021761.4599999414
65.78999999999989 134.06999999999994 1021761.4599999414
310.96000000000095 257.0999999999999 1021761.4599999414
176.04999999999905 261.83000000000106 1021761.4599999414
282.26999999999975 166.89000000000192 1021761.4599999414
109.0199999999995 212.81999999999925 1021761.4599999414
247.81000000000108 114.14999999999957 1021761.4599999414
133.63000000000034 274.7700000000011 1021761.4599999414
304.4599999999996 324.26 1021761.4599999414
304.4599999999996 324.26 1021761.4599999414
104.75999999999988 181.61999999999944 1021761.4599999414
177.69999999999845 282.03999999999996 1021761.4599999414
106.95999999999998 159.29999999999973 1021761.4599999414
224.91000000000008 252.01 1021761.4599999414
315.63000000000125 281.01 1021761.4599999414
315.63000000000125 281.01 1021761.4599999414
299.0799999999999 92.93999999999946 1021761.4599999414
251.93000000000006 175.87000000000012 1021761.4599999414
284.2999999999997 109.4000000000002 1021761.4599999414
133.69999999999936 54.55999999999989 1021761.4599999414
35.830000000000034 35.15000000000017 1021761.4599999414
60.0099999999998 73.64999999999982 1021761.4599999414
175.3400000000006 105.51999999999975 1021761.4599999414
108.8099999999999 252.40999999999963 1021761.4599999414
93.84999999999941 136.6900000000012 1021761.4599999414
181.80999999999926 187.910000000001 1021761.4599999414
89.49999999999974 57.980000000000004 1021761.4599999414
143.71000000000026 130.39000000000055 1021761.4599999414
164.33999999999878 228.57999999999947 1021761.4599999414
228.92000000000007 275.59999999999945 1021761.4599999414
236.92000000000007 126.5800000000003 1021761.4599999414
239.25999999999885 296.71999999999844 1021761.4599999414
304.05999999999995 323.46000000000043 1021761.4599999414
304.05999999999995 323.46000000000043 1021761.4599999414
151.18000000000075 49.46000000000011 1021761.4599999414
41.89000000000022 77.41000000000072 1021761.4599999414
184.5700000000004 310.930000000001 1021761.4599999414
177.74999999999932 164.68999999999937 1021761.4599999414
164.05999999999995 77.75999999999988 1021761.4599999414
129.87000000000012 111.4299999999992 1021761.4599999414
140.73999999999933 215.86000000000195 1021761.4599999414
152.4600000000014 311.2400000000016 1021761.4599999414
66.7800000000004 35.920000000000016 1021761.4599999414
257.6399999999976 264.25999999999885 1021761.4599999414
71.99 109.65000000000033 1021761.4599999414
286.4500000000014 290.85000000000196 1021761.4599999414
189.6600000000003 120.0 1021761.4599999414
234.42000000000144 164.45999999999958 1021761.4599999414
107.96999999999998 204.83000000000106 1021761.4599999414
221.72999999999934 110.62999999999981 1021761.4599999414
71.50000000000077 134.15999999999985 1021761.4599999414
208.7700000000002 277.9900000000009 1021761.4599999414
240.7800000000002 274.02 1021761.4599999414
303.86000000000104 138.7799999999993 1021761.4599999414
119.12000000000006 76.02000000000001 1021761.4599999414
185.38999999999783 206.68999999999846 1021761.4599999414
300.1899999999998 168.1300000000008 1021761.4599999414
170.0 113.32000000000016 1021761.4599999414
262.4199999999996 150.900000000001 1021761.4599999414
100.20000000000061 136.60000000000127 1021761.4599999414
192.01999999999998 148.91999999999916 1021761.4599999414
186.6700000000003 72.96999999999896 1021761.4599999414
247.51000000000045 263.83000000000015 1021761.4599999414
293.5299999999986 218.8899999999992 1021761.4599999414
141.1199999999999 239.94000000000005 1021761.4599999414
94.84999999999941 146.089999999999 1021761.4599999414
244.6599999999985 277.05999999999904 1021761.4599999414
285.04999999999995 180.97000000000003 1021761.4599999414
15.269999999999994 26.189999999999873 1021761.4599999414
76.99 164.2300000000007 1021761.4599999414
213.19999999999982 305.38000000000056 1021761.4599999414
236.49000000000046 149.0100000000009 1021761.4599999414
205.01 74.6099999999998 1021761.4599999414
143.31000000000063 290.6499999999994 1021761.4599999414
130.34999999999877 185.26999999999794 1021761.4599999414
167.03999999999996 143.84000000000015 1021761.4599999414
279.9999999999991 130.3399999999997 1021761.4599999414
268.6699999999994 174.2299999999998 1021761.4599999414
198.91000000000008 109.99 1021761.4599999414
170.07999999999993 277.96000000000004 1021761.4599999414
232.23999999999978 226.4600000000005 1021761.4599999414
207.11999999999898 191.96000000000004 1021761.4599999414
302.6500000000003 107.69000000000035 1021761.4599999414
241.24999999999977 207.19000000000074 1021761.4599999414
207.63999999999942 157.4199999999987 1021761.4599999414
114.36000000000018 89.1600000000006 1021761.4599999414
291.4500000000014 252.11000000000172 1021761.4599999414
177.9000000000001 145.13999999999987 1021761.4599999414
409.7999999999999 322.4600000000005 1021761.4599999414
71.7900000000004 23.84999999999982 1021761.4599999414
85.56999999999978 178.1099999999999 1021761.4599999414
285.70999999999935 306.4700000000005 1021761.4599999414
52.479999999999905 64.97999999999948 1021761.4599999414
105.91999999999996 153.05999999999995 1021761.4599999414
134.6600000000003 278.98 1021761.4599999414
59.120000000000175 83.28000000000065 1021761.4599999414
86.43999999999971 197.01999999999998 1021761.4599999414
307.63000000000034 189.24999999999977 1021761.4599999414
126.41000000000021 147.16999999999985 1021761.4599999414
175.07999999999993 206.41999999999962 1021761.4599999414
265.4600000000005 134.01999999999907 1021761.4599999414
124.57999999999979 228.85999999999922 1021761.4599999414
168.5800000000022 203.98000000000002 1021761.4599999414
133.44000000000233 285.3199999999979 1021761.4599999414
252.94000000000005 80.19999999999908 1021761.4599999414
97.54999999999977 81.56999999999978 1021761.4599999414
274.5699999999995 221.16999999999985 1021761.4599999414
34 -87 1021761.4599999414
347 -87 1021761.4599999414
34 -87 1021761.4599999414
347 -87 1021761.4599999414
-32 -263 1021761.4599999414
-32 -263 1021761.4599999414
141 -73 1021761.4599999414
454 -73 1021761.4599999414
141 -73 1021761.4599999414
454 -73 1021761.4599999414
-34 -183 1021761.4599999414
-34 -183 1021761.4599999414
-44 -226 1021761.4599999414
-44 -226 1021761.4599999414
107 -154 1021761.4599999414
420 -154 1021761.4599999414
107 -154 1021761.4599999414
420 -154 1021761.4599999414
255 -50 1021761.4599999414
255 -50 1021761.4599999414
215 -83 1021761.4599999414
215 -83 1021761.4599999414
183 -108 1021761.4599999414
183 -108 1021761.4599999414
258 -132 1021761.4599999414
258 -132 1021761.4599999414
-49 -186 1021761.4599999414
-49 -186 1021761.4599999414
89 -95 1021761.4599999414
402 -95 1021761.4599999414
89 -95 1021761.4599999414
402 -95 1021761.4599999414
134 -37 1021761.4599999414
447 -37 1021761.4599999414
134 -37 1021761.4599999414
447 -37 1021761.4599999414
135 -34 1021761.4599999414
448 -34 1021761.4599999414
135 -34 1021761.4599999414
448 -34 1021761.4599999414
201 -68 1021761.4599999414
201 -68 1021761.4599999414
-114 -311 1021761.4599999414
-114 -311 1021761.4599999414
252 -137 1021761.4599999414
252 -137 1021761.4599999414
199 -24 1021761.4599999414
199 -24 1021761.4599999414
151 -59 1021761.4599999414
464 -59 1021761.4599999414
151 -59 1021761.4599999414
464 -59 1021761.4599999414
64 -93 1021761.4599999414
377 -93 1021761.4599999414
64 -93 1021761.4599999414
377 -93 1021761.4599999414
384 25 1021761.4599999414
355 52 1021761.4599999414
129 -130 1021761.4599999414
442 -130 1021761.4599999414
129 -130 1021761.4599999414
442 -130 1021761.4599999414
298 -49 1021761.4599999414
-15 -49 1021761.4599999414
298 -49 1021761.4599999414
-15 -49 1021761.4599999414
89 -58 1021761.4599999414
402 -58 1021761.4599999414
89 -58 1021761.4599999414
402 -58 1021761.4599999414
110 -101 1021761.4599999414
423 -101 1021761.4599999414
110 -101 1021761.4599999414
423 -101 1021761.4599999414
12 -70 1021761.4599999414
325 -70 1021761.4599999414
12 -70 1021761.4599999414
325 -70 1021761.4599999414
235 -21 1021761.4599999414
235 -21 1021761.4599999414
-40 -287 1021761.4599999414
-40 -287 1021761.4599999414
318 50 1021761.4599999414
232 -86 1021761.4599999414
232 -86 1021761.4599999414
352 40 1021761.4599999414
-103 -273 1021761.4599999414
-103 -273 1021761.4599999414
38 -37 1021761.4599999414
351 -37 1021761.4599999414
38 -37 1021761.4599999414
351 -37 1021761.4599999414
64 -53 1021761.4599999414
377 -53 1021761.4599999414
64 -53 1021761.4599999414
377 -53 1021761.4599999414
-37 -237 1021761.4599999414
-37 -237 1021761.4599999414
136 -30 1021761.4599999414
449 -30 1021761.4599999414
136 -30 1021761.4599999414
449 -30 1021761.4599999414
13 -125 1021761.4599999414
326 -125 1021761.4599999414
13 -125 1021761.4599999414
326 -125 1021761.4599999414
43 -123 1021761.4599999414
356 -123 1021761.4599999414
43 -123 1021761.4599999414
356 -123 1021761.4599999414
232 -42 1021761.4599999414
232 -42 1021761.4599999414
446 54 1021761.4599999414
248 -149 1021761.4599999414
248 -149 1021761.4599999414
-89 -232 1021761.4599999414
-89 -232 1021761.4599999414
123 -138 1021761.4599999414
436 -138 1021761.4599999414
123 -138 1021761.4599999414
436 -138 1021761.4599999414
459 9 1021761.4599999414
-79 -289 1021761.4599999414
-79 -289 1021761.4599999414
328 42 1021761.4599999414
218 -26 1021761.4599999414
218 -26 1021761.4599999414
-46 -211 1021761.4599999414
-46 -211 1021761.4599999414
176 -31 1021761.4599999414
176 -31 1021761.4599999414
32 -99 1021761.4599999414
345 -99 1021761.4599999414
32 -99 1021761.4599999414
345 -99 1021761.4599999414
125 -85 1021761.4599999414
438 -85 1021761.4599999414
125 -85 1021761.4599999414
438 -85 1021761.4599999414
-14 -219 1021761.4599999414
-14 -219 1021761.4599999414
48 -52 1021761.4599999414
361 -52 1021761.4599999414
48 -52 1021761.4599999414
361 -52 1021761.4599999414
241 -39 1021761.4599999414
241 -39 1021761.4599999414
170 -35 1021761.4599999414
170 -35 1021761.4599999414
162 -133 1021761.4599999414
162 -133 1021761.4599999414
142 -59 1021761.4599999414
455 -59 1021761.4599999414
142 -59 1021761.4599999414
455 -59 1021761.4599999414
444 55 1021761.4599999414
229 -38 1021761.4599999414
229 -38 1021761.4599999414
469 24 1021761.4599999414
117 -131 1021761.4599999414
430 -131 1021761.4599999414
117 -131 1021761.4599999414
430 -131 1021761.4599999414
53 -144 1021761.4599999414
366 -144 1021761.4599999414
53 -144 1021761.4599999414
366 -144 1021761.4599999414
95 -70 1021761.4599999414
408 -70 1021761.4599999414
95 -70 1021761.4599999414
408 -70 1021761.4599999414
213 -7 1021761.4599999414
213 -7 1021761.4599999414
365 66 1021761.4599999414
282 -115 1021761.4599999414
-31 -115 1021761.4599999414
282 -115 1021761.4599999414
-31 -115 1021761.4599999414
451 27 1021761.4599999414
41 -155 1021761.4599999414
354 -155 1021761.4599999414
41 -155 1021761.4599999414
354 -155 1021761.4599999414
248 -49 1021761.4599999414
248 -49 1021761.4599999414
25 -103 1021761.4599999414
338 -103 1021761.4599999414
25 -103 1021761.4599999414
338 -103 1021761.4599999414
361 40 1021761.4599999414
379 36 1021761.4599999414
463 84 1021761.4599999414
413 24 1021761.4599999414
-104 -280 1021761.4599999414
-104 -280 1021761.4599999414
288 -20 1021761.4599999414
288 -20 1021761.4599999414
442 33 1021761.4599999414
86 -62 1021761.4599999414
399 -62 1021761.4599999414
86 -62 1021761.4599999414
399 -62 1021761.4599999414
171 -109 1021761.4599999414
171 -109 1021761.4599999414
236 -149 1021761.4599999414
236 -149 1021761.4599999414
288 -120 1021761.4599999414
-25 -120 1021761.4599999414
288 -120 1021761.4599999414
-25 -120 1021761.4599999414
25 -35 1021761.4599999414
338 -35 1021761.4599999414
25 -35 1021761.4599999414
338 -35 1021761.4599999414
-87 -259 1021761.4599999414
-87 -259 1021761.4599999414
105 -132 1021761.4599999414
418 -132 1021761.4599999414
105 -132 1021761.4599999414
418 -132 1021761.4599999414
-33 -282 1021761.4599999414
-33 -282 1021761.4599999414
20 -114 1021761.4599999414
333 -114 1021761.4599999414
20 -114 1021761.4599999414
333 -114 1021761.4599999414
87 -116 1021761.4599999414
400 -116 1021761.4599999414
87 -116 1021761.4599999414
400 -116 1021761.4599999414
257 -155 1021761.4599999414
-56 -155 1021761.4599999414
257 -155 1021761.4599999414
-56 -155 1021761.4599999414
38 -134 1021761.4599999414
351 -134 1021761.4599999414
38 -134 1021761.4599999414
351 -134 1021761.4599999414
165 -33 1021761.4599999414
165 -33 1021761.4599999414
446 50 1021761.4599999414
159 -29 1021761.4599999414
159 -29 1021761.4599999414
-60 -273 1021761.4599999414
-60 -273 1021761.4599999414
252 -77 1021761.4599999414
252 -77 1021761.4599999414
48 -142 1021761.4599999414
361 -142 1021761.4599999414
48 -142 1021761.4599999414
361 -142 1021761.4599999414
119 -55 1021761.4599999414
432 -55 1021761.4599999414
119 -55 1021761.4599999414
432 -55 1021761.4599999414
89 -67 1021761.4599999414
402 -67 1021761.4599999414
89 -67 1021761.4599999414
402 -67 1021761.4599999414
6 -69 1021761.4599999414
319 -69 1021761.4599999414
6 -69 1021761.4599999414
319 -69 1021761.4599999414
432 76 1021761.4599999414
19 -33 1021761.4599999414
332 -33 1021761.4599999414
19 -33 1021761.4599999414
332 -33 1021761.4599999414
113 -138 1021761.4599999414
426 -138 1021761.4599999414
113 -138 1021761.4599999414
426 -138 1021761.4599999414
268 -139 1021761.4599999414
-45 -139 1021761.4599999414
268 -139 1021761.4599999414
-45 -139 1021761.4599999414
-92 -258 1021761.4599999414
-92 -258 1021761.4599999414
403 58 1021761.4599999414
245 -71 1021761.4599999414
245 -71 1021761.4599999414
282 -144 1021761.4599999414
-31 -144 1021761.4599999414
282 -144 1021761.4599999414
-31 -144 1021761.4599999414
265 -85 1021761.4599999414
265 -85 1021761.4599999414
-29 -204 1021761.4599999414
-29 -204 1021761.4599999414
242 -24 1021761.4599999414
242 -24 1021761.4599999414
-47 -180 1021761.4599999414
-47 -180 1021761.4599999414
437 35 1021761.4599999414
-73 -269 1021761.4599999414
-73 -269 1021761.4599999414
28 -23 1021761.4599999414
341 -23 1021761.4599999414
28 -23 1021761.4599999414
341 -23 1021761.4599999414
-28 -240 1021761.4599999414
-28 -240 1021761.4599999414
372 74 1021761.4599999414
238 -18 1021761.4599999414
238 -18 1021761.4599999414
-66 -291 1021761.4599999414
-66 -291 1021761.4599999414
154 -150 1021761.4599999414
467 -150 1021761.4599999414
154 -150 1021761.4599999414
467 -150 1021761.4599999414
293 -59 1021761.4599999414
-20 -59 1021761.4599999414
293 -59 1021761.4599999414
-20 -59 1021761.4599999414
163 -85 1021761.4599999414
163 -85 1021761.4599999414
-51 -161 1021761.4599999414
-51 -161 1021761.4599999414
175 -107 1021761.4599999414
175 -107 1021761.4599999414
170 -46 1021761.4599999414
170 -46 1021761.4599999414
177 -149 1021761.4599999414
177 -149 1021761.4599999414
344 21 1021761.4599999414
140 -95 1021761.4599999414
453 -95 1021761.4599999414
140 -95 1021761.4599999414
453 -95 1021761.4599999414
-56 -227 1021761.4599999414
-56 -227 1021761.4599999414
86 -135 1021761.4599999414
399 -135 1021761.4599999414
86 -135 1021761.4599999414
399 -135 1021761.4599999414
-34 -255 1021761.4599999414
-34 -255 1021761.4599999414
28 -110 1021761.4599999414
341 -110 1021761.4599999414
28 -110 1021761.4599999414
341 -110 1021761.4599999414
56 -72 1021761.4599999414
369 -72 1021761.4599999414
56 -72 1021761.4599999414
369 -72 1021761.4599999414
-73 -287 1021761.4599999414
-73 -287 1021761.4599999414
444 68 1021761.4599999414
228 -43 1021761.4599999414
228 -43 1021761.4599999414
62 -133 1021761.4599999414
375 -133 1021761.4599999414
62 -133 1021761.4599999414
375 -133 1021761.4599999414
253 -58 1021761.4599999414
253 -58 1021761.4599999414
105 -139 1021761.4599999414
418 -139 1021761.4599999414
105 -139 1021761.4599999414
418 -139 1021761.4599999414
375 37 1021761.4599999414
241 -105 1021761.4599999414
241 -105 1021761.4599999414
140 -153 1021761.4599999414
453 -153 1021761.4599999414
140 -153 1021761.4599999414
453 -153 1021761.4599999414
136 -141 1021761.4599999414
449 -141 1021761.4599999414
136 -141 1021761.4599999414
449 -141 1021761.4599999414
465 50 1021761.4599999414
349 36 1021761.4599999414
-60 -231 1021761.4599999414
-60 -231 1021761.4599999414
58 -102 1021761.4599999414
371 -102 1021761.4599999414
58 -102 1021761.4599999414
371 -102 1021761.4599999414
29 -124 1021761.4599999414
342 -124 1021761.4599999414
29 -124 1021761.4599999414
342 -124 1021761.4599999414
72 -82 1021761.4599999414
385 -82 1021761.4599999414
72 -82 1021761.4599999414
385 -82 1021761.4599999414
70 -52 1021761.4599999414
383 -52 1021761.4599999414
70 -52 1021761.4599999414
383 -52 1021761.4599999414
77 -148 1021761.4599999414
390 -148 1021761.4599999414
77 -148 1021761.4599999414
390 -148 1021761.4599999414
175 -50 1021761.4599999414
175 -50 1021761.4599999414
335 63 1021761.4599999414
243 -37 1021761.4599999414
243 -37 1021761.4599999414
467 0 1021761.4599999414
144 -23 1021761.4599999414
457 -23 1021761.4599999414
144 -23 1021761.4599999414
457 -23 1021761.4599999414
242 -132 1021761.4599999414
242 -132 1021761.4599999414
328 27 1021761.4599999414
50 -143 1021761.4599999414
363 -143 1021761.4599999414
50 -143 1021761.4599999414
363 -143 1021761.4599999414
-17 -269 1021761.4599999414
-17 -269 1021761.4599999414
103 -16 1021761.4599999414
416 -16 1021761.4599999414
103 -16 1021761.4599999414
416 -16 1021761.4599999414
206 -121 1021761.4599999414
206 -121 1021761.4599999414
359 18 1021761.4599999414
-14 -262 1021761.4599999414
-14 -262 1021761.4599999414
-25 -294 1021761.4599999414
-25 -294 1021761.4599999414
181 -124 1021761.4599999414
181 -124 1021761.4599999414
111 -133 1021761.4599999414
424 -133 1021761.4599999414
111 -133 1021761.4599999414
424 -133 1021761.4599999414
114 -98 1021761.4599999414
427 -98 1021761.4599999414
114 -98 1021761.4599999414
427 -98 1021761.4599999414
76 -85 1021761.4599999414
389 -85 1021761.4599999414
76 -85 1021761.4599999414
389 -85 1021761.4599999414
418 65 1021761.4599999414
-79 -252 1021761.4599999414
-79 -252 1021761.4599999414
165 -10 1021761.4599999414
165 -10 1021761.4599999414
285 -132 1021761.4599999414
-28 -132 1021761.4599999414
285 -132 1021761.4599999414
-28 -132 1021761.4599999414
40 -92 1021761.4599999414
353 -92 1021761.4599999414
40 -92 1021761.4599999414
353 -92 1021761.4599999414
97 -137 1021761.4599999414
410 -137 1021761.4599999414
97 -137 1021761.4599999414
410 -137 1021761.4599999414
209 -34 1021761.4599999414
209 -34 1021761.4599999414
162 -135 1021761.4599999414
162 -135 1021761.4599999414
150 -33 1021761.4599999414
463 -33 1021761.4599999414
150 -33 1021761.4599999414
463 -33 1021761.4599999414
108 -107 1021761.4599999414
421 -107 1021761.4599999414
108 -107 1021761.4599999414
421 -107 1021761.4599999414
196 -55 1021761.4599999414
196 -55 1021761.4599999414
63 -53 1021761.4599999414
376 -53 1021761.4599999414
63 -53 1021761.4599999414
376 -53 1021761.4599999414
385 47 1021761.4599999414
109 -61 1021761.4599999414
422 -61 1021761.4599999414
109 -61 1021761.4599999414
422 -61 1021761.4599999414
225 -61 1021761.4599999414
225 -61 1021761.4599999414
95 -61 1021761.4599999414
408 -61 1021761.4599999414
95 -61 1021761.4599999414
408 -61 1021761.4599999414
153 -21 1021761.4599999414
466 -21 1021761.4599999414
153 -21 1021761.4599999414
466 -21 1021761.4599999414
411 82 1021761.4599999414
93 -64 1021761.4599999414
406 -64 1021761.4599999414
93 -64 1021761.4599999414
406 -64 1021761.4599999414
130 -145 1021761.4599999414
443 -145 1021761.4599999414
130 -145 1021761.4599999414
443 -145 1021761.4599999414
221 -80 1021761.4599999414
221 -80 1021761.4599999414
274 -92 1021761.4599999414
274 -92 1021761.4599999414
46 -22 1021761.4599999414
359 -22 1021761.4599999414
46 -22 1021761.4599999414
359 -22 1021761.4599999414
55 -123 1021761.4599999414
368 -123 1021761.4599999414
55 -123 1021761.4599999414
368 -123 1021761.4599999414
151 -156 1021761.4599999414
464 -156 1021761.4599999414
151 -156 1021761.4599999414
464 -156 1021761.4599999414
-64 -198 1021761.4599999414
-64 -198 1021761.4599999414
-55 -202 1021761.4599999414
-55 -202 1021761.4599999414
320 31 1021761.4599999414
435 52 1021761.4599999414
54 -127 1021761.4599999414
367 -127 1021761.4599999414
54 -127 1021761.4599999414
367 -127 1021761.4599999414
5.620000000000337 -15.920000000000073 1021761.4599999414
5.620000000000337 -15.920000000000073 1021761.4599999414
5.240000000000682 -15.800000000000182 1021761.4599999414
5.240000000000682 -15.800000000000182 1021761.4599999414
-9.960000000000036 -206.0 1021761.4599999414
-9.960000000000036 -206.0 1021761.4599999414
292.03999999999996 -95.01999999999998 1021761.4599999414
-20.960000000000036 -95.01999999999998 1021761.4599999414
292.03999999999996 -95.01999999999998 1021761.4599999414
-20.960000000000036 -95.01999999999998 1021761.4599999414
167.98000000000002 0.020000000000009094 1021761.4599999414
-7.990000000000919 -303.0099999999994 1021761.4599999414
-7.990000000000919 -303.0099999999994 1021761.4599999414
318.5500000000004 63.129999999999974 1021761.4599999414
356.91 10.850000000000136 1021761.4599999414
-91.95000000000005 -306.04999999999995 1021761.4599999414
-91.95000000000005 -306.04999999999995 1021761.4599999414
169.05999999999995 2.4799999999999898 1021761.4599999414
185.15999999999985 -0.3800000000005639 1021761.4599999414
185.15999999999985 -0.3800000000005639 1021761.4599999414
200.02999999999997 -1.9300000000000637 1021761.4599999414
200.02999999999997 -1.9300000000000637 1021761.4599999414
69.99 -10.170000000000755 1021761.4599999414
382.99 -10.170000000000755 1021761.4599999414
69.99 -10.170000000000755 1021761.4599999414
382.99 -10.170000000000755 1021761.4599999414
308.0899999999999 -29.930000000000064 1021761.4599999414
-4.910000000000082 -29.930000000000064 1021761.4599999414
308.0899999999999 -29.930000000000064 1021761.4599999414
-4.910000000000082 -29.930000000000064 1021761.4599999414
-7.880000000000109 -174.8800000000001 1021761.4599999414
-7.880000000000109 -174.8800000000001 1021761.4599999414
29.0 -12.620000000000346 1021761.4599999414
342.0 -12.620000000000346 1021761.4599999414
29.0 -12.620000000000346 1021761.4599999414
342.0 -12.620000000000346 1021761.4599999414
5.9200000000001705 -15.88000000000011 1021761.4599999414
318.9200000000002 -15.88000000000011 1021761.4599999414
5.9200000000001705 -15.88000000000011 1021761.4599999414
318.9200000000002 -15.88000000000011 1021761.4599999414
310.58999999999946 -10.530000000000427 1021761.4599999414
-2.4100000000005366 -10.530000000000427 1021761.4599999414
310.58999999999946 -10.530000000000427 1021761.4599999414
-2.4100000000005366 -10.530000000000427 1021761.4599999414
358.15 10.790000000000191 1021761.4599999414
-99.96000000000004 -311.15999999999985 1021761.4599999414
-99.96000000000004 -311.15999999999985 1021761.4599999414
308.9899999999991 -123.99000000000001 1021761.4599999414
-4.0100000000009 -123.99000000000001 1021761.4599999414
308.9899999999991 -123.99000000000001 1021761.4599999414
-4.0100000000009 -123.99000000000001 1021761.4599999414
209.95999999999913 31.82000000000017 1021761.4599999414
153.95000000000005 0.4300000000000093 1021761.4599999414
13.77000000000021 -108.8900000000001 1021761.4599999414
326.7700000000002 -108.8900000000001 1021761.4599999414
13.77000000000021 -108.8900000000001 1021761.4599999414
326.7700000000002 -108.8900000000001 1021761.4599999414
2.7000000000011823 -67.73999999999933 1021761.4599999414
315.7000000000012 -67.73999999999933 1021761.4599999414
2.7000000000011823 -67.73999999999933 1021761.4599999414
315.7000000000012 -67.73999999999933 1021761.4599999414
209.85000000000014 40.90999999999982 1021761.4599999414
10.240000000000691 -83.96000000000004 1021761.4599999414
323.2400000000007 -83.96000000000004 1021761.4599999414
10.240000000000691 -83.96000000000004 1021761.4599999414
323.2400000000007 -83.96000000000004 1021761.4599999414
-56.039999999999964 -300.39999999999964 1021761.4599999414
-56.039999999999964 -300.39999999999964 1021761.4599999414
144.86000000000104 8.98 1021761.4599999414
4.820000000001073 -15.740000000000236 1021761.4599999414
317.8200000000011 -15.740000000000236 1021761.4599999414
4.820000000001073 -15.740000000000236 1021761.4599999414
317.8200000000011 -15.740000000000236 1021761.4599999414
16.93999999999999 -13.360000000000582 1021761.4599999414
329.94 -13.360000000000582 1021761.4599999414
16.93999999999999 -13.360000000000582 1021761.4599999414
329.94 -13.360000000000582 1021761.4599999414
-7.920000000000982 -303.0999999999994 1021761.4599999414
-7.920000000000982 -303.0999999999994 1021761.4599999414
246.99 21.729999999999958 1021761.4599999414
232.60999999999945 -2.970000000000937 1021761.4599999414
232.60999999999945 -2.970000000000937 1021761.4599999414
313.5500000000013 27.210000000000033 1021761.4599999414
95.84999999999941 9.57000000000001 1021761.4599999414
280.5599999999995 31.360000000000056 1021761.4599999414
296.1299999999999 42.55000000000029 1021761.4599999414
300.8499999999992 -144.14999999999986 1021761.4599999414
-12.150000000000773 -144.14999999999986 1021761.4599999414
300.8499999999992 -144.14999999999986 1021761.4599999414
-12.150000000000773 -144.14999999999986 1021761.4599999414
288.03999999999996 18.319999999999894 1021761.4599999414
239.98000000000002 43.980000000000004 1021761.4599999414
198.94000000000005 3.2399999999999736 1021761.4599999414
312.0300000000009 50.99 1021761.4599999414
212.49000000000046 2.889999999999981 1021761.4599999414
138.38999999999965 26.92999999999999 1021761.4599999414
-8.540000000000418 -301.74 1021761.4599999414
-8.540000000000418 -301.74 1021761.4599999414
2.630000000001246 -31.99000000000001 1021761.4599999414
315.63000000000125 -31.99000000000001 1021761.4599999414
2.630000000001246 -31.99000000000001 1021761.4599999414
315.63000000000125 -31.99000000000001 1021761.4599999414
115.61000000000031 1.2899999999990914 1021761.4599999414
221.30999999999972 7.889999999999981 1021761.4599999414
182.28000000000065 34.379999999999924 1021761.4599999414
187.08999999999992 27.989999999999842 1021761.4599999414
161.98000000000002 13.98 1021761.4599999414
-8.940000000000055 -302.53999999999957 1021761.4599999414
-8.940000000000055 -302.53999999999957 1021761.4599999414
239.98000000000002 26.040000000000006 1021761.4599999414
271.96000000000095 26.020000000000003 1021761.4599999414
257.4399999999996 11.860000000000024 1021761.4599999414
253.94999999999914 40.56999999999989 1021761.4599999414
198.05999999999995 30.719999999999956 1021761.4599999414
181.04999999999995 11.709999999999985 1021761.4599999414
155.1100000000008 24.110000000000017 1021761.4599999414
232.73000000000116 24.050000000000008 1021761.4599999414
280.73000000000025 49.53000000000009 1021761.4599999414
164.01999999999907 27.280000000000044 1021761.4599999414
284.7500000000002 -4.690000000001191 1021761.4599999414
284.7500000000002 -4.690000000001191 1021761.4599999414
409.7999999999999 9.460000000000491 1021761.4599999414
298.98 51.9999999999998 1021761.4599999414
303.8900000000001 10.53000000000001 1021761.4599999414
356 76 1021761.4599999414
373 82 1021761.4599999414
443 113 1021761.4599999414
385 109 1021761.4599999414
457 131 1021761.4599999414
328 69 1021761.4599999414
382 88 1021761.4599999414
405 98 1021761.4599999414
404 100 1021761.4599999414
427 88 1021761.4599999414
392 99 1021761.4599999414
318.9900000000009 71.25000000000013 1021761.4599999414
226.1099999999999 53.65000000000007 1021761.4599999414
129.01999999999998 32.720000000000056 1021761.4599999414
185.0 45.779999999999646 1021761.4599999414
275.0100000000009 75.68999999999984 1021761.4599999414
278.08000000000084 58.45999999999991 1021761.4599999414
235.35999999999876 61.81999999999984 1021761.4599999414
286.4499999999987 72.90999999999995 1021761.4599999414
219.5700000000013 55.56999999999989 1021761.4599999414
122.29999999999913 34.74000000000005 1021761.4599999414
99.87999999999994 25.46000000000023 1021761.4599999414
44.279999999999944 9.56000000000003 1021761.4599999414
-58 -50 1021761.4599999414
-58 -50 1021761.4599999414
-98 -83 1021761.4599999414
-98 -83 1021761.4599999414
-130 -108 1021761.4599999414
-130 -108 1021761.4599999414
-55 -132 1021761.4599999414
-55 -132 1021761.4599999414
-112 -68 1021761.4599999414
-112 -68 1021761.4599999414
-61 -137 1021761.4599999414
-61 -137 1021761.4599999414
-112 -180 1021761.4599999414
-112 -180 1021761.4599999414
-81 -86 1021761.4599999414
-81 -86 1021761.4599999414
-114 -203 1021761.4599999414
-114 -203 1021761.4599999414
-149 -235 1021761.4599999414
-149 -235 1021761.4599999414
-81 -42 1021761.4599999414
-81 -42 1021761.4599999414
-65 -149 1021761.4599999414
-65 -149 1021761.4599999414
-146 -169 1021761.4599999414
-146 -169 1021761.4599999414
-72 -39 1021761.4599999414
-72 -39 1021761.4599999414
-151 -133 1021761.4599999414
-151 -133 1021761.4599999414
-84 -38 1021761.4599999414
-84 -38 1021761.4599999414
-155 -166 1021761.4599999414
-155 -166 1021761.4599999414
-106 -157 1021761.4599999414
-106 -157 1021761.4599999414
-110 -198 1021761.4599999414
-110 -198 1021761.4599999414
-65 -49 1021761.4599999414
-65 -49 1021761.4599999414
-144 -311 1021761.4599999414
-144 -311 1021761.4599999414
-150 -286 1021761.4599999414
-150 -286 1021761.4599999414
-115 -174 1021761.4599999414
-115 -174 1021761.4599999414
-155 -193 1021761.4599999414
-155 -193 1021761.4599999414
-25 -20 1021761.4599999414
-25 -20 1021761.4599999414
-128 -269 1021761.4599999414
-128 -269 1021761.4599999414
-151 -299 1021761.4599999414
-151 -299 1021761.4599999414
-142 -109 1021761.4599999414
-142 -109 1021761.4599999414
-77 -149 1021761.4599999414
-77 -149 1021761.4599999414
-121 -165 1021761.4599999414
-121 -165 1021761.4599999414
-155 -251 1021761.4599999414
-155 -251 1021761.4599999414
-124 -236 1021761.4599999414
-124 -236 1021761.4599999414
-116 -209 1021761.4599999414
-116 -209 1021761.4599999414
-76 -163 1021761.4599999414
-76 -163 1021761.4599999414
-126 -284 1021761.4599999414
-126 -284 1021761.4599999414
-130 -279 1021761.4599999414
-130 -279 1021761.4599999414
-76 -187 1021761.4599999414
-76 -187 1021761.4599999414
-61 -77 1021761.4599999414
-61 -77 1021761.4599999414
-128 -217 1021761.4599999414
-128 -217 1021761.4599999414
-68 -71 1021761.4599999414
-68 -71 1021761.4599999414
-48 -85 1021761.4599999414
-48 -85 1021761.4599999414
-71 -24 1021761.4599999414
-71 -24 1021761.4599999414
-123 -193 1021761.4599999414
-123 -193 1021761.4599999414
-132 -179 1021761.4599999414
-132 -179 1021761.4599999414
-143 -200 1021761.4599999414
-143 -200 1021761.4599999414
-92 -202 1021761.4599999414
-92 -202 1021761.4599999414
-137 -207 1021761.4599999414
-137 -207 1021761.4599999414
-150 -85 1021761.4599999414
-150 -85 1021761.4599999414
-138 -107 1021761.4599999414
-138 -107 1021761.4599999414
-143 -46 1021761.4599999414
-143 -46 1021761.4599999414
-136 -149 1021761.4599999414
-136 -149 1021761.4599999414
-93 -220 1021761.4599999414
-93 -220 1021761.4599999414
-85 -43 1021761.4599999414
-85 -43 1021761.4599999414
-108 -238 1021761.4599999414
-108 -238 1021761.4599999414
-60 -58 1021761.4599999414
-60 -58 1021761.4599999414
-103 -183 1021761.4599999414
-103 -183 1021761.4599999414
-72 -105 1021761.4599999414
-72 -105 1021761.4599999414
-135 -168 1021761.4599999414
-135 -168 1021761.4599999414
-115 -282 1021761.4599999414
-115 -282 1021761.4599999414
-138 -225 1021761.4599999414
-138 -225 1021761.4599999414
-138 -50 1021761.4599999414
-138 -50 1021761.4599999414
-132 -302 1021761.4599999414
-132 -302 1021761.4599999414
-70 -37 1021761.4599999414
-70 -37 1021761.4599999414
-107 -193 1021761.4599999414
-107 -193 1021761.4599999414
-71 -132 1021761.4599999414
-71 -132 1021761.4599999414
-116 -210 1021761.4599999414
-116 -210 1021761.4599999414
-107 -121 1021761.4599999414
-107 -121 1021761.4599999414
-155 -260 1021761.4599999414
-155 -260 1021761.4599999414
-132 -124 1021761.4599999414
-132 -124 1021761.4599999414
-126 -238 1021761.4599999414
-126 -238 1021761.4599999414
-96 -190 1021761.4599999414
-96 -190 1021761.4599999414
-145 -313 1021761.4599999414
-145 -313 1021761.4599999414
-104 -34 1021761.4599999414
-104 -34 1021761.4599999414
-151 -135 1021761.4599999414
-151 -135 1021761.4599999414
-117 -55 1021761.4599999414
-117 -55 1021761.4599999414
-88 -61 1021761.4599999414
-88 -61 1021761.4599999414
-114 -176 1021761.4599999414
-114 -176 1021761.4599999414
-92 -80 1021761.4599999414
-92 -80 1021761.4599999414
-39 -92 1021761.4599999414
-39 -92 1021761.4599999414
-150.1199999999999 -312.3599999999997 1021761.4599999414
-150.1199999999999 -312.3599999999997 1021761.4599999414
-122.87000000000012 -312.48999999999955 1021761.4599999414
-122.87000000000012 -312.48999999999955 1021761.4599999414
-114 -24 1021761.4599999414
-114 -24 1021761.4599999414
-78 -21 1021761.4599999414
-78 -21 1021761.4599999414
-95 -26 1021761.4599999414
-95 -26 1021761.4599999414
-137 -31 1021761.4599999414
-137 -31 1021761.4599999414
-143 -35 1021761.4599999414
-143 -35 1021761.4599999414
-148 -33 1021761.4599999414
-148 -33 1021761.4599999414
-75 -18 1021761.4599999414
-75 -18 1021761.4599999414
