21 444 1069613.9800000123
-32 50 1069613.9800000123
-32 50 1069613.9800000123
-34 130 1069613.9800000123
-34 130 1069613.9800000123
22 469 1069613.9800000123
-44 87 1069613.9800000123
-44 87 1069613.9800000123
-58 263 1069613.9800000123
-58 263 1069613.9800000123
-98 230 1069613.9800000123
-98 230 1069613.9800000123
-92 7 1069613.9800000123
-92 7 1069613.9800000123
-130 205 1069613.9800000123
-130 205 1069613.9800000123
-55 181 1069613.9800000123
-55 181 1069613.9800000123
43 389 1069613.9800000123
-49 127 1069613.9800000123
-49 127 1069613.9800000123
-8 138 1069613.9800000123
-8 138 1069613.9800000123
-112 245 1069613.9800000123
-112 245 1069613.9800000123
60 395 1069613.9800000123
-114 2 1069613.9800000123
-114 2 1069613.9800000123
-61 176 1069613.9800000123
-61 176 1069613.9800000123
-114 289 1069613.9800000123
-114 289 1069613.9800000123
71 338 1069613.9800000123
106 466 1069613.9800000123
55 466 1069613.9800000123
42 365 1069613.9800000123
-15 264 1069613.9800000123
-15 264 1069613.9800000123
-78 292 1069613.9800000123
-78 292 1069613.9800000123
-112 133 1069613.9800000123
-112 133 1069613.9800000123
-40 26 1069613.9800000123
-40 26 1069613.9800000123
5 363 1069613.9800000123
-81 227 1069613.9800000123
-81 227 1069613.9800000123
39 353 1069613.9800000123
50 459 1069613.9800000123
-103 40 1069613.9800000123
-103 40 1069613.9800000123
-114 110 1069613.9800000123
-114 110 1069613.9800000123
130 426 1069613.9800000123
-149 78 1069613.9800000123
-149 78 1069613.9800000123
-100 2 1069613.9800000123
-100 2 1069613.9800000123
-37 76 1069613.9800000123
-37 76 1069613.9800000123
-81 271 1069613.9800000123
-81 271 1069613.9800000123
-10 107 1069613.9800000123
-10 107 1069613.9800000123
66 447 1069613.9800000123
133 367 1069613.9800000123
-65 164 1069613.9800000123
-65 164 1069613.9800000123
-89 81 1069613.9800000123
-89 81 1069613.9800000123
-79 24 1069613.9800000123
-79 24 1069613.9800000123
15 355 1069613.9800000123
147 456 1069613.9800000123
-95 287 1069613.9800000123
-95 287 1069613.9800000123
-46 102 1069613.9800000123
-46 102 1069613.9800000123
72 422 1069613.9800000123
-137 282 1069613.9800000123
-137 282 1069613.9800000123
-146 144 1069613.9800000123
167 457 1069613.9800000123
-146 144 1069613.9800000123
167 457 1069613.9800000123
96 458 1069613.9800000123
-14 94 1069613.9800000123
-14 94 1069613.9800000123
-72 274 1069613.9800000123
-72 274 1069613.9800000123
-143 278 1069613.9800000123
-143 278 1069613.9800000123
-151 180 1069613.9800000123
-151 180 1069613.9800000123
23 457 1069613.9800000123
144 444 1069613.9800000123
131 368 1069613.9800000123
-84 275 1069613.9800000123
-84 275 1069613.9800000123
98 455 1069613.9800000123
-100 306 1069613.9800000123
-100 -7 1069613.9800000123
-100 306 1069613.9800000123
-100 -7 1069613.9800000123
-155 147 1069613.9800000123
158 460 1069613.9800000123
-155 147 1069613.9800000123
158 460 1069613.9800000123
15 382 1069613.9800000123
52 379 1069613.9800000123
-106 156 1069613.9800000123
-106 156 1069613.9800000123
-31 198 1069613.9800000123
-31 198 1069613.9800000123
-110 115 1069613.9800000123
-110 115 1069613.9800000123
-65 264 1069613.9800000123
-65 264 1069613.9800000123
69 401 1069613.9800000123
-144 2 1069613.9800000123
-144 2 1069613.9800000123
48 353 1069613.9800000123
66 349 1069613.9800000123
16 443 1069613.9800000123
-150 27 1069613.9800000123
-150 27 1069613.9800000123
150 397 1069613.9800000123
-115 139 1069613.9800000123
-115 139 1069613.9800000123
-155 120 1069613.9800000123
158 433 1069613.9800000123
-155 120 1069613.9800000123
158 433 1069613.9800000123
100 337 1069613.9800000123
-104 33 1069613.9800000123
-104 33 1069613.9800000123
-25 293 1069613.9800000123
-25 293 1069613.9800000123
-128 44 1069613.9800000123
-128 44 1069613.9800000123
129 346 1069613.9800000123
-151 14 1069613.9800000123
-151 14 1069613.9800000123
-142 204 1069613.9800000123
-142 204 1069613.9800000123
-77 164 1069613.9800000123
-77 164 1069613.9800000123
-121 148 1069613.9800000123
-121 148 1069613.9800000123
-155 62 1069613.9800000123
-155 62 1069613.9800000123
53 437 1069613.9800000123
-25 193 1069613.9800000123
-25 193 1069613.9800000123
-124 77 1069613.9800000123
-124 77 1069613.9800000123
-87 54 1069613.9800000123
-87 54 1069613.9800000123
42 445 1069613.9800000123
92 411 1069613.9800000123
-33 31 1069613.9800000123
-33 31 1069613.9800000123
-116 104 1069613.9800000123
-116 104 1069613.9800000123
-76 150 1069613.9800000123
-76 150 1069613.9800000123
-126 29 1069613.9800000123
-126 29 1069613.9800000123
-130 34 1069613.9800000123
-130 34 1069613.9800000123
-56 158 1069613.9800000123
-56 158 1069613.9800000123
-148 280 1069613.9800000123
-148 280 1069613.9800000123
133 363 1069613.9800000123
-154 284 1069613.9800000123
-154 -29 1069613.9800000123
-154 284 1069613.9800000123
-154 -29 1069613.9800000123
-76 126 1069613.9800000123
-76 126 1069613.9800000123
-60 40 1069613.9800000123
-60 40 1069613.9800000123
118 451 1069613.9800000123
-61 236 1069613.9800000123
-61 236 1069613.9800000123
119 389 1069613.9800000123
-128 96 1069613.9800000123
-128 96 1069613.9800000123
-45 174 1069613.9800000123
-45 174 1069613.9800000123
-92 55 1069613.9800000123
-92 55 1069613.9800000123
90 371 1069613.9800000123
-68 242 1069613.9800000123
-68 242 1069613.9800000123
-31 169 1069613.9800000123
-31 169 1069613.9800000123
-48 228 1069613.9800000123
-48 228 1069613.9800000123
-29 109 1069613.9800000123
-29 109 1069613.9800000123
-71 289 1069613.9800000123
-71 289 1069613.9800000123
-47 133 1069613.9800000123
-47 133 1069613.9800000123
124 348 1069613.9800000123
-123 120 1069613.9800000123
-123 120 1069613.9800000123
-73 44 1069613.9800000123
-73 44 1069613.9800000123
99 451 1069613.9800000123
-132 134 1069613.9800000123
-132 134 1069613.9800000123
-28 73 1069613.9800000123
-28 73 1069613.9800000123
59 387 1069613.9800000123
-75 295 1069613.9800000123
-75 295 1069613.9800000123
-143 113 1069613.9800000123
-143 113 1069613.9800000123
-66 22 1069613.9800000123
-66 22 1069613.9800000123
-20 254 1069613.9800000123
-20 254 1069613.9800000123
-92 111 1069613.9800000123
-92 111 1069613.9800000123
-137 106 1069613.9800000123
-137 106 1069613.9800000123
-150 228 1069613.9800000123
-150 228 1069613.9800000123
-51 152 1069613.9800000123
-51 152 1069613.9800000123
-138 206 1069613.9800000123
-138 206 1069613.9800000123
-143 267 1069613.9800000123
-143 267 1069613.9800000123
-136 164 1069613.9800000123
-136 164 1069613.9800000123
31 334 1069613.9800000123
-56 86 1069613.9800000123
-56 86 1069613.9800000123
-34 58 1069613.9800000123
-34 58 1069613.9800000123
-93 93 1069613.9800000123
-93 93 1069613.9800000123
-73 26 1069613.9800000123
-73 26 1069613.9800000123
131 381 1069613.9800000123
-85 270 1069613.9800000123
-85 270 1069613.9800000123
-108 75 1069613.9800000123
-108 75 1069613.9800000123
-60 255 1069613.9800000123
-60 255 1069613.9800000123
-103 130 1069613.9800000123
-103 130 1069613.9800000123
62 350 1069613.9800000123
-72 208 1069613.9800000123
-72 208 1069613.9800000123
-135 145 1069613.9800000123
-135 145 1069613.9800000123
146 455 1069613.9800000123
36 349 1069613.9800000123
-60 82 1069613.9800000123
-60 82 1069613.9800000123
-115 31 1069613.9800000123
-115 31 1069613.9800000123
3 445 1069613.9800000123
24 419 1069613.9800000123
-138 88 1069613.9800000123
-138 88 1069613.9800000123
-138 263 1069613.9800000123
-138 263 1069613.9800000123
22 376 1069613.9800000123
-132 11 1069613.9800000123
-132 11 1069613.9800000123
-70 276 1069613.9800000123
-70 276 1069613.9800000123
42 466 1069613.9800000123
109 462 1069613.9800000123
-107 120 1069613.9800000123
-107 120 1069613.9800000123
-71 181 1069613.9800000123
-71 181 1069613.9800000123
15 340 1069613.9800000123
-17 44 1069613.9800000123
-17 44 1069613.9800000123
-116 103 1069613.9800000123
-116 103 1069613.9800000123
-107 192 1069613.9800000123
-107 192 1069613.9800000123
46 331 1069613.9800000123
-14 51 1069613.9800000123
-14 51 1069613.9800000123
-155 53 1069613.9800000123
-155 53 1069613.9800000123
-25 19 1069613.9800000123
-25 19 1069613.9800000123
-132 189 1069613.9800000123
-132 189 1069613.9800000123
-126 75 1069613.9800000123
-126 75 1069613.9800000123
-96 123 1069613.9800000123
-96 123 1069613.9800000123
105 378 1069613.9800000123
-79 61 1069613.9800000123
-79 61 1069613.9800000123
34 424 1069613.9800000123
-148 303 1069613.9800000123
-148 -10 1069613.9800000123
-148 303 1069613.9800000123
-148 -10 1069613.9800000123
-28 181 1069613.9800000123
-28 181 1069613.9800000123
-145 0 1069613.9800000123
-145 0 1069613.9800000123
49 429 1069613.9800000123
-104 279 1069613.9800000123
-104 279 1069613.9800000123
-151 178 1069613.9800000123
-151 178 1069613.9800000123
0 364 1069613.9800000123
-117 258 1069613.9800000123
-117 258 1069613.9800000123
91 413 1069613.9800000123
72 360 1069613.9800000123
-88 252 1069613.9800000123
-88 252 1069613.9800000123
95 451 1069613.9800000123
98 395 1069613.9800000123
70 447 1069613.9800000123
-114 137 1069613.9800000123
-114 137 1069613.9800000123
-92 233 1069613.9800000123
-92 233 1069613.9800000123
126 460 1069613.9800000123
-39 221 1069613.9800000123
-39 221 1069613.9800000123
114 401 1069613.9800000123
-64 115 1069613.9800000123
-64 115 1069613.9800000123
-55 111 1069613.9800000123
-55 111 1069613.9800000123
7 344 1069613.9800000123
79 412 1069613.9800000123
122 365 1069613.9800000123
43.99 323.99 1069613.9800000123
-20.99000000000001 217.99 1069613.9800000123
-20.99000000000001 217.99 1069613.9800000123
45.0 323.98 1069613.9800000123
-8.970000000000027 10.990000000000018 1069613.9800000123
-8.970000000000027 10.990000000000018 1069613.9800000123
50.0 169.98000000000002 1069613.9800000123
-4.960000000000036 283.03999999999996 1069613.9800000123
-4.960000000000036 283.03999999999996 1069613.9800000123
-123.01999999999998 0.9800000000000182 1069613.9800000123
-123.01999999999998 0.9800000000000182 1069613.9800000123
-8.970000000000027 10.930000000000037 1069613.9800000123
-8.970000000000027 10.930000000000037 1069613.9800000123
96.96999999999998 322.95000000000005 1069613.9800000123
93.02000000000001 249.0 1069613.9800000123
64.02000000000001 260.03999999999996 1069613.9800000123
-144.99 312.99 1069613.9800000123
-144.99 -0.009999999999990905 1069613.9800000123
-144.99 312.99 1069613.9800000123
-144.99 -0.009999999999990905 1069613.9800000123
-8.930000000000064 10.890000000000082 1069613.9800000123
-8.930000000000064 10.890000000000082 1069613.9800000123
5.9300000000000015 243.91000000000008 1069613.9800000123
-4.940000000000055 189.0 1069613.9800000123
-4.940000000000055 189.0 1069613.9800000123
6.8900000000001 383.95 1069613.9800000123
12.269999999999994 243.16999999999985 1069613.9800000123
88.94999999999997 245.93000000000006 1069613.9800000123
-56.01999999999998 12.960000000000036 1069613.9800000123
-56.01999999999998 12.960000000000036 1069613.9800000123
5.01 49.970000000000006 1069613.9800000123
41.94000000000001 153.0 1069613.9800000123
28.07000000000001 203.01 1069613.9800000123
3.1099999999999977 115.90999999999995 1069613.9800000123
47.99 171.02999999999997 1069613.9800000123
2.910000000000082 428.99 1069613.9800000123
-2.9700000000000273 302.03 1069613.9800000123
-2.9700000000000273 302.03 1069613.9800000123
24.92999999999999 210.1099999999999 1069613.9800000123
-8.900000000000091 10.86000000000011 1069613.9800000123
-8.900000000000091 10.86000000000011 1069613.9800000123
15.910000000000002 129.93000000000006 1069613.9800000123
25.01 277.85000000000014 1069613.9800000123
-0.8800000000001091 257.02 1069613.9800000123
-0.8800000000001091 257.02 1069613.9800000123
6.01 296.99 1069613.9800000123
6.960000000000001 30.979999999999997 1069613.9800000123
76.17000000000009 228.02999999999997 1069613.9800000123
-112.99000000000001 311.01 1069613.9800000123
-112.99000000000001 -1.990000000000009 1069613.9800000123
-112.99000000000001 311.01 1069613.9800000123
-112.99000000000001 -1.990000000000009 1069613.9800000123
15.089999999999998 41.99 1069613.9800000123
13.770000000000005 204.12999999999988 1069613.9800000123
9.093420461070423e-15 51.03999999999999 1069613.9800000123
5.940000000000055 376.02 1069613.9800000123
62.86000000000003 260.05999999999995 1069613.9800000123
22.12000000000002 62.90000000000002 1069613.9800000123
-12.88000000000011 168.98000000000002 1069613.9800000123
-12.88000000000011 168.98000000000002 1069613.9800000123
32.08999999999998 213.95000000000005 1069613.9800000123
-80.95000000000005 309.0899999999999 1069613.9800000123
-80.95000000000005 -3.910000000000082 1069613.9800000123
-80.95000000000005 309.0899999999999 1069613.9800000123
-80.95000000000005 -3.910000000000082 1069613.9800000123
47.870000000000026 260.8900000000001 1069613.9800000123
88.91999999999996 255.2199999999998 1069613.9800000123
85.92999999999996 250.99 1069613.9800000123
70.06000000000003 301.8000000000002 1069613.9800000123
38.05999999999999 275.98 1069613.9800000123
29.020000000000003 300.03999999999996 1069613.9800000123
29.0 188.94000000000005 1069613.9800000123
21.87999999999998 156.25999999999976 1069613.9800000123
1.8900000000001 340.03000000000003 1069613.9800000123
-128.0 312.05999999999995 1069613.9800000123
-128.0 -0.9400000000000546 1069613.9800000123
-128.0 312.05999999999995 1069613.9800000123
-128.0 -0.9400000000000546 1069613.9800000123
11.02 228.92000000000007 1069613.9800000123
55.08999999999998 190.04999999999995 1069613.9800000123
2.9700000000000273 412.01 1069613.9800000123
53.09999999999998 169.01999999999998 1069613.9800000123
68.0 313.7800000000002 1069613.9800000123
40.23999999999995 221.15999999999985 1069613.9800000123
62.14999999999997 179.91000000000008 1069613.9800000123
43.069999999999986 190.1099999999999 1069613.9800000123
6.870000000000003 71.05000000000003 1069613.9800000123
95.06000000000003 252.13999999999987 1069613.9800000123
71.93999999999997 231.05999999999995 1069613.9800000123
20.01 198.97000000000003 1069613.9800000123
3.049999999999999 132.01 1069613.9800000123
58.03999999999999 210.98000000000002 1069613.9800000123
23.889999999999983 105.84999999999992 1069613.9800000123
21.110000000000017 130.95000000000005 1069613.9800000123
46.129999999999974 290.99 1069613.9800000123
-150.0 0.9800000000000182 1069613.9800000123
-150.0 0.9800000000000182 1069613.9800000123
50.08999999999998 145.95000000000005 1069613.9800000123
37.76000000000005 178.80000000000018 1069613.9800000123
55.18999999999996 153.04999999999995 1069613.9800000123
55.91000000000002 241.01 1069613.9800000123
34.04999999999999 110.94999999999997 1069613.9800000123
4.0 246.03999999999996 1069613.9800000123
41.96000000000001 132.07999999999993 1069613.9800000123
70.14000000000007 261.05999999999995 1069613.9800000123
17.01 299.0899999999999 1069613.9800000123
23.07000000000001 143.91000000000008 1069613.9800000123
6.02 62.920000000000016 1069613.9800000123
28.01 289.99 1069613.9800000123
33.820000000000036 226.17999999999984 1069613.9800000123
53.980000000000004 185.94000000000005 1069613.9800000123
-28.00999999999999 307.16999999999985 1069613.9800000123
-28.00999999999999 307.16999999999985 1069613.9800000123
40.930000000000014 158.04999999999995 1069613.9800000123
-38.159999999999854 0.7400000000002365 1069613.9800000123
-38.159999999999854 0.7400000000002365 1069613.9800000123
63.96000000000001 219.98000000000002 1069613.9800000123
4.0 280.9000000000001 1069613.9800000123
18.969999999999995 279.97 1069613.9800000123
15.0 69.10000000000005 1069613.9800000123
12.98 187.94000000000005 1069613.9800000123
102.97999999999999 296.8600000000001 1069613.9800000123
3.1199999999999974 98.91999999999996 1069613.9800000123
334 131 1069613.9800000123
334 444 1069613.9800000123
347 226 1069613.9800000123
347 226 1069613.9800000123
281 363 1069613.9800000123
281 363 1069613.9800000123
454 240 1069613.9800000123
454 240 1069613.9800000123
279 443 1069613.9800000123
279 443 1069613.9800000123
335 156 1069613.9800000123
335 469 1069613.9800000123
269 400 1069613.9800000123
269 400 1069613.9800000123
420 159 1069613.9800000123
420 159 1069613.9800000123
221 320 1069613.9800000123
221 320 1069613.9800000123
356 389 1069613.9800000123
264 440 1069613.9800000123
264 440 1069613.9800000123
402 218 1069613.9800000123
402 218 1069613.9800000123
447 276 1069613.9800000123
447 276 1069613.9800000123
305 451 1069613.9800000123
305 451 1069613.9800000123
448 279 1069613.9800000123
448 279 1069613.9800000123
373 395 1069613.9800000123
199 315 1069613.9800000123
199 315 1069613.9800000123
464 254 1069613.9800000123
464 254 1069613.9800000123
377 220 1069613.9800000123
377 220 1069613.9800000123
384 338 1069613.9800000123
419 153 1069613.9800000123
419 466 1069613.9800000123
368 153 1069613.9800000123
368 466 1069613.9800000123
355 365 1069613.9800000123
442 183 1069613.9800000123
442 183 1069613.9800000123
402 255 1069613.9800000123
402 255 1069613.9800000123
423 212 1069613.9800000123
423 212 1069613.9800000123
325 243 1069613.9800000123
325 243 1069613.9800000123
201 446 1069613.9800000123
201 446 1069613.9800000123
273 339 1069613.9800000123
273 339 1069613.9800000123
318 363 1069613.9800000123
352 353 1069613.9800000123
363 146 1069613.9800000123
363 459 1069613.9800000123
210 353 1069613.9800000123
210 353 1069613.9800000123
351 276 1069613.9800000123
351 276 1069613.9800000123
199 423 1069613.9800000123
199 423 1069613.9800000123
377 260 1069613.9800000123
377 260 1069613.9800000123
443 426 1069613.9800000123
164 391 1069613.9800000123
164 391 1069613.9800000123
213 315 1069613.9800000123
213 315 1069613.9800000123
276 389 1069613.9800000123
276 389 1069613.9800000123
449 283 1069613.9800000123
449 283 1069613.9800000123
326 188 1069613.9800000123
326 188 1069613.9800000123
356 190 1069613.9800000123
356 190 1069613.9800000123
303 420 1069613.9800000123
303 420 1069613.9800000123
379 134 1069613.9800000123
379 447 1069613.9800000123
446 367 1069613.9800000123
224 394 1069613.9800000123
224 394 1069613.9800000123
436 175 1069613.9800000123
436 175 1069613.9800000123
146 322 1069613.9800000123
459 322 1069613.9800000123
234 337 1069613.9800000123
234 337 1069613.9800000123
328 355 1069613.9800000123
460 143 1069613.9800000123
460 456 1069613.9800000123
267 415 1069613.9800000123
267 415 1069613.9800000123
385 422 1069613.9800000123
345 214 1069613.9800000123
345 214 1069613.9800000123
409 145 1069613.9800000123
409 458 1069613.9800000123
438 228 1069613.9800000123
438 228 1069613.9800000123
299 407 1069613.9800000123
299 407 1069613.9800000123
361 261 1069613.9800000123
361 261 1069613.9800000123
336 144 1069613.9800000123
336 457 1069613.9800000123
457 444 1069613.9800000123
455 254 1069613.9800000123
455 254 1069613.9800000123
444 368 1069613.9800000123
156 337 1069613.9800000123
469 337 1069613.9800000123
430 182 1069613.9800000123
430 182 1069613.9800000123
366 169 1069613.9800000123
366 169 1069613.9800000123
408 243 1069613.9800000123
408 243 1069613.9800000123
411 142 1069613.9800000123
411 455 1069613.9800000123
328 382 1069613.9800000123
365 379 1069613.9800000123
207 469 1069613.9800000123
207 469 1069613.9800000123
138 340 1069613.9800000123
451 340 1069613.9800000123
354 158 1069613.9800000123
354 158 1069613.9800000123
203 428 1069613.9800000123
203 428 1069613.9800000123
338 210 1069613.9800000123
338 210 1069613.9800000123
382 401 1069613.9800000123
169 315 1069613.9800000123
169 315 1069613.9800000123
361 353 1069613.9800000123
379 349 1069613.9800000123
329 130 1069613.9800000123
329 443 1069613.9800000123
163 340 1069613.9800000123
163 340 1069613.9800000123
463 397 1069613.9800000123
198 452 1069613.9800000123
198 452 1069613.9800000123
413 337 1069613.9800000123
209 346 1069613.9800000123
209 346 1069613.9800000123
185 357 1069613.9800000123
185 357 1069613.9800000123
442 346 1069613.9800000123
399 251 1069613.9800000123
399 251 1069613.9800000123
162 327 1069613.9800000123
162 327 1069613.9800000123
192 461 1069613.9800000123
192 461 1069613.9800000123
158 375 1069613.9800000123
158 375 1069613.9800000123
366 124 1069613.9800000123
366 437 1069613.9800000123
338 278 1069613.9800000123
338 278 1069613.9800000123
189 390 1069613.9800000123
189 390 1069613.9800000123
226 367 1069613.9800000123
226 367 1069613.9800000123
355 132 1069613.9800000123
355 445 1069613.9800000123
405 411 1069613.9800000123
418 181 1069613.9800000123
418 181 1069613.9800000123
280 344 1069613.9800000123
280 344 1069613.9800000123
197 417 1069613.9800000123
197 417 1069613.9800000123
333 199 1069613.9800000123
333 199 1069613.9800000123
237 463 1069613.9800000123
237 463 1069613.9800000123
400 197 1069613.9800000123
400 197 1069613.9800000123
187 342 1069613.9800000123
187 342 1069613.9800000123
183 347 1069613.9800000123
183 347 1069613.9800000123
351 179 1069613.9800000123
351 179 1069613.9800000123
446 363 1069613.9800000123
237 439 1069613.9800000123
237 439 1069613.9800000123
253 353 1069613.9800000123
253 353 1069613.9800000123
431 138 1069613.9800000123
431 451 1069613.9800000123
361 171 1069613.9800000123
361 171 1069613.9800000123
432 258 1069613.9800000123
432 258 1069613.9800000123
402 246 1069613.9800000123
402 246 1069613.9800000123
319 244 1069613.9800000123
319 244 1069613.9800000123
432 389 1069613.9800000123
332 280 1069613.9800000123
332 280 1069613.9800000123
185 409 1069613.9800000123
185 409 1069613.9800000123
426 175 1069613.9800000123
426 175 1069613.9800000123
221 368 1069613.9800000123
221 368 1069613.9800000123
403 371 1069613.9800000123
284 422 1069613.9800000123
284 422 1069613.9800000123
266 446 1069613.9800000123
266 446 1069613.9800000123
437 348 1069613.9800000123
190 433 1069613.9800000123
190 433 1069613.9800000123
240 357 1069613.9800000123
240 357 1069613.9800000123
341 290 1069613.9800000123
341 290 1069613.9800000123
412 138 1069613.9800000123
412 451 1069613.9800000123
181 447 1069613.9800000123
181 447 1069613.9800000123
285 386 1069613.9800000123
285 386 1069613.9800000123
372 387 1069613.9800000123
170 426 1069613.9800000123
170 426 1069613.9800000123
247 335 1069613.9800000123
247 335 1069613.9800000123
467 163 1069613.9800000123
467 163 1069613.9800000123
221 424 1069613.9800000123
221 424 1069613.9800000123
176 419 1069613.9800000123
176 419 1069613.9800000123
262 465 1069613.9800000123
262 465 1069613.9800000123
344 334 1069613.9800000123
453 218 1069613.9800000123
453 218 1069613.9800000123
257 399 1069613.9800000123
257 399 1069613.9800000123
399 178 1069613.9800000123
399 178 1069613.9800000123
279 371 1069613.9800000123
279 371 1069613.9800000123
341 203 1069613.9800000123
341 203 1069613.9800000123
369 241 1069613.9800000123
369 241 1069613.9800000123
220 406 1069613.9800000123
220 406 1069613.9800000123
240 339 1069613.9800000123
240 339 1069613.9800000123
444 381 1069613.9800000123
205 388 1069613.9800000123
205 388 1069613.9800000123
375 180 1069613.9800000123
375 180 1069613.9800000123
418 174 1069613.9800000123
418 174 1069613.9800000123
210 443 1069613.9800000123
210 443 1069613.9800000123
375 350 1069613.9800000123
178 458 1069613.9800000123
178 458 1069613.9800000123
453 160 1069613.9800000123
453 160 1069613.9800000123
459 142 1069613.9800000123
459 455 1069613.9800000123
449 172 1069613.9800000123
449 172 1069613.9800000123
152 363 1069613.9800000123
465 363 1069613.9800000123
349 349 1069613.9800000123
253 395 1069613.9800000123
253 395 1069613.9800000123
371 211 1069613.9800000123
371 211 1069613.9800000123
198 344 1069613.9800000123
198 344 1069613.9800000123
342 189 1069613.9800000123
342 189 1069613.9800000123
385 231 1069613.9800000123
385 231 1069613.9800000123
316 132 1069613.9800000123
316 445 1069613.9800000123
337 106 1069613.9800000123
337 419 1069613.9800000123
175 401 1069613.9800000123
175 401 1069613.9800000123
383 261 1069613.9800000123
383 261 1069613.9800000123
390 165 1069613.9800000123
390 165 1069613.9800000123
335 376 1069613.9800000123
181 324 1069613.9800000123
181 324 1069613.9800000123
355 153 1069613.9800000123
355 466 1069613.9800000123
467 313 1069613.9800000123
422 149 1069613.9800000123
422 462 1069613.9800000123
457 290 1069613.9800000123
457 290 1069613.9800000123
206 433 1069613.9800000123
206 433 1069613.9800000123
328 340 1069613.9800000123
363 170 1069613.9800000123
363 170 1069613.9800000123
296 357 1069613.9800000123
296 357 1069613.9800000123
197 416 1069613.9800000123
197 416 1069613.9800000123
416 297 1069613.9800000123
416 297 1069613.9800000123
359 331 1069613.9800000123
299 364 1069613.9800000123
299 364 1069613.9800000123
158 366 1069613.9800000123
158 366 1069613.9800000123
288 332 1069613.9800000123
288 332 1069613.9800000123
187 388 1069613.9800000123
187 388 1069613.9800000123
424 180 1069613.9800000123
424 180 1069613.9800000123
427 215 1069613.9800000123
427 215 1069613.9800000123
217 436 1069613.9800000123
217 436 1069613.9800000123
389 228 1069613.9800000123
389 228 1069613.9800000123
418 378 1069613.9800000123
234 374 1069613.9800000123
234 374 1069613.9800000123
347 111 1069613.9800000123
347 424 1069613.9800000123
353 221 1069613.9800000123
353 221 1069613.9800000123
362 116 1069613.9800000123
362 429 1069613.9800000123
410 176 1069613.9800000123
410 176 1069613.9800000123
463 280 1069613.9800000123
463 280 1069613.9800000123
313 364 1069613.9800000123
421 206 1069613.9800000123
421 206 1069613.9800000123
404 413 1069613.9800000123
376 260 1069613.9800000123
376 260 1069613.9800000123
385 360 1069613.9800000123
422 252 1069613.9800000123
422 252 1069613.9800000123
408 252 1069613.9800000123
408 252 1069613.9800000123
408 138 1069613.9800000123
408 451 1069613.9800000123
466 292 1069613.9800000123
466 292 1069613.9800000123
411 395 1069613.9800000123
406 249 1069613.9800000123
406 249 1069613.9800000123
443 168 1069613.9800000123
443 168 1069613.9800000123
383 134 1069613.9800000123
383 447 1069613.9800000123
199 450 1069613.9800000123
199 450 1069613.9800000123
439 147 1069613.9800000123
439 460 1069613.9800000123
359 291 1069613.9800000123
359 291 1069613.9800000123
368 190 1069613.9800000123
368 190 1069613.9800000123
464 157 1069613.9800000123
464 157 1069613.9800000123
427 401 1069613.9800000123
249 428 1069613.9800000123
249 428 1069613.9800000123
258 424 1069613.9800000123
258 424 1069613.9800000123
320 344 1069613.9800000123
392 412 1069613.9800000123
435 365 1069613.9800000123
367 186 1069613.9800000123
367 186 1069613.9800000123
356.99 323.99 1069613.9800000123
358.0 323.98 1069613.9800000123
304.03 323.99 1069613.9800000123
304.03 323.99 1069613.9800000123
189.98000000000002 313.98 1069613.9800000123
189.98000000000002 313.98 1069613.9800000123
106.02000000000001 153.0 1069613.9800000123
409.96999999999997 322.95000000000005 1069613.9800000123
158.95000000000005 283.97 1069613.9800000123
341.99 300.01 1069613.9800000123
341.99 300.01 1069613.9800000123
232.02999999999997 270.95000000000005 1069613.9800000123
97.0 175.98000000000002 1069613.9800000123
257.1099999999999 158.02999999999997 1069613.9800000123
114.10000000000005 214.96000000000004 1069613.9800000123
227.93000000000006 269.8900000000001 1069613.9800000123
158.08999999999992 61.970000000000006 1069613.9800000123
326.97 204.01 1069613.9800000123
326.97 204.01 1069613.9800000123
188.99 77.09000000000005 1069613.9800000123
153.01 292.0899999999999 1069613.9800000123
319.8900000000001 383.95 1069613.9800000123
168.02999999999997 312.95000000000005 1069613.9800000123
99.13000000000007 137.87000000000012 1069613.9800000123
162.03999999999996 177.92000000000007 1069613.9800000123
147.03999999999996 143.01999999999998 1069613.9800000123
256.98 325.96000000000004 1069613.9800000123
256.98 325.96000000000004 1069613.9800000123
191.98000000000002 148.15999999999985 1069613.9800000123
240.93000000000006 274.01 1069613.9800000123
145.86000000000013 141.96000000000004 1069613.9800000123
247.95000000000005 164.06999999999994 1069613.9800000123
302.97 107.01 1069613.9800000123
263.99 126.84999999999992 1069613.9800000123
134.94000000000005 279.02 1069613.9800000123
242.0999999999999 288.9000000000001 1069613.9800000123
197.07999999999993 102.81999999999991 1069613.9800000123
315.9100000000001 115.99 1069613.9800000123
315.9100000000001 428.99 1069613.9800000123
258.04999999999995 181.1099999999999 1069613.9800000123
133.08999999999992 54.069999999999986 1069613.9800000123
318.8600000000001 297.02 1069613.9800000123
318.8600000000001 297.02 1069613.9800000123
304.0999999999999 323.8600000000001 1069613.9800000123
304.0999999999999 323.8600000000001 1069613.9800000123
329.96999999999997 299.04999999999995 1069613.9800000123
329.96999999999997 299.04999999999995 1069613.9800000123
151.93000000000006 49.930000000000014 1069613.9800000123
143.97000000000003 290.0899999999999 1069613.9800000123
323.9000000000001 229.01999999999998 1069613.9800000123
323.9000000000001 229.01999999999998 1069613.9800000123
91.06000000000003 100.28000000000014 1069613.9800000123
198.8900000000001 288.99 1069613.9800000123
108.97999999999999 148.98000000000002 1069613.9800000123
46.08999999999998 18.07000000000001 1069613.9800000123
199.01 136.99 1069613.9800000123
30.969999999999995 20.92999999999999 1069613.9800000123
251.99 176.02999999999997 1069613.9800000123
208.99 278.99 1069613.9800000123
261.96000000000004 151.8800000000001 1069613.9800000123
164.99 279.99 1069613.9800000123
382.99 302.06999999999994 1069613.9800000123
382.99 302.06999999999994 1069613.9800000123
177.97000000000003 144.95000000000005 1069613.9800000123
281.93000000000006 198.1099999999999 1069613.9800000123
61.94000000000001 37.03999999999999 1069613.9800000123
206.93000000000006 156.18999999999983 1069613.9800000123
318.94000000000005 376.02 1069613.9800000123
234.97000000000003 291.93000000000006 1069613.9800000123
174.98000000000002 206.05999999999995 1069613.9800000123
244.9000000000001 242.01999999999998 1069613.9800000123
154.06999999999994 163.02999999999997 1069613.9800000123
131.06999999999994 68.07000000000004 1069613.9800000123
166.98000000000002 144.0 1069613.9800000123
153.96000000000004 312.8600000000001 1069613.9800000123
184.9000000000001 311.82000000000016 1069613.9800000123
221.07999999999993 111.0 1069613.9800000123
284.96000000000004 180.96000000000004 1069613.9800000123
316.95000000000005 280.99 1069613.9800000123
316.95000000000005 280.99 1069613.9800000123
133.91000000000008 275.8700000000001 1069613.9800000123
255.26999999999975 263.1299999999999 1069613.9800000123
265.8800000000001 133.07999999999993 1069613.9800000123
299.0 93.85999999999993 1069613.9800000123
117.01 182.1099999999999 1069613.9800000123
224.92000000000007 251.98000000000002 1069613.9800000123
53.05999999999999 123.95999999999998 1069613.9800000123
104.97999999999999 173.8800000000001 1069613.9800000123
292.82000000000016 253.80000000000018 1069613.9800000123
119.05000000000003 76.01 1069613.9800000123
52.0 65.87999999999994 1069613.9800000123
248.87000000000012 114.90999999999995 1069613.9800000123
71.99 109.01 1069613.9800000123
428.06000000000006 312.2999999999997 1069613.9800000123
428.06000000000006 312.2999999999997 1069613.9800000123
78.97999999999999 99.0 1069613.9800000123
158.07999999999993 52.980000000000004 1069613.9800000123
48.0 39.96000000000001 1069613.9800000123
284.0 109.04000000000002 1069613.9800000123
200.01 310.9100000000001 1069613.9800000123
314.8900000000001 340.03000000000003 1069613.9800000123
268.03 174.02999999999997 1069613.9800000123
15.049999999999999 26.829999999999973 1069613.9800000123
98.01 142.01 1069613.9800000123
189.99 120.03000000000002 1069613.9800000123
142.0 253.98000000000002 1069613.9800000123
274.1399999999999 221.0 1069613.9800000123
110.97999999999999 180.03999999999996 1069613.9800000123
181.04999999999995 188.85000000000014 1069613.9800000123
66.03000000000002 35.99 1069613.9800000123
169.97000000000003 278.01 1069613.9800000123
151.2099999999998 254.08999999999992 1069613.9800000123
269.04999999999995 87.03000000000002 1069613.9800000123
35.94000000000001 35.94000000000001 1069613.9800000123
221.01 232.97000000000003 1069613.9800000123
315.97 99.01 1069613.9800000123
315.97 412.01 1069613.9800000123
252.07999999999993 236.0 1069613.9800000123
287.8700000000001 292.8900000000001 1069613.9800000123
157.93000000000006 147.01 1069613.9800000123
197.02999999999997 104.05000000000003 1069613.9800000123
175.08999999999992 262.7500000000002 1069613.9800000123
253.1099999999999 254.97000000000003 1069613.9800000123
381.0 313.7800000000002 1069613.9800000123
185.03999999999996 96.04000000000002 1069613.9800000123
163.2099999999998 228.06999999999994 1069613.9800000123
48.970000000000006 115.84999999999992 1069613.9800000123
97.97999999999999 81.89999999999995 1069613.9800000123
124.83999999999992 228.1199999999999 1069613.9800000123
307.9100000000001 188.99 1069613.9800000123
161.86000000000013 180.2199999999998 1069613.9800000123
108.0 205.82000000000016 1069613.9800000123
59.129999999999974 73.99 1069613.9800000123
196.05999999999995 258.0799999999999 1069613.9800000123
119.0 258.1399999999999 1069613.9800000123
218.02999999999997 287.03 1069613.9800000123
240.97000000000003 207.87000000000012 1069613.9800000123
241.84000000000015 181.1199999999999 1069613.9800000123
311.9200000000001 256.96000000000004 1069613.9800000123
149.7700000000002 84.05000000000003 1069613.9800000123
267.01 101.96999999999998 1069613.9800000123
89.94999999999997 58.01 1069613.9800000123
59.85000000000003 82.23000000000012 1069613.9800000123
170.7700000000002 203.99 1069613.9800000123
206.01999999999998 120.04000000000002 1069613.9800000123
133.03999999999996 49.880000000000024 1069613.9800000123
123.05000000000003 174.97000000000003 1069613.9800000123
202.99 115.01 1069613.9800000123
72.07000000000004 47.14999999999997 1069613.9800000123
86.94999999999997 197.02999999999997 1069613.9800000123
176.17999999999984 282.03999999999996 1069613.9800000123
109.0 252.0 1069613.9800000123
70.12000000000006 133.98000000000002 1069613.9800000123
264.9200000000001 228.01999999999998 1069613.9800000123
130.93000000000006 55.01 1069613.9800000123
169.97000000000003 112.99 1069613.9800000123
292.16999999999985 218.12999999999988 1069613.9800000123
228.83000000000015 275.03 1069613.9800000123
235.86000000000013 164.05999999999995 1069613.9800000123
199.01 109.96999999999998 1069613.9800000123
183.26999999999975 205.08999999999992 1069613.9800000123
129.8800000000001 167.86000000000013 1069613.9800000123
237.01 126.01 1069613.9800000123
163.0 313.98 1069613.9800000123
163.0 313.98 1069613.9800000123
300.03999999999996 168.8800000000001 1069613.9800000123
165.04999999999995 302.93000000000006 1069613.9800000123
150.0 279.94000000000005 1069613.9800000123
181.01999999999998 133.94000000000005 1069613.9800000123
117.93999999999997 137.74000000000024 1069613.9800000123
285.0799999999999 306.96000000000004 1069613.9800000123
169.95000000000005 266.95000000000005 1069613.9800000123
210.04999999999995 130.16999999999985 1069613.9800000123
213.0999999999999 305.8800000000001 1069613.9800000123
126.06000000000003 147.01999999999998 1069613.9800000123
89.10000000000005 218.05999999999995 1069613.9800000123
252.93000000000006 81.72999999999986 1069613.9800000123
85.81999999999991 177.92000000000007 1069613.9800000123
164.01999999999998 77.95999999999998 1069613.9800000123
304.97 138.08999999999992 1069613.9800000123
143.98000000000002 131.03999999999996 1069613.9800000123
69.05000000000003 87.92999999999996 1069613.9800000123
157.97000000000003 119.92999999999996 1069613.9800000123
238.08999999999992 295.16999999999985 1069613.9800000123
206.24999999999977 191.99 1069613.9800000123
201.0 132.9000000000001 1069613.9800000123
71.09000000000005 24.86999999999998 1069613.9800000123
109.85999999999993 212.05999999999995 1069613.9800000123
223.96000000000004 80.83999999999992 1069613.9800000123
256.93000000000006 86.15000000000008 1069613.9800000123
279.1199999999999 130.07999999999993 1069613.9800000123
41.980000000000004 51.94000000000001 1069613.9800000123
105.02000000000001 64.93999999999997 1069613.9800000123
282.02 168.74000000000024 1069613.9800000123
135.7700000000002 283.2099999999998 1069613.9800000123
150.94000000000005 156.9000000000001 1069613.9800000123
121.85999999999993 51.90000000000002 1069613.9800000123
91.95999999999998 97.89999999999995 1069613.9800000123
297.93000000000006 264.2299999999998 1069613.9800000123
104.96999999999998 181.08999999999992 1069613.9800000123
175.86000000000013 105.95999999999998 1069613.9800000123
197.97000000000003 139.06999999999994 1069613.9800000123
39.019999999999996 40.0 1069613.9800000123
175.01 87.99 1069613.9800000123
94.88999999999994 137.7700000000002 1069613.9800000123
217.03999999999996 123.02000000000001 1069613.9800000123
107.04000000000002 159.0 1069613.9800000123
129.96000000000004 113.02000000000001 1069613.9800000123
42.84000000000003 76.10000000000005 1069613.9800000123
95.10000000000005 242.94000000000005 1069613.9800000123
232.04999999999995 308.95000000000005 1069613.9800000123
274.84000000000015 313.74000000000024 1069613.9800000123
274.84000000000015 313.74000000000024 1069613.9800000123
236.99 149.97000000000003 1069613.9800000123
247.9000000000001 263.94000000000005 1069613.9800000123
258.01 110.92999999999996 1069613.9800000123
316.8700000000001 245.99 1069613.9800000123
316.8700000000001 245.99 1069613.9800000123
113.02000000000001 174.92000000000007 1069613.9800000123
243.19999999999982 276.15999999999985 1069613.9800000123
177.08999999999992 164.02999999999997 1069613.9800000123
95.86999999999993 145.08999999999992 1069613.9800000123
186.97000000000003 74.68999999999984 1069613.9800000123
136.03999999999996 172.05999999999995 1069613.9800000123
65.95999999999998 134.0999999999999 1069613.9800000123
214.6800000000003 229.70000000000027 1069613.9800000123
288.1399999999999 193.07999999999993 1069613.9800000123
200.97000000000003 244.83000000000015 1069613.9800000123
140.08999999999992 217.97000000000003 1069613.9800000123
114.09000000000005 88.03000000000002 1069613.9800000123
140.96000000000004 239.98000000000002 1069613.9800000123
219.98000000000002 93.06000000000003 1069613.9800000123
77.02000000000001 164.96000000000004 1069613.9800000123
129.16999999999985 183.3299999999997 1069613.9800000123
140.0 160.0 1069613.9800000123
205.01 74.99 1069613.9800000123
232.0999999999999 227.01999999999998 1069613.9800000123
34 -87 1069613.9800000123
347 -87 1069613.9800000123
34 -87 1069613.9800000123
347 -87 1069613.9800000123
-32 -263 1069613.9800000123
-32 -263 1069613.9800000123
141 -73 1069613.9800000123
454 -73 1069613.9800000123
141 -73 1069613.9800000123
454 -73 1069613.9800000123
-34 -183 1069613.9800000123
-34 -183 1069613.9800000123
-44 -226 1069613.9800000123
-44 -226 1069613.9800000123
107 -154 1069613.9800000123
420 -154 1069613.9800000123
107 -154 1069613.9800000123
420 -154 1069613.9800000123
255 -50 1069613.9800000123
255 -50 1069613.9800000123
215 -83 1069613.9800000123
215 -83 1069613.9800000123
-92 -306 1069613.9800000123
-92 -306 1069613.9800000123
183 -108 1069613.9800000123
183 -108 1069613.9800000123
258 -132 1069613.9800000123
258 -132 1069613.9800000123
-49 -186 1069613.9800000123
-49 -186 1069613.9800000123
89 -95 1069613.9800000123
402 -95 1069613.9800000123
89 -95 1069613.9800000123
402 -95 1069613.9800000123
134 -37 1069613.9800000123
447 -37 1069613.9800000123
134 -37 1069613.9800000123
447 -37 1069613.9800000123
-8 -175 1069613.9800000123
-8 -175 1069613.9800000123
135 -34 1069613.9800000123
448 -34 1069613.9800000123
135 -34 1069613.9800000123
448 -34 1069613.9800000123
201 -68 1069613.9800000123
201 -68 1069613.9800000123
-114 -311 1069613.9800000123
-114 -311 1069613.9800000123
252 -137 1069613.9800000123
252 -137 1069613.9800000123
199 -24 1069613.9800000123
199 -24 1069613.9800000123
151 -59 1069613.9800000123
464 -59 1069613.9800000123
151 -59 1069613.9800000123
464 -59 1069613.9800000123
64 -93 1069613.9800000123
377 -93 1069613.9800000123
64 -93 1069613.9800000123
377 -93 1069613.9800000123
384 25 1069613.9800000123
355 52 1069613.9800000123
129 -130 1069613.9800000123
442 -130 1069613.9800000123
129 -130 1069613.9800000123
442 -130 1069613.9800000123
298 -49 1069613.9800000123
-15 -49 1069613.9800000123
298 -49 1069613.9800000123
-15 -49 1069613.9800000123
89 -58 1069613.9800000123
402 -58 1069613.9800000123
89 -58 1069613.9800000123
402 -58 1069613.9800000123
110 -101 1069613.9800000123
423 -101 1069613.9800000123
110 -101 1069613.9800000123
423 -101 1069613.9800000123
12 -70 1069613.9800000123
325 -70 1069613.9800000123
12 -70 1069613.9800000123
325 -70 1069613.9800000123
235 -21 1069613.9800000123
235 -21 1069613.9800000123
-40 -287 1069613.9800000123
-40 -287 1069613.9800000123
318 50 1069613.9800000123
232 -86 1069613.9800000123
232 -86 1069613.9800000123
352 40 1069613.9800000123
-103 -273 1069613.9800000123
-103 -273 1069613.9800000123
38 -37 1069613.9800000123
351 -37 1069613.9800000123
38 -37 1069613.9800000123
351 -37 1069613.9800000123
64 -53 1069613.9800000123
377 -53 1069613.9800000123
64 -53 1069613.9800000123
377 -53 1069613.9800000123
-100 -311 1069613.9800000123
-100 -311 1069613.9800000123
-37 -237 1069613.9800000123
-37 -237 1069613.9800000123
136 -30 1069613.9800000123
449 -30 1069613.9800000123
136 -30 1069613.9800000123
449 -30 1069613.9800000123
13 -125 1069613.9800000123
326 -125 1069613.9800000123
13 -125 1069613.9800000123
326 -125 1069613.9800000123
43 -123 1069613.9800000123
356 -123 1069613.9800000123
43 -123 1069613.9800000123
356 -123 1069613.9800000123
232 -42 1069613.9800000123
232 -42 1069613.9800000123
-10 -206 1069613.9800000123
-10 -206 1069613.9800000123
446 54 1069613.9800000123
248 -149 1069613.9800000123
248 -149 1069613.9800000123
-89 -232 1069613.9800000123
-89 -232 1069613.9800000123
123 -138 1069613.9800000123
436 -138 1069613.9800000123
123 -138 1069613.9800000123
436 -138 1069613.9800000123
459 9 1069613.9800000123
-79 -289 1069613.9800000123
-79 -289 1069613.9800000123
328 42 1069613.9800000123
218 -26 1069613.9800000123
218 -26 1069613.9800000123
-46 -211 1069613.9800000123
-46 -211 1069613.9800000123
176 -31 1069613.9800000123
176 -31 1069613.9800000123
32 -99 1069613.9800000123
345 -99 1069613.9800000123
32 -99 1069613.9800000123
345 -99 1069613.9800000123
125 -85 1069613.9800000123
438 -85 1069613.9800000123
125 -85 1069613.9800000123
438 -85 1069613.9800000123
-14 -219 1069613.9800000123
-14 -219 1069613.9800000123
48 -52 1069613.9800000123
361 -52 1069613.9800000123
48 -52 1069613.9800000123
361 -52 1069613.9800000123
241 -39 1069613.9800000123
241 -39 1069613.9800000123
170 -35 1069613.9800000123
170 -35 1069613.9800000123
162 -133 1069613.9800000123
162 -133 1069613.9800000123
142 -59 1069613.9800000123
455 -59 1069613.9800000123
142 -59 1069613.9800000123
455 -59 1069613.9800000123
444 55 1069613.9800000123
229 -38 1069613.9800000123
229 -38 1069613.9800000123
469 24 1069613.9800000123
117 -131 1069613.9800000123
430 -131 1069613.9800000123
117 -131 1069613.9800000123
430 -131 1069613.9800000123
53 -144 1069613.9800000123
366 -144 1069613.9800000123
53 -144 1069613.9800000123
366 -144 1069613.9800000123
95 -70 1069613.9800000123
408 -70 1069613.9800000123
95 -70 1069613.9800000123
408 -70 1069613.9800000123
213 -7 1069613.9800000123
213 -7 1069613.9800000123
365 66 1069613.9800000123
282 -115 1069613.9800000123
-31 -115 1069613.9800000123
282 -115 1069613.9800000123
-31 -115 1069613.9800000123
451 27 1069613.9800000123
41 -155 1069613.9800000123
354 -155 1069613.9800000123
41 -155 1069613.9800000123
354 -155 1069613.9800000123
248 -49 1069613.9800000123
248 -49 1069613.9800000123
25 -103 1069613.9800000123
338 -103 1069613.9800000123
25 -103 1069613.9800000123
338 -103 1069613.9800000123
361 40 1069613.9800000123
379 36 1069613.9800000123
463 84 1069613.9800000123
413 24 1069613.9800000123
-104 -280 1069613.9800000123
-104 -280 1069613.9800000123
288 -20 1069613.9800000123
288 -20 1069613.9800000123
442 33 1069613.9800000123
86 -62 1069613.9800000123
399 -62 1069613.9800000123
86 -62 1069613.9800000123
399 -62 1069613.9800000123
171 -109 1069613.9800000123
171 -109 1069613.9800000123
236 -149 1069613.9800000123
236 -149 1069613.9800000123
288 -120 1069613.9800000123
-25 -120 1069613.9800000123
288 -120 1069613.9800000123
-25 -120 1069613.9800000123
25 -35 1069613.9800000123
338 -35 1069613.9800000123
25 -35 1069613.9800000123
338 -35 1069613.9800000123
-87 -259 1069613.9800000123
-87 -259 1069613.9800000123
105 -132 1069613.9800000123
418 -132 1069613.9800000123
105 -132 1069613.9800000123
418 -132 1069613.9800000123
-33 -282 1069613.9800000123
-33 -282 1069613.9800000123
20 -114 1069613.9800000123
333 -114 1069613.9800000123
20 -114 1069613.9800000123
333 -114 1069613.9800000123
87 -116 1069613.9800000123
400 -116 1069613.9800000123
87 -116 1069613.9800000123
400 -116 1069613.9800000123
257 -155 1069613.9800000123
-56 -155 1069613.9800000123
257 -155 1069613.9800000123
-56 -155 1069613.9800000123
38 -134 1069613.9800000123
351 -134 1069613.9800000123
38 -134 1069613.9800000123
351 -134 1069613.9800000123
165 -33 1069613.9800000123
165 -33 1069613.9800000123
446 50 1069613.9800000123
159 -29 1069613.9800000123
159 -29 1069613.9800000123
-60 -273 1069613.9800000123
-60 -273 1069613.9800000123
252 -77 1069613.9800000123
252 -77 1069613.9800000123
48 -142 1069613.9800000123
361 -142 1069613.9800000123
48 -142 1069613.9800000123
361 -142 1069613.9800000123
119 -55 1069613.9800000123
432 -55 1069613.9800000123
119 -55 1069613.9800000123
432 -55 1069613.9800000123
89 -67 1069613.9800000123
402 -67 1069613.9800000123
89 -67 1069613.9800000123
402 -67 1069613.9800000123
6 -69 1069613.9800000123
319 -69 1069613.9800000123
6 -69 1069613.9800000123
319 -69 1069613.9800000123
432 76 1069613.9800000123
19 -33 1069613.9800000123
332 -33 1069613.9800000123
19 -33 1069613.9800000123
332 -33 1069613.9800000123
113 -138 1069613.9800000123
426 -138 1069613.9800000123
113 -138 1069613.9800000123
426 -138 1069613.9800000123
268 -139 1069613.9800000123
-45 -139 1069613.9800000123
268 -139 1069613.9800000123
-45 -139 1069613.9800000123
-92 -258 1069613.9800000123
-92 -258 1069613.9800000123
403 58 1069613.9800000123
245 -71 1069613.9800000123
245 -71 1069613.9800000123
282 -144 1069613.9800000123
-31 -144 1069613.9800000123
282 -144 1069613.9800000123
-31 -144 1069613.9800000123
265 -85 1069613.9800000123
265 -85 1069613.9800000123
-29 -204 1069613.9800000123
-29 -204 1069613.9800000123
242 -24 1069613.9800000123
242 -24 1069613.9800000123
-47 -180 1069613.9800000123
-47 -180 1069613.9800000123
437 35 1069613.9800000123
-73 -269 1069613.9800000123
-73 -269 1069613.9800000123
28 -23 1069613.9800000123
341 -23 1069613.9800000123
28 -23 1069613.9800000123
341 -23 1069613.9800000123
-28 -240 1069613.9800000123
-28 -240 1069613.9800000123
372 74 1069613.9800000123
238 -18 1069613.9800000123
238 -18 1069613.9800000123
-66 -291 1069613.9800000123
-66 -291 1069613.9800000123
154 -150 1069613.9800000123
467 -150 1069613.9800000123
154 -150 1069613.9800000123
467 -150 1069613.9800000123
293 -59 1069613.9800000123
-20 -59 1069613.9800000123
293 -59 1069613.9800000123
-20 -59 1069613.9800000123
163 -85 1069613.9800000123
163 -85 1069613.9800000123
-51 -161 1069613.9800000123
-51 -161 1069613.9800000123
175 -107 1069613.9800000123
175 -107 1069613.9800000123
170 -46 1069613.9800000123
170 -46 1069613.9800000123
177 -149 1069613.9800000123
177 -149 1069613.9800000123
344 21 1069613.9800000123
140 -95 1069613.9800000123
453 -95 1069613.9800000123
140 -95 1069613.9800000123
453 -95 1069613.9800000123
-56 -227 1069613.9800000123
-56 -227 1069613.9800000123
86 -135 1069613.9800000123
399 -135 1069613.9800000123
86 -135 1069613.9800000123
399 -135 1069613.9800000123
-34 -255 1069613.9800000123
-34 -255 1069613.9800000123
28 -110 1069613.9800000123
341 -110 1069613.9800000123
28 -110 1069613.9800000123
341 -110 1069613.9800000123
56 -72 1069613.9800000123
369 -72 1069613.9800000123
56 -72 1069613.9800000123
369 -72 1069613.9800000123
-73 -287 1069613.9800000123
-73 -287 1069613.9800000123
444 68 1069613.9800000123
228 -43 1069613.9800000123
228 -43 1069613.9800000123
62 -133 1069613.9800000123
375 -133 1069613.9800000123
62 -133 1069613.9800000123
375 -133 1069613.9800000123
253 -58 1069613.9800000123
253 -58 1069613.9800000123
105 -139 1069613.9800000123
418 -139 1069613.9800000123
105 -139 1069613.9800000123
418 -139 1069613.9800000123
375 37 1069613.9800000123
241 -105 1069613.9800000123
241 -105 1069613.9800000123
140 -153 1069613.9800000123
453 -153 1069613.9800000123
140 -153 1069613.9800000123
453 -153 1069613.9800000123
136 -141 1069613.9800000123
449 -141 1069613.9800000123
136 -141 1069613.9800000123
449 -141 1069613.9800000123
465 50 1069613.9800000123
349 36 1069613.9800000123
-60 -231 1069613.9800000123
-60 -231 1069613.9800000123
58 -102 1069613.9800000123
371 -102 1069613.9800000123
58 -102 1069613.9800000123
371 -102 1069613.9800000123
29 -124 1069613.9800000123
342 -124 1069613.9800000123
29 -124 1069613.9800000123
342 -124 1069613.9800000123
72 -82 1069613.9800000123
385 -82 1069613.9800000123
72 -82 1069613.9800000123
385 -82 1069613.9800000123
70 -52 1069613.9800000123
383 -52 1069613.9800000123
70 -52 1069613.9800000123
383 -52 1069613.9800000123
77 -148 1069613.9800000123
390 -148 1069613.9800000123
77 -148 1069613.9800000123
390 -148 1069613.9800000123
175 -50 1069613.9800000123
175 -50 1069613.9800000123
335 63 1069613.9800000123
243 -37 1069613.9800000123
243 -37 1069613.9800000123
467 0 1069613.9800000123
144 -23 1069613.9800000123
457 -23 1069613.9800000123
144 -23 1069613.9800000123
457 -23 1069613.9800000123
242 -132 1069613.9800000123
242 -132 1069613.9800000123
328 27 1069613.9800000123
50 -143 1069613.9800000123
363 -143 1069613.9800000123
50 -143 1069613.9800000123
363 -143 1069613.9800000123
-17 -269 1069613.9800000123
-17 -269 1069613.9800000123
103 -16 1069613.9800000123
416 -16 1069613.9800000123
103 -16 1069613.9800000123
416 -16 1069613.9800000123
206 -121 1069613.9800000123
206 -121 1069613.9800000123
359 18 1069613.9800000123
-14 -262 1069613.9800000123
-14 -262 1069613.9800000123
-25 -294 1069613.9800000123
-25 -294 1069613.9800000123
181 -124 1069613.9800000123
181 -124 1069613.9800000123
111 -133 1069613.9800000123
424 -133 1069613.9800000123
111 -133 1069613.9800000123
424 -133 1069613.9800000123
114 -98 1069613.9800000123
427 -98 1069613.9800000123
114 -98 1069613.9800000123
427 -98 1069613.9800000123
76 -85 1069613.9800000123
389 -85 1069613.9800000123
76 -85 1069613.9800000123
389 -85 1069613.9800000123
418 65 1069613.9800000123
-79 -252 1069613.9800000123
-79 -252 1069613.9800000123
165 -10 1069613.9800000123
165 -10 1069613.9800000123
285 -132 1069613.9800000123
-28 -132 1069613.9800000123
285 -132 1069613.9800000123
-28 -132 1069613.9800000123
40 -92 1069613.9800000123
353 -92 1069613.9800000123
40 -92 1069613.9800000123
353 -92 1069613.9800000123
97 -137 1069613.9800000123
410 -137 1069613.9800000123
97 -137 1069613.9800000123
410 -137 1069613.9800000123
209 -34 1069613.9800000123
209 -34 1069613.9800000123
162 -135 1069613.9800000123
162 -135 1069613.9800000123
150 -33 1069613.9800000123
463 -33 1069613.9800000123
150 -33 1069613.9800000123
463 -33 1069613.9800000123
108 -107 1069613.9800000123
421 -107 1069613.9800000123
108 -107 1069613.9800000123
421 -107 1069613.9800000123
196 -55 1069613.9800000123
196 -55 1069613.9800000123
63 -53 1069613.9800000123
376 -53 1069613.9800000123
63 -53 1069613.9800000123
376 -53 1069613.9800000123
385 47 1069613.9800000123
109 -61 1069613.9800000123
422 -61 1069613.9800000123
109 -61 1069613.9800000123
422 -61 1069613.9800000123
225 -61 1069613.9800000123
225 -61 1069613.9800000123
95 -61 1069613.9800000123
408 -61 1069613.9800000123
95 -61 1069613.9800000123
408 -61 1069613.9800000123
153 -21 1069613.9800000123
466 -21 1069613.9800000123
153 -21 1069613.9800000123
466 -21 1069613.9800000123
411 82 1069613.9800000123
93 -64 1069613.9800000123
406 -64 1069613.9800000123
93 -64 1069613.9800000123
406 -64 1069613.9800000123
130 -145 1069613.9800000123
443 -145 1069613.9800000123
130 -145 1069613.9800000123
443 -145 1069613.9800000123
221 -80 1069613.9800000123
221 -80 1069613.9800000123
274 -92 1069613.9800000123
274 -92 1069613.9800000123
46 -22 1069613.9800000123
359 -22 1069613.9800000123
46 -22 1069613.9800000123
359 -22 1069613.9800000123
55 -123 1069613.9800000123
368 -123 1069613.9800000123
55 -123 1069613.9800000123
368 -123 1069613.9800000123
151 -156 1069613.9800000123
464 -156 1069613.9800000123
151 -156 1069613.9800000123
464 -156 1069613.9800000123
-64 -198 1069613.9800000123
-64 -198 1069613.9800000123
-55 -202 1069613.9800000123
-55 -202 1069613.9800000123
320 31 1069613.9800000123
435 52 1069613.9800000123
54 -127 1069613.9800000123
367 -127 1069613.9800000123
54 -127 1069613.9800000123
367 -127 1069613.9800000123
356.99 10.990000000000009 1069613.9800000123
292.01 -95.00999999999999 1069613.9800000123
-20.99000000000001 -95.00999999999999 1069613.9800000123
292.01 -95.00999999999999 1069613.9800000123
-20.99000000000001 -95.00999999999999 1069613.9800000123
358.0 10.980000000000018 1069613.9800000123
-8.970000000000027 -302.01 1069613.9800000123
-8.970000000000027 -302.01 1069613.9800000123
308.03999999999996 -29.960000000000036 1069613.9800000123
-4.960000000000036 -29.960000000000036 1069613.9800000123
308.03999999999996 -29.960000000000036 1069613.9800000123
-4.960000000000036 -29.960000000000036 1069613.9800000123
409.96999999999997 9.950000000000045 1069613.9800000123
212.97000000000003 2.049999999999999 1069613.9800000123
240.01 26.01 1069613.9800000123
28.99 -12.990000000000009 1069613.9800000123
341.99 -12.990000000000009 1069613.9800000123
28.99 -12.990000000000009 1069613.9800000123
341.99 -12.990000000000009 1069613.9800000123
168.01 -0.009999999999990905 1069613.9800000123
168.01 -0.009999999999990905 1069613.9800000123
169.02999999999997 2.0699999999999985 1069613.9800000123
308.05999999999995 -124.0 1069613.9800000123
-4.940000000000055 -124.0 1069613.9800000123
308.05999999999995 -124.0 1069613.9800000123
-4.940000000000055 -124.0 1069613.9800000123
13.970000000000027 -108.99000000000001 1069613.9800000123
326.97 -108.99000000000001 1069613.9800000123
13.970000000000027 -108.99000000000001 1069613.9800000123
326.97 -108.99000000000001 1069613.9800000123
-56.01999999999998 -300.03999999999996 1069613.9800000123
-56.01999999999998 -300.03999999999996 1069613.9800000123
239.94000000000005 44.0 1069613.9800000123
280.04999999999995 31.090000000000014 1069613.9800000123
5.860000000000127 -15.980000000000018 1069613.9800000123
318.8600000000001 -15.980000000000018 1069613.9800000123
5.860000000000127 -15.980000000000018 1069613.9800000123
318.8600000000001 -15.980000000000018 1069613.9800000123
310.03 -10.970000000000027 1069613.9800000123
-2.9700000000000273 -10.970000000000027 1069613.9800000123
310.03 -10.970000000000027 1069613.9800000123
-2.9700000000000273 -10.970000000000027 1069613.9800000123
182.94000000000005 34.019999999999996 1069613.9800000123
-8.900000000000091 -302.1399999999999 1069613.9800000123
-8.900000000000091 -302.1399999999999 1069613.9800000123
16.969999999999995 -13.950000000000045 1069613.9800000123
329.96999999999997 -13.950000000000045 1069613.9800000123
16.969999999999995 -13.950000000000045 1069613.9800000123
329.96999999999997 -13.950000000000045 1069613.9800000123
10.900000000000091 -83.98000000000002 1069613.9800000123
323.9000000000001 -83.98000000000002 1069613.9800000123
10.900000000000091 -83.98000000000002 1069613.9800000123
323.9000000000001 -83.98000000000002 1069613.9800000123
312.1199999999999 -55.98000000000002 1069613.9800000123
-0.8800000000001091 -55.98000000000002 1069613.9800000123
312.1199999999999 -55.98000000000002 1069613.9800000123
-0.8800000000001091 -55.98000000000002 1069613.9800000123
200.01 -1.990000000000009 1069613.9800000123
200.01 -1.990000000000009 1069613.9800000123
154.01 0.010000000000009095 1069613.9800000123
69.99 -10.930000000000064 1069613.9800000123
382.99 -10.930000000000064 1069613.9800000123
69.99 -10.930000000000064 1069613.9800000123
382.99 -10.930000000000064 1069613.9800000123
280.99 49.95000000000001 1069613.9800000123
318.94000000000005 63.019999999999996 1069613.9800000123
300.1199999999999 -144.01999999999998 1069613.9800000123
-12.88000000000011 -144.01999999999998 1069613.9800000123
300.1199999999999 -144.01999999999998 1069613.9800000123
-12.88000000000011 -144.01999999999998 1069613.9800000123
3.9500000000000455 -32.00999999999999 1069613.9800000123
316.95000000000005 -32.00999999999999 1069613.9800000123
3.9500000000000455 -32.00999999999999 1069613.9800000123
316.95000000000005 -32.00999999999999 1069613.9800000123
232.04999999999995 -3.910000000000082 1069613.9800000123
232.04999999999995 -3.910000000000082 1069613.9800000123
198.01 30.99 1069613.9800000123
115.06000000000003 -0.7000000000002728 1069613.9800000123
428.06000000000006 -0.7000000000002728 1069613.9800000123
115.06000000000003 -0.7000000000002728 1069613.9800000123
428.06000000000006 -0.7000000000002728 1069613.9800000123
314.8900000000001 27.030000000000005 1069613.9800000123
185.0 -0.9400000000000546 1069613.9800000123
185.0 -0.9400000000000546 1069613.9800000123
272.9200000000001 26.020000000000003 1069613.9800000123
381.0 0.7800000000002001 1069613.9800000123
233.81000000000017 23.99 1069613.9800000123
209.07999999999993 32.76000000000005 1069613.9800000123
257.1299999999999 12.850000000000003 1069613.9800000123
155.92000000000007 24.020000000000003 1069613.9800000123
312.8800000000001 51.03999999999999 1069613.9800000123
221.01999999999998 7.159999999999997 1069613.9800000123
161.94000000000005 13.96 1069613.9800000123
181.01 11.089999999999998 1069613.9800000123
299.0 51.15999999999997 1069613.9800000123
163.0999999999999 27.06000000000001 1069613.9800000123
304.02 11.04 1069613.9800000123
96.85999999999993 9.940000000000001 1069613.9800000123
253.07999999999993 40.0 1069613.9800000123
287.99 18.789999999999967 1069613.9800000123
284.99 -5.830000000000155 1069613.9800000123
284.99 -5.830000000000155 1069613.9800000123
-38.159999999999854 -312.25999999999976 1069613.9800000123
-38.159999999999854 -312.25999999999976 1069613.9800000123
3.8700000000001182 -67.00999999999999 1069613.9800000123
316.8700000000001 -67.00999999999999 1069613.9800000123
3.8700000000001182 -67.00999999999999 1069613.9800000123
316.8700000000001 -67.00999999999999 1069613.9800000123
145.8800000000001 8.940000000000001 1069613.9800000123
138.01 26.969999999999995 1069613.9800000123
209.98000000000002 40.0 1069613.9800000123
296.01 43.85000000000003 1069613.9800000123
247.0 21.979999999999997 1069613.9800000123
187.03999999999996 28.899999999999984 1069613.9800000123
198.96000000000004 2.139999999999997 1069613.9800000123
356 76 1069613.9800000123
373 82 1069613.9800000123
443 113 1069613.9800000123
385 109 1069613.9800000123
457 131 1069613.9800000123
328 69 1069613.9800000123
382 88 1069613.9800000123
405 98 1069613.9800000123
404 100 1069613.9800000123
427 88 1069613.9800000123
392 99 1069613.9800000123
226.0 54.0 1069613.9800000123
319.8900000000001 70.94999999999997 1069613.9800000123
275.8600000000001 75.97999999999999 1069613.9800000123
44.0 10.820000000000004 1069613.9800000123
123.7999999999999 35.0 1069613.9800000123
234.0999999999999 61.09999999999998 1069613.9800000123
99.89999999999995 24.20000000000003 1069613.9800000123
185.1099999999999 44.129999999999974 1069613.9800000123
285.17999999999984 72.95999999999998 1069613.9800000123
278.8700000000001 58.01 1069613.9800000123
220.83000000000015 55.029999999999994 1069613.9800000123
128.96000000000004 32.94000000000001 1069613.9800000123
-58 -50 1069613.9800000123
-58 -50 1069613.9800000123
-98 -83 1069613.9800000123
-98 -83 1069613.9800000123
-130 -108 1069613.9800000123
-130 -108 1069613.9800000123
-55 -132 1069613.9800000123
-55 -132 1069613.9800000123
-112 -68 1069613.9800000123
-112 -68 1069613.9800000123
-61 -137 1069613.9800000123
-61 -137 1069613.9800000123
-112 -180 1069613.9800000123
-112 -180 1069613.9800000123
-81 -86 1069613.9800000123
-81 -86 1069613.9800000123
-114 -203 1069613.9800000123
-114 -203 1069613.9800000123
-149 -235 1069613.9800000123
-149 -235 1069613.9800000123
-81 -42 1069613.9800000123
-81 -42 1069613.9800000123
-65 -149 1069613.9800000123
-65 -149 1069613.9800000123
-146 -169 1069613.9800000123
-146 -169 1069613.9800000123
-72 -39 1069613.9800000123
-72 -39 1069613.9800000123
-151 -133 1069613.9800000123
-151 -133 1069613.9800000123
-84 -38 1069613.9800000123
-84 -38 1069613.9800000123
-155 -166 1069613.9800000123
-155 -166 1069613.9800000123
-106 -157 1069613.9800000123
-106 -157 1069613.9800000123
-110 -198 1069613.9800000123
-110 -198 1069613.9800000123
-65 -49 1069613.9800000123
-65 -49 1069613.9800000123
-144 -311 1069613.9800000123
-144 -311 1069613.9800000123
-150 -286 1069613.9800000123
-150 -286 1069613.9800000123
-115 -174 1069613.9800000123
-115 -174 1069613.9800000123
-155 -193 1069613.9800000123
-155 -193 1069613.9800000123
-25 -20 1069613.9800000123
-25 -20 1069613.9800000123
-128 -269 1069613.9800000123
-128 -269 1069613.9800000123
-151 -299 1069613.9800000123
-151 -299 1069613.9800000123
-142 -109 1069613.9800000123
-142 -109 1069613.9800000123
-77 -149 1069613.9800000123
-77 -149 1069613.9800000123
-121 -165 1069613.9800000123
-121 -165 1069613.9800000123
-155 -251 1069613.9800000123
-155 -251 1069613.9800000123
-124 -236 1069613.9800000123
-124 -236 1069613.9800000123
-116 -209 1069613.9800000123
-116 -209 1069613.9800000123
-76 -163 1069613.9800000123
-76 -163 1069613.9800000123
-126 -284 1069613.9800000123
-126 -284 1069613.9800000123
-130 -279 1069613.9800000123
-130 -279 1069613.9800000123
-76 -187 1069613.9800000123
-76 -187 1069613.9800000123
-61 -77 1069613.9800000123
-61 -77 1069613.9800000123
-128 -217 1069613.9800000123
-128 -217 1069613.9800000123
-68 -71 1069613.9800000123
-68 -71 1069613.9800000123
-48 -85 1069613.9800000123
-48 -85 1069613.9800000123
-71 -24 1069613.9800000123
-71 -24 1069613.9800000123
-123 -193 1069613.9800000123
-123 -193 1069613.9800000123
-132 -179 1069613.9800000123
-132 -179 1069613.9800000123
-143 -200 1069613.9800000123
-143 -200 1069613.9800000123
-92 -202 1069613.9800000123
-92 -202 1069613.9800000123
-137 -207 1069613.9800000123
-137 -207 1069613.9800000123
-150 -85 1069613.9800000123
-150 -85 1069613.9800000123
-138 -107 1069613.9800000123
-138 -107 1069613.9800000123
-143 -46 1069613.9800000123
-143 -46 1069613.9800000123
-136 -149 1069613.9800000123
-136 -149 1069613.9800000123
-93 -220 1069613.9800000123
-93 -220 1069613.9800000123
-85 -43 1069613.9800000123
-85 -43 1069613.9800000123
-108 -238 1069613.9800000123
-108 -238 1069613.9800000123
-60 -58 1069613.9800000123
-60 -58 1069613.9800000123
-103 -183 1069613.9800000123
-103 -183 1069613.9800000123
-72 -105 1069613.9800000123
-72 -105 1069613.9800000123
-135 -168 1069613.9800000123
-135 -168 1069613.9800000123
-115 -282 1069613.9800000123
-115 -282 1069613.9800000123
-138 -225 1069613.9800000123
-138 -225 1069613.9800000123
-138 -50 1069613.9800000123
-138 -50 1069613.9800000123
-132 -302 1069613.9800000123
-132 -302 1069613.9800000123
-70 -37 1069613.9800000123
-70 -37 1069613.9800000123
-107 -193 1069613.9800000123
-107 -193 1069613.9800000123
-71 -132 1069613.9800000123
-71 -132 1069613.9800000123
-116 -210 1069613.9800000123
-116 -210 1069613.9800000123
-107 -121 1069613.9800000123
-107 -121 1069613.9800000123
-155 -260 1069613.9800000123
-155 -260 1069613.9800000123
-132 -124 1069613.9800000123
-132 -124 1069613.9800000123
-126 -238 1069613.9800000123
-126 -238 1069613.9800000123
-96 -190 1069613.9800000123
-96 -190 1069613.9800000123
-145 -313 1069613.9800000123
-145 -313 1069613.9800000123
-104 -34 1069613.9800000123
-104 -34 1069613.9800000123
-151 -135 1069613.9800000123
-151 -135 1069613.9800000123
-117 -55 1069613.9800000123
-117 -55 1069613.9800000123
-88 -61 1069613.9800000123
-88 -61 1069613.9800000123
-114 -176 1069613.9800000123
-114 -176 1069613.9800000123
-92 -80 1069613.9800000123
-92 -80 1069613.9800000123
-39 -92 1069613.9800000123
-39 -92 1069613.9800000123
-123.01999999999998 -312.02 1069613.9800000123
-123.01999999999998 -312.02 1069613.9800000123
-150.0 -312.02 1069613.9800000123
-150.0 -312.02 1069613.9800000123
-114 -24 1069613.9800000123
-114 -24 1069613.9800000123
-78 -21 1069613.9800000123
-78 -21 1069613.9800000123
-95 -26 1069613.9800000123
-95 -26 1069613.9800000123
-137 -31 1069613.9800000123
-137 -31 1069613.9800000123
-143 -35 1069613.9800000123
-143 -35 1069613.9800000123
-148 -33 1069613.9800000123
-148 -33 1069613.9800000123
-75 -18 1069613.9800000123
-75 -18 1069613.9800000123
-28.00999999999999 -5.830000000000155 1069613.9800000123
-28.00999999999999 -5.830000000000155 1069613.9800000123
