239 -36
239 -36
160 343
160 343
359 16
46 329
359 329
175 -114
175 -114
396 55
83 368
396 368
403 298
90 -15
403 -15
403 298
90 -15
403 -15
397 282
84 -31
397 -31
397 282
84 -31
397 -31
461 122
148 435
461 435
253 -33
253 -33
398 10
85 323
398 323
296 461
296 461
469 189
156 -124
469 -124
469 189
156 -124
469 -124
264 425
264 425
224 -57
224 -57
203 406
203 406
178 422
178 422
402 110
89 423
402 423
254 373
254 373
291 412
291 412
421 25
108 338
421 338
186 389
186 389
180 438
180 438
263 -65
263 -65
376 131
63 444
376 444
225 336
225 336
204 -30
204 -30
387 60
74 373
387 373
421 221
108 -92
421 -92
421 221
108 -92
421 -92
438 289
125 -24
438 -24
438 289
125 -24
438 -24
320 94
320 407
423 241
110 -72
423 -72
423 241
110 -72
423 -72
360 47
47 360
360 360
464 148
151 461
464 461
455 270
142 -43
455 -43
455 270
142 -43
455 -43
164 -142
164 -142
447 178
134 -135
447 -135
447 178
134 -135
447 -135
242 -64
242 -64
440 240
127 -73
440 -73
440 240
127 -73
440 -73
364 247
51 -66
364 -66
364 247
51 -66
364 -66
204 450
204 450
247 -43
247 -43
248 -101
248 -101
266 -58
266 -58
442 76
129 389
442 389
427 12
114 325
427 325
400 238
87 -75
400 -75
400 238
87 -75
400 -75
205 -150
205 -150
267 430
267 430
353 235
40 -78
353 -78
353 235
40 -78
353 -78
411 253
98 -60
411 -60
411 253
98 -60
411 -60
346 246
33 -67
346 -67
346 246
33 -67
346 -67
253 -138
253 -138
274 444
274 444
225 378
225 378
407 165
94 -148
407 -148
407 165
94 -148
407 -148
259 -64
259 -64
271 424
271 424
345 36
345 349
221 390
221 390
204 -147
204 -147
189 -51
189 -51
239 -21
239 -21
419 86
106 399
419 399
204 455
204 455
335 278
22 -35
335 -35
335 278
22 -35
335 -35
288 -37
288 -37
287 -154
287 -154
166 346
166 346
244 -109
244 -109
447 36
134 349
447 349
353 72
40 385
353 385
433 137
120 450
433 450
365 43
52 356
365 356
204 458
204 458
206 381
206 381
258 428
258 428
282 -115
282 -115
356 0
356 313
426 43
113 356
426 356
366 146
53 459
366 459
232 377
232 377
231 325
231 325
264 419
264 419
167 452
167 452
408 79
95 392
408 392
188 406
188 406
372 172
59 -141
372 -141
372 172
59 -141
372 -141
189 -125
189 -125
308 410
308 410
180 442
180 442
288 -111
288 -111
415 186
102 -127
415 -127
415 186
102 -127
415 -127
370 49
57 362
370 362
347 179
347 -134
347 179
347 -134
346 172
346 -141
346 172
346 -141
466 194
153 -119
466 -119
466 194
153 -119
466 -119
350 20
37 333
350 333
172 455
172 455
456 241
143 -72
456 -72
456 241
143 -72
456 -72
460 29
147 342
460 342
300 -21
300 -21
458 211
145 -102
458 -102
458 211
145 -102
458 -102
456 260
143 -53
456 -53
456 260
143 -53
456 -53
261 -41
261 -41
239 349
239 349
224 -22
224 -22
395 140
82 453
395 453
422 125
109 438
422 438
343 289
30 -24
343 -24
343 289
30 -24
343 -24
342 156
342 469
424 111
111 424
424 424
296 -148
296 -148
184 331
184 331
425 293
112 -20
425 -20
425 293
112 -20
425 -20
157 -94
157 -94
353 108
353 421
211 -14
211 -14
188 -149
188 -149
429 175
116 -138
429 -138
429 175
116 -138
429 -138
263 -123
263 -123
250 379
250 379
157 -126
157 -126
370 189
57 -124
370 -124
370 189
57 -124
370 -124
280 374
280 374
259 440
259 440
245 332
245 332
383 289
70 -24
383 -24
383 289
70 -24
383 -24
385 168
72 -145
385 -145
385 168
72 -145
385 -145
251 -76
251 -76
244 -88
244 -88
415 301
102 -12
415 -12
415 301
102 -12
415 -12
172 -125
172 -125
353 230
40 -83
353 -83
353 230
40 -83
353 -83
379 166
66 -147
379 -147
379 166
66 -147
379 -147
158 371
158 371
342 182
342 -131
342 182
342 -131
292 330
292 330
390 196
77 -117
390 -117
390 196
77 -117
390 -117
186 345
186 345
415 222
102 -91
415 -91
415 222
102 -91
415 -91
266 -68
266 -68
181 468
181 468
442 290
129 -23
442 -23
442 290
129 -23
442 -23
303 325
303 325
288 -156
288 -156
441 111
128 424
441 424
293 438
293 438
196 -143
196 -143
201 383
201 383
174 315
174 315
407 18
94 331
407 331
236 -96
236 -96
337 194
337 -119
337 194
337 -119
178 428
178 428
437 293
124 -20
437 -20
437 293
124 -20
437 -20
246 -97
246 -97
412 274
99 -39
412 -39
412 274
99 -39
412 -39
203 -96
203 -96
279 344
279 344
416 112
103 425
416 425
294 350
294 350
188 416
188 416
425 299
112 -14
425 -14
425 299
112 -14
425 -14
433 226
120 -87
433 -87
433 226
120 -87
433 -87
172 -134
172 -134
353 53
40 366
353 366
383 279
70 -34
383 -34
383 279
70 -34
383 -34
411 133
98 446
411 446
212 -98
212 -98
202 -108
202 -108
410 217
97 -96
410 -96
410 217
97 -96
410 -96
292 351
292 351
220 -100
220 -100
240 -104
240 -104
386 240
73 -73
386 -73
386 240
73 -73
386 -73
163 402
163 402
203 318
203 318
215 343
215 343
172 355
172 355
158 -77
158 -77
428 68
115 381
428 381
415 222
102 -91
415 -91
415 222
102 -91
415 -91
412 155
99 468
412 468
352 261
39 -52
352 -52
352 261
39 -52
352 -52
377 90
64 403
377 403
419 75
106 388
419 388
268 -44
268 -44
164 460
164 460
219 427
219 427
274 -45
274 -45
407 300
94 -13
407 -13
407 300
94 -13
407 -13
335 279
22 -34
335 -34
335 279
22 -34
335 -34
354 39
41 352
354 352
265 409
265 409
278 329
278 329
206 -58
206 -58
276 334
276 334
197 -18
197 -18
384 50
71 363
384 363
427 159
114 -154
427 -154
427 159
114 -154
427 -154
203 -31
203 -31
292 370
292 370
167 362
167 362
223 -62
223 -62
343 139
343 452
262 -106
262 -106
357 311
44 -2
357 -2
357 311
44 -2
357 -2
412 208
99 -105
412 -105
412 208
99 -105
412 -105
443 124
130 437
443 437
356 240
43 -73
356 -73
356 240
43 -73
356 -73
293 -37
293 -37
213 -41
213 -41
230 -82
230 -82
388 238
75 -75
388 -75
388 238
75 -75
388 -75
232 -155
232 -155
413 289
100 -24
413 -24
413 289
100 -24
413 -24
419 293
106 -20
419 -20
419 293
106 -20
419 -20
426 221
113 -92
426 -92
426 221
113 -92
426 -92
284 -77
284 -77
235 391
235 391
289 407
289 407
389 93
76 406
389 406
208 -109
208 -109
372 48
59 361
372 361
178 336
178 336
360 211
47 -102
360 -102
360 211
47 -102
360 -102
307 340
307 340
328 300
15 -13
328 -13
328 300
15 -13
328 -13
217 372
217 372
250 343
250 343
396 246
83 -67
396 -67
396 246
83 -67
396 -67
268 -21
268 -21
221 -84
221 -84
284 452
284 452
375 79
62 392
375 392
397 284
84 -29
397 -29
397 284
84 -29
397 -29
369 222
56 -91
369 -91
369 222
56 -91
369 -91
461 117
148 430
461 430
450 65
137 378
450 378
167 432
167 432
409 222
96 -91
409 -91
409 222
96 -91
409 -91
254 403
254 403
271 329
271 329
296 -125
296 -125
393 279
80 -34
393 -34
393 279
80 -34
393 -34
170 -49
170 -49
194 331
194 331
404 226
91 -87
404 -87
404 226
91 -87
404 -87
407 163
94 -150
407 -150
407 163
94 -150
407 -150
389 190
76 -123
389 -123
389 190
76 -123
389 -123
339 176
339 -137
339 176
339 -137
182 -106
182 -106
432 179
119 -134
432 -134
432 179
119 -134
432 -134
409 223
96 -90
409 -90
409 223
96 -90
409 -90
434 62
121 375
434 375
313 -148
313 -148
193 369
193 369
250 -65
250 -65
174 336
174 336
436 111
123 424
436 424
365 268
52 -45
365 -45
365 268
52 -45
365 -45
411 84
98 397
411 397
268 -155
268 -155
380 233
67 -80
380 -80
380 233
67 -80
380 -80
214 -59
214 -59
426 84
113 397
426 397
424 297
111 -16
424 -16
424 297
111 -16
424 -16
307 336
307 336
6.993000000000085 -5.997000000000071
6.993000000000085 -5.997000000000071
407.001 308.001
94.001 -4.999000000000024
407.001 -4.999000000000024
407.001 308.001
94.001 -4.999000000000024
407.001 -4.999000000000024
455.999 21.979000000000497
142.999 334.9790000000005
455.999 334.9790000000005
302.0079999999998 377.998
302.0079999999998 377.998
320.9870000000003 54.999
320.9870000000003 367.999
322.9960000000001 142.002
322.9960000000001 455.002
289.06899999999837 -93.0430000000002
289.06899999999837 -93.0430000000002
458.001 21.987000000000307
145.001 334.9870000000003
458.001 334.9870000000003
309.0169999999996 -24.008999999999787
309.0169999999996 -24.008999999999787
320.001 307.0089999999998
7.001 -5.991000000000213
320.001 -5.991000000000213
320.001 307.0089999999998
7.001 -5.991000000000213
320.001 -5.991000000000213
316.97300000000064 294.01099999999974
316.97300000000064 -18.98900000000026
316.97300000000064 294.01099999999974
316.97300000000064 -18.98900000000026
317.99300000000017 136.00300000000001
317.99300000000017 449.00300000000004
403.9799999999999 1.966000000000804
90.9799999999999 314.9660000000008
403.9799999999999 314.9660000000008
316.97600000000057 12.0
316.97600000000057 325.0
6.983000000000177 -5.991000000000213
6.983000000000177 -5.991000000000213
322.99300000000017 68.00700000000003
322.99300000000017 381.00700000000006
111.00700000000003 296.9950000000001
431.001 12.987000000000307
118.001 325.9870000000003
431.001 325.9870000000003
319.9710000000007 300.00299999999993
6.971000000000686 -12.997000000000071
319.9710000000007 -12.997000000000071
319.9710000000007 300.00299999999993
6.971000000000686 -12.997000000000071
319.9710000000007 -12.997000000000071
319.98200000000037 306.99800000000005
6.982000000000369 -6.001999999999953
319.98200000000037 -6.001999999999953
319.98200000000037 306.99800000000005
6.982000000000369 -6.001999999999953
319.98200000000037 -6.001999999999953
234.01200000000006 319.90000000000236
234.01200000000006 319.90000000000236
319.9790000000002 307.0129999999997
6.979000000000197 -5.987000000000307
319.9790000000002 -5.987000000000307
319.9790000000002 307.0129999999997
6.979000000000197 -5.987000000000307
319.9790000000002 -5.987000000000307
90.99399999999997 2.0139999999999985
345.9470000000001 311.12499999999704
32.94700000000012 -1.8750000000029559
345.9470000000001 -1.8750000000029559
345.9470000000001 311.12499999999704
32.94700000000012 -1.8750000000029559
345.9470000000001 -1.8750000000029559
306.0049999999999 313.8890000000026
306.0049999999999 313.8890000000026
325.031 3.9670000000007803
325.031 316.9670000000008
412.0530000000002 307.0669999999984
99.05300000000025 -5.933000000001584
412.0530000000002 -5.933000000001584
412.0530000000002 307.0669999999984
99.05300000000025 -5.933000000001584
412.0530000000002 -5.933000000001584
384.9779999999999 302.06599999999844
71.9779999999999 -10.93400000000156
384.9779999999999 -10.93400000000156
384.9779999999999 302.06599999999844
71.9779999999999 -10.93400000000156
384.9779999999999 -10.93400000000156
177.998 23.002000000000002
440.03200000000015 13.946000000001277
127.03200000000015 326.9460000000013
440.03200000000015 326.9460000000013
263.99700000000007 111.999
313.9400000000014 95.98799999999994
313.9400000000014 408.98799999999994
189.98699999999994 -6.961000000000922
189.98699999999994 -6.961000000000922
263.0089999999998 247.999
260.9950000000001 271.98100000000045
124.00300000000001 293.1009999999976
212.001 215.02700000000013
297.9100000000021 316.86200000000326
297.9100000000021 316.86200000000326
244.96799999999985 19.002000000000002
258.95100000000116 249.03500000000017
83.99099999999996 284.0469999999989
94.00800000000004 299.99400000000014
250.99299999999997 329.9750000000006
250.99299999999997 329.9750000000006
200.94799999999975 70.01200000000006
306.04799999999886 356.998
306.04799999999886 356.998
163.98899999999995 147.07300000000035
34.13399999999969 179.05000000000024
99.99299999999997 288.9650000000008
93.95599999999979 162.93399999999968
94.81599999999912 78.87599999999941
293.1319999999969 -86.98399999999992
293.1319999999969 -86.98399999999992
313.98100000000045 22.986999999999984
313.98100000000045 335.98699999999997
178.06600000000032 115.03000000000014
184.02500000000012 17.944999999999933
177.94099999999972 108.91099999999958
118.0630000000003 13.001
198.98299999999992 313.8850000000027
198.98299999999992 313.8850000000027
90.89799999999951 225.98399999999992
180.07400000000035 124.96399999999983
46.99700000000001 47.02899999999993
4.09000000000003 12.065999999999963
235.9349999999997 216.999
232.03400000000016 63.904000000000224
152.9599999999998 194.1060000000005
65.999 165.92899999999966
204.09100000000043 283.0049999999999
244.02700000000013 225.02500000000012
203.04500000000021 5.081000000000027
112.03400000000016 299.1359999999968
156.9349999999997 186.8769999999994
263.8950000000025 105.95099999999977
99.00400000000002 154.8979999999995
267.042999999999 117.06100000000029
106.0 292.9960000000001
213.98799999999994 253.94999999999976
42.999 240.0210000000001
290.9880000000003 99.15800000000075
311.06599999999844 443.9639999999998
311.06599999999844 443.9639999999998
278.04399999999896 15.866000000000074
246.0410000000002 216.02500000000012
220.15000000000072 212.78199999999896
204.03700000000018 145.1450000000007
102.00900000000004 222.05300000000025
210.10000000000048 -0.8380000000038308
210.10000000000048 -0.8380000000038308
294.04499999999894 36.977000000000054
115.98499999999993 174.90299999999954
293.07799999999816 275.9660000000008
38.968000000000075 261.0
114.99699999999999 68.01100000000005
42.98300000000004 312.98100000000045
95.99599999999998 221.99399999999997
52.98000000000005 146.04600000000022
52.044999999999895 42.89300000000025
198.9589999999998 1.0329999999999964
247.00800000000004 269.9440000000013
172.002 188.002
224.999 23.023000000000028
318.95900000000097 60.989000000000026
318.95900000000097 373.98900000000003
113.05300000000025 220.92299999999963
147.001 29.137000000000167
257.80400000000463 115.00800000000004
101.98199999999991 186.02800000000013
33.10699999999975 171.8729999999994
302.9820000000004 11.994000000000003
10.138999999999923 68.10700000000051
251.04500000000021 236.94699999999975
81.99099999999996 140.03500000000017
72.13500000000064 167.99699999999999
79.95099999999977 278.8990000000024
275.9530000000011 21.069000000000084
271.13399999999683 110.97599999999989
307.07799999999816 -156.04600000000022
307.07799999999816 -156.04600000000022
111.02700000000013 110.94299999999973
155.99199999999996 189.01600000000008
195.9789999999999 170.02900000000014
127.09300000000044 13.915000000000047
306.9880000000003 27.05800000000007
59.168999999999606 47.891000000000254
206.03700000000018 68.00500000000002
213.0430000000002 271.9870000000003
310.8360000000039 130.9819999999999
36.89600000000024 19.989999999999988
76.98399999999992 196.26400000000126
205.07300000000035 162.8969999999995
41.00899999999998 38.97900000000005
83.2520000000012 54.88400000000027
291.9700000000007 56.99200000000002
137.10800000000052 64.94999999999976
270.86200000000326 15.858000000000079
124.9159999999996 288.872000000003
98.00900000000004 253.10900000000052
96.91199999999958 216.96199999999982
305.9540000000011 1.0439999999999952
250.1870000000009 30.095000000000116
185.86399999999935 75.99599999999998
230.97199999999987 12.001999999999999
194.07000000000033 18.01600000000002
241.91299999999958 249.03500000000017
127.0 240.04800000000023
204.212000000001 166.28400000000136
109.00400000000002 124.96599999999984
51.14199999999967 247.08000000000038
89.9159999999996 297.99400000000014
231.999 157.8949999999995
157.09200000000044 219.01000000000005
120.22100000000106 225.86499999999936
39.90200000000023 234.998
32.64300000000083 245.98699999999994
202.7489999999988 281.9250000000018
105.9579999999998 74.92199999999963
130.01300000000006 124.0630000000003
108.001 221.001
98.97499999999988 207.8769999999994
71.02500000000012 49.805000000000454
220.9799999999999 77.12800000000061
187.9799999999999 92.95999999999981
112.0200000000001 292.8940000000025
31.792999999999747 36.00499999999999
304.00699999999983 37.99100000000002
306.96800000000076 22.987999999999985
113.13700000000065 84.05500000000026
225.0 65.00600000000003
39.87600000000029 53.079999999999814
283.9960000000001 139.03400000000016
299.87900000000286 292.084999999998
307.92200000000184 97.03000000000014
12.07099999999996 4.053000000000018
267.8940000000025 157.94399999999973
121.03100000000015 61.869000000000305
75.0420000000002 237.89999999999952
122.93499999999969 110.96099999999981
39.942000000000135 72.12800000000061
284.00699999999983 236.1070000000005
166.89199999999948 118.98199999999991
182.0 207.212000000001
120.08200000000039 137.13200000000063
166.01400000000007 32.99600000000001
211.01600000000008 298.99800000000005
69.92699999999965 278.87900000000286
172.0840000000004 142.002
273.97700000000054 131.00700000000003
223.00800000000004 250.8979999999995
46.94900000000012 210.88299999999944
93.98499999999993 307.999
235.01700000000008 78.2290000000011
167.07500000000036 49.1289999999997
203.12200000000058 93.02400000000011
204.01300000000006 142.001
238.96899999999985 36.138999999999676
271.9920000000002 -13.984000000000378
271.9920000000002 -13.984000000000378
113.8959999999995 11.952000000000027
304.02399999999943 351.002
304.02399999999943 351.002
23.759999999999707 194.4580000000022
144.78499999999897 210.9169999999996
243.83999999999924 203.7059999999986
205.8339999999992 254.8719999999994
114.12100000000058 158.96699999999984
286.872000000003 159.212000000001
63.878000000000284 90.15000000000072
230.0430000000002 231.0430000000002
71.96299999999982 302.02299999999946
134.07300000000035 177.92299999999963
73.98999999999995 60.095999999999776
262.1129999999973 207.11100000000053
214.8529999999993 30.07500000000009
142.05900000000028 270.20499999999515
97.99499999999998 133.00300000000001
58.89700000000024 172.00300000000001
312.86200000000326 165.08000000000038
44.001999999999995 310.7300000000064
181.00900000000004 154.9569999999998
25.86999999999984 175.9599999999998
296.1009999999976 187.98899999999995
76.03500000000017 189.86699999999936
188.08000000000038 103.0640000000003
56.94500000000013 49.07299999999983
196.77899999999894 294.9910000000002
304.9410000000014 255.91699999999958
202.7689999999989 217.23700000000113
30.18900000000023 289.0369999999991
311.1849999999956 -34.06299999999851
311.1849999999956 -34.06299999999851
263.05699999999865 189.97499999999988
61.99200000000002 78.91199999999958
56.95400000000011 189.0440000000002
289.00999999999976 219.84199999999925
310.9230000000018 278.999
278.90000000000236 31.134000000000164
306.99700000000007 156.95099999999977
97.94899999999976 84.10300000000049
99.1460000000007 273.830000000004
234.01600000000008 6.869999999999957
252.87999999999943 174.998
266.999 315.75700000000575
266.999 315.75700000000575
128.1860000000009 110.8119999999991
180.05300000000025 129.09500000000045
312.14099999999667 340.10900000000015
312.14099999999667 340.10900000000015
112.92999999999967 43.03999999999991
87.04000000000019 237.998
305.999 44.09899999999977
165.76199999999886 318.6780000000076
165.76199999999886 318.6780000000076
82.99499999999998 246.15100000000072
250.07300000000035 66.17500000000084
268.00699999999983 269.01099999999974
258.66300000000797 127.26700000000127
28.954999999999945 182.0390000000002
268.0679999999984 292.127999999997
129.49400000000236 290.1739999999959
293.01399999999967 124.88599999999946
204.0190000000001 136.788999999999
52.010999999999974 268.0389999999991
29.963999999999956 138.79799999999904
43.07399999999983 0.1360000000000001
175.01100000000005 313.71900000000664
175.01100000000005 313.71900000000664
119.01300000000006 179.2530000000012
56.0 221.9819999999999
220.8959999999995 229.05000000000024
88.88499999999945 110.02900000000014
248.05000000000024 211.998
187.92899999999966 164.02900000000014
46.289999999999324 16.022000000000027
266.07799999999816 254.998
224.09200000000044 256.13799999999674
301.9950000000001 65.14300000000068
173.8729999999994 22.928999999999913
174.97099999999986 198.98899999999995
84.07400000000035 281.91400000000203
106.00300000000001 86.05900000000028
189.02900000000014 187.98699999999994
238.90299999999954 276.9750000000006
253.00700000000003 280.0889999999979
224.03500000000017 291.0089999999998
305.33599999999205 -57.104000000000525
305.33599999999205 -57.104000000000525
296.00599999999986 165.05200000000025
291.8900000000026 38.02199999999995
173.88999999999947 2.1499999999999835
186.0630000000003 32.09899999999977
67.00200000000001 232.90999999999957
28.946999999999935 155.99699999999999
216.999 58.82500000000041
133.94399999999973 36.061999999999856
142.9799999999999 259.99000000000024
291.96800000000076 17.004000000000005
93.97199999999987 165.22000000000105
107.99499999999998 25.085000000000104
72.90999999999957 240.1440000000007
162.8089999999991 89.00700000000003
208.14000000000067 203.82399999999916
172.07200000000034 41.98800000000003
110.05200000000025 241.12000000000057
293.1639999999961 226.0420000000002
287.88000000000284 276.0199999999995
158.26600000000127 236.0840000000004
281.8700000000031 197.96399999999983
201.8939999999995 204.97199999999987
40.00399999999999 108.05200000000025
148.01000000000005 122.15000000000072
188.9159999999996 261.8820000000028
39.689000000000725 229.73099999999872
251.1270000000006 16.890999999999867
288.1909999999955 202.11700000000056
166.89099999999948 138.88699999999946
102.94699999999975 111.97299999999987
274.10799999999745 267.9620000000009
287.9920000000002 156.9139999999996
157.88199999999944 58.027999999999935
84.71899999999866 10.130999999999927
69.88299999999944 289.05699999999865
76.05300000000025 93.001
239.11100000000053 292.1829999999957
148.00500000000002 116.74699999999879
163.88899999999947 170.88699999999946
250.01600000000008 248.01400000000007
210.0420000000002 311.9020000000023
8.140999999999922 54.88700000000026
253.9159999999996 90.01000000000005
142.98999999999995 240.9599999999998
172.09000000000043 178.9799999999999
159.95199999999977 29.945999999999934
288.99000000000024 93.72199999999867
266.04799999999886 244.85999999999933
239.97099999999986 208.99499999999998
279.82000000000426 61.10799999999975
296.0159999999996 147.94399999999973
143.05700000000027 21.73099999999967
102.02500000000012 301.0389999999991
254.07700000000037 59.75900000000056
304.1859999999956 -123.96399999999983
304.1859999999956 -123.96399999999983
306.1529999999964 427.04300000000023
306.1529999999964 427.04300000000023
169.94399999999973 264.1519999999964
96.01500000000007 223.05100000000024
150.75399999999883 148.12000000000057
219.14200000000068 113.99799999999999
193.0 55.904000000000224
129.1490000000007 76.20300000000097
265.10399999999754 95.8519999999993
94.001 18.121000000000148
62.93900000000014 130.76499999999888
-74 277
-74 -36
-74 277
-74 -36
-153 30
-153 -283
-153 30
-153 -283
-138 199
-138 -114
-138 199
-138 -114
-60 -33
-60 -33
-17 -165
-17 -165
-49 112
-49 -201
-49 112
-49 -201
-89 256
-89 -57
-89 256
-89 -57
-110 93
-110 -220
-110 93
-110 -220
-135 109
-135 -204
-135 109
-135 -204
-59 60
-59 -253
-59 60
-59 -253
-22 -214
-22 -214
-127 76
-127 -237
-127 76
-127 -237
-133 125
-133 -188
-133 125
-133 -188
-50 -65
-50 -65
-88 23
-88 -290
-88 23
-88 -290
-109 283
-109 -30
-109 283
-109 -30
-149 171
-149 -142
-149 171
-149 -142
-71 249
-71 -64
-71 249
-71 -64
-109 137
-109 -176
-109 137
-109 -176
-66 -43
-66 -43
-65 212
-65 -101
-65 212
-65 -101
-47 -58
-47 -58
-108 163
-108 -150
-108 163
-108 -150
-46 117
-46 -196
-46 117
-46 -196
-60 175
-60 -138
-60 175
-60 -138
-39 131
-39 -182
-39 131
-39 -182
-88 65
-88 -248
-88 65
-88 -248
-54 -64
-54 -64
-42 111
-42 -202
-42 111
-42 -202
-92 77
-92 -236
-92 77
-92 -236
-109 166
-109 -147
-109 166
-109 -147
-124 262
-124 -51
-124 262
-124 -51
-74 -21
-74 -21
-109 142
-109 -171
-109 142
-109 -171
-25 -37
-25 -37
-26 -154
-26 -154
-147 33
-147 -280
-147 33
-147 -280
-69 204
-69 -109
-69 204
-69 -109
-109 145
-109 -168
-109 145
-109 -168
-107 68
-107 -245
-107 68
-107 -245
-55 115
-55 -198
-55 115
-55 -198
-31 -115
-31 -115
-81 64
-81 -249
-81 64
-81 -249
-82 12
-82 -301
-82 12
-82 -301
-49 106
-49 -207
-49 106
-49 -207
-146 139
-146 -174
-146 139
-146 -174
-125 93
-125 -220
-125 93
-125 -220
-124 188
-124 -125
-124 188
-124 -125
-133 129
-133 -184
-133 129
-133 -184
-25 -111
-25 -111
-141 142
-141 -171
-141 142
-141 -171
-13 -21
-13 -21
-52 -41
-52 -41
-74 36
-74 -277
-74 36
-74 -277
-89 291
-89 -22
-89 291
-89 -22
-17 -148
-17 -148
-129 18
-129 -295
-129 18
-129 -295
-156 219
-156 -94
-156 219
-156 -94
-102 299
-102 -14
-102 299
-102 -14
-125 164
-125 -149
-125 164
-125 -149
-50 -123
-50 -123
-63 66
-63 -247
-63 66
-63 -247
-156 187
-156 -126
-156 187
-156 -126
-33 61
-33 -252
-33 61
-33 -252
-54 127
-54 -186
-54 127
-54 -186
-68 19
-68 -294
-68 19
-68 -294
-62 -76
-62 -76
-69 225
-69 -88
-69 225
-69 -88
-141 188
-141 -125
-141 188
-141 -125
-155 58
-155 -255
-155 58
-155 -255
-21 17
-21 17
-127 32
-127 -281
-127 32
-127 -281
-47 -68
-47 -68
-132 155
-132 -158
-132 155
-132 -158
-10 12
-10 12
-25 -156
-25 -156
-20 -188
-20 -188
-117 170
-117 -143
-117 170
-117 -143
-112 70
-112 -243
-112 70
-112 -243
-139 2
-139 -311
-139 2
-139 -311
-77 217
-77 -96
-77 217
-77 -96
-135 115
-135 -198
-135 115
-135 -198
-67 216
-67 -97
-67 216
-67 -97
-110 217
-110 -96
-110 217
-110 -96
-34 31
-34 -282
-34 31
-34 -282
-19 37
-19 37
-125 103
-125 -210
-125 103
-125 -210
-141 179
-141 -134
-141 179
-141 -134
-101 215
-101 -98
-101 215
-101 -98
-111 205
-111 -108
-111 205
-111 -108
-21 38
-21 38
-93 213
-93 -100
-93 213
-93 -100
-73 209
-73 -104
-73 209
-73 -104
-150 89
-150 -224
-150 89
-150 -224
-110 5
-110 -308
-110 5
-110 -308
-98 30
-98 -283
-98 30
-98 -283
-141 42
-141 -271
-141 42
-141 -271
-155 236
-155 -77
-155 236
-155 -77
-45 -44
-45 -44
-149 147
-149 -166
-149 147
-149 -166
-94 114
-94 -199
-94 114
-94 -199
-39 -45
-39 -45
-48 96
-48 -217
-48 96
-48 -217
-35 16
-35 -297
-35 16
-35 -297
-107 255
-107 -58
-107 255
-107 -58
-37 21
-37 -292
-37 21
-37 -292
-116 295
-116 -18
-116 295
-116 -18
-110 282
-110 -31
-110 282
-110 -31
-21 57
-21 57
-146 49
-146 -264
-146 49
-146 -264
-90 251
-90 -62
-90 251
-90 -62
-51 -106
-51 -106
-20 -37
-20 -37
-100 272
-100 -41
-100 272
-100 -41
-83 231
-83 -82
-83 231
-83 -82
-81 158
-81 -155
-81 158
-81 -155
-29 -77
-29 -77
-78 78
-78 -235
-78 78
-78 -235
-24 -219
-24 -219
-105 204
-105 -109
-105 204
-105 -109
-135 23
-135 -290
-135 23
-135 -290
-96 59
-96 -254
-96 59
-96 -254
-63 30
-63 -283
-63 30
-63 -283
-45 -21
-45 -21
-92 229
-92 -84
-92 229
-92 -84
-29 -174
-29 -174
-146 119
-146 -194
-146 119
-146 -194
-59 90
-59 -223
-59 90
-59 -223
-42 16
-42 -297
-42 16
-42 -297
-17 -125
-17 -125
-143 264
-143 -49
-143 264
-143 -49
-119 18
-119 -295
-119 18
-119 -295
-131 207
-131 -106
-131 207
-131 -106
-120 56
-120 -257
-120 56
-120 -257
-63 -65
-63 -65
-139 23
-139 -290
-139 23
-139 -290
-45 158
-45 -155
-45 158
-45 -155
-99 254
-99 -59
-99 254
-99 -59
-23.93100000000163 -93.0430000000002
-23.93100000000163 -93.0430000000002
-3.983000000000402 -24.008999999999787
-3.983000000000402 -24.008999999999787
-78.98799999999994 6.900000000002365
-78.98799999999994 -306.09999999999764
-78.98799999999994 6.900000000002365
-78.98799999999994 -306.09999999999764
-6.995000000000118 0.8890000000026248
-6.995000000000118 0.8890000000026248
-123.01300000000006 306.0389999999991
-123.01300000000006 -6.961000000000922
-123.01300000000006 306.0389999999991
-123.01300000000006 -6.961000000000922
-15.089999999997872 3.8620000000032633
-15.089999999997872 3.8620000000032633
-62.00700000000003 16.97500000000059
-62.00700000000003 -296.0249999999994
-62.00700000000003 16.97500000000059
-62.00700000000003 -296.0249999999994
-19.86800000000312 -86.98399999999992
-19.86800000000312 -86.98399999999992
-114.01700000000008 0.8850000000027194
-114.01700000000008 -312.1149999999973
-114.01700000000008 0.8850000000027194
-114.01700000000008 -312.1149999999973
-102.89999999999952 312.16199999999617
-102.89999999999952 -0.8380000000038308
-102.89999999999952 312.16199999999617
-102.89999999999952 -0.8380000000038308
-41.00799999999981 -13.984000000000378
-41.00799999999981 -13.984000000000378
-46.000999999999976 2.757000000005746
-46.000999999999976 -310.24299999999425
-46.000999999999976 2.757000000005746
-46.000999999999976 -310.24299999999425
-147.23800000000114 5.678000000007614
-147.23800000000114 -307.3219999999924
-147.23800000000114 5.678000000007614
-147.23800000000114 -307.3219999999924
-137.98899999999995 0.7190000000066448
-137.98899999999995 -312.28099999999336
-137.98899999999995 0.7190000000066448
-137.98899999999995 -312.28099999999336
-7.664000000007945 -57.104000000000525
-7.664000000007945 -57.104000000000525
-17 148
-17 148
7 407
32 349
-25 276
-25 276
-26 159
-26 159
-31 198
-31 198
-5 97
-5 97
-25 202
-25 202
-13 292
-13 292
29 469
-17 165
-17 165
40 421
-25 157
-25 157
-20 125
-20 125
-45 269
-45 269
-39 268
-39 268
30 452
-20 276
-20 276
-29 236
-29 236
-45 292
-45 292
-17 188
-17 188
-10.99200000000019 64.99799999999999
-10.99200000000019 64.99799999999999
7.987000000000307 367.999
9.996000000000095 455.002
-23.93100000000163 219.9569999999998
-23.93100000000163 219.9569999999998
-3.983000000000402 288.9910000000002
-3.983000000000402 288.9910000000002
4.9930000000001655 449.00300000000004
3.9760000000005675 325.0
9.993000000000166 381.00700000000006
12.030999999999983 316.9670000000008
0.9400000000014188 408.98799999999994
1.1099999999999879 22.997999999999998
-6.952000000001135 43.998000000000005
-6.952000000001135 43.998000000000005
-19.86800000000312 226.01600000000008
-19.86800000000312 226.01600000000008
0.9810000000004493 335.98699999999997
-1.9340000000015607 130.96399999999983
-1.9340000000015607 130.96399999999983
0.2620000000000002 165.0840000000004
5.9590000000009695 373.98900000000003
-5.9220000000018445 156.95399999999978
-5.9220000000018445 156.95399999999978
21.98499999999998 279.0629999999985
4.043000000000014 293.9490000000012
15.12599999999993 300.0039999999999
6.990999999999997 307.00299999999993
-41.00799999999981 299.0159999999996
-41.00799999999981 299.0159999999996
-1.8150000000043747 278.9370000000015
-1.8150000000043747 278.9370000000015
5.273000000000091 135.9609999999998
-0.8590000000033342 27.109000000000133
-0.8590000000033342 27.109000000000133
21.969999999999963 277.6700000000078
-7.664000000007945 255.89599999999947
-7.664000000007945 255.89599999999947
7.354000000000118 93.9779999999999
1.0109999999999988 96.01100000000005
-8.814000000004398 189.03600000000017
-8.814000000004398 189.03600000000017
-6.847000000003618 114.0430000000002
-6.847000000003618 114.0430000000002
-60 280
-60 280
-22 99
-22 99
-50 248
-50 248
-66 270
-66 270
-47 255
-47 255
-54 249
-54 249
-74 292
-74 292
-52 272
-52 272
-50 190
-50 190
-62 237
-62 237
-47 245
-47 245
-51 207
-51 207
-24 94
-24 94
-6 27
-6 27
-29 139
-29 139
-63 248
-63 248
-6 23
-6 23
-8.976000000000568 38.001999999999995
-8.976000000000568 38.001999999999995
-5 -216
-5 -216
-21 -296
-21 -296
-10 -301
-10 -301
-19 -276
-19 -276
-21 -275
-21 -275
-21 -256
-21 -256
-6 -286
-6 -286
0 -148
0 -148
-6 -290
-6 -290
-10.99200000000019 -248.002
-10.99200000000019 -248.002
-6.995000000000118 -312.1109999999974
-6.995000000000118 -312.1109999999974
-15.089999999997872 -309.13799999999674
-15.089999999997872 -309.13799999999674
-6.952000000001135 -269.002
-6.952000000001135 -269.002
-1.9340000000015607 -182.03600000000017
-1.9340000000015607 -182.03600000000017
-5.9220000000018445 -156.04600000000022
-5.9220000000018445 -156.04600000000022
-8.976000000000568 -274.998
-8.976000000000568 -274.998
-1.8150000000043747 -34.06299999999851
-1.8150000000043747 -34.06299999999851
-0.8590000000033342 -285.89099999999985
-0.8590000000033342 -285.89099999999985
-8.814000000004398 -123.96399999999983
-8.814000000004398 -123.96399999999983
-6.847000000003618 -198.9569999999998
-6.847000000003618 -198.9569999999998
34 -134
34 -134
33 -141
33 -141
29 -131
29 -131
24 -119
24 -119
26 -137
26 -137
3.9730000000006385 -18.98900000000026
3.9730000000006385 -18.98900000000026
1111072.9039999484