239 -36
239 -36
160 343
160 343
359 16
46 329
359 329
175 -114
175 -114
396 55
83 368
396 368
403 298
90 -15
403 -15
403 298
90 -15
403 -15
397 282
84 -31
397 -31
397 282
84 -31
397 -31
461 122
148 435
461 435
321 55
321 368
253 -33
253 -33
398 10
85 323
398 323
296 461
296 461
469 189
156 -124
469 -124
469 189
156 -124
469 -124
264 425
264 425
323 68
323 381
224 -57
224 -57
203 406
203 406
178 422
178 422
402 110
89 423
402 423
254 373
254 373
291 412
291 412
421 25
108 338
421 338
186 389
186 389
180 438
180 438
263 -65
263 -65
376 131
63 444
376 444
225 336
225 336
204 -30
204 -30
387 60
74 373
387 373
421 221
108 -92
421 -92
421 221
108 -92
421 -92
438 289
125 -24
438 -24
438 289
125 -24
438 -24
320 94
320 407
423 241
110 -72
423 -72
423 241
110 -72
423 -72
360 47
47 360
360 360
464 148
151 461
464 461
455 270
142 -43
455 -43
455 270
142 -43
455 -43
164 -142
164 -142
447 178
134 -135
447 -135
447 178
134 -135
447 -135
242 -64
242 -64
440 240
127 -73
440 -73
440 240
127 -73
440 -73
364 247
51 -66
364 -66
364 247
51 -66
364 -66
204 450
204 450
247 -43
247 -43
248 -101
248 -101
266 -58
266 -58
442 76
129 389
442 389
427 12
114 325
427 325
400 238
87 -75
400 -75
400 238
87 -75
400 -75
205 -150
205 -150
267 430
267 430
353 235
40 -78
353 -78
353 235
40 -78
353 -78
411 253
98 -60
411 -60
411 253
98 -60
411 -60
346 246
33 -67
346 -67
346 246
33 -67
346 -67
253 -138
253 -138
274 444
274 444
225 378
225 378
407 165
94 -148
407 -148
407 165
94 -148
407 -148
407 308
94 -5
407 -5
407 308
94 -5
407 -5
259 -64
259 -64
271 424
271 424
345 36
345 349
221 390
221 390
204 -147
204 -147
189 -51
189 -51
239 -21
239 -21
419 86
106 399
419 399
204 455
204 455
335 278
22 -35
335 -35
335 278
22 -35
335 -35
288 -37
288 -37
287 -154
287 -154
166 346
166 346
244 -109
244 -109
447 36
134 349
447 349
353 72
40 385
353 385
433 137
120 450
433 450
365 43
52 356
365 356
204 458
204 458
206 381
206 381
258 428
258 428
282 -115
282 -115
356 0
356 313
426 43
113 356
426 356
366 146
53 459
366 459
232 377
232 377
231 325
231 325
264 419
264 419
167 452
167 452
408 79
95 392
408 392
188 406
188 406
372 172
59 -141
372 -141
372 172
59 -141
372 -141
189 -125
189 -125
308 410
308 410
180 442
180 442
288 -111
288 -111
415 186
102 -127
415 -127
415 186
102 -127
415 -127
370 49
57 362
370 362
347 179
347 -134
347 179
347 -134
346 172
346 -141
346 172
346 -141
466 194
153 -119
466 -119
466 194
153 -119
466 -119
350 20
37 333
350 333
172 455
172 455
456 241
143 -72
456 -72
456 241
143 -72
456 -72
460 29
147 342
460 342
300 -21
300 -21
458 211
145 -102
458 -102
458 211
145 -102
458 -102
456 260
143 -53
456 -53
456 260
143 -53
456 -53
261 -41
261 -41
239 349
239 349
224 -22
224 -22
395 140
82 453
395 453
422 125
109 438
422 438
343 289
30 -24
343 -24
343 289
30 -24
343 -24
342 156
342 469
424 111
111 424
424 424
296 -148
296 -148
184 331
184 331
425 293
112 -20
425 -20
425 293
112 -20
425 -20
157 -94
157 -94
353 108
353 421
211 -14
211 -14
188 -149
188 -149
429 175
116 -138
429 -138
429 175
116 -138
429 -138
263 -123
263 -123
250 379
250 379
157 -126
157 -126
370 189
57 -124
370 -124
370 189
57 -124
370 -124
280 374
280 374
259 440
259 440
245 332
245 332
383 289
70 -24
383 -24
383 289
70 -24
383 -24
385 168
72 -145
385 -145
385 168
72 -145
385 -145
251 -76
251 -76
244 -88
244 -88
415 301
102 -12
415 -12
415 301
102 -12
415 -12
172 -125
172 -125
353 230
40 -83
353 -83
353 230
40 -83
353 -83
379 166
66 -147
379 -147
379 166
66 -147
379 -147
158 371
158 371
342 182
342 -131
342 182
342 -131
292 330
292 330
390 196
77 -117
390 -117
390 196
77 -117
390 -117
186 345
186 345
415 222
102 -91
415 -91
415 222
102 -91
415 -91
266 -68
266 -68
181 468
181 468
442 290
129 -23
442 -23
442 290
129 -23
442 -23
303 325
303 325
288 -156
288 -156
441 111
128 424
441 424
293 438
293 438
196 -143
196 -143
201 383
201 383
174 315
174 315
407 18
94 331
407 331
236 -96
236 -96
337 194
337 -119
337 194
337 -119
178 428
178 428
437 293
124 -20
437 -20
437 293
124 -20
437 -20
246 -97
246 -97
412 274
99 -39
412 -39
412 274
99 -39
412 -39
203 -96
203 -96
279 344
279 344
416 112
103 425
416 425
294 350
294 350
188 416
188 416
425 299
112 -14
425 -14
425 299
112 -14
425 -14
433 226
120 -87
433 -87
433 226
120 -87
433 -87
172 -134
172 -134
353 53
40 366
353 366
383 279
70 -34
383 -34
383 279
70 -34
383 -34
411 133
98 446
411 446
212 -98
212 -98
202 -108
202 -108
318 136
318 449
410 217
97 -96
410 -96
410 217
97 -96
410 -96
292 351
292 351
220 -100
220 -100
240 -104
240 -104
386 240
73 -73
386 -73
386 240
73 -73
386 -73
163 402
163 402
203 318
203 318
215 343
215 343
172 355
172 355
158 -77
158 -77
428 68
115 381
428 381
415 222
102 -91
415 -91
415 222
102 -91
415 -91
412 155
99 468
412 468
352 261
39 -52
352 -52
352 261
39 -52
352 -52
377 90
64 403
377 403
419 75
106 388
419 388
268 -44
268 -44
164 460
164 460
219 427
219 427
274 -45
274 -45
407 300
94 -13
407 -13
407 300
94 -13
407 -13
335 279
22 -34
335 -34
335 279
22 -34
335 -34
354 39
41 352
354 352
265 409
265 409
278 329
278 329
206 -58
206 -58
276 334
276 334
197 -18
197 -18
384 50
71 363
384 363
427 159
114 -154
427 -154
427 159
114 -154
427 -154
203 -31
203 -31
292 370
292 370
167 362
167 362
223 -62
223 -62
343 139
343 452
262 -106
262 -106
357 311
44 -2
357 -2
357 311
44 -2
357 -2
412 208
99 -105
412 -105
412 208
99 -105
412 -105
443 124
130 437
443 437
356 240
43 -73
356 -73
356 240
43 -73
356 -73
293 -37
293 -37
213 -41
213 -41
230 -82
230 -82
388 238
75 -75
388 -75
388 238
75 -75
388 -75
232 -155
232 -155
413 289
100 -24
413 -24
413 289
100 -24
413 -24
419 293
106 -20
419 -20
419 293
106 -20
419 -20
426 221
113 -92
426 -92
426 221
113 -92
426 -92
284 -77
284 -77
235 391
235 391
289 407
289 407
389 93
76 406
389 406
208 -109
208 -109
372 48
59 361
372 361
178 336
178 336
360 211
47 -102
360 -102
360 211
47 -102
360 -102
307 340
307 340
328 300
15 -13
328 -13
328 300
15 -13
328 -13
217 372
217 372
250 343
250 343
396 246
83 -67
396 -67
396 246
83 -67
396 -67
268 -21
268 -21
221 -84
221 -84
284 452
284 452
375 79
62 392
375 392
397 284
84 -29
397 -29
397 284
84 -29
397 -29
369 222
56 -91
369 -91
369 222
56 -91
369 -91
461 117
148 430
461 430
450 65
137 378
450 378
167 432
167 432
409 222
96 -91
409 -91
409 222
96 -91
409 -91
254 403
254 403
271 329
271 329
296 -125
296 -125
393 279
80 -34
393 -34
393 279
80 -34
393 -34
170 -49
170 -49
194 331
194 331
404 226
91 -87
404 -87
404 226
91 -87
404 -87
407 163
94 -150
407 -150
407 163
94 -150
407 -150
389 190
76 -123
389 -123
389 190
76 -123
389 -123
339 176
339 -137
339 176
339 -137
182 -106
182 -106
432 179
119 -134
432 -134
432 179
119 -134
432 -134
409 223
96 -90
409 -90
409 223
96 -90
409 -90
434 62
121 375
434 375
313 -148
313 -148
193 369
193 369
250 -65
250 -65
174 336
174 336
436 111
123 424
436 424
365 268
52 -45
365 -45
365 268
52 -45
365 -45
411 84
98 397
411 397
268 -155
268 -155
380 233
67 -80
380 -80
380 233
67 -80
380 -80
214 -59
214 -59
426 84
113 397
426 397
424 297
111 -16
424 -16
424 297
111 -16
424 -16
307 336
307 336
309.001 -24.000999999999976
309.001 -24.000999999999976
322.999 142.001
322.999 455.001
302.001 377.999
302.001 377.999
42.998000000000005 312.99800000000005
325.002 3.9980000000000473
325.002 316.99800000000005
455.999 21.999000000000024
142.999 334.999
455.999 334.999
313.999 22.999
313.999 335.999
316.99800000000005 12.0
316.99800000000005 325.0
263.99800000000005 112.0
272.0 -13.998000000000047
272.0 -13.998000000000047
110.999 297.001
268.0 269.00199999999995
431.001 12.999000000000024
118.001 325.999
431.001 325.999
93.99599999999998 162.99599999999998
100.00800000000004 288.9960000000001
306.0049999999999 356.997
306.0049999999999 356.997
84.00900000000004 281.98900000000026
205.00400000000002 162.98799999999994
248.001 211.99499999999998
316.9950000000001 294.00299999999993
316.9950000000001 -18.99700000000007
316.9950000000001 294.00299999999993
316.9950000000001 -18.99700000000007
65.99599999999998 165.99599999999998
246.00800000000004 216.002
178.01000000000005 115.00600000000003
440.00300000000004 13.995000000000118
127.00300000000001 326.9950000000001
440.00300000000004 326.9950000000001
89.99499999999998 297.99300000000017
304.0039999999999 351.002
304.0039999999999 351.002
384.998 302.0039999999999
71.99799999999999 -10.996000000000095
384.998 -10.996000000000095
384.998 302.0039999999999
71.99799999999999 -10.996000000000095
384.998 -10.996000000000095
319.9950000000001 300.001
6.995000000000118 -12.999000000000024
319.9950000000001 -12.999000000000024
319.9950000000001 300.001
6.995000000000118 -12.999000000000024
319.9950000000001 -12.999000000000024
306.999 22.999
234.00300000000001 319.9870000000003
234.00300000000001 319.9870000000003
204.00900000000004 282.999
403.99699999999996 1.997000000000071
90.99699999999999 314.99700000000007
403.99699999999996 314.99700000000007
198.99599999999998 1.0079999999999991
263.00299999999993 247.999
287.99700000000007 156.98699999999994
123.99499999999998 293.0089999999998
94.00200000000001 299.9960000000001
93.99499999999998 307.99300000000017
12.001999999999999 4.002000000000001
319.999 307.00299999999993
6.999 -5.997000000000071
319.999 -5.997000000000071
319.999 307.00299999999993
6.999 -5.997000000000071
319.999 -5.997000000000071
93.98899999999995 165.01700000000008
231.00300000000001 12.004999999999997
206.00500000000002 67.99699999999999
79.99599999999998 278.99400000000014
224.99699999999999 65.001
84.0 284.00599999999986
96.0 221.998
412.0 307.00599999999986
99.0 -5.994000000000142
412.0 -5.994000000000142
412.0 307.00599999999986
99.0 -5.994000000000142
412.0 -5.994000000000142
293.0129999999997 -86.99699999999999
293.0129999999997 -86.99699999999999
172.00700000000003 178.999
156.99499999999998 186.98699999999994
291.9870000000003 16.996999999999996
172.00300000000001 187.999
307.001 156.98899999999995
173.98599999999993 22.993999999999993
41.001 38.99500000000001
260.9960000000001 272.0039999999999
175.00900000000004 313.98100000000045
175.00900000000004 313.98100000000045
345.994 311.01399999999967
32.994000000000014 -1.986000000000331
345.994 -1.986000000000331
345.994 311.01399999999967
32.994000000000014 -1.986000000000331
345.994 -1.986000000000331
307.00299999999993 27.00700000000001
58.98600000000003 171.99399999999997
102.99399999999997 112.00200000000001
36.99100000000002 19.994999999999994
39.99600000000001 53.00999999999998
244.01200000000006 225.0
266.00599999999986 244.98399999999992
312.9880000000003 165.00600000000003
90.99399999999997 2.0
113.98499999999993 11.997000000000002
258.9950000000001 249.00300000000001
28.986999999999984 182.00900000000004
44.00899999999998 310.97300000000064
238.99499999999998 277.0049999999999
101.999 222.00700000000003
235.99099999999996 217.001
292.0089999999998 56.999
312.0119999999997 340.01
312.0119999999997 340.01
97.99199999999996 253.01000000000005
187.98699999999994 164.001
302.999 12.001
201.98899999999995 204.99299999999997
156.0 189.0
275.999 21.00900000000001
115.99599999999998 174.99399999999997
271.0129999999997 110.99099999999996
66.99499999999998 232.99499999999998
177.99399999999997 108.99599999999998
172.01200000000006 42.00399999999999
241.98999999999995 249.00400000000002
81.99799999999999 140.002
230.00700000000003 231.00500000000002
28.98499999999998 155.999
52.0 42.99200000000002
296.0 165.00800000000004
43.00499999999999 0.015000000000000006
69.99299999999997 289.01899999999955
33.00299999999999 171.99099999999996
96.99299999999997 216.99699999999999
217.001 58.989000000000026
87.00600000000003 237.99599999999998
297.9870000000003 316.98500000000035
297.9870000000003 316.98500000000035
105.99499999999998 74.99699999999999
257.9820000000004 114.99199999999996
107.99799999999999 221.0
55.99700000000001 221.98899999999995
252.9819999999999 175.00400000000002
294.0049999999999 36.99500000000001
313.99300000000017 95.999
313.99300000000017 408.999
289.0 219.9779999999999
129.04500000000021 290.0089999999998
142.01100000000005 270.0249999999994
96.0 223.002
127.01000000000005 13.988000000000007
211.00900000000004 298.999
203.00400000000002 5.008000000000003
189.999 -6.995000000000118
189.999 -6.995000000000118
127.00200000000001 239.998
112.99599999999998 43.001999999999995
310.99800000000005 279.00199999999995
308.0 97.00600000000003
61.99500000000001 78.99299999999997
34.010999999999974 179.00500000000002
143.01100000000005 21.97499999999997
220.99199999999996 229.0
289.00999999999976 -93.00200000000001
289.00999999999976 -93.00200000000001
263.99000000000024 105.99799999999999
202.9779999999999 281.99800000000005
305.99700000000007 1.0109999999999988
238.99699999999999 36.01299999999997
94.98899999999995 78.98699999999994
147.002 29.012000000000015
200.99499999999998 70.00300000000001
210.00900000000004 -0.9790000000004966
210.00900000000004 -0.9790000000004966
110.00800000000004 241.01600000000008
118.00600000000003 13.001999999999999
293.0089999999998 275.9950000000001
199.0 313.99400000000014
199.0 313.99400000000014
113.00400000000002 220.98599999999993
250.001 248.00700000000003
311.00699999999983 443.99699999999996
311.00699999999983 443.99699999999996
88.98699999999994 109.99299999999997
246.99699999999999 269.99300000000017
102.0 301.0039999999999
165.98399999999992 318.96800000000076
165.98399999999992 318.96800000000076
106.00200000000001 86.00600000000003
174.98399999999992 199.00400000000002
122.98899999999995 110.99499999999998
164.0 147.00400000000002
111.00200000000001 110.98999999999995
203.99399999999997 136.98399999999992
287.9880000000003 276.00599999999986
94.001 18.013000000000016
166.00500000000002 32.99700000000001
97.99799999999999 84.01600000000008
166.99299999999997 138.99299999999997
278.9870000000003 31.019000000000023
214.9779999999999 30.006000000000007
318.9950000000001 60.999
318.9950000000001 373.999
283.99300000000017 139.00300000000001
120.01900000000009 225.98699999999994
278.00199999999995 15.986000000000008
243.98599999999993 203.96599999999984
188.00400000000002 103.00800000000004
203.02400000000011 92.99799999999999
69.99399999999997 278.98600000000033
224.01000000000005 256.0179999999996
225.0 23.006000000000007
244.99499999999998 18.999
40.001 72.00500000000002
204.00800000000004 145.02400000000011
288.0199999999995 202.01600000000008
223.001 250.98899999999995
63.99200000000002 90.01800000000009
214.0 253.99199999999996
113.01600000000008 84.00200000000001
251.002 236.99399999999997
293.001 124.97699999999989
83.001 246.01100000000005
128.01500000000007 110.98499999999993
30.029000000000035 289.01099999999974
311.0159999999996 -34.00799999999981
311.0159999999996 -34.00799999999981
71.00400000000002 49.98200000000004
107.99699999999999 25.00900000000001
189.002 188.00400000000002
262.0119999999997 207.00400000000002
220.02400000000011 212.96799999999985
307.0079999999998 -156.00600000000003
307.0079999999998 -156.00600000000003
99.01000000000005 273.98600000000033
56.998000000000005 49.005999999999986
239.01000000000005 292.00999999999976
234.998 78.01600000000008
144.9809999999999 210.9789999999999
112.01000000000005 299.01399999999967
188.0 92.98799999999994
42.999 240.00500000000002
84.96499999999983 10.012999999999993
204.00300000000001 141.99099999999996
266.00699999999983 254.99699999999999
72.99099999999996 240.01500000000007
250.00800000000004 66.02400000000011
286.9840000000004 159.01600000000008
157.01600000000008 218.998
57.001 189.01500000000007
265.0179999999996 95.98599999999993
39.96500000000008 229.9769999999999
274.01099999999974 267.999
142.998 240.98799999999994
283.9920000000002 236.01200000000006
204.0220000000001 166.03400000000016
263.00999999999976 189.998
112.00300000000001 292.9950000000001
158.01700000000008 236.0190000000001
252.999 280.01099999999974
121.01800000000009 61.98800000000003
202.97599999999989 217.03000000000014
458.001 21.99700000000007
145.001 334.99700000000007
458.001 334.99700000000007
38.998000000000005 261.00599999999986
304.01899999999955 -123.99699999999999
304.01899999999955 -123.99699999999999
296.0 147.99399999999997
4.019000000000006 12.020999999999988
301.99700000000007 65.01300000000006
281.9920000000002 197.98999999999995
173.98499999999993 2.0149999999999983
75.00900000000004 237.98899999999995
10.015999999999991 68.01200000000006
76.99699999999999 196.02900000000014
98.98899999999995 207.98699999999994
185.99399999999997 75.98999999999995
75.99299999999997 93.01100000000005
270.9870000000003 15.993000000000004
212.001 215.00300000000001
224.002 290.99800000000005
279.9660000000008 61.001999999999995
291.0 99.01000000000005
76.00800000000004 189.99199999999996
129.01200000000006 76.01200000000006
208.01600000000008 203.9819999999999
71.99599999999998 302.00199999999995
51.01799999999996 247.00600000000003
194.00800000000004 18.004000000000005
106.001 292.999
305.03099999999927 -57.0150000000001
305.03099999999927 -57.0150000000001
137.00600000000003 64.99599999999998
129.99699999999999 124.00900000000004
170.00600000000003 264.0179999999996
47.001999999999995 47.001999999999995
253.98299999999992 90.00300000000001
39.99200000000002 234.998
59.02899999999993 47.97900000000005
180.00800000000004 129.002
157.9789999999999 57.99700000000001
232.00500000000002 63.98700000000003
29.981999999999978 138.98399999999992
142.99499999999998 259.99700000000007
124.98499999999993 288.98900000000026
62.99600000000001 130.97399999999988
159.99399999999997 29.99199999999999
306.0199999999995 427.002
306.0199999999995 427.002
299.98600000000033 292.00599999999986
267.9870000000003 157.99499999999998
184.001 17.996999999999996
72.01200000000006 167.998
258.9790000000005 127.02700000000013
195.98699999999994 170.00500000000002
120.00400000000002 137.01600000000008
239.98899999999995 208.99499999999998
108.999 124.99699999999999
74.001 60.006999999999984
114.0200000000001 159.002
213.00600000000003 272.00199999999995
267.00199999999995 315.9820000000004
267.00199999999995 315.9820000000004
304.00299999999993 37.99500000000001
98.99599999999998 154.98799999999994
172.00500000000002 141.999
181.98799999999994 207.01400000000007
250.998 329.99800000000005
250.998 329.99800000000005
178.0 23.002000000000002
233.99699999999999 6.984999999999995
39.97900000000005 108.001
148.00500000000002 122.01700000000008
181.0 154.98599999999993
90.98799999999994 226.0
188.99699999999999 261.9950000000001
250.02400000000011 30.01600000000002
163.98799999999994 170.98799999999994
134.01000000000005 177.98999999999995
220.99599999999998 77.00800000000004
46.035999999999916 16.0
205.98799999999994 254.98599999999993
196.97399999999988 294.9960000000001
268.00199999999995 292.0159999999996
83.02300000000011 54.985000000000035
32.96900000000007 246.00300000000001
53.005999999999986 145.99599999999998
288.99800000000005 93.97199999999987
101.98899999999995 186.001
166.98399999999992 118.99799999999999
162.98599999999993 89.00600000000003
119.001 179.02500000000012
210.01100000000005 311.9910000000002
306.0 44.01199999999997
305.001 255.99699999999996
310.9870000000003 130.999
52.00299999999999 268.0129999999997
25.98499999999998 175.99099999999996
23.978999999999974 194.05900000000028
180.00800000000004 125.0
219.00600000000003 114.00400000000002
46.989000000000026 210.99699999999999
150.97099999999986 148.01700000000008
148.00300000000001 116.97699999999989
114.99499999999998 67.99099999999996
291.9880000000003 37.998000000000005
8.010999999999994 54.99100000000002
152.99699999999999 194.01300000000006
186.00400000000002 32.01399999999997
267.00299999999993 117.00300000000001
306.0 313.9820000000004
306.0 313.9820000000004
31.972999999999967 35.99700000000001
251.01600000000008 16.989999999999988
193.00600000000003 55.98800000000003
97.99799999999999 133.002
254.0220000000001 59.98600000000003
167.01200000000006 49.01599999999996
273.99800000000005 131.0
293.01399999999967 226.002
133.998 36.00399999999999
231.98599999999993 157.9819999999999
296.00299999999993 188.001
-74 277
-74 -36
-74 277
-74 -36
-153 30
-153 -283
-153 30
-153 -283
-138 199
-138 -114
-138 199
-138 -114
-60 -33
-60 -33
-17 -165
-17 -165
-49 112
-49 -201
-49 112
-49 -201
-89 256
-89 -57
-89 256
-89 -57
-110 93
-110 -220
-110 93
-110 -220
-135 109
-135 -204
-135 109
-135 -204
-59 60
-59 -253
-59 60
-59 -253
-22 -214
-22 -214
-127 76
-127 -237
-127 76
-127 -237
-133 125
-133 -188
-133 125
-133 -188
-50 -65
-50 -65
-88 23
-88 -290
-88 23
-88 -290
-109 283
-109 -30
-109 283
-109 -30
-149 171
-149 -142
-149 171
-149 -142
-71 249
-71 -64
-71 249
-71 -64
-109 137
-109 -176
-109 137
-109 -176
-66 -43
-66 -43
-65 212
-65 -101
-65 212
-65 -101
-47 -58
-47 -58
-108 163
-108 -150
-108 163
-108 -150
-46 117
-46 -196
-46 117
-46 -196
-60 175
-60 -138
-60 175
-60 -138
-39 131
-39 -182
-39 131
-39 -182
-88 65
-88 -248
-88 65
-88 -248
-54 -64
-54 -64
-42 111
-42 -202
-42 111
-42 -202
-92 77
-92 -236
-92 77
-92 -236
-109 166
-109 -147
-109 166
-109 -147
-124 262
-124 -51
-124 262
-124 -51
-74 -21
-74 -21
-109 142
-109 -171
-109 142
-109 -171
-25 -37
-25 -37
-26 -154
-26 -154
-147 33
-147 -280
-147 33
-147 -280
-69 204
-69 -109
-69 204
-69 -109
-109 145
-109 -168
-109 145
-109 -168
-107 68
-107 -245
-107 68
-107 -245
-55 115
-55 -198
-55 115
-55 -198
-31 -115
-31 -115
-81 64
-81 -249
-81 64
-81 -249
-82 12
-82 -301
-82 12
-82 -301
-49 106
-49 -207
-49 106
-49 -207
-146 139
-146 -174
-146 139
-146 -174
-125 93
-125 -220
-125 93
-125 -220
-124 188
-124 -125
-124 188
-124 -125
-133 129
-133 -184
-133 129
-133 -184
-25 -111
-25 -111
-141 142
-141 -171
-141 142
-141 -171
-13 -21
-13 -21
-52 -41
-52 -41
-74 36
-74 -277
-74 36
-74 -277
-89 291
-89 -22
-89 291
-89 -22
-17 -148
-17 -148
-129 18
-129 -295
-129 18
-129 -295
-156 219
-156 -94
-156 219
-156 -94
-102 299
-102 -14
-102 299
-102 -14
-125 164
-125 -149
-125 164
-125 -149
-50 -123
-50 -123
-63 66
-63 -247
-63 66
-63 -247
-156 187
-156 -126
-156 187
-156 -126
-33 61
-33 -252
-33 61
-33 -252
-54 127
-54 -186
-54 127
-54 -186
-68 19
-68 -294
-68 19
-68 -294
-62 -76
-62 -76
-69 225
-69 -88
-69 225
-69 -88
-141 188
-141 -125
-141 188
-141 -125
-155 58
-155 -255
-155 58
-155 -255
-21 17
-21 17
-127 32
-127 -281
-127 32
-127 -281
-47 -68
-47 -68
-132 155
-132 -158
-132 155
-132 -158
-10 12
-10 12
-25 -156
-25 -156
-20 -188
-20 -188
-117 170
-117 -143
-117 170
-117 -143
-112 70
-112 -243
-112 70
-112 -243
-139 2
-139 -311
-139 2
-139 -311
-77 217
-77 -96
-77 217
-77 -96
-135 115
-135 -198
-135 115
-135 -198
-67 216
-67 -97
-67 216
-67 -97
-110 217
-110 -96
-110 217
-110 -96
-34 31
-34 -282
-34 31
-34 -282
-19 37
-19 37
-125 103
-125 -210
-125 103
-125 -210
-141 179
-141 -134
-141 179
-141 -134
-101 215
-101 -98
-101 215
-101 -98
-111 205
-111 -108
-111 205
-111 -108
-21 38
-21 38
-93 213
-93 -100
-93 213
-93 -100
-73 209
-73 -104
-73 209
-73 -104
-150 89
-150 -224
-150 89
-150 -224
-110 5
-110 -308
-110 5
-110 -308
-98 30
-98 -283
-98 30
-98 -283
-141 42
-141 -271
-141 42
-141 -271
-155 236
-155 -77
-155 236
-155 -77
-45 -44
-45 -44
-149 147
-149 -166
-149 147
-149 -166
-94 114
-94 -199
-94 114
-94 -199
-39 -45
-39 -45
-48 96
-48 -217
-48 96
-48 -217
-35 16
-35 -297
-35 16
-35 -297
-107 255
-107 -58
-107 255
-107 -58
-37 21
-37 -292
-37 21
-37 -292
-116 295
-116 -18
-116 295
-116 -18
-110 282
-110 -31
-110 282
-110 -31
-21 57
-21 57
-146 49
-146 -264
-146 49
-146 -264
-90 251
-90 -62
-90 251
-90 -62
-51 -106
-51 -106
-20 -37
-20 -37
-100 272
-100 -41
-100 272
-100 -41
-83 231
-83 -82
-83 231
-83 -82
-81 158
-81 -155
-81 158
-81 -155
-29 -77
-29 -77
-78 78
-78 -235
-78 78
-78 -235
-24 -219
-24 -219
-105 204
-105 -109
-105 204
-105 -109
-135 23
-135 -290
-135 23
-135 -290
-96 59
-96 -254
-96 59
-96 -254
-63 30
-63 -283
-63 30
-63 -283
-45 -21
-45 -21
-92 229
-92 -84
-92 229
-92 -84
-29 -174
-29 -174
-146 119
-146 -194
-146 119
-146 -194
-59 90
-59 -223
-59 90
-59 -223
-42 16
-42 -297
-42 16
-42 -297
-17 -125
-17 -125
-143 264
-143 -49
-143 264
-143 -49
-119 18
-119 -295
-119 18
-119 -295
-131 207
-131 -106
-131 207
-131 -106
-120 56
-120 -257
-120 56
-120 -257
-63 -65
-63 -65
-139 23
-139 -290
-139 23
-139 -290
-45 158
-45 -155
-45 158
-45 -155
-99 254
-99 -59
-99 254
-99 -59
-3.9990000000000236 -24.000999999999976
-3.9990000000000236 -24.000999999999976
-41.0 -13.998000000000047
-41.0 -13.998000000000047
-78.99699999999999 6.987000000000307
-78.99699999999999 -306.0129999999997
-78.99699999999999 6.987000000000307
-78.99699999999999 -306.0129999999997
-19.987000000000307 -86.99699999999999
-19.987000000000307 -86.99699999999999
-137.99099999999996 0.9810000000004493
-137.99099999999996 -312.01899999999955
-137.99099999999996 0.9810000000004493
-137.99099999999996 -312.01899999999955
-15.012999999999693 3.9850000000003547
-15.012999999999693 3.9850000000003547
-123.001 306.0049999999999
-123.001 -6.995000000000118
-123.001 306.0049999999999
-123.001 -6.995000000000118
-23.990000000000236 -93.00200000000001
-23.990000000000236 -93.00200000000001
-102.99099999999996 312.0209999999995
-102.99099999999996 -0.9790000000004966
-102.99099999999996 312.0209999999995
-102.99099999999996 -0.9790000000004966
-114.0 0.9940000000001419
-114.0 -312.00599999999986
-114.0 0.9940000000001419
-114.0 -312.00599999999986
-147.01600000000008 5.968000000000757
-147.01600000000008 -307.03199999999924
-147.01600000000008 5.968000000000757
-147.01600000000008 -307.03199999999924
-7.969000000000733 -57.0150000000001
-7.969000000000733 -57.0150000000001
-45.99800000000005 2.9820000000004256
-45.99800000000005 -310.0179999999996
-45.99800000000005 2.9820000000004256
-45.99800000000005 -310.0179999999996
-62.00200000000001 16.998000000000047
-62.00200000000001 -296.00199999999995
-62.00200000000001 16.998000000000047
-62.00200000000001 -296.00199999999995
-7.0 0.9820000000004256
-7.0 0.9820000000004256
8 368
-17 148
-17 148
10 381
7 407
32 349
-25 276
-25 276
-26 159
-26 159
-31 198
-31 198
-5 97
-5 97
-25 202
-25 202
-13 292
-13 292
29 469
-17 165
-17 165
40 421
-25 157
-25 157
-20 125
-20 125
5 449
-45 269
-45 269
-39 268
-39 268
30 452
-20 276
-20 276
-29 236
-29 236
-45 292
-45 292
-17 188
-17 188
-3.9990000000000236 288.999
-3.9990000000000236 288.999
9.999000000000024 455.001
-10.999000000000024 64.999
-10.999000000000024 64.999
12.001999999999999 316.99800000000005
0.9990000000000236 335.999
3.9980000000000473 325.0
-41.0 299.00199999999995
-41.0 299.00199999999995
-6.995000000000118 43.99700000000001
-6.995000000000118 43.99700000000001
1.0059999999999993 23.0
6.994999999999998 306.999
-19.987000000000307 226.00300000000001
-19.987000000000307 226.00300000000001
-0.9880000000002838 27.010000000000012
-0.9880000000002838 27.010000000000012
0.9930000000001655 408.999
-23.990000000000236 219.998
-23.990000000000236 219.998
15.011999999999993 300.0039999999999
-1.9930000000001655 130.99699999999999
-1.9930000000001655 130.99699999999999
4.006000000000002 293.9960000000001
5.995000000000118 373.999
22.003000000000004 279.00699999999983
-1.9840000000003783 278.9920000000002
-1.9840000000003783 278.9920000000002
-5.992000000000189 156.99399999999997
-5.992000000000189 156.99399999999997
21.999 277.9710000000007
-8.98100000000045 189.00300000000001
-8.98100000000045 189.00300000000001
-7.969000000000733 255.9849999999999
-7.969000000000733 255.9849999999999
1.0049999999999994 96.00300000000001
-6.980000000000473 114.00200000000001
-6.980000000000473 114.00200000000001
5.019000000000006 135.99299999999997
7.042000000000014 93.99799999999999
0.026000000000000016 165.01000000000005
-60 280
-60 280
-22 99
-22 99
-50 248
-50 248
-66 270
-66 270
-47 255
-47 255
-54 249
-54 249
-74 292
-74 292
-52 272
-52 272
-50 190
-50 190
-62 237
-62 237
-47 245
-47 245
-51 207
-51 207
-24 94
-24 94
-6 27
-6 27
-29 139
-29 139
-63 248
-63 248
-6 23
-6 23
-8.996000000000095 38.001999999999995
-8.996000000000095 38.001999999999995
-5 -216
-5 -216
-21 -296
-21 -296
-10 -301
-10 -301
-19 -276
-19 -276
-21 -275
-21 -275
-21 -256
-21 -256
-6 -286
-6 -286
0 -148
0 -148
-6 -290
-6 -290
-10.999000000000024 -248.001
-10.999000000000024 -248.001
-6.995000000000118 -269.003
-6.995000000000118 -269.003
-8.996000000000095 -274.998
-8.996000000000095 -274.998
-0.9880000000002838 -285.99
-0.9880000000002838 -285.99
-15.012999999999693 -309.01499999999965
-15.012999999999693 -309.01499999999965
-1.9930000000001655 -182.00300000000001
-1.9930000000001655 -182.00300000000001
-1.9840000000003783 -34.00799999999981
-1.9840000000003783 -34.00799999999981
-5.992000000000189 -156.00600000000003
-5.992000000000189 -156.00600000000003
-8.98100000000045 -123.99699999999999
-8.98100000000045 -123.99699999999999
-6.980000000000473 -198.998
-6.980000000000473 -198.998
-7.0 -312.0179999999996
-7.0 -312.0179999999996
34 -134
34 -134
33 -141
33 -141
29 -131
29 -131
24 -119
24 -119
26 -137
26 -137
3.9950000000001182 -18.99700000000007
3.9950000000001182 -18.99700000000007
1118140.0020000637