239 -36
239 -36
160 343
160 343
359 16
46 329
359 329
175 -114
175 -114
396 55
83 368
396 368
403 298
90 -15
403 -15
403 298
90 -15
403 -15
397 282
84 -31
397 -31
397 282
84 -31
397 -31
461 122
148 435
461 435
253 -33
253 -33
398 10
85 323
398 323
296 461
296 461
469 189
156 -124
469 -124
469 189
156 -124
469 -124
264 425
264 425
224 -57
224 -57
203 406
203 406
178 422
178 422
402 110
89 423
402 423
254 373
254 373
291 412
291 412
421 25
108 338
421 338
186 389
186 389
180 438
180 438
263 -65
263 -65
376 131
63 444
376 444
225 336
225 336
204 -30
204 -30
387 60
74 373
387 373
421 221
108 -92
421 -92
421 221
108 -92
421 -92
438 289
125 -24
438 -24
438 289
125 -24
438 -24
320 94
320 407
423 241
110 -72
423 -72
423 241
110 -72
423 -72
360 47
47 360
360 360
464 148
151 461
464 461
455 270
142 -43
455 -43
455 270
142 -43
455 -43
164 -142
164 -142
447 178
134 -135
447 -135
447 178
134 -135
447 -135
242 -64
242 -64
440 240
127 -73
440 -73
440 240
127 -73
440 -73
364 247
51 -66
364 -66
364 247
51 -66
364 -66
204 450
204 450
247 -43
247 -43
248 -101
248 -101
266 -58
266 -58
442 76
129 389
442 389
427 12
114 325
427 325
400 238
87 -75
400 -75
400 238
87 -75
400 -75
205 -150
205 -150
267 430
267 430
353 235
40 -78
353 -78
353 235
40 -78
353 -78
411 253
98 -60
411 -60
411 253
98 -60
411 -60
346 246
33 -67
346 -67
346 246
33 -67
346 -67
253 -138
253 -138
274 444
274 444
225 378
225 378
407 165
94 -148
407 -148
407 165
94 -148
407 -148
259 -64
259 -64
271 424
271 424
345 36
345 349
221 390
221 390
204 -147
204 -147
189 -51
189 -51
239 -21
239 -21
419 86
106 399
419 399
204 455
204 455
335 278
22 -35
335 -35
335 278
22 -35
335 -35
288 -37
288 -37
287 -154
287 -154
166 346
166 346
244 -109
244 -109
447 36
134 349
447 349
353 72
40 385
353 385
433 137
120 450
433 450
365 43
52 356
365 356
204 458
204 458
206 381
206 381
258 428
258 428
282 -115
282 -115
356 0
356 313
426 43
113 356
426 356
366 146
53 459
366 459
232 377
232 377
231 325
231 325
264 419
264 419
167 452
167 452
408 79
95 392
408 392
188 406
188 406
372 172
59 -141
372 -141
372 172
59 -141
372 -141
189 -125
189 -125
308 410
308 410
180 442
180 442
288 -111
288 -111
415 186
102 -127
415 -127
415 186
102 -127
415 -127
370 49
57 362
370 362
347 179
347 -134
347 179
347 -134
346 172
346 -141
346 172
346 -141
466 194
153 -119
466 -119
466 194
153 -119
466 -119
350 20
37 333
350 333
172 455
172 455
456 241
143 -72
456 -72
456 241
143 -72
456 -72
460 29
147 342
460 342
300 -21
300 -21
458 211
145 -102
458 -102
458 211
145 -102
458 -102
456 260
143 -53
456 -53
456 260
143 -53
456 -53
261 -41
261 -41
239 349
239 349
224 -22
224 -22
395 140
82 453
395 453
422 125
109 438
422 438
343 289
30 -24
343 -24
343 289
30 -24
343 -24
342 156
342 469
424 111
111 424
424 424
296 -148
296 -148
184 331
184 331
425 293
112 -20
425 -20
425 293
112 -20
425 -20
157 -94
157 -94
353 108
353 421
211 -14
211 -14
188 -149
188 -149
429 175
116 -138
429 -138
429 175
116 -138
429 -138
263 -123
263 -123
250 379
250 379
157 -126
157 -126
370 189
57 -124
370 -124
370 189
57 -124
370 -124
280 374
280 374
259 440
259 440
245 332
245 332
383 289
70 -24
383 -24
383 289
70 -24
383 -24
385 168
72 -145
385 -145
385 168
72 -145
385 -145
251 -76
251 -76
244 -88
244 -88
415 301
102 -12
415 -12
415 301
102 -12
415 -12
172 -125
172 -125
353 230
40 -83
353 -83
353 230
40 -83
353 -83
379 166
66 -147
379 -147
379 166
66 -147
379 -147
158 371
158 371
342 182
342 -131
342 182
342 -131
292 330
292 330
390 196
77 -117
390 -117
390 196
77 -117
390 -117
186 345
186 345
415 222
102 -91
415 -91
415 222
102 -91
415 -91
266 -68
266 -68
181 468
181 468
442 290
129 -23
442 -23
442 290
129 -23
442 -23
303 325
303 325
288 -156
288 -156
441 111
128 424
441 424
293 438
293 438
196 -143
196 -143
201 383
201 383
174 315
174 315
407 18
94 331
407 331
236 -96
236 -96
337 194
337 -119
337 194
337 -119
178 428
178 428
437 293
124 -20
437 -20
437 293
124 -20
437 -20
246 -97
246 -97
412 274
99 -39
412 -39
412 274
99 -39
412 -39
203 -96
203 -96
279 344
279 344
416 112
103 425
416 425
294 350
294 350
188 416
188 416
425 299
112 -14
425 -14
425 299
112 -14
425 -14
433 226
120 -87
433 -87
433 226
120 -87
433 -87
172 -134
172 -134
353 53
40 366
353 366
383 279
70 -34
383 -34
383 279
70 -34
383 -34
411 133
98 446
411 446
212 -98
212 -98
202 -108
202 -108
410 217
97 -96
410 -96
410 217
97 -96
410 -96
292 351
292 351
220 -100
220 -100
240 -104
240 -104
386 240
73 -73
386 -73
386 240
73 -73
386 -73
163 402
163 402
203 318
203 318
215 343
215 343
172 355
172 355
158 -77
158 -77
428 68
115 381
428 381
415 222
102 -91
415 -91
415 222
102 -91
415 -91
412 155
99 468
412 468
352 261
39 -52
352 -52
352 261
39 -52
352 -52
377 90
64 403
377 403
419 75
106 388
419 388
268 -44
268 -44
164 460
164 460
219 427
219 427
274 -45
274 -45
407 300
94 -13
407 -13
407 300
94 -13
407 -13
335 279
22 -34
335 -34
335 279
22 -34
335 -34
354 39
41 352
354 352
265 409
265 409
278 329
278 329
206 -58
206 -58
276 334
276 334
197 -18
197 -18
384 50
71 363
384 363
427 159
114 -154
427 -154
427 159
114 -154
427 -154
203 -31
203 -31
292 370
292 370
167 362
167 362
223 -62
223 -62
343 139
343 452
262 -106
262 -106
357 311
44 -2
357 -2
357 311
44 -2
357 -2
412 208
99 -105
412 -105
412 208
99 -105
412 -105
443 124
130 437
443 437
356 240
43 -73
356 -73
356 240
43 -73
356 -73
293 -37
293 -37
213 -41
213 -41
230 -82
230 -82
388 238
75 -75
388 -75
388 238
75 -75
388 -75
232 -155
232 -155
413 289
100 -24
413 -24
413 289
100 -24
413 -24
419 293
106 -20
419 -20
419 293
106 -20
419 -20
426 221
113 -92
426 -92
426 221
113 -92
426 -92
284 -77
284 -77
235 391
235 391
289 407
289 407
389 93
76 406
389 406
208 -109
208 -109
372 48
59 361
372 361
178 336
178 336
360 211
47 -102
360 -102
360 211
47 -102
360 -102
307 340
307 340
328 300
15 -13
328 -13
328 300
15 -13
328 -13
217 372
217 372
250 343
250 343
396 246
83 -67
396 -67
396 246
83 -67
396 -67
268 -21
268 -21
221 -84
221 -84
284 452
284 452
375 79
62 392
375 392
397 284
84 -29
397 -29
397 284
84 -29
397 -29
369 222
56 -91
369 -91
369 222
56 -91
369 -91
461 117
148 430
461 430
450 65
137 378
450 378
167 432
167 432
409 222
96 -91
409 -91
409 222
96 -91
409 -91
254 403
254 403
271 329
271 329
296 -125
296 -125
393 279
80 -34
393 -34
393 279
80 -34
393 -34
170 -49
170 -49
194 331
194 331
404 226
91 -87
404 -87
404 226
91 -87
404 -87
407 163
94 -150
407 -150
407 163
94 -150
407 -150
389 190
76 -123
389 -123
389 190
76 -123
389 -123
339 176
339 -137
339 176
339 -137
182 -106
182 -106
432 179
119 -134
432 -134
432 179
119 -134
432 -134
409 223
96 -90
409 -90
409 223
96 -90
409 -90
434 62
121 375
434 375
313 -148
313 -148
193 369
193 369
250 -65
250 -65
174 336
174 336
436 111
123 424
436 424
365 268
52 -45
365 -45
365 268
52 -45
365 -45
411 84
98 397
411 397
268 -155
268 -155
380 233
67 -80
380 -80
380 233
67 -80
380 -80
214 -59
214 -59
426 84
113 397
426 397
424 297
111 -16
424 -16
424 297
111 -16
424 -16
307 336
307 336
6.993000000000085 -5.997000000000071
6.993000000000085 -5.997000000000071
407.001 308.001
94.001 -4.999000000000024
407.001 -4.999000000000024
407.001 308.001
94.001 -4.999000000000024
407.001 -4.999000000000024
322.9960000000001 142.002
322.9960000000001 455.002
309.0169999999996 -24.008999999999787
309.0169999999996 -24.008999999999787
320.001 307.0089999999998
7.001 -5.991000000000213
320.001 -5.991000000000213
320.001 307.0089999999998
7.001 -5.991000000000213
320.001 -5.991000000000213
6.983000000000177 -5.991000000000213
6.983000000000177 -5.991000000000213
322.99300000000017 68.00700000000003
322.99300000000017 381.00700000000006
431.001 12.987000000000307
118.001 325.9870000000003
431.001 325.9870000000003
319.9710000000007 300.00299999999993
6.971000000000686 -12.997000000000071
319.9710000000007 -12.997000000000071
319.9710000000007 300.00299999999993
6.971000000000686 -12.997000000000071
319.9710000000007 -12.997000000000071
319.98200000000037 306.99800000000005
6.982000000000369 -6.001999999999953
319.98200000000037 -6.001999999999953
319.98200000000037 306.99800000000005
6.982000000000369 -6.001999999999953
319.98200000000037 -6.001999999999953
313.98100000000045 22.986999999999984
313.98100000000045 335.98699999999997
42.98300000000004 312.98100000000045
320.98600000000033 54.998000000000005
320.98600000000033 367.998
403.9789999999999 1.9650000000008276
90.9789999999999 314.9650000000008
403.9789999999999 314.9650000000008
271.9910000000002 -13.983000000000402
271.9910000000002 -13.983000000000402
316.9740000000006 11.998000000000001
316.9740000000006 324.998
250.99299999999997 329.97300000000064
250.99299999999997 329.97300000000064
302.0089999999998 377.99699999999996
302.0089999999998 377.99699999999996
412.0550000000003 307.0709999999983
99.05500000000026 -5.929000000001679
412.0550000000003 -5.929000000001679
412.0550000000003 307.0709999999983
99.05500000000026 -5.929000000001679
412.0550000000003 -5.929000000001679
316.9710000000007 294.01099999999974
316.9710000000007 -18.98900000000026
316.9710000000007 294.01099999999974
316.9710000000007 -18.98900000000026
325.032 3.966000000000804
325.032 316.9660000000008
306.04899999999884 356.997
306.04899999999884 356.997
304.02699999999936 351.001
304.02699999999936 351.001
42.998000000000005 240.02400000000011
455.99699999999996 21.977000000000544
142.99699999999999 334.97700000000054
455.99699999999996 334.97700000000054
204.01200000000006 142.00400000000002
319.9770000000002 307.01499999999965
6.977000000000197 -5.985000000000355
319.9770000000002 -5.985000000000355
319.9770000000002 307.01499999999965
6.977000000000197 -5.985000000000355
319.9770000000002 -5.985000000000355
384.9789999999999 302.0669999999984
71.9789999999999 -10.933000000001584
384.9789999999999 -10.933000000001584
384.9789999999999 302.0669999999984
71.9789999999999 -10.933000000001584
384.9789999999999 -10.933000000001584
304.00999999999976 37.99000000000002
177.99699999999999 22.999
306.96900000000073 22.988999999999987
102.01100000000005 222.05100000000024
189.98599999999993 -6.960000000000946
189.98599999999993 -6.960000000000946
263.00999999999976 248.0
95.99399999999997 221.99399999999997
112.02900000000014 299.1389999999967
211.0230000000001 298.999
84.07700000000037 281.90900000000215
124.91199999999958 288.86600000000317
180.05800000000028 129.09400000000045
311.19199999999546 -34.06399999999849
311.19199999999546 -34.06399999999849
310.91700000000196 279.00299999999993
440.03400000000016 13.942000000001372
127.03400000000016 326.94200000000137
440.03400000000016 326.94200000000137
46.994000000000014 47.02999999999993
230.04500000000021 231.04700000000022
111.02600000000012 110.94199999999972
213.99299999999997 253.95099999999977
114.99499999999998 68.01100000000005
263.88800000000265 105.95399999999978
287.9920000000002 156.9159999999996
204.09700000000046 283.0049999999999
290.98900000000026 99.16100000000077
198.98699999999994 313.87500000000296
198.98699999999994 313.87500000000296
90.99499999999998 2.018999999999998
244.03000000000014 225.02800000000013
188.0850000000004 103.06700000000032
293.14199999999664 -86.98399999999992
293.14199999999664 -86.98399999999992
166.88299999999944 138.88299999999944
28.955999999999946 182.04800000000023
211.99699999999999 215.02500000000012
118.06500000000031 13.001
89.9149999999996 297.9910000000002
97.99399999999997 133.002
178.06900000000033 115.03700000000018
250.01600000000008 248.0180000000001
224.99699999999999 65.00700000000003
152.96899999999985 194.11100000000053
223.00900000000004 250.89099999999948
94.01100000000005 299.98900000000026
174.96299999999982 198.99499999999998
305.94700000000125 1.0529999999999942
251.04500000000021 236.94299999999973
260.98900000000026 271.9790000000005
180.0830000000004 124.96099999999981
186.0610000000003 32.10699999999975
112.01500000000007 292.8850000000027
230.96899999999985 12.001
220.15700000000075 212.7669999999989
94.80699999999908 78.8729999999994
159.95199999999977 29.937999999999924
171.999 187.999
43.079999999999814 0.1460000000000001
173.86399999999935 22.927999999999912
96.01400000000007 223.05000000000024
124.001 293.10699999999747
155.98999999999995 189.0180000000001
312.85400000000345 165.0840000000004
266.0539999999987 244.8539999999993
306.001 44.104999999999755
224.09700000000046 256.1469999999965
34.14699999999966 179.05700000000027
206.03700000000018 68.001
99.00500000000002 154.8949999999995
147.001 29.141000000000172
306.98500000000035 27.059000000000072
102.02800000000013 301.041999999999
184.02400000000011 17.937999999999924
306.168999999996 427.04300000000023
306.168999999996 427.04300000000023
188.9149999999996 261.8810000000028
36.891000000000254 19.98499999999998
143.05900000000028 21.718999999999657
293.0799999999981 275.9620000000009
127.09300000000044 13.91100000000005
156.92999999999967 186.86799999999937
126.999 240.0650000000003
283.99800000000005 139.03000000000014
69.9159999999996 278.874000000003
99.1670000000008 273.8270000000041
232.0440000000002 63.89400000000025
181.998 207.2320000000011
25.86099999999983 175.95499999999979
248.05200000000025 211.99599999999998
317.9920000000002 136.00400000000002
317.9920000000002 449.004
210.0420000000002 311.8940000000025
71.02300000000011 49.79100000000049
253.01000000000005 280.09599999999773
458.0 21.98400000000038
145.0 334.9840000000004
458.0 334.9840000000004
291.8850000000027 38.02499999999994
345.9450000000001 311.13299999999685
32.94500000000013 -1.867000000003145
345.9450000000001 -1.867000000003145
345.9450000000001 311.13299999999685
32.94500000000013 -1.867000000003145
345.9450000000001 -1.867000000003145
113.8959999999995 11.954000000000025
75.04400000000021 237.89199999999948
46.31199999999927 16.030000000000037
166.88999999999947 118.98399999999992
293.0179999999996 124.88199999999944
302.00299999999993 65.15500000000074
39.89600000000024 234.99599999999998
120.08000000000038 137.13800000000066
268.0589999999986 292.13699999999676
173.8759999999994 2.1599999999999824
307.0 156.94399999999973
97.93999999999971 84.11000000000053
291.96800000000076 17.002000000000002
72.90499999999955 240.15300000000073
195.97599999999989 170.03000000000014
318.958000000001 60.99000000000002
318.958000000001 373.99
121.02900000000014 61.861000000000324
167.08000000000038 49.13799999999968
112.92599999999965 43.0419999999999
52.04699999999989 42.88300000000027
225.001 23.027000000000033
234.01300000000006 6.856999999999952
172.08900000000042 141.99699999999999
294.04799999999886 36.98000000000005
187.92899999999966 164.03100000000015
189.02500000000012 187.98499999999993
208.14100000000067 203.8129999999991
111.00900000000004 296.99300000000017
281.86600000000317 197.94999999999976
204.22200000000106 166.2960000000014
311.06999999999834 443.9599999999998
311.06999999999834 443.9599999999998
257.79000000000497 115.00400000000002
263.99700000000007 111.999
235.93099999999967 217.00300000000001
120.24300000000116 225.85899999999933
130.01300000000006 124.06700000000032
305.35799999999153 -57.104000000000525
305.35799999999153 -57.104000000000525
73.98799999999994 60.109999999999744
252.8749999999994 175.001
297.9060000000022 316.8560000000034
297.9060000000022 316.8560000000034
76.05700000000027 93.00900000000004
307.08299999999804 -156.04900000000023
307.08299999999804 -156.04900000000023
38.96600000000008 261.00599999999986
220.97499999999988 77.13300000000064
33.113999999999734 171.86599999999936
177.9349999999997 108.90499999999955
213.03300000000016 271.9790000000005
32.61800000000089 245.98799999999994
291.9710000000007 56.993000000000016
204.0390000000002 145.15300000000073
102.94599999999974 111.97199999999987
258.9490000000012 249.0390000000002
234.01400000000007 319.8940000000025
234.01400000000007 319.8940000000025
93.95399999999978 162.93199999999968
113.14300000000068 84.05700000000027
203.1240000000006 93.03000000000014
81.98499999999993 140.03300000000016
142.98699999999994 240.9609999999998
98.01200000000006 253.11600000000055
289.0759999999982 -93.04400000000021
289.0759999999982 -93.04400000000021
166.01300000000006 33.001
8.151999999999916 54.88000000000028
67.00400000000002 232.90999999999957
247.00900000000004 269.9410000000014
107.999 221.00300000000001
251.13200000000063 16.881999999999856
31.776999999999727 36.00299999999999
268.00199999999995 269.0079999999998
10.14399999999992 68.11800000000056
119.01500000000007 179.2710000000013
94.00500000000002 18.127000000000155
44.00299999999999 310.71100000000683
41.00999999999998 38.97800000000005
72.14200000000068 168.0
279.8060000000046 61.109999999999744
157.10000000000048 219.00800000000004
169.9379999999997 264.167999999996
313.9370000000015 95.98499999999993
313.9370000000015 408.9849999999999
265.1129999999973 95.84499999999926
307.91300000000206 97.03100000000015
90.89299999999949 225.9809999999999
287.8780000000029 276.02399999999943
133.94399999999973 36.05999999999986
93.98599999999993 308.0039999999999
76.98299999999992 196.28300000000135
56.938000000000144 49.079999999999814
296.00999999999976 165.06600000000032
105.9579999999998 74.9159999999996
79.94999999999976 278.89200000000255
101.98099999999991 186.03100000000015
165.74499999999878 318.6570000000081
165.74499999999878 318.6570000000081
158.27800000000133 236.09400000000045
142.9769999999999 259.98900000000026
39.66600000000078 229.72399999999868
266.08199999999806 255.0
250.07200000000034 66.18600000000089
83.98599999999993 284.05199999999877
62.93200000000016 130.74199999999877
224.03100000000015 291.0049999999999
12.074999999999958 4.049000000000016
271.14599999999655 110.98199999999991
239.97399999999988 208.99599999999998
278.8950000000025 31.133000000000163
4.097000000000032 12.066999999999963
202.75299999999882 217.25700000000123
304.19699999999534 -123.96299999999982
304.19699999999534 -123.96299999999982
52.98300000000004 146.04900000000023
210.10800000000052 -0.8280000000040673
210.10800000000052 -0.8280000000040673
296.10399999999754 187.99199999999996
172.07700000000037 41.985000000000035
96.90399999999954 216.95399999999978
196.77699999999894 294.9910000000002
192.99499999999998 55.89300000000025
98.9779999999999 207.8719999999994
181.00600000000003 154.9579999999998
185.86199999999934 75.99399999999997
187.9799999999999 92.95599999999979
262.1139999999973 207.11400000000054
241.91199999999958 249.03600000000017
39.87600000000029 53.08999999999979
99.98799999999994 288.9660000000008
129.15700000000075 76.21500000000103
71.9569999999998 302.0169999999996
87.03800000000018 238.0
267.8820000000028 157.94199999999972
148.01300000000006 122.15700000000075
69.87999999999943 289.0639999999985
243.8309999999992 203.68099999999848
267.04499999999894 117.06500000000031
238.8979999999995 276.9780000000005
88.86799999999937 110.03600000000017
59.17699999999959 47.88500000000027
58.88900000000026 172.00900000000004
83.26100000000125 54.873000000000296
122.93399999999968 110.95399999999978
310.8180000000043 130.9819999999999
46.94900000000012 210.8769999999994
200.94699999999975 70.00900000000004
142.0640000000003 270.21799999999484
93.97299999999987 165.2310000000011
148.00900000000004 116.73299999999873
82.99599999999998 246.15800000000075
250.19300000000092 30.10700000000013
109.00400000000002 124.96999999999986
202.72399999999868 281.9200000000019
56.95400000000011 189.0440000000002
284.0049999999999 236.11500000000055
299.86300000000324 292.0929999999978
254.0820000000004 59.7420000000006
157.8749999999994 58.02899999999993
275.9500000000012 21.078000000000095
312.15499999999633 340.11700000000013
312.15499999999633 340.11700000000013
219.1450000000007 113.99699999999999
23.742999999999686 194.4810000000023
105.999 292.99700000000007
76.02900000000014 189.86299999999935
128.21300000000102 110.79499999999902
270.85500000000343 15.85500000000008
204.0210000000001 136.77899999999894
194.07800000000037 18.020000000000024
172.09400000000045 178.97399999999988
267.0 315.7420000000061
267.0 315.7420000000061
278.0539999999987 15.85600000000008
198.95499999999979 1.0329999999999964
28.95099999999994 155.99699999999999
274.12099999999714 267.95500000000106
84.69499999999854 10.136999999999924
162.80499999999907 89.00300000000001
273.9740000000006 131.01000000000005
263.06499999999846 189.97499999999988
163.98899999999995 147.0830000000004
205.07800000000037 162.88199999999944
203.04800000000023 5.088000000000029
144.7669999999989 210.92099999999962
246.0440000000002 216.03000000000014
239.11500000000055 292.1949999999954
205.81799999999913 254.86399999999935
288.9780000000005 93.70399999999859
216.99299999999997 58.809000000000445
65.999 165.92299999999963
163.88199999999944 170.88199999999944
134.08800000000042 177.92399999999964
39.994000000000014 108.04800000000023
289.01099999999974 219.82499999999916
296.01399999999967 147.9399999999997
258.64200000000847 127.28200000000135
288.20999999999503 202.1260000000006
302.9740000000006 11.994000000000003
174.999 313.6870000000074
174.999 313.6870000000074
52.01199999999997 268.041999999999
51.14999999999965 247.0820000000004
129.5460000000026 290.1939999999954
304.9330000000016 255.90699999999953
113.0640000000003 220.9139999999996
114.1260000000006 158.9559999999998
306.00599999999986 313.88400000000274
306.00599999999986 313.88400000000274
293.1769999999958 226.0430000000002
61.98300000000004 78.91299999999958
244.96299999999982 19.001
115.9799999999999 174.90399999999954
253.90799999999956 90.00400000000002
214.83899999999923 30.0810000000001
201.88599999999946 204.97399999999988
231.99699999999999 157.89099999999948
56.00299999999999 221.98499999999993
286.8640000000032 159.22200000000106
107.99799999999999 25.09000000000011
220.89099999999948 229.05700000000027
106.0 86.0640000000003
30.192000000000235 289.0379999999991
63.8720000000003 90.16000000000076
137.11800000000056 64.95599999999979
110.06500000000031 241.13700000000065
238.9609999999998 36.14899999999965
29.964999999999957 138.788999999999
150.74199999999877 148.1240000000006
235.01200000000006 78.23400000000112
39.92600000000017 72.13600000000065
-74 277
-74 -36
-74 277
-74 -36
-153 30
-153 -283
-153 30
-153 -283
-138 199
-138 -114
-138 199
-138 -114
-60 -33
-60 -33
-17 -165
-17 -165
-49 112
-49 -201
-49 112
-49 -201
-89 256
-89 -57
-89 256
-89 -57
-110 93
-110 -220
-110 93
-110 -220
-135 109
-135 -204
-135 109
-135 -204
-59 60
-59 -253
-59 60
-59 -253
-22 -214
-22 -214
-127 76
-127 -237
-127 76
-127 -237
-133 125
-133 -188
-133 125
-133 -188
-50 -65
-50 -65
-88 23
-88 -290
-88 23
-88 -290
-109 283
-109 -30
-109 283
-109 -30
-149 171
-149 -142
-149 171
-149 -142
-71 249
-71 -64
-71 249
-71 -64
-109 137
-109 -176
-109 137
-109 -176
-66 -43
-66 -43
-65 212
-65 -101
-65 212
-65 -101
-47 -58
-47 -58
-108 163
-108 -150
-108 163
-108 -150
-46 117
-46 -196
-46 117
-46 -196
-60 175
-60 -138
-60 175
-60 -138
-39 131
-39 -182
-39 131
-39 -182
-88 65
-88 -248
-88 65
-88 -248
-54 -64
-54 -64
-42 111
-42 -202
-42 111
-42 -202
-92 77
-92 -236
-92 77
-92 -236
-109 166
-109 -147
-109 166
-109 -147
-124 262
-124 -51
-124 262
-124 -51
-74 -21
-74 -21
-109 142
-109 -171
-109 142
-109 -171
-25 -37
-25 -37
-26 -154
-26 -154
-147 33
-147 -280
-147 33
-147 -280
-69 204
-69 -109
-69 204
-69 -109
-109 145
-109 -168
-109 145
-109 -168
-107 68
-107 -245
-107 68
-107 -245
-55 115
-55 -198
-55 115
-55 -198
-31 -115
-31 -115
-81 64
-81 -249
-81 64
-81 -249
-82 12
-82 -301
-82 12
-82 -301
-49 106
-49 -207
-49 106
-49 -207
-146 139
-146 -174
-146 139
-146 -174
-125 93
-125 -220
-125 93
-125 -220
-124 188
-124 -125
-124 188
-124 -125
-133 129
-133 -184
-133 129
-133 -184
-25 -111
-25 -111
-141 142
-141 -171
-141 142
-141 -171
-13 -21
-13 -21
-52 -41
-52 -41
-74 36
-74 -277
-74 36
-74 -277
-89 291
-89 -22
-89 291
-89 -22
-17 -148
-17 -148
-129 18
-129 -295
-129 18
-129 -295
-156 219
-156 -94
-156 219
-156 -94
-102 299
-102 -14
-102 299
-102 -14
-125 164
-125 -149
-125 164
-125 -149
-50 -123
-50 -123
-63 66
-63 -247
-63 66
-63 -247
-156 187
-156 -126
-156 187
-156 -126
-33 61
-33 -252
-33 61
-33 -252
-54 127
-54 -186
-54 127
-54 -186
-68 19
-68 -294
-68 19
-68 -294
-62 -76
-62 -76
-69 225
-69 -88
-69 225
-69 -88
-141 188
-141 -125
-141 188
-141 -125
-155 58
-155 -255
-155 58
-155 -255
-21 17
-21 17
-127 32
-127 -281
-127 32
-127 -281
-47 -68
-47 -68
-132 155
-132 -158
-132 155
-132 -158
-10 12
-10 12
-25 -156
-25 -156
-20 -188
-20 -188
-117 170
-117 -143
-117 170
-117 -143
-112 70
-112 -243
-112 70
-112 -243
-139 2
-139 -311
-139 2
-139 -311
-77 217
-77 -96
-77 217
-77 -96
-135 115
-135 -198
-135 115
-135 -198
-67 216
-67 -97
-67 216
-67 -97
-110 217
-110 -96
-110 217
-110 -96
-34 31
-34 -282
-34 31
-34 -282
-19 37
-19 37
-125 103
-125 -210
-125 103
-125 -210
-141 179
-141 -134
-141 179
-141 -134
-101 215
-101 -98
-101 215
-101 -98
-111 205
-111 -108
-111 205
-111 -108
-21 38
-21 38
-93 213
-93 -100
-93 213
-93 -100
-73 209
-73 -104
-73 209
-73 -104
-150 89
-150 -224
-150 89
-150 -224
-110 5
-110 -308
-110 5
-110 -308
-98 30
-98 -283
-98 30
-98 -283
-141 42
-141 -271
-141 42
-141 -271
-155 236
-155 -77
-155 236
-155 -77
-45 -44
-45 -44
-149 147
-149 -166
-149 147
-149 -166
-94 114
-94 -199
-94 114
-94 -199
-39 -45
-39 -45
-48 96
-48 -217
-48 96
-48 -217
-35 16
-35 -297
-35 16
-35 -297
-107 255
-107 -58
-107 255
-107 -58
-37 21
-37 -292
-37 21
-37 -292
-116 295
-116 -18
-116 295
-116 -18
-110 282
-110 -31
-110 282
-110 -31
-21 57
-21 57
-146 49
-146 -264
-146 49
-146 -264
-90 251
-90 -62
-90 251
-90 -62
-51 -106
-51 -106
-20 -37
-20 -37
-100 272
-100 -41
-100 272
-100 -41
-83 231
-83 -82
-83 231
-83 -82
-81 158
-81 -155
-81 158
-81 -155
-29 -77
-29 -77
-78 78
-78 -235
-78 78
-78 -235
-24 -219
-24 -219
-105 204
-105 -109
-105 204
-105 -109
-135 23
-135 -290
-135 23
-135 -290
-96 59
-96 -254
-96 59
-96 -254
-63 30
-63 -283
-63 30
-63 -283
-45 -21
-45 -21
-92 229
-92 -84
-92 229
-92 -84
-29 -174
-29 -174
-146 119
-146 -194
-146 119
-146 -194
-59 90
-59 -223
-59 90
-59 -223
-42 16
-42 -297
-42 16
-42 -297
-17 -125
-17 -125
-143 264
-143 -49
-143 264
-143 -49
-119 18
-119 -295
-119 18
-119 -295
-131 207
-131 -106
-131 207
-131 -106
-120 56
-120 -257
-120 56
-120 -257
-63 -65
-63 -65
-139 23
-139 -290
-139 23
-139 -290
-45 158
-45 -155
-45 158
-45 -155
-99 254
-99 -59
-99 254
-99 -59
-3.983000000000402 -24.008999999999787
-3.983000000000402 -24.008999999999787
-41.00899999999979 -13.983000000000402
-41.00899999999979 -13.983000000000402
-62.00700000000003 16.97300000000064
-62.00700000000003 -296.02699999999936
-62.00700000000003 16.97300000000064
-62.00700000000003 -296.02699999999936
-123.01400000000007 306.03999999999905
-123.01400000000007 -6.960000000000946
-123.01400000000007 306.03999999999905
-123.01400000000007 -6.960000000000946
-114.01300000000006 0.8750000000029559
-114.01300000000006 -312.12499999999704
-114.01300000000006 0.8750000000029559
-114.01300000000006 -312.12499999999704
-19.858000000003358 -86.98399999999992
-19.858000000003358 -86.98399999999992
-7.642000000008466 -57.104000000000525
-7.642000000008466 -57.104000000000525
-15.093999999997777 3.856000000003405
-15.093999999997777 3.856000000003405
-78.98599999999993 6.894000000002507
-78.98599999999993 -306.1059999999975
-78.98599999999993 6.894000000002507
-78.98599999999993 -306.1059999999975
-23.924000000001797 -93.04400000000021
-23.924000000001797 -93.04400000000021
-147.25500000000122 5.657000000008111
-147.25500000000122 -307.3429999999919
-147.25500000000122 5.657000000008111
-147.25500000000122 -307.3429999999919
-102.89199999999948 312.17199999999593
-102.89199999999948 -0.8280000000040673
-102.89199999999948 312.17199999999593
-102.89199999999948 -0.8280000000040673
-46.0 2.742000000006101
-46.0 -310.2579999999939
-46.0 2.742000000006101
-46.0 -310.2579999999939
-138.001 0.6870000000074015
-138.001 -312.3129999999926
-138.001 0.6870000000074015
-138.001 -312.3129999999926
-6.994000000000142 0.884000000002743
-6.994000000000142 0.884000000002743
-17 148
-17 148
7 407
32 349
-25 276
-25 276
-26 159
-26 159
-31 198
-31 198
-5 97
-5 97
-25 202
-25 202
-13 292
-13 292
29 469
-17 165
-17 165
40 421
-25 157
-25 157
-20 125
-20 125
-45 269
-45 269
-39 268
-39 268
30 452
-20 276
-20 276
-29 236
-29 236
-45 292
-45 292
-17 188
-17 188
9.996000000000095 455.002
-3.983000000000402 288.9910000000002
-3.983000000000402 288.9910000000002
9.993000000000166 381.00700000000006
0.9810000000004493 335.98699999999997
7.986000000000331 367.998
-41.00899999999979 299.0169999999996
-41.00899999999979 299.0169999999996
3.974000000000615 324.998
-10.991000000000213 64.99699999999999
-10.991000000000213 64.99699999999999
12.031999999999982 316.9660000000008
-6.951000000001159 43.99700000000001
-6.951000000001159 43.99700000000001
-1.8080000000045402 278.9360000000015
-1.8080000000045402 278.9360000000015
-19.858000000003358 226.01600000000008
-19.858000000003358 226.01600000000008
15.134999999999925 300.0089999999998
-6.831000000003996 114.0430000000002
-6.831000000003996 114.0430000000002
4.992000000000189 449.004
0.2770000000000002 165.07900000000038
5.958000000000993 373.99
5.296000000000099 135.96399999999983
-1.9300000000016553 130.9599999999998
-1.9300000000016553 130.9599999999998
1.1169999999999871 22.999
-7.642000000008466 255.89599999999947
-7.642000000008466 255.89599999999947
-5.917000000001963 156.95099999999977
-5.917000000001963 156.95099999999977
6.988999999999996 307.001
21.981999999999978 279.0679999999984
-23.924000000001797 219.9559999999998
-23.924000000001797 219.9559999999998
4.052000000000017 293.9460000000013
0.9370000000014898 408.9849999999999
-8.803000000004658 189.03700000000018
-8.803000000004658 189.03700000000018
-0.8450000000036653 27.117000000000143
-0.8450000000036653 27.117000000000143
21.96699999999996 277.64700000000835
1.0129999999999986 96.01300000000006
7.386000000000129 93.98599999999993
-60 280
-60 280
-22 99
-22 99
-50 248
-50 248
-66 270
-66 270
-47 255
-47 255
-54 249
-54 249
-74 292
-74 292
-52 272
-52 272
-50 190
-50 190
-62 237
-62 237
-47 245
-47 245
-51 207
-51 207
-24 94
-24 94
-6 27
-6 27
-29 139
-29 139
-63 248
-63 248
-6 23
-6 23
-8.973000000000638 38.001
-8.973000000000638 38.001
-5 -216
-5 -216
-21 -296
-21 -296
-10 -301
-10 -301
-19 -276
-19 -276
-21 -275
-21 -275
-21 -256
-21 -256
-6 -286
-6 -286
0 -148
0 -148
-6 -290
-6 -290
-10.991000000000213 -248.00300000000001
-10.991000000000213 -248.00300000000001
-6.951000000001159 -269.003
-6.951000000001159 -269.003
-8.973000000000638 -274.999
-8.973000000000638 -274.999
-1.8080000000045402 -34.06399999999849
-1.8080000000045402 -34.06399999999849
-6.831000000003996 -198.9569999999998
-6.831000000003996 -198.9569999999998
-1.9300000000016553 -182.0400000000002
-1.9300000000016553 -182.0400000000002
-15.093999999997777 -309.1439999999966
-15.093999999997777 -309.1439999999966
-5.917000000001963 -156.04900000000023
-5.917000000001963 -156.04900000000023
-8.803000000004658 -123.96299999999982
-8.803000000004658 -123.96299999999982
-0.8450000000036653 -285.88299999999987
-0.8450000000036653 -285.88299999999987
-6.994000000000142 -312.11599999999726
-6.994000000000142 -312.11599999999726
34 -134
34 -134
33 -141
33 -141
29 -131
29 -131
24 -119
24 -119
26 -137
26 -137
3.9710000000006858 -18.98900000000026
3.9710000000006858 -18.98900000000026
1110552.0000001246