28 7 0
28 27 0
28 14 0
28 14 0
15 20 0
15 20 0
29 18 0
29 18 0
25 9 0
25 29 0
10 12 0
23 4 0
23 24 0
28 21 0
24 8 0
24 28 0
29 6 0
29 26 0
29 3 0
29 23 0
26 6 0
26 26 0
24 5 0
24 25 0
21.99 6.99 0
21.99 26.990000000000002 0
12.0 11.96 0
7.99 6.99 0
15.01 13.99 0
12.99 16.99 0
8.99 2.99 0
21.98 20.93999999999999 0
6.0 5.98 0
8.02 1.0 0
2.960000000000001 3.9400000000000013 0
9.059999999999999 6.02 0
3.9800000000000004 5.0 0
16.949999999999992 9.950000000000001 0
14.03 15.01 0
8 27 0
5 29 0
-10 12 0
-10 12 0
3 24 0
8 21 0
4 28 0
9 26 0
-8 12 0
-8 12 0
-3 10 0
-3 10 0
-7 17 0
-7 17 0
9 23 0
6 26 0
4 25 0
1.9899999999999984 26.990000000000002 0
-4.99 13.99 0
-4.99 13.99 0
-5.98 15.0 0
-5.98 15.0 0
1.98 20.93999999999999 0
4.98 9.0 0
7.920000000000002 14.02 0
8.98 18.040000000000006 0
4.01 7.99 0
8 -6 0
8 -6 0
-5 -20 0
-5 -20 0
10 -8 0
10 -8 0
12 -8 0
12 -8 0
17 -10 0
-3 -10 0
17 -10 0
-3 -10 0
28 -6 0
28 -6 0
9 -2 0
29 -2 0
9 -2 0
29 -2 0
28 1 0
13 -3 0
13 -3 0
15.01 -6.01 0
15.01 -6.01 0
14.02 -5.0 0
14.02 -5.0 0
21.98 0.9399999999999906 0
14.98 0.060000000000000005 0
-5 0 0
-5 0 0
-10 -8 0
-10 -8 0
-8 -8 0
-8 -8 0
-7 -3 0
-7 -3 0
-4.99 -6.01 0
-4.99 -6.01 0
-5.98 -5.0 0
-5.98 -5.0 0
