0 29 689.9599999999986
20 29 689.9599999999986
13 29 689.9599999999986
13 29 689.9599999999986
26 0 689.9599999999986
26 20 689.9599999999986
24 14 689.9599999999986
24 14 689.9599999999986
24 4 689.9599999999986
4 24 689.9599999999986
24 24 689.9599999999986
12 24 689.9599999999986
12 24 689.9599999999986
28 0 689.9599999999986
28 20 689.9599999999986
24 10 689.9599999999986
24 10 689.9599999999986
29 3 689.9599999999986
9 23 689.9599999999986
29 23 689.9599999999986
23 11 689.9599999999986
23 11 689.9599999999986
20.0 29.0 689.9599999999986
20.0 29.0 689.9599999999986
26.0 20.0 689.9599999999986
26.0 0.0 689.9599999999986
26.0 20.0 689.9599999999986
26.0 0.0 689.9599999999986
20.0 29.0 689.9599999999986
20.0 29.0 689.9599999999986
25.98 20.0 689.9599999999986
25.98 0.0 689.9599999999986
25.98 20.0 689.9599999999986
25.98 0.0 689.9599999999986
25.98 20.0 689.9599999999986
25.98 0.0 689.9599999999986
25.98 20.0 689.9599999999986
25.98 0.0 689.9599999999986
25.94 20.0 689.9599999999986
25.94 0.0 689.9599999999986
25.94 20.0 689.9599999999986
25.94 0.0 689.9599999999986
20.0 29.0 689.9599999999986
20.0 29.0 689.9599999999986
20.0 29.0 689.9599999999986
20.0 29.0 689.9599999999986
27.98 20.0 689.9599999999986
27.98 0.0 689.9599999999986
27.98 20.0 689.9599999999986
27.98 0.0 689.9599999999986
20.0 29.0 689.9599999999986
20.0 29.0 689.9599999999986
20.0 29.0 689.9599999999986
20.0 29.0 689.9599999999986
28.02 20.0 689.9599999999986
28.02 0.0 689.9599999999986
28.02 20.0 689.9599999999986
28.02 0.0 689.9599999999986
25.900000000000002 20.0 689.9599999999986
25.900000000000002 0.0 689.9599999999986
25.900000000000002 20.0 689.9599999999986
25.900000000000002 0.0 689.9599999999986
25.900000000000002 20.0 689.9599999999986
25.900000000000002 0.0 689.9599999999986
25.900000000000002 20.0 689.9599999999986
25.900000000000002 0.0 689.9599999999986
25.900000000000002 20.0 689.9599999999986
25.900000000000002 0.0 689.9599999999986
25.900000000000002 20.0 689.9599999999986
25.900000000000002 0.0 689.9599999999986
25.880000000000003 20.0 689.9599999999986
25.880000000000003 0.0 689.9599999999986
25.880000000000003 20.0 689.9599999999986
25.880000000000003 0.0 689.9599999999986
20.0 29.0 689.9599999999986
20.0 29.0 689.9599999999986
25.880000000000003 20.0 689.9599999999986
25.880000000000003 0.0 689.9599999999986
25.880000000000003 20.0 689.9599999999986
25.880000000000003 0.0 689.9599999999986
28.0 20.0 689.9599999999986
28.0 0.0 689.9599999999986
28.0 20.0 689.9599999999986
28.0 0.0 689.9599999999986
25.860000000000003 20.0 689.9599999999986
25.860000000000003 0.0 689.9599999999986
25.860000000000003 20.0 689.9599999999986
25.860000000000003 0.0 689.9599999999986
25.840000000000003 20.0 689.9599999999986
25.840000000000003 0.0 689.9599999999986
25.840000000000003 20.0 689.9599999999986
25.840000000000003 0.0 689.9599999999986
28.0 20.0 689.9599999999986
28.0 0.0 689.9599999999986
28.0 20.0 689.9599999999986
28.0 0.0 689.9599999999986
25.820000000000004 20.0 689.9599999999986
25.820000000000004 0.0 689.9599999999986
25.820000000000004 20.0 689.9599999999986
25.820000000000004 0.0 689.9599999999986
25.820000000000004 20.0 689.9599999999986
25.820000000000004 0.0 689.9599999999986
25.820000000000004 20.0 689.9599999999986
25.820000000000004 0.0 689.9599999999986
20.0 28.98 689.9599999999986
20.0 28.98 689.9599999999986
25.800000000000004 20.0 689.9599999999986
25.800000000000004 0.0 689.9599999999986
25.800000000000004 20.0 689.9599999999986
25.800000000000004 0.0 689.9599999999986
25.780000000000005 20.0 689.9599999999986
25.780000000000005 0.0 689.9599999999986
25.780000000000005 20.0 689.9599999999986
25.780000000000005 0.0 689.9599999999986
25.780000000000005 20.0 689.9599999999986
25.780000000000005 0.0 689.9599999999986
25.780000000000005 20.0 689.9599999999986
25.780000000000005 0.0 689.9599999999986
28.0 20.0 689.9599999999986
28.0 0.0 689.9599999999986
28.0 20.0 689.9599999999986
28.0 0.0 689.9599999999986
25.780000000000005 20.0 689.9599999999986
25.780000000000005 0.0 689.9599999999986
25.780000000000005 20.0 689.9599999999986
25.780000000000005 0.0 689.9599999999986
20.0 29.0 689.9599999999986
20.0 29.0 689.9599999999986
25.780000000000005 20.0 689.9599999999986
25.780000000000005 0.0 689.9599999999986
25.780000000000005 20.0 689.9599999999986
25.780000000000005 0.0 689.9599999999986
28.0 20.0 689.9599999999986
28.0 0.0 689.9599999999986
28.0 20.0 689.9599999999986
28.0 0.0 689.9599999999986
20.0 29.02 689.9599999999986
20.0 29.02 689.9599999999986
27.98 20.0 689.9599999999986
27.98 0.0 689.9599999999986
27.98 20.0 689.9599999999986
27.98 0.0 689.9599999999986
27.98 20.0 689.9599999999986
27.98 0.0 689.9599999999986
27.98 20.0 689.9599999999986
27.98 0.0 689.9599999999986
28.0 20.0 689.9599999999986
28.0 0.0 689.9599999999986
28.0 20.0 689.9599999999986
28.0 0.0 689.9599999999986
25.740000000000006 20.0 689.9599999999986
25.740000000000006 0.0 689.9599999999986
25.740000000000006 20.0 689.9599999999986
25.740000000000006 0.0 689.9599999999986
25.720000000000006 20.0 689.9599999999986
25.720000000000006 0.0 689.9599999999986
25.720000000000006 20.0 689.9599999999986
25.720000000000006 0.0 689.9599999999986
27.98 20.0 689.9599999999986
27.98 0.0 689.9599999999986
27.98 20.0 689.9599999999986
27.98 0.0 689.9599999999986
25.700000000000006 20.0 689.9599999999986
25.700000000000006 0.0 689.9599999999986
25.700000000000006 20.0 689.9599999999986
25.700000000000006 0.0 689.9599999999986
28.0 20.0 689.9599999999986
28.0 0.0 689.9599999999986
28.0 20.0 689.9599999999986
28.0 0.0 689.9599999999986
25.700000000000006 20.0 689.9599999999986
25.700000000000006 0.0 689.9599999999986
25.700000000000006 20.0 689.9599999999986
25.700000000000006 0.0 689.9599999999986
20.0 29.04 689.9599999999986
20.0 29.04 689.9599999999986
20.0 29.04 689.9599999999986
20.0 29.04 689.9599999999986
20.0 29.04 689.9599999999986
20.0 29.04 689.9599999999986
25.54000000000001 20.0 689.9599999999986
25.54000000000001 0.0 689.9599999999986
25.54000000000001 20.0 689.9599999999986
25.54000000000001 0.0 689.9599999999986
20.0 29.04 689.9599999999986
20.0 29.04 689.9599999999986
25.52000000000001 20.0 689.9599999999986
25.52000000000001 0.0 689.9599999999986
25.52000000000001 20.0 689.9599999999986
25.52000000000001 0.0 689.9599999999986
25.50000000000001 20.0 689.9599999999986
25.50000000000001 0.0 689.9599999999986
25.50000000000001 20.0 689.9599999999986
25.50000000000001 0.0 689.9599999999986
20.0 29.02 689.9599999999986
20.0 29.02 689.9599999999986
25.48000000000001 20.0 689.9599999999986
25.48000000000001 0.0 689.9599999999986
25.48000000000001 20.0 689.9599999999986
25.48000000000001 0.0 689.9599999999986
28.0 20.0 689.9599999999986
28.0 0.0 689.9599999999986
28.0 20.0 689.9599999999986
28.0 0.0 689.9599999999986
28.0 20.0 689.9599999999986
28.0 0.0 689.9599999999986
28.0 20.0 689.9599999999986
28.0 0.0 689.9599999999986
25.46000000000001 20.0 689.9599999999986
25.46000000000001 0.0 689.9599999999986
25.46000000000001 20.0 689.9599999999986
25.46000000000001 0.0 689.9599999999986
20.0 29.0 689.9599999999986
20.0 29.0 689.9599999999986
25.420000000000012 20.0 689.9599999999986
25.420000000000012 0.0 689.9599999999986
25.420000000000012 20.0 689.9599999999986
25.420000000000012 0.0 689.9599999999986
25.380000000000013 20.0 689.9599999999986
25.380000000000013 0.0 689.9599999999986
25.380000000000013 20.0 689.9599999999986
25.380000000000013 0.0 689.9599999999986
25.360000000000014 20.0 689.9599999999986
25.360000000000014 0.0 689.9599999999986
25.360000000000014 20.0 689.9599999999986
25.360000000000014 0.0 689.9599999999986
20.0 29.0 689.9599999999986
20.0 29.0 689.9599999999986
25.360000000000014 20.0 689.9599999999986
25.360000000000014 0.0 689.9599999999986
25.360000000000014 20.0 689.9599999999986
25.360000000000014 0.0 689.9599999999986
20.0 29.0 689.9599999999986
20.0 29.0 689.9599999999986
25.300000000000015 20.0 689.9599999999986
25.300000000000015 0.0 689.9599999999986
25.300000000000015 20.0 689.9599999999986
25.300000000000015 0.0 689.9599999999986
20.0 29.0 689.9599999999986
20.0 29.0 689.9599999999986
28.0 20.0 689.9599999999986
28.0 0.0 689.9599999999986
28.0 20.0 689.9599999999986
28.0 0.0 689.9599999999986
25.280000000000015 20.0 689.9599999999986
25.280000000000015 0.0 689.9599999999986
25.280000000000015 20.0 689.9599999999986
25.280000000000015 0.0 689.9599999999986
25.240000000000016 20.0 689.9599999999986
25.240000000000016 0.0 689.9599999999986
25.240000000000016 20.0 689.9599999999986
25.240000000000016 0.0 689.9599999999986
20.0 29.0 689.9599999999986
20.0 29.0 689.9599999999986
25.220000000000017 20.0 689.9599999999986
25.220000000000017 0.0 689.9599999999986
25.220000000000017 20.0 689.9599999999986
25.220000000000017 0.0 689.9599999999986
20.0 29.0 689.9599999999986
20.0 29.0 689.9599999999986
28.0 20.0 689.9599999999986
28.0 0.0 689.9599999999986
28.0 20.0 689.9599999999986
28.0 0.0 689.9599999999986
28.0 20.0 689.9599999999986
28.0 0.0 689.9599999999986
28.0 20.0 689.9599999999986
28.0 0.0 689.9599999999986
25.160000000000018 20.0 689.9599999999986
25.160000000000018 0.0 689.9599999999986
25.160000000000018 20.0 689.9599999999986
25.160000000000018 0.0 689.9599999999986
25.14000000000002 20.0 689.9599999999986
25.14000000000002 0.0 689.9599999999986
25.14000000000002 20.0 689.9599999999986
25.14000000000002 0.0 689.9599999999986
27.98 20.0 689.9599999999986
27.98 0.0 689.9599999999986
27.98 20.0 689.9599999999986
27.98 0.0 689.9599999999986
25.14000000000002 20.0 689.9599999999986
25.14000000000002 0.0 689.9599999999986
25.14000000000002 20.0 689.9599999999986
25.14000000000002 0.0 689.9599999999986
25.12000000000002 20.0 689.9599999999986
25.12000000000002 0.0 689.9599999999986
25.12000000000002 20.0 689.9599999999986
25.12000000000002 0.0 689.9599999999986
25.12000000000002 20.0 689.9599999999986
25.12000000000002 0.0 689.9599999999986
25.12000000000002 20.0 689.9599999999986
25.12000000000002 0.0 689.9599999999986
20.0 29.099999999999998 689.9599999999986
20.0 29.099999999999998 689.9599999999986
20.0 29.119999999999997 689.9599999999986
20.0 29.119999999999997 689.9599999999986
20.0 29.139999999999997 689.9599999999986
20.0 29.139999999999997 689.9599999999986
24.98000000000002 20.0 689.9599999999986
24.98000000000002 0.0 689.9599999999986
24.98000000000002 20.0 689.9599999999986
24.98000000000002 0.0 689.9599999999986
20.0 29.159999999999997 689.9599999999986
20.0 29.159999999999997 689.9599999999986
20.0 29.159999999999997 689.9599999999986
20.0 29.159999999999997 689.9599999999986
25.02000000000002 20.0 689.9599999999986
25.02000000000002 0.0 689.9599999999986
25.02000000000002 20.0 689.9599999999986
25.02000000000002 0.0 689.9599999999986
25.02000000000002 20.0 689.9599999999986
25.02000000000002 0.0 689.9599999999986
25.02000000000002 20.0 689.9599999999986
25.02000000000002 0.0 689.9599999999986
25.00000000000002 20.0 689.9599999999986
25.00000000000002 0.0 689.9599999999986
25.00000000000002 20.0 689.9599999999986
25.00000000000002 0.0 689.9599999999986
25.00000000000002 20.0 689.9599999999986
25.00000000000002 0.0 689.9599999999986
25.00000000000002 20.0 689.9599999999986
25.00000000000002 0.0 689.9599999999986
24.98000000000002 20.0 689.9599999999986
24.98000000000002 0.0 689.9599999999986
24.98000000000002 20.0 689.9599999999986
24.98000000000002 0.0 689.9599999999986
24.960000000000022 20.0 689.9599999999986
24.960000000000022 0.0 689.9599999999986
24.960000000000022 20.0 689.9599999999986
24.960000000000022 0.0 689.9599999999986
24.940000000000023 20.0 689.9599999999986
24.940000000000023 0.0 689.9599999999986
24.940000000000023 20.0 689.9599999999986
24.940000000000023 0.0 689.9599999999986
24.920000000000023 20.0 689.9599999999986
24.920000000000023 0.0 689.9599999999986
24.920000000000023 20.0 689.9599999999986
24.920000000000023 0.0 689.9599999999986
20.0 29.179999999999996 689.9599999999986
20.0 29.179999999999996 689.9599999999986
20.0 29.179999999999996 689.9599999999986
20.0 29.179999999999996 689.9599999999986
20.0 29.179999999999996 689.9599999999986
20.0 29.179999999999996 689.9599999999986
20.0 29.159999999999997 689.9599999999986
20.0 29.159999999999997 689.9599999999986
20.0 29.179999999999996 689.9599999999986
20.0 29.179999999999996 689.9599999999986
20.0 29.179999999999996 689.9599999999986
20.0 29.179999999999996 689.9599999999986
20.0 29.159999999999997 689.9599999999986
20.0 29.159999999999997 689.9599999999986
20.0 29.159999999999997 689.9599999999986
20.0 29.159999999999997 689.9599999999986
14.99 22.969999999999995 689.9599999999986
14.99 22.969999999999995 689.9599999999986
20.0 29.159999999999997 689.9599999999986
20.0 29.159999999999997 689.9599999999986
20.0 29.159999999999997 689.9599999999986
20.0 29.159999999999997 689.9599999999986
20.0 29.139999999999997 689.9599999999986
20.0 29.139999999999997 689.9599999999986
20.0 29.139999999999997 689.9599999999986
20.0 29.139999999999997 689.9599999999986
20.0 29.159999999999997 689.9599999999986
20.0 29.159999999999997 689.9599999999986
20.0 29.179999999999996 689.9599999999986
20.0 29.179999999999996 689.9599999999986
20.0 29.179999999999996 689.9599999999986
20.0 29.179999999999996 689.9599999999986
28.0 20.0 689.9599999999986
28.0 0.0 689.9599999999986
28.0 20.0 689.9599999999986
28.0 0.0 689.9599999999986
27.98 20.0 689.9599999999986
27.98 0.0 689.9599999999986
27.98 20.0 689.9599999999986
27.98 0.0 689.9599999999986
20.0 29.179999999999996 689.9599999999986
20.0 29.179999999999996 689.9599999999986
28.0 20.0 689.9599999999986
28.0 0.0 689.9599999999986
28.0 20.0 689.9599999999986
28.0 0.0 689.9599999999986
20.0 29.159999999999997 689.9599999999986
20.0 29.159999999999997 689.9599999999986
20.0 29.159999999999997 689.9599999999986
20.0 29.159999999999997 689.9599999999986
28.0 20.0 689.9599999999986
28.0 0.0 689.9599999999986
28.0 20.0 689.9599999999986
28.0 0.0 689.9599999999986
20.0 29.139999999999997 689.9599999999986
20.0 29.139999999999997 689.9599999999986
20.0 29.139999999999997 689.9599999999986
20.0 29.139999999999997 689.9599999999986
28.0 20.0 689.9599999999986
28.0 0.0 689.9599999999986
28.0 20.0 689.9599999999986
28.0 0.0 689.9599999999986
20.0 29.159999999999997 689.9599999999986
20.0 29.159999999999997 689.9599999999986
20.0 29.139999999999997 689.9599999999986
20.0 29.139999999999997 689.9599999999986
20.0 29.139999999999997 689.9599999999986
20.0 29.139999999999997 689.9599999999986
20.0 29.119999999999997 689.9599999999986
20.0 29.119999999999997 689.9599999999986
28.0 20.0 689.9599999999986
28.0 0.0 689.9599999999986
28.0 20.0 689.9599999999986
28.0 0.0 689.9599999999986
20.0 29.139999999999997 689.9599999999986
20.0 29.139999999999997 689.9599999999986
20.0 29.139999999999997 689.9599999999986
20.0 29.139999999999997 689.9599999999986
20.0 29.119999999999997 689.9599999999986
20.0 29.119999999999997 689.9599999999986
20.0 29.099999999999998 689.9599999999986
20.0 29.099999999999998 689.9599999999986
28.0 20.0 689.9599999999986
28.0 0.0 689.9599999999986
28.0 20.0 689.9599999999986
28.0 0.0 689.9599999999986
20.0 29.08 689.9599999999986
20.0 29.08 689.9599999999986
28.0 20.0 689.9599999999986
28.0 0.0 689.9599999999986
28.0 20.0 689.9599999999986
28.0 0.0 689.9599999999986
28.0 20.0 689.9599999999986
28.0 0.0 689.9599999999986
28.0 20.0 689.9599999999986
28.0 0.0 689.9599999999986
20.0 29.06 689.9599999999986
20.0 29.06 689.9599999999986
20.0 29.06 689.9599999999986
20.0 29.06 689.9599999999986
28.0 20.0 689.9599999999986
28.0 0.0 689.9599999999986
28.0 20.0 689.9599999999986
28.0 0.0 689.9599999999986
20.0 29.06 689.9599999999986
20.0 29.06 689.9599999999986
28.0 20.0 689.9599999999986
28.0 0.0 689.9599999999986
28.0 20.0 689.9599999999986
28.0 0.0 689.9599999999986
20.0 29.08 689.9599999999986
20.0 29.08 689.9599999999986
20.0 29.08 689.9599999999986
20.0 29.08 689.9599999999986
20.0 29.08 689.9599999999986
20.0 29.08 689.9599999999986
25.00000000000002 20.0 689.9599999999986
25.00000000000002 0.0 689.9599999999986
25.00000000000002 20.0 689.9599999999986
25.00000000000002 0.0 689.9599999999986
20.0 29.099999999999998 689.9599999999986
20.0 29.099999999999998 689.9599999999986
20.0 29.119999999999997 689.9599999999986
20.0 29.119999999999997 689.9599999999986
20.0 29.119999999999997 689.9599999999986
20.0 29.119999999999997 689.9599999999986
20.0 29.119999999999997 689.9599999999986
20.0 29.119999999999997 689.9599999999986
27.98 20.0 689.9599999999986
27.98 0.0 689.9599999999986
27.98 20.0 689.9599999999986
27.98 0.0 689.9599999999986
25.00000000000002 20.0 689.9599999999986
25.00000000000002 0.0 689.9599999999986
25.00000000000002 20.0 689.9599999999986
25.00000000000002 0.0 689.9599999999986
25.00000000000002 20.0 689.9599999999986
25.00000000000002 0.0 689.9599999999986
25.00000000000002 20.0 689.9599999999986
25.00000000000002 0.0 689.9599999999986
25.00000000000002 20.0 689.9599999999986
25.00000000000002 0.0 689.9599999999986
25.00000000000002 20.0 689.9599999999986
25.00000000000002 0.0 689.9599999999986
20.0 29.139999999999997 689.9599999999986
20.0 29.139999999999997 689.9599999999986
20.0 29.139999999999997 689.9599999999986
20.0 29.139999999999997 689.9599999999986
28.02 20.0 689.9599999999986
28.02 0.0 689.9599999999986
28.02 20.0 689.9599999999986
28.02 0.0 689.9599999999986
20.0 29.159999999999997 689.9599999999986
20.0 29.159999999999997 689.9599999999986
25.00000000000002 20.0 689.9599999999986
25.00000000000002 0.0 689.9599999999986
25.00000000000002 20.0 689.9599999999986
25.00000000000002 0.0 689.9599999999986
24.98000000000002 20.0 689.9599999999986
24.98000000000002 0.0 689.9599999999986
24.98000000000002 20.0 689.9599999999986
24.98000000000002 0.0 689.9599999999986
25.00000000000002 20.0 689.9599999999986
25.00000000000002 0.0 689.9599999999986
25.00000000000002 20.0 689.9599999999986
25.00000000000002 0.0 689.9599999999986
20.0 29.159999999999997 689.9599999999986
20.0 29.159999999999997 689.9599999999986
28.0 20.0 689.9599999999986
28.0 0.0 689.9599999999986
28.0 20.0 689.9599999999986
28.0 0.0 689.9599999999986
20.0 29.179999999999996 689.9599999999986
20.0 29.179999999999996 689.9599999999986
20.0 29.179999999999996 689.9599999999986
20.0 29.179999999999996 689.9599999999986
24.98000000000002 20.0 689.9599999999986
24.98000000000002 0.0 689.9599999999986
24.98000000000002 20.0 689.9599999999986
24.98000000000002 0.0 689.9599999999986
20.0 29.159999999999997 689.9599999999986
20.0 29.159999999999997 689.9599999999986
20.0 29.139999999999997 689.9599999999986
20.0 29.139999999999997 689.9599999999986
28.0 20.0 689.9599999999986
28.0 0.0 689.9599999999986
28.0 20.0 689.9599999999986
28.0 0.0 689.9599999999986
25.00000000000002 20.0 689.9599999999986
25.00000000000002 0.0 689.9599999999986
25.00000000000002 20.0 689.9599999999986
25.00000000000002 0.0 689.9599999999986
20.0 29.179999999999996 689.9599999999986
20.0 29.179999999999996 689.9599999999986
28.0 20.0 689.9599999999986
28.0 0.0 689.9599999999986
28.0 20.0 689.9599999999986
28.0 0.0 689.9599999999986
28.0 20.0 689.9599999999986
28.0 0.0 689.9599999999986
28.0 20.0 689.9599999999986
28.0 0.0 689.9599999999986
20.0 29.179999999999996 689.9599999999986
20.0 29.179999999999996 689.9599999999986
28.0 20.0 689.9599999999986
28.0 0.0 689.9599999999986
28.0 20.0 689.9599999999986
28.0 0.0 689.9599999999986
20.0 29.159999999999997 689.9599999999986
20.0 29.159999999999997 689.9599999999986
20.0 29.159999999999997 689.9599999999986
20.0 29.159999999999997 689.9599999999986
20.0 29.159999999999997 689.9599999999986
20.0 29.159999999999997 689.9599999999986
27.98 20.0 689.9599999999986
27.98 0.0 689.9599999999986
27.98 20.0 689.9599999999986
27.98 0.0 689.9599999999986
20.0 29.159999999999997 689.9599999999986
20.0 29.159999999999997 689.9599999999986
20.0 29.159999999999997 689.9599999999986
20.0 29.159999999999997 689.9599999999986
28.0 20.0 689.9599999999986
28.0 0.0 689.9599999999986
28.0 20.0 689.9599999999986
28.0 0.0 689.9599999999986
20.0 29.179999999999996 689.9599999999986
20.0 29.179999999999996 689.9599999999986
20.0 29.179999999999996 689.9599999999986
20.0 29.179999999999996 689.9599999999986
20.0 29.179999999999996 689.9599999999986
20.0 29.179999999999996 689.9599999999986
20.0 29.179999999999996 689.9599999999986
20.0 29.179999999999996 689.9599999999986
24.960000000000022 20.0 689.9599999999986
24.960000000000022 0.0 689.9599999999986
24.960000000000022 20.0 689.9599999999986
24.960000000000022 0.0 689.9599999999986
24.960000000000022 20.0 689.9599999999986
24.960000000000022 0.0 689.9599999999986
24.960000000000022 20.0 689.9599999999986
24.960000000000022 0.0 689.9599999999986
24.940000000000023 20.0 689.9599999999986
24.940000000000023 0.0 689.9599999999986
24.940000000000023 20.0 689.9599999999986
24.940000000000023 0.0 689.9599999999986
28.0 20.0 689.9599999999986
28.0 0.0 689.9599999999986
28.0 20.0 689.9599999999986
28.0 0.0 689.9599999999986
20.0 29.179999999999996 689.9599999999986
20.0 29.179999999999996 689.9599999999986
24.960000000000022 20.0 689.9599999999986
24.960000000000022 0.0 689.9599999999986
24.960000000000022 20.0 689.9599999999986
24.960000000000022 0.0 689.9599999999986
20.0 29.199999999999996 689.9599999999986
20.0 29.199999999999996 689.9599999999986
28.0 20.0 689.9599999999986
28.0 0.0 689.9599999999986
28.0 20.0 689.9599999999986
28.0 0.0 689.9599999999986
20.0 29.199999999999996 689.9599999999986
20.0 29.199999999999996 689.9599999999986
28.0 20.0 689.9599999999986
28.0 0.0 689.9599999999986
28.0 20.0 689.9599999999986
28.0 0.0 689.9599999999986
20.0 29.199999999999996 689.9599999999986
20.0 29.199999999999996 689.9599999999986
20.0 29.199999999999996 689.9599999999986
20.0 29.199999999999996 689.9599999999986
24.960000000000022 20.0 689.9599999999986
24.960000000000022 0.0 689.9599999999986
24.960000000000022 20.0 689.9599999999986
24.960000000000022 0.0 689.9599999999986
20.0 29.219999999999995 689.9599999999986
20.0 29.219999999999995 689.9599999999986
27.98 20.0 689.9599999999986
27.98 0.0 689.9599999999986
27.98 20.0 689.9599999999986
27.98 0.0 689.9599999999986
24.98000000000002 20.0 689.9599999999986
24.98000000000002 0.0 689.9599999999986
24.98000000000002 20.0 689.9599999999986
24.98000000000002 0.0 689.9599999999986
20.0 29.239999999999995 689.9599999999986
20.0 29.239999999999995 689.9599999999986
20.0 29.259999999999994 689.9599999999986
20.0 29.259999999999994 689.9599999999986
20.0 29.239999999999995 689.9599999999986
20.0 29.239999999999995 689.9599999999986
20.0 29.239999999999995 689.9599999999986
20.0 29.239999999999995 689.9599999999986
28.0 20.0 689.9599999999986
28.0 0.0 689.9599999999986
28.0 20.0 689.9599999999986
28.0 0.0 689.9599999999986
28.0 20.0 689.9599999999986
28.0 0.0 689.9599999999986
28.0 20.0 689.9599999999986
28.0 0.0 689.9599999999986
28.02 20.0 689.9599999999986
28.02 0.0 689.9599999999986
28.02 20.0 689.9599999999986
28.02 0.0 689.9599999999986
20.0 29.259999999999994 689.9599999999986
20.0 29.259999999999994 689.9599999999986
28.0 20.0 689.9599999999986
28.0 0.0 689.9599999999986
28.0 20.0 689.9599999999986
28.0 0.0 689.9599999999986
28.0 20.0 689.9599999999986
28.0 0.0 689.9599999999986
28.0 20.0 689.9599999999986
28.0 0.0 689.9599999999986
20.0 29.239999999999995 689.9599999999986
20.0 29.239999999999995 689.9599999999986
28.0 20.0 689.9599999999986
28.0 0.0 689.9599999999986
28.0 20.0 689.9599999999986
28.0 0.0 689.9599999999986
20.0 29.259999999999994 689.9599999999986
20.0 29.259999999999994 689.9599999999986
20.0 29.259999999999994 689.9599999999986
20.0 29.259999999999994 689.9599999999986
27.98 20.0 689.9599999999986
27.98 0.0 689.9599999999986
27.98 20.0 689.9599999999986
27.98 0.0 689.9599999999986
28.0 20.0 689.9599999999986
28.0 0.0 689.9599999999986
28.0 20.0 689.9599999999986
28.0 0.0 689.9599999999986
20.0 29.279999999999994 689.9599999999986
20.0 29.279999999999994 689.9599999999986
28.0 20.0 689.9599999999986
28.0 0.0 689.9599999999986
28.0 20.0 689.9599999999986
28.0 0.0 689.9599999999986
20.0 29.279999999999994 689.9599999999986
20.0 29.279999999999994 689.9599999999986
28.0 20.0 689.9599999999986
28.0 0.0 689.9599999999986
28.0 20.0 689.9599999999986
28.0 0.0 689.9599999999986
20.0 29.299999999999994 689.9599999999986
20.0 29.299999999999994 689.9599999999986
20.0 29.279999999999994 689.9599999999986
20.0 29.279999999999994 689.9599999999986
20.0 29.279999999999994 689.9599999999986
20.0 29.279999999999994 689.9599999999986
28.0 20.0 689.9599999999986
28.0 0.0 689.9599999999986
28.0 20.0 689.9599999999986
28.0 0.0 689.9599999999986
20.0 29.259999999999994 689.9599999999986
20.0 29.259999999999994 689.9599999999986
20.0 29.259999999999994 689.9599999999986
20.0 29.259999999999994 689.9599999999986
28.0 20.0 689.9599999999986
28.0 0.0 689.9599999999986
28.0 20.0 689.9599999999986
28.0 0.0 689.9599999999986
20.0 29.279999999999994 689.9599999999986
20.0 29.279999999999994 689.9599999999986
28.0 20.0 689.9599999999986
28.0 0.0 689.9599999999986
28.0 20.0 689.9599999999986
28.0 0.0 689.9599999999986
20.0 29.279999999999994 689.9599999999986
20.0 29.279999999999994 689.9599999999986
20.0 29.259999999999994 689.9599999999986
20.0 29.259999999999994 689.9599999999986
20.0 29.259999999999994 689.9599999999986
20.0 29.259999999999994 689.9599999999986
20.0 29.279999999999994 689.9599999999986
20.0 29.279999999999994 689.9599999999986
28.0 20.0 689.9599999999986
28.0 0.0 689.9599999999986
28.0 20.0 689.9599999999986
28.0 0.0 689.9599999999986
20.0 29.279999999999994 689.9599999999986
20.0 29.279999999999994 689.9599999999986
20.0 29.279999999999994 689.9599999999986
20.0 29.279999999999994 689.9599999999986
28.0 20.0 689.9599999999986
28.0 0.0 689.9599999999986
28.0 20.0 689.9599999999986
28.0 0.0 689.9599999999986
28.0 20.0 689.9599999999986
28.0 0.0 689.9599999999986
28.0 20.0 689.9599999999986
28.0 0.0 689.9599999999986
20.0 29.299999999999994 689.9599999999986
20.0 29.299999999999994 689.9599999999986
20.0 29.299999999999994 689.9599999999986
20.0 29.299999999999994 689.9599999999986
20.0 29.299999999999994 689.9599999999986
20.0 29.299999999999994 689.9599999999986
20.0 29.279999999999994 689.9599999999986
20.0 29.279999999999994 689.9599999999986
20.0 29.299999999999994 689.9599999999986
20.0 29.299999999999994 689.9599999999986
20.0 29.279999999999994 689.9599999999986
20.0 29.279999999999994 689.9599999999986
20.0 29.279999999999994 689.9599999999986
20.0 29.279999999999994 689.9599999999986
20.0 29.259999999999994 689.9599999999986
20.0 29.259999999999994 689.9599999999986
28.0 20.0 689.9599999999986
28.0 0.0 689.9599999999986
28.0 20.0 689.9599999999986
28.0 0.0 689.9599999999986
20.0 29.259999999999994 689.9599999999986
20.0 29.259999999999994 689.9599999999986
20.0 29.279999999999994 689.9599999999986
20.0 29.279999999999994 689.9599999999986
28.0 20.0 689.9599999999986
28.0 0.0 689.9599999999986
28.0 20.0 689.9599999999986
28.0 0.0 689.9599999999986
28.0 20.0 689.9599999999986
28.0 0.0 689.9599999999986
28.0 20.0 689.9599999999986
28.0 0.0 689.9599999999986
20.0 29.299999999999994 689.9599999999986
20.0 29.299999999999994 689.9599999999986
28.0 20.0 689.9599999999986
28.0 0.0 689.9599999999986
28.0 20.0 689.9599999999986
28.0 0.0 689.9599999999986
20.0 29.299999999999994 689.9599999999986
20.0 29.299999999999994 689.9599999999986
20.0 29.279999999999994 689.9599999999986
20.0 29.279999999999994 689.9599999999986
28.0 20.0 689.9599999999986
28.0 0.0 689.9599999999986
28.0 20.0 689.9599999999986
28.0 0.0 689.9599999999986
20.0 29.299999999999994 689.9599999999986
20.0 29.299999999999994 689.9599999999986
28.0 20.0 689.9599999999986
28.0 0.0 689.9599999999986
28.0 20.0 689.9599999999986
28.0 0.0 689.9599999999986
20.0 29.319999999999993 689.9599999999986
20.0 29.319999999999993 689.9599999999986
25.00000000000002 20.0 689.9599999999986
25.00000000000002 0.0 689.9599999999986
25.00000000000002 20.0 689.9599999999986
25.00000000000002 0.0 689.9599999999986
28.0 20.0 689.9599999999986
28.0 0.0 689.9599999999986
28.0 20.0 689.9599999999986
28.0 0.0 689.9599999999986
20.0 29.319999999999993 689.9599999999986
20.0 29.319999999999993 689.9599999999986
20.0 29.339999999999993 689.9599999999986
20.0 29.339999999999993 689.9599999999986
25.00000000000002 20.0 689.9599999999986
25.00000000000002 0.0 689.9599999999986
25.00000000000002 20.0 689.9599999999986
25.00000000000002 0.0 689.9599999999986
20.0 29.339999999999993 689.9599999999986
20.0 29.339999999999993 689.9599999999986
25.00000000000002 20.0 689.9599999999986
25.00000000000002 0.0 689.9599999999986
25.00000000000002 20.0 689.9599999999986
25.00000000000002 0.0 689.9599999999986
25.00000000000002 20.0 689.9599999999986
25.00000000000002 0.0 689.9599999999986
25.00000000000002 20.0 689.9599999999986
25.00000000000002 0.0 689.9599999999986
20.0 29.339999999999993 689.9599999999986
20.0 29.339999999999993 689.9599999999986
20.0 29.339999999999993 689.9599999999986
20.0 29.339999999999993 689.9599999999986
20.0 29.339999999999993 689.9599999999986
20.0 29.339999999999993 689.9599999999986
20.0 29.319999999999993 689.9599999999986
20.0 29.319999999999993 689.9599999999986
20.0 29.339999999999993 689.9599999999986
20.0 29.339999999999993 689.9599999999986
20.0 29.339999999999993 689.9599999999986
20.0 29.339999999999993 689.9599999999986
25.00000000000002 20.0 689.9599999999986
25.00000000000002 0.0 689.9599999999986
25.00000000000002 20.0 689.9599999999986
25.00000000000002 0.0 689.9599999999986
25.00000000000002 20.0 689.9599999999986
25.00000000000002 0.0 689.9599999999986
25.00000000000002 20.0 689.9599999999986
25.00000000000002 0.0 689.9599999999986
20.0 29.339999999999993 689.9599999999986
20.0 29.339999999999993 689.9599999999986
20.0 29.319999999999993 689.9599999999986
20.0 29.319999999999993 689.9599999999986
20.0 29.299999999999994 689.9599999999986
20.0 29.299999999999994 689.9599999999986
28.0 20.0 689.9599999999986
28.0 0.0 689.9599999999986
28.0 20.0 689.9599999999986
28.0 0.0 689.9599999999986
20.0 29.279999999999994 689.9599999999986
20.0 29.279999999999994 689.9599999999986
27.98 20.0 689.9599999999986
27.98 0.0 689.9599999999986
27.98 20.0 689.9599999999986
27.98 0.0 689.9599999999986
20.0 29.279999999999994 689.9599999999986
20.0 29.279999999999994 689.9599999999986
27.98 20.0 689.9599999999986
27.98 0.0 689.9599999999986
27.98 20.0 689.9599999999986
27.98 0.0 689.9599999999986
20.0 29.299999999999994 689.9599999999986
20.0 29.299999999999994 689.9599999999986
27.98 20.0 689.9599999999986
27.98 0.0 689.9599999999986
27.98 20.0 689.9599999999986
27.98 0.0 689.9599999999986
20.0 29.279999999999994 689.9599999999986
20.0 29.279999999999994 689.9599999999986
27.98 20.0 689.9599999999986
27.98 0.0 689.9599999999986
27.98 20.0 689.9599999999986
27.98 0.0 689.9599999999986
27.98 20.0 689.9599999999986
27.98 0.0 689.9599999999986
27.98 20.0 689.9599999999986
27.98 0.0 689.9599999999986
20.0 29.319999999999993 689.9599999999986
20.0 29.319999999999993 689.9599999999986
27.96 20.0 689.9599999999986
27.96 0.0 689.9599999999986
27.96 20.0 689.9599999999986
27.96 0.0 689.9599999999986
20.0 29.339999999999993 689.9599999999986
20.0 29.339999999999993 689.9599999999986
20.0 29.359999999999992 689.9599999999986
20.0 29.359999999999992 689.9599999999986
28.0 20.0 689.9599999999986
28.0 0.0 689.9599999999986
28.0 20.0 689.9599999999986
28.0 0.0 689.9599999999986
20.0 29.379999999999992 689.9599999999986
20.0 29.379999999999992 689.9599999999986
20.0 29.379999999999992 689.9599999999986
20.0 29.379999999999992 689.9599999999986
28.0 20.0 689.9599999999986
28.0 0.0 689.9599999999986
28.0 20.0 689.9599999999986
28.0 0.0 689.9599999999986
20.0 29.379999999999992 689.9599999999986
20.0 29.379999999999992 689.9599999999986
28.0 20.0 689.9599999999986
28.0 0.0 689.9599999999986
28.0 20.0 689.9599999999986
28.0 0.0 689.9599999999986
28.02 20.0 689.9599999999986
28.02 0.0 689.9599999999986
28.02 20.0 689.9599999999986
28.02 0.0 689.9599999999986
28.02 20.0 689.9599999999986
28.02 0.0 689.9599999999986
28.02 20.0 689.9599999999986
28.02 0.0 689.9599999999986
28.0 20.0 689.9599999999986
28.0 0.0 689.9599999999986
28.0 20.0 689.9599999999986
28.0 0.0 689.9599999999986
27.98 20.0 689.9599999999986
27.98 0.0 689.9599999999986
27.98 20.0 689.9599999999986
27.98 0.0 689.9599999999986
20.0 29.359999999999992 689.9599999999986
20.0 29.359999999999992 689.9599999999986
20.0 29.359999999999992 689.9599999999986
20.0 29.359999999999992 689.9599999999986
20.0 29.359999999999992 689.9599999999986
20.0 29.359999999999992 689.9599999999986
20.0 29.379999999999992 689.9599999999986
20.0 29.379999999999992 689.9599999999986
27.96 20.0 689.9599999999986
27.96 0.0 689.9599999999986
27.96 20.0 689.9599999999986
27.96 0.0 689.9599999999986
24.960000000000022 20.0 689.9599999999986
24.960000000000022 0.0 689.9599999999986
24.960000000000022 20.0 689.9599999999986
24.960000000000022 0.0 689.9599999999986
27.98 20.0 689.9599999999986
27.98 0.0 689.9599999999986
27.98 20.0 689.9599999999986
27.98 0.0 689.9599999999986
24.940000000000023 20.0 689.9599999999986
24.940000000000023 0.0 689.9599999999986
24.940000000000023 20.0 689.9599999999986
24.940000000000023 0.0 689.9599999999986
24.940000000000023 20.0 689.9599999999986
24.940000000000023 0.0 689.9599999999986
24.940000000000023 20.0 689.9599999999986
24.940000000000023 0.0 689.9599999999986
28.0 20.0 689.9599999999986
28.0 0.0 689.9599999999986
28.0 20.0 689.9599999999986
28.0 0.0 689.9599999999986
28.0 20.0 689.9599999999986
28.0 0.0 689.9599999999986
28.0 20.0 689.9599999999986
28.0 0.0 689.9599999999986
24.940000000000023 20.0 689.9599999999986
24.940000000000023 0.0 689.9599999999986
24.940000000000023 20.0 689.9599999999986
24.940000000000023 0.0 689.9599999999986
24.960000000000022 20.0 689.9599999999986
24.960000000000022 0.0 689.9599999999986
24.960000000000022 20.0 689.9599999999986
24.960000000000022 0.0 689.9599999999986
20.0 29.39999999999999 689.9599999999986
20.0 29.39999999999999 689.9599999999986
20.0 29.41999999999999 689.9599999999986
20.0 29.41999999999999 689.9599999999986
27.98 20.0 689.9599999999986
27.98 0.0 689.9599999999986
27.98 20.0 689.9599999999986
27.98 0.0 689.9599999999986
20.0 29.41999999999999 689.9599999999986
20.0 29.41999999999999 689.9599999999986
27.98 20.0 689.9599999999986
27.98 0.0 689.9599999999986
27.98 20.0 689.9599999999986
27.98 0.0 689.9599999999986
24.960000000000022 20.0 689.9599999999986
24.960000000000022 0.0 689.9599999999986
24.960000000000022 20.0 689.9599999999986
24.960000000000022 0.0 689.9599999999986
27.98 20.0 689.9599999999986
27.98 0.0 689.9599999999986
27.98 20.0 689.9599999999986
27.98 0.0 689.9599999999986
27.98 20.0 689.9599999999986
27.98 0.0 689.9599999999986
27.98 20.0 689.9599999999986
27.98 0.0 689.9599999999986
27.96 20.0 689.9599999999986
27.96 0.0 689.9599999999986
27.96 20.0 689.9599999999986
27.96 0.0 689.9599999999986
20.0 29.41999999999999 689.9599999999986
20.0 29.41999999999999 689.9599999999986
20.0 29.43999999999999 689.9599999999986
20.0 29.43999999999999 689.9599999999986
27.96 20.0 689.9599999999986
27.96 0.0 689.9599999999986
27.96 20.0 689.9599999999986
27.96 0.0 689.9599999999986
27.96 20.0 689.9599999999986
27.96 0.0 689.9599999999986
27.96 20.0 689.9599999999986
27.96 0.0 689.9599999999986
27.98 20.0 689.9599999999986
27.98 0.0 689.9599999999986
27.98 20.0 689.9599999999986
27.98 0.0 689.9599999999986
20.0 29.41999999999999 689.9599999999986
20.0 29.41999999999999 689.9599999999986
20.0 29.41999999999999 689.9599999999986
20.0 29.41999999999999 689.9599999999986
20.0 29.43999999999999 689.9599999999986
20.0 29.43999999999999 689.9599999999986
20.0 29.43999999999999 689.9599999999986
20.0 29.43999999999999 689.9599999999986
20.0 29.45999999999999 689.9599999999986
20.0 29.45999999999999 689.9599999999986
20.0 29.43999999999999 689.9599999999986
20.0 29.43999999999999 689.9599999999986
20.0 29.45999999999999 689.9599999999986
20.0 29.45999999999999 689.9599999999986
20.0 29.45999999999999 689.9599999999986
20.0 29.45999999999999 689.9599999999986
20.0 29.719999999999985 689.9599999999986
20.0 29.719999999999985 689.9599999999986
20.0 29.759999999999984 689.9599999999986
20.0 29.759999999999984 689.9599999999986
20.0 29.759999999999984 689.9599999999986
20.0 29.759999999999984 689.9599999999986
20.0 29.779999999999983 689.9599999999986
20.0 29.779999999999983 689.9599999999986
20.0 29.799999999999983 689.9599999999986
20.0 29.799999999999983 689.9599999999986
20.0 29.799999999999983 689.9599999999986
20.0 29.799999999999983 689.9599999999986
20.0 29.799999999999983 689.9599999999986
20.0 29.799999999999983 689.9599999999986
20.0 29.839999999999982 689.9599999999986
20.0 29.839999999999982 689.9599999999986
20.0 29.819999999999983 689.9599999999986
20.0 29.819999999999983 689.9599999999986
20.0 29.819999999999983 689.9599999999986
20.0 29.819999999999983 689.9599999999986
20.0 29.819999999999983 689.9599999999986
20.0 29.819999999999983 689.9599999999986
20.0 29.819999999999983 689.9599999999986
20.0 29.819999999999983 689.9599999999986
20.0 29.819999999999983 689.9599999999986
20.0 29.819999999999983 689.9599999999986
20.0 29.839999999999982 689.9599999999986
20.0 29.839999999999982 689.9599999999986
20.0 29.839999999999982 689.9599999999986
20.0 29.839999999999982 689.9599999999986
20.0 29.839999999999982 689.9599999999986
20.0 29.839999999999982 689.9599999999986
20.0 29.839999999999982 689.9599999999986
20.0 29.839999999999982 689.9599999999986
20.0 29.839999999999982 689.9599999999986
20.0 29.839999999999982 689.9599999999986
20.0 29.799999999999983 689.9599999999986
20.0 29.799999999999983 689.9599999999986
20.0 29.839999999999982 689.9599999999986
20.0 29.839999999999982 689.9599999999986
20.0 29.819999999999983 689.9599999999986
20.0 29.819999999999983 689.9599999999986
20.0 29.85999999999998 689.9599999999986
20.0 29.85999999999998 689.9599999999986
20.0 29.85999999999998 689.9599999999986
20.0 29.85999999999998 689.9599999999986
20.0 29.89999999999998 689.9599999999986
20.0 29.89999999999998 689.9599999999986
20.0 29.89999999999998 689.9599999999986
20.0 29.89999999999998 689.9599999999986
20.0 29.89999999999998 689.9599999999986
20.0 29.89999999999998 689.9599999999986
20.0 29.87999999999998 689.9599999999986
20.0 29.87999999999998 689.9599999999986
20.0 29.839999999999982 689.9599999999986
20.0 29.839999999999982 689.9599999999986
20.0 29.839999999999982 689.9599999999986
20.0 29.839999999999982 689.9599999999986
20.0 29.839999999999982 689.9599999999986
20.0 29.839999999999982 689.9599999999986
20.0 29.839999999999982 689.9599999999986
20.0 29.839999999999982 689.9599999999986
20.0 29.839999999999982 689.9599999999986
20.0 29.839999999999982 689.9599999999986
20.0 29.839999999999982 689.9599999999986
20.0 29.839999999999982 689.9599999999986
20.0 29.819999999999983 689.9599999999986
20.0 29.819999999999983 689.9599999999986
20.0 29.799999999999983 689.9599999999986
20.0 29.799999999999983 689.9599999999986
20.0 29.819999999999983 689.9599999999986
20.0 29.819999999999983 689.9599999999986
20.0 29.819999999999983 689.9599999999986
20.0 29.819999999999983 689.9599999999986
20.0 29.839999999999982 689.9599999999986
20.0 29.839999999999982 689.9599999999986
20.0 29.87999999999998 689.9599999999986
20.0 29.87999999999998 689.9599999999986
20.0 29.89999999999998 689.9599999999986
20.0 29.89999999999998 689.9599999999986
20.0 29.93999999999998 689.9599999999986
20.0 29.93999999999998 689.9599999999986
20.0 29.95999999999998 689.9599999999986
20.0 29.95999999999998 689.9599999999986
28.0 20.0 689.9599999999986
28.0 0.0 689.9599999999986
28.0 20.0 689.9599999999986
28.0 0.0 689.9599999999986
28.0 20.0 689.9599999999986
28.0 0.0 689.9599999999986
28.0 20.0 689.9599999999986
28.0 0.0 689.9599999999986
21.719999999999956 8.0 689.9599999999986
1.7199999999999562 28.0 689.9599999999986
21.719999999999956 28.0 689.9599999999986
16.989999999999757 19.930000000000145 689.9599999999986
15.98999999999969 16.009999999999533 689.9599999999986
12.790000000000004 1.009999999999999 689.9599999999986
7.680000000000007 15.899999999999379 689.9599999999986
6.970000000000022 4.009999999999957 689.9599999999986
1.0200000000001554 6.000000000000021 689.9599999999986
18.019999999999996 17.33999999999974 689.9599999999986
8.849999999999982 18.98999999999953 689.9599999999986
4.200000000000038 18.939999999999834 689.9599999999986
2.450000000000033 16.00999999999996 689.9599999999986
11.999999999999957 15.979999999999533 689.9599999999986
3.99 4.029999999999999 689.9599999999986
0.99 13.009999999999957 689.9599999999986
13.04 9.559999999999988 689.9599999999986
18.009999999999533 2.99 689.9599999999986
9.99 2.0300000000001557 689.9599999999986
3.919999999999959 7.98 689.9599999999986
14.009999999999978 18.849999999999508 689.9599999999986
0.9800000000000006 9.979999999999979 689.9599999999986
4.489999999999968 12.109999999999976 689.9599999999986
14.97 2.99 689.9599999999986
9.02 6.999999999999915 689.9599999999986
16.17999999999956 6.960000000000001 689.9599999999986
10.01 12.829999999999982 689.9599999999986
11.99 5.0099999999999785 689.9599999999986
17.989999999999686 9.989999999999979 689.9599999999986
8.0 0.8800000000000006 689.9599999999986
16.00999999999922 13.009999999999957 689.9599999999986
6.999999999999936 10.0 689.9599999999986
5.000000000000021 0.9800000000000006 689.9599999999986
1.04 2.0000000000000213 689.9599999999986
17.02999999999976 -0.009999999999845244 689.9599999999986
17.02999999999976 -0.009999999999845244 689.9599999999986
-10 12 689.9599999999986
-10 12 689.9599999999986
-7 9 689.9599999999986
-7 9 689.9599999999986
-2.9700000000002404 19.990000000000155 689.9599999999986
-2.9700000000002404 19.990000000000155 689.9599999999986
-10 -8 689.9599999999986
-10 -8 689.9599999999986
-7 -11 689.9599999999986
-7 -11 689.9599999999986
-8 -16 689.9599999999986
-8 -16 689.9599999999986
0.0 -11.0 689.9599999999986
0.0 -11.0 689.9599999999986
0.0 -11.0 689.9599999999986
0.0 -11.0 689.9599999999986
0.0 -11.0 689.9599999999986
0.0 -11.0 689.9599999999986
0.0 -11.0 689.9599999999986
0.0 -11.0 689.9599999999986
0.0 -11.0 689.9599999999986
0.0 -11.0 689.9599999999986
0.0 -11.0 689.9599999999986
0.0 -11.0 689.9599999999986
0.0 -11.0 689.9599999999986
0.0 -11.0 689.9599999999986
0.0 -11.02 689.9599999999986
0.0 -11.02 689.9599999999986
0.0 -11.0 689.9599999999986
0.0 -11.0 689.9599999999986
0.0 -10.98 689.9599999999986
0.0 -10.98 689.9599999999986
0.0 -10.96 689.9599999999986
0.0 -10.96 689.9599999999986
0.0 -10.96 689.9599999999986
0.0 -10.96 689.9599999999986
0.0 -10.96 689.9599999999986
0.0 -10.96 689.9599999999986
0.0 -10.96 689.9599999999986
0.0 -10.96 689.9599999999986
0.0 -10.98 689.9599999999986
0.0 -10.98 689.9599999999986
0.0 -11.0 689.9599999999986
0.0 -11.0 689.9599999999986
0.0 -11.0 689.9599999999986
0.0 -11.0 689.9599999999986
0.0 -11.0 689.9599999999986
0.0 -11.0 689.9599999999986
0.0 -11.0 689.9599999999986
0.0 -11.0 689.9599999999986
0.0 -11.0 689.9599999999986
0.0 -11.0 689.9599999999986
0.0 -11.0 689.9599999999986
0.0 -11.0 689.9599999999986
0.0 -10.900000000000002 689.9599999999986
0.0 -10.900000000000002 689.9599999999986
0.0 -10.880000000000003 689.9599999999986
0.0 -10.880000000000003 689.9599999999986
0.0 -10.860000000000003 689.9599999999986
0.0 -10.860000000000003 689.9599999999986
0.0 -10.840000000000003 689.9599999999986
0.0 -10.840000000000003 689.9599999999986
0.0 -10.840000000000003 689.9599999999986
0.0 -10.840000000000003 689.9599999999986
0.0 -10.820000000000004 689.9599999999986
0.0 -10.820000000000004 689.9599999999986
0.0 -10.820000000000004 689.9599999999986
0.0 -10.820000000000004 689.9599999999986
0.0 -10.820000000000004 689.9599999999986
0.0 -10.820000000000004 689.9599999999986
0.0 -10.840000000000003 689.9599999999986
0.0 -10.840000000000003 689.9599999999986
0.0 -10.820000000000004 689.9599999999986
0.0 -10.820000000000004 689.9599999999986
0.0 -10.820000000000004 689.9599999999986
0.0 -10.820000000000004 689.9599999999986
0.0 -10.840000000000003 689.9599999999986
0.0 -10.840000000000003 689.9599999999986
0.0 -10.840000000000003 689.9599999999986
0.0 -10.840000000000003 689.9599999999986
-5.01 -17.030000000000005 689.9599999999986
-5.01 -17.030000000000005 689.9599999999986
0.0 -10.840000000000003 689.9599999999986
0.0 -10.840000000000003 689.9599999999986
0.0 -10.840000000000003 689.9599999999986
0.0 -10.840000000000003 689.9599999999986
0.0 -10.860000000000003 689.9599999999986
0.0 -10.860000000000003 689.9599999999986
0.0 -10.860000000000003 689.9599999999986
0.0 -10.860000000000003 689.9599999999986
0.0 -10.840000000000003 689.9599999999986
0.0 -10.840000000000003 689.9599999999986
0.0 -10.820000000000004 689.9599999999986
0.0 -10.820000000000004 689.9599999999986
0.0 -10.820000000000004 689.9599999999986
0.0 -10.820000000000004 689.9599999999986
0.0 -10.820000000000004 689.9599999999986
0.0 -10.820000000000004 689.9599999999986
0.0 -10.840000000000003 689.9599999999986
0.0 -10.840000000000003 689.9599999999986
0.0 -10.840000000000003 689.9599999999986
0.0 -10.840000000000003 689.9599999999986
0.0 -10.860000000000003 689.9599999999986
0.0 -10.860000000000003 689.9599999999986
0.0 -10.860000000000003 689.9599999999986
0.0 -10.860000000000003 689.9599999999986
0.0 -10.840000000000003 689.9599999999986
0.0 -10.840000000000003 689.9599999999986
0.0 -10.860000000000003 689.9599999999986
0.0 -10.860000000000003 689.9599999999986
0.0 -10.860000000000003 689.9599999999986
0.0 -10.860000000000003 689.9599999999986
0.0 -10.880000000000003 689.9599999999986
0.0 -10.880000000000003 689.9599999999986
0.0 -10.860000000000003 689.9599999999986
0.0 -10.860000000000003 689.9599999999986
0.0 -10.860000000000003 689.9599999999986
0.0 -10.860000000000003 689.9599999999986
0.0 -10.880000000000003 689.9599999999986
0.0 -10.880000000000003 689.9599999999986
0.0 -10.900000000000002 689.9599999999986
0.0 -10.900000000000002 689.9599999999986
0.0 -10.920000000000002 689.9599999999986
0.0 -10.920000000000002 689.9599999999986
0.0 -10.940000000000001 689.9599999999986
0.0 -10.940000000000001 689.9599999999986
0.0 -10.940000000000001 689.9599999999986
0.0 -10.940000000000001 689.9599999999986
0.0 -10.940000000000001 689.9599999999986
0.0 -10.940000000000001 689.9599999999986
0.0 -10.920000000000002 689.9599999999986
0.0 -10.920000000000002 689.9599999999986
0.0 -10.920000000000002 689.9599999999986
0.0 -10.920000000000002 689.9599999999986
0.0 -10.920000000000002 689.9599999999986
0.0 -10.920000000000002 689.9599999999986
0.0 -10.900000000000002 689.9599999999986
0.0 -10.900000000000002 689.9599999999986
0.0 -10.880000000000003 689.9599999999986
0.0 -10.880000000000003 689.9599999999986
0.0 -10.880000000000003 689.9599999999986
0.0 -10.880000000000003 689.9599999999986
0.0 -10.880000000000003 689.9599999999986
0.0 -10.880000000000003 689.9599999999986
0.0 -10.860000000000003 689.9599999999986
0.0 -10.860000000000003 689.9599999999986
0.0 -10.860000000000003 689.9599999999986
0.0 -10.860000000000003 689.9599999999986
0.0 -10.840000000000003 689.9599999999986
0.0 -10.840000000000003 689.9599999999986
0.0 -10.840000000000003 689.9599999999986
0.0 -10.840000000000003 689.9599999999986
0.0 -10.820000000000004 689.9599999999986
0.0 -10.820000000000004 689.9599999999986
0.0 -10.820000000000004 689.9599999999986
0.0 -10.820000000000004 689.9599999999986
0.0 -10.840000000000003 689.9599999999986
0.0 -10.840000000000003 689.9599999999986
0.0 -10.860000000000003 689.9599999999986
0.0 -10.860000000000003 689.9599999999986
0.0 -10.820000000000004 689.9599999999986
0.0 -10.820000000000004 689.9599999999986
0.0 -10.820000000000004 689.9599999999986
0.0 -10.820000000000004 689.9599999999986
0.0 -10.840000000000003 689.9599999999986
0.0 -10.840000000000003 689.9599999999986
0.0 -10.840000000000003 689.9599999999986
0.0 -10.840000000000003 689.9599999999986
0.0 -10.840000000000003 689.9599999999986
0.0 -10.840000000000003 689.9599999999986
0.0 -10.840000000000003 689.9599999999986
0.0 -10.840000000000003 689.9599999999986
0.0 -10.840000000000003 689.9599999999986
0.0 -10.840000000000003 689.9599999999986
0.0 -10.820000000000004 689.9599999999986
0.0 -10.820000000000004 689.9599999999986
0.0 -10.820000000000004 689.9599999999986
0.0 -10.820000000000004 689.9599999999986
0.0 -10.820000000000004 689.9599999999986
0.0 -10.820000000000004 689.9599999999986
0.0 -10.820000000000004 689.9599999999986
0.0 -10.820000000000004 689.9599999999986
0.0 -10.820000000000004 689.9599999999986
0.0 -10.820000000000004 689.9599999999986
0.0 -10.800000000000004 689.9599999999986
0.0 -10.800000000000004 689.9599999999986
0.0 -10.800000000000004 689.9599999999986
0.0 -10.800000000000004 689.9599999999986
0.0 -10.800000000000004 689.9599999999986
0.0 -10.800000000000004 689.9599999999986
0.0 -10.800000000000004 689.9599999999986
0.0 -10.800000000000004 689.9599999999986
0.0 -10.780000000000005 689.9599999999986
0.0 -10.780000000000005 689.9599999999986
0.0 -10.760000000000005 689.9599999999986
0.0 -10.760000000000005 689.9599999999986
0.0 -10.740000000000006 689.9599999999986
0.0 -10.740000000000006 689.9599999999986
0.0 -10.760000000000005 689.9599999999986
0.0 -10.760000000000005 689.9599999999986
0.0 -10.760000000000005 689.9599999999986
0.0 -10.760000000000005 689.9599999999986
0.0 -10.740000000000006 689.9599999999986
0.0 -10.740000000000006 689.9599999999986
0.0 -10.760000000000005 689.9599999999986
0.0 -10.760000000000005 689.9599999999986
0.0 -10.740000000000006 689.9599999999986
0.0 -10.740000000000006 689.9599999999986
0.0 -10.740000000000006 689.9599999999986
0.0 -10.740000000000006 689.9599999999986
0.0 -10.720000000000006 689.9599999999986
0.0 -10.720000000000006 689.9599999999986
0.0 -10.720000000000006 689.9599999999986
0.0 -10.720000000000006 689.9599999999986
0.0 -10.700000000000006 689.9599999999986
0.0 -10.700000000000006 689.9599999999986
0.0 -10.720000000000006 689.9599999999986
0.0 -10.720000000000006 689.9599999999986
0.0 -10.720000000000006 689.9599999999986
0.0 -10.720000000000006 689.9599999999986
0.0 -10.740000000000006 689.9599999999986
0.0 -10.740000000000006 689.9599999999986
0.0 -10.740000000000006 689.9599999999986
0.0 -10.740000000000006 689.9599999999986
0.0 -10.720000000000006 689.9599999999986
0.0 -10.720000000000006 689.9599999999986
0.0 -10.720000000000006 689.9599999999986
0.0 -10.720000000000006 689.9599999999986
0.0 -10.740000000000006 689.9599999999986
0.0 -10.740000000000006 689.9599999999986
0.0 -10.740000000000006 689.9599999999986
0.0 -10.740000000000006 689.9599999999986
0.0 -10.720000000000006 689.9599999999986
0.0 -10.720000000000006 689.9599999999986
0.0 -10.720000000000006 689.9599999999986
0.0 -10.720000000000006 689.9599999999986
0.0 -10.720000000000006 689.9599999999986
0.0 -10.720000000000006 689.9599999999986
0.0 -10.700000000000006 689.9599999999986
0.0 -10.700000000000006 689.9599999999986
0.0 -10.700000000000006 689.9599999999986
0.0 -10.700000000000006 689.9599999999986
0.0 -10.700000000000006 689.9599999999986
0.0 -10.700000000000006 689.9599999999986
0.0 -10.720000000000006 689.9599999999986
0.0 -10.720000000000006 689.9599999999986
0.0 -10.700000000000006 689.9599999999986
0.0 -10.700000000000006 689.9599999999986
0.0 -10.720000000000006 689.9599999999986
0.0 -10.720000000000006 689.9599999999986
0.0 -10.720000000000006 689.9599999999986
0.0 -10.720000000000006 689.9599999999986
0.0 -10.740000000000006 689.9599999999986
0.0 -10.740000000000006 689.9599999999986
0.0 -10.740000000000006 689.9599999999986
0.0 -10.740000000000006 689.9599999999986
0.0 -10.720000000000006 689.9599999999986
0.0 -10.720000000000006 689.9599999999986
0.0 -10.700000000000006 689.9599999999986
0.0 -10.700000000000006 689.9599999999986
0.0 -10.700000000000006 689.9599999999986
0.0 -10.700000000000006 689.9599999999986
0.0 -10.720000000000006 689.9599999999986
0.0 -10.720000000000006 689.9599999999986
0.0 -10.700000000000006 689.9599999999986
0.0 -10.700000000000006 689.9599999999986
0.0 -10.680000000000007 689.9599999999986
0.0 -10.680000000000007 689.9599999999986
0.0 -10.680000000000007 689.9599999999986
0.0 -10.680000000000007 689.9599999999986
0.0 -10.660000000000007 689.9599999999986
0.0 -10.660000000000007 689.9599999999986
0.0 -10.660000000000007 689.9599999999986
0.0 -10.660000000000007 689.9599999999986
0.0 -10.660000000000007 689.9599999999986
0.0 -10.660000000000007 689.9599999999986
0.0 -10.660000000000007 689.9599999999986
0.0 -10.660000000000007 689.9599999999986
0.0 -10.660000000000007 689.9599999999986
0.0 -10.660000000000007 689.9599999999986
0.0 -10.680000000000007 689.9599999999986
0.0 -10.680000000000007 689.9599999999986
0.0 -10.660000000000007 689.9599999999986
0.0 -10.660000000000007 689.9599999999986
0.0 -10.660000000000007 689.9599999999986
0.0 -10.660000000000007 689.9599999999986
0.0 -10.660000000000007 689.9599999999986
0.0 -10.660000000000007 689.9599999999986
0.0 -10.680000000000007 689.9599999999986
0.0 -10.680000000000007 689.9599999999986
0.0 -10.700000000000006 689.9599999999986
0.0 -10.700000000000006 689.9599999999986
0.0 -10.720000000000006 689.9599999999986
0.0 -10.720000000000006 689.9599999999986
0.0 -10.720000000000006 689.9599999999986
0.0 -10.720000000000006 689.9599999999986
0.0 -10.700000000000006 689.9599999999986
0.0 -10.700000000000006 689.9599999999986
0.0 -10.720000000000006 689.9599999999986
0.0 -10.720000000000006 689.9599999999986
0.0 -10.680000000000007 689.9599999999986
0.0 -10.680000000000007 689.9599999999986
0.0 -10.660000000000007 689.9599999999986
0.0 -10.660000000000007 689.9599999999986
0.0 -10.640000000000008 689.9599999999986
0.0 -10.640000000000008 689.9599999999986
0.0 -10.620000000000008 689.9599999999986
0.0 -10.620000000000008 689.9599999999986
0.0 -10.620000000000008 689.9599999999986
0.0 -10.620000000000008 689.9599999999986
0.0 -10.620000000000008 689.9599999999986
0.0 -10.620000000000008 689.9599999999986
0.0 -10.640000000000008 689.9599999999986
0.0 -10.640000000000008 689.9599999999986
0.0 -10.640000000000008 689.9599999999986
0.0 -10.640000000000008 689.9599999999986
0.0 -10.640000000000008 689.9599999999986
0.0 -10.640000000000008 689.9599999999986
0.0 -10.620000000000008 689.9599999999986
0.0 -10.620000000000008 689.9599999999986
0.0 -10.600000000000009 689.9599999999986
0.0 -10.600000000000009 689.9599999999986
0.0 -10.580000000000009 689.9599999999986
0.0 -10.580000000000009 689.9599999999986
0.0 -10.580000000000009 689.9599999999986
0.0 -10.580000000000009 689.9599999999986
0.0 -10.580000000000009 689.9599999999986
0.0 -10.580000000000009 689.9599999999986
0.0 -10.56000000000001 689.9599999999986
0.0 -10.56000000000001 689.9599999999986
0.0 -10.580000000000009 689.9599999999986
0.0 -10.580000000000009 689.9599999999986
0.0 -10.580000000000009 689.9599999999986
0.0 -10.580000000000009 689.9599999999986
0.0 -10.56000000000001 689.9599999999986
0.0 -10.56000000000001 689.9599999999986
0.0 -10.56000000000001 689.9599999999986
0.0 -10.56000000000001 689.9599999999986
0.0 -10.54000000000001 689.9599999999986
0.0 -10.54000000000001 689.9599999999986
0.0 -10.56000000000001 689.9599999999986
0.0 -10.56000000000001 689.9599999999986
0.0 -10.54000000000001 689.9599999999986
0.0 -10.54000000000001 689.9599999999986
0.0 -10.54000000000001 689.9599999999986
0.0 -10.54000000000001 689.9599999999986
0.0 -10.280000000000015 689.9599999999986
0.0 -10.280000000000015 689.9599999999986
0.0 -10.240000000000016 689.9599999999986
0.0 -10.240000000000016 689.9599999999986
0.0 -10.240000000000016 689.9599999999986
0.0 -10.240000000000016 689.9599999999986
0.0 -10.220000000000017 689.9599999999986
0.0 -10.220000000000017 689.9599999999986
0.0 -10.200000000000017 689.9599999999986
0.0 -10.200000000000017 689.9599999999986
0.0 -10.200000000000017 689.9599999999986
0.0 -10.200000000000017 689.9599999999986
0.0 -10.200000000000017 689.9599999999986
0.0 -10.200000000000017 689.9599999999986
0.0 -10.160000000000018 689.9599999999986
0.0 -10.160000000000018 689.9599999999986
0.0 -10.180000000000017 689.9599999999986
0.0 -10.180000000000017 689.9599999999986
0.0 -10.180000000000017 689.9599999999986
0.0 -10.180000000000017 689.9599999999986
0.0 -10.180000000000017 689.9599999999986
0.0 -10.180000000000017 689.9599999999986
0.0 -10.180000000000017 689.9599999999986
0.0 -10.180000000000017 689.9599999999986
0.0 -10.180000000000017 689.9599999999986
0.0 -10.180000000000017 689.9599999999986
0.0 -10.160000000000018 689.9599999999986
0.0 -10.160000000000018 689.9599999999986
0.0 -10.160000000000018 689.9599999999986
0.0 -10.160000000000018 689.9599999999986
0.0 -10.160000000000018 689.9599999999986
0.0 -10.160000000000018 689.9599999999986
0.0 -10.160000000000018 689.9599999999986
0.0 -10.160000000000018 689.9599999999986
0.0 -10.160000000000018 689.9599999999986
0.0 -10.160000000000018 689.9599999999986
0.0 -10.200000000000017 689.9599999999986
0.0 -10.200000000000017 689.9599999999986
0.0 -10.160000000000018 689.9599999999986
0.0 -10.160000000000018 689.9599999999986
0.0 -10.180000000000017 689.9599999999986
0.0 -10.180000000000017 689.9599999999986
0.0 -10.140000000000018 689.9599999999986
0.0 -10.140000000000018 689.9599999999986
0.0 -10.140000000000018 689.9599999999986
0.0 -10.140000000000018 689.9599999999986
0.0 -10.10000000000002 689.9599999999986
0.0 -10.10000000000002 689.9599999999986
0.0 -10.10000000000002 689.9599999999986
0.0 -10.10000000000002 689.9599999999986
0.0 -10.10000000000002 689.9599999999986
0.0 -10.10000000000002 689.9599999999986
0.0 -10.120000000000019 689.9599999999986
0.0 -10.120000000000019 689.9599999999986
0.0 -10.160000000000018 689.9599999999986
0.0 -10.160000000000018 689.9599999999986
0.0 -10.160000000000018 689.9599999999986
0.0 -10.160000000000018 689.9599999999986
0.0 -10.160000000000018 689.9599999999986
0.0 -10.160000000000018 689.9599999999986
0.0 -10.160000000000018 689.9599999999986
0.0 -10.160000000000018 689.9599999999986
0.0 -10.160000000000018 689.9599999999986
0.0 -10.160000000000018 689.9599999999986
0.0 -10.160000000000018 689.9599999999986
0.0 -10.160000000000018 689.9599999999986
0.0 -10.180000000000017 689.9599999999986
0.0 -10.180000000000017 689.9599999999986
0.0 -10.200000000000017 689.9599999999986
0.0 -10.200000000000017 689.9599999999986
0.0 -10.180000000000017 689.9599999999986
0.0 -10.180000000000017 689.9599999999986
0.0 -10.180000000000017 689.9599999999986
0.0 -10.180000000000017 689.9599999999986
0.0 -10.160000000000018 689.9599999999986
0.0 -10.160000000000018 689.9599999999986
0.0 -10.120000000000019 689.9599999999986
0.0 -10.120000000000019 689.9599999999986
0.0 -10.10000000000002 689.9599999999986
0.0 -10.10000000000002 689.9599999999986
0.0 -10.06000000000002 689.9599999999986
0.0 -10.06000000000002 689.9599999999986
0.0 -10.04000000000002 689.9599999999986
0.0 -10.04000000000002 689.9599999999986
-2.9700000000002404 -0.009999999999845244 689.9599999999986
-2.9700000000002404 -0.009999999999845244 689.9599999999986
-8 4 689.9599999999986
-8 4 689.9599999999986
-5.01 2.9699999999999953 689.9599999999986
-5.01 2.9699999999999953 689.9599999999986
10 -8 689.9599999999986
10 -8 689.9599999999986
24 -6 689.9599999999986
24 -6 689.9599999999986
24 -10 689.9599999999986
24 -10 689.9599999999986
23 -9 689.9599999999986
23 -9 689.9599999999986
4 -6 689.9599999999986
4 -6 689.9599999999986
4 -10 689.9599999999986
4 -10 689.9599999999986
3 -9 689.9599999999986
3 -9 689.9599999999986
