28 7 0
28 27 0
28 14 0
28 14 0
25 9 0
25 29 0
24 8 0
24 28 0
29 6 0
29 26 0
29 3 0
29 23 0
26 6 0
26 26 0
24 5 0
24 25 0
21.049999999999933 20.04999999999986 0
21.309999999999896 21.00999999999999 0
21.939999999999834 4.0 0
21.939999999999834 24.0 0
21.499999999999922 6.960000000000001 0
21.499999999999922 26.96 0
1.009999999999933 0.3499999999998438 0
7.270000000000016 0.99 0
16.019999999999982 18.65999999999979 0
20.189999999999813 19.809999999999814 0
20.189999999999813 19.809999999999814 0
0.2699999999998768 0.08999999999984368 0
12.139999999999997 10.940000000000023 0
7.98 7.159999999999997 0
11.029999999999957 5.99 0
14.99 2.2699999999999956 0
12.97 16.889999999999983 0
16.99 8.850000000000025 0
29.299999999999994 18.740000000000116 0
29.299999999999994 18.740000000000116 0
27.67000000000001 20.269999999999886 0
5.970000000000001 5.970000000000001 0
16.51000000000006 14.01 0
2.950000000000001 2.9100000000000232 0
10.049999999999978 2.99 0
9.950000000000001 12.109999999999998 0
8 27 0
5 29 0
-10 12 0
-10 12 0
4 28 0
9 26 0
-8 12 0
-8 12 0
9 23 0
6 26 0
4 25 0
1.8799999999999957 20.879999999999978 0
1.8599999999999939 20.859999999999975 0
1.8399999999999908 20.83999999999997 0
-5.970000000000001 14.99 0
-5.970000000000001 14.99 0
1.7799999999999845 20.779999999999962 0
1.7599999999999818 20.75999999999996 0
1.7199999999999787 20.719999999999953 0
1.609999999999976 20.609999999999935 0
1.579999999999973 20.57999999999993 0
1.5499999999999703 20.549999999999926 0
1.5299999999999672 20.529999999999923 0
1.459999999999964 20.459999999999912 0
1.3899999999999606 20.3899999999999 0
1.33999999999996 20.339999999999893 0
1.2499999999999576 20.24999999999988 0
1.2099999999999527 20.209999999999873 0
1.1799999999999495 20.17999999999987 0
1.1499999999999468 20.149999999999864 0
1.1099999999999421 20.10999999999986 0
1.079999999999941 20.079999999999856 0
1.0499999999999332 20.04999999999986 0
-4.430000000000012 14.03 0
-4.430000000000012 14.03 0
1.3099999999998957 21.00999999999999 0
1.9399999999998343 24.0 0
-7.059999999999999 17.45999999999991 0
-7.059999999999999 17.45999999999991 0
1.4999999999999218 26.96 0
-0.8400000000000176 10.679999999999986 0
-0.8400000000000176 10.679999999999986 0
3.3700000000000134 4.99 0
0.8699999999999397 18.709999999999642 0
5.0 9.999999999999979 0
1.9900000000000426 7.970000000000001 0
8.98 17.979999999999997 0
7.670000000000007 20.269999999999886 0
2.9999999999999787 18.019999999999534 0
5.7700000000000475 14.03 0
8 -6 0
8 -6 0
-5 -20 0
-5 -20 0
10 -8 0
10 -8 0
12 -8 0
12 -8 0
0.18999999999981299 -0.19000000000018602 0
0.18999999999981299 -0.19000000000018602 0
-0.8400000000000176 -9.320000000000014 0
-0.8400000000000176 -9.320000000000014 0
28 -6 0
28 -6 0
21.84999999999999 0.8499999999999746 0
21.829999999999988 0.8299999999999714 0
21.809999999999985 0.8099999999999683 0
14.03 -5.01 0
14.03 -5.01 0
21.709999999999976 0.7099999999999527 0
21.55999999999997 0.5599999999999292 0
21.519999999999964 0.519999999999923 0
21.37999999999996 0.3799999999999011 0
21.32999999999996 0.32999999999989327 0
21.219999999999953 0.21999999999987607 0
21.129999999999942 0.12999999999986356 0
21.069999999999936 0.0699999999998609 0
21.049999999999933 0.0499999999998586 0
0.9199999999999267 -1.5631940186722204e-13 0
0.9199999999999267 -1.5631940186722204e-13 0
20.889999999999922 0.00999999999984368 0
0.8399999999999161 -1.5631940186722204e-13 0
0.8399999999999161 -1.5631940186722204e-13 0
20.80999999999991 0.00999999999984368 0
0.7799999999999099 0.01999999999984368 0
0.6799999999998911 -0.04000000000016257 0
0.6799999999998911 -0.04000000000016257 0
0.659999999999888 -0.020000000000159446 0
0.659999999999888 -0.020000000000159446 0
0.6199999999998818 -1.5631940186722204e-13 0
0.6199999999998818 -1.5631940186722204e-13 0
20.709999999999894 0.00999999999984368 0
15.569999999999988 -5.970000000000001 0
15.569999999999988 -5.970000000000001 0
21.309999999999896 1.0099999999999891 0
12.940000000000001 -2.5400000000000915 0
12.940000000000001 -2.5400000000000915 0
1.0099999999999316 0.00999999999984368 0
20.189999999999813 -0.19000000000018602 0
20.189999999999813 -0.19000000000018602 0
1.8599999999999373 0.01999999999984368 0
19.159999999999982 -9.320000000000014 0
19.159999999999982 -9.320000000000014 0
9.299999999999994 -1.2599999999998843 0
29.299999999999994 -1.2599999999998843 0
9.299999999999994 -1.2599999999998843 0
29.299999999999994 -1.2599999999998843 0
27.67000000000001 0.2699999999998859 0
-5 0 0
-5 0 0
-10 -8 0
-10 -8 0
-8 -8 0
-8 -8 0
-5.970000000000001 -5.01 0
-5.970000000000001 -5.01 0
-4.430000000000012 -5.970000000000001 0
-4.430000000000012 -5.970000000000001 0
-7.059999999999999 -2.5400000000000915 0
-7.059999999999999 -2.5400000000000915 0
