28 7 0
28 27 0
28 14 0
28 14 0
25 9 0
25 29 0
24 8 0
24 28 0
29 6 0
29 26 0
29 3 0
29 23 0
26 6 0
26 26 0
24 5 0
24 25 0
21.049999999999933 20.04999999999986 0
27.660000000000007 20.259999999999884 0
29.319999999999993 18.76000000000012 0
29.319999999999993 18.76000000000012 0
21.899999999999938 19.999999999999844 0
21.899999999999938 19.999999999999844 0
7.250000000000016 0.99 0
0.24999999999987677 0.10999999999984367 0
21.469999999999917 6.950000000000001 0
21.469999999999917 26.950000000000003 0
20.16999999999981 19.78999999999981 0
20.16999999999981 19.78999999999981 0
0.9999999999999329 0.35999999999984383 0
21.27999999999989 20.99999999999999 0
7.98 7.199999999999996 0
2.9400000000000013 2.9800000000000217 0
16.99 8.830000000000025 0
10.019999999999978 3.0 0
6.01 5.9300000000000015 0
12.209999999999996 10.990000000000022 0
16.600000000000072 13.98 0
9.950000000000001 12.069999999999999 0
14.950000000000001 2.3299999999999943 0
16.019999999999982 18.65999999999979 0
21.879999999999825 4.0 0
21.879999999999825 24.0 0
12.98 16.859999999999978 0
10.999999999999957 5.98 0
8 27 0
5 29 0
-10 12 0
-10 12 0
4 28 0
9 26 0
-8 12 0
-8 12 0
9 23 0
6 26 0
4 25 0
1.8799999999999957 20.879999999999978 0
1.8599999999999939 20.859999999999975 0
1.8399999999999908 20.83999999999997 0
-5.970000000000001 14.99 0
-5.970000000000001 14.99 0
1.7799999999999845 20.779999999999962 0
1.7599999999999818 20.75999999999996 0
1.7199999999999787 20.719999999999953 0
1.609999999999976 20.609999999999935 0
1.579999999999973 20.57999999999993 0
1.5499999999999703 20.549999999999926 0
1.5299999999999672 20.529999999999923 0
1.459999999999964 20.459999999999912 0
1.3899999999999606 20.3899999999999 0
1.33999999999996 20.339999999999893 0
1.2499999999999576 20.24999999999988 0
1.2099999999999527 20.209999999999873 0
1.1799999999999495 20.17999999999987 0
1.1499999999999468 20.149999999999864 0
1.1099999999999421 20.10999999999986 0
1.079999999999941 20.079999999999856 0
1.0499999999999332 20.04999999999986 0
-4.430000000000012 14.03 0
-4.430000000000012 14.03 0
7.660000000000007 20.259999999999884 0
1.4699999999999172 26.950000000000003 0
-7.089999999999998 17.489999999999903 0
-7.089999999999998 17.489999999999903 0
-0.8000000000000114 10.719999999999985 0
-0.8000000000000114 10.719999999999985 0
1.279999999999891 20.99999999999999 0
0.8599999999999397 18.69999999999964 0
3.390000000000013 4.99 0
5.790000000000047 13.99 0
9.03 17.92999999999999 0
1.9900000000000426 7.99 0
1.879999999999825 24.0 0
3.0199999999999783 17.99999999999953 0
4.950000000000001 10.049999999999978 0
8 -6 0
8 -6 0
-5 -20 0
-5 -20 0
10 -8 0
10 -8 0
12 -8 0
12 -8 0
-0.8000000000000114 -9.280000000000015 0
-0.8000000000000114 -9.280000000000015 0
0.16999999999980986 -0.21000000000018915 0
0.16999999999980986 -0.21000000000018915 0
28 -6 0
28 -6 0
21.84999999999999 0.8499999999999746 0
21.829999999999988 0.8299999999999714 0
21.809999999999985 0.8099999999999683 0
14.03 -5.01 0
14.03 -5.01 0
21.709999999999976 0.7099999999999527 0
21.55999999999997 0.5599999999999292 0
21.519999999999964 0.519999999999923 0
21.37999999999996 0.3799999999999011 0
21.32999999999996 0.32999999999989327 0
21.219999999999953 0.21999999999987607 0
21.129999999999942 0.12999999999986356 0
21.069999999999936 0.0699999999998609 0
21.049999999999933 0.0499999999998586 0
0.9199999999999267 -1.5631940186722204e-13 0
0.9199999999999267 -1.5631940186722204e-13 0
20.889999999999922 0.00999999999984368 0
0.8399999999999161 -1.5631940186722204e-13 0
0.8399999999999161 -1.5631940186722204e-13 0
20.80999999999991 0.00999999999984368 0
0.7799999999999099 0.01999999999984368 0
0.6799999999998911 -0.04000000000016257 0
0.6799999999998911 -0.04000000000016257 0
0.659999999999888 -0.020000000000159446 0
0.659999999999888 -0.020000000000159446 0
0.6199999999998818 -1.5631940186722204e-13 0
0.6199999999998818 -1.5631940186722204e-13 0
20.709999999999894 0.00999999999984368 0
15.569999999999988 -5.970000000000001 0
15.569999999999988 -5.970000000000001 0
1.0099999999999316 0.00999999999984368 0
27.660000000000007 0.2599999999998843 0
9.319999999999993 -1.2399999999998812 0
29.319999999999993 -1.2399999999998812 0
9.319999999999993 -1.2399999999998812 0
29.319999999999993 -1.2399999999998812 0
1.8999999999999373 -1.5631940186722204e-13 0
21.899999999999938 -1.5631940186722204e-13 0
1.8999999999999373 -1.5631940186722204e-13 0
21.899999999999938 -1.5631940186722204e-13 0
12.910000000000002 -2.5100000000000975 0
12.910000000000002 -2.5100000000000975 0
19.19999999999999 -9.280000000000015 0
19.19999999999999 -9.280000000000015 0
20.16999999999981 -0.21000000000018915 0
20.16999999999981 -0.21000000000018915 0
21.27999999999989 0.9999999999999891 0
-5 0 0
-5 0 0
-10 -8 0
-10 -8 0
-8 -8 0
-8 -8 0
-5.970000000000001 -5.01 0
-5.970000000000001 -5.01 0
-4.430000000000012 -5.970000000000001 0
-4.430000000000012 -5.970000000000001 0
-7.089999999999998 -2.5100000000000975 0
-7.089999999999998 -2.5100000000000975 0
