28 7 0
28 27 0
28 14 0
28 14 0
25 9 0
25 29 0
24 8 0
24 28 0
29 6 0
29 26 0
29 3 0
29 23 0
26 6 0
26 26 0
24 5 0
24 25 0
21.899999999999984 6.940000000000001 0
21.899999999999984 26.94 0
6.049999999999999 5.850000000000003 0
21.899999999999988 20.99999999999999 0
9.139999999999997 3.0 0
13.04 17.0 0
9.98 12.0 0
27.950000000000003 20.92999999999999 0
29.02 18.020000000000003 0
29.02 18.020000000000003 0
21.629999999999974 20.62999999999994 0
16.979999999999997 9.640000000000008 0
3.9700000000000006 4.99 0
9.46999999999999 5.99 0
22.03 20.789999999999967 0
2.8900000000000023 3.390000000000013 0
22.86999999999998 3.9300000000000015 0
22.86999999999998 23.93 0
15.099999999999998 19.819999999999972 0
12.099999999999998 11.820000000000004 0
8.01 7.01 0
7.970000000000001 1.01 0
15.119999999999997 13.940000000000001 0
8 27 0
5 29 0
-10 12 0
-10 12 0
4 28 0
9 26 0
-8 12 0
-8 12 0
-7 17 0
-7 17 0
9 23 0
6 26 0
4 25 0
1.8799999999999957 20.879999999999978 0
1.8599999999999939 20.859999999999975 0
1.8399999999999908 20.83999999999997 0
-5.970000000000001 14.99 0
-5.970000000000001 14.99 0
1.7799999999999845 20.779999999999962 0
1.7599999999999818 20.75999999999996 0
1.7199999999999787 20.719999999999953 0
1.8999999999999844 26.94 0
-4.900000000000002 13.940000000000001 0
-4.900000000000002 13.940000000000001 0
-2.85000000000003 10.03 0
-2.85000000000003 10.03 0
1.899999999999988 20.99999999999999 0
4.99 9.069999999999999 0
3.6400000000000077 8.02 0
7.950000000000001 20.92999999999999 0
1.629999999999976 20.62999999999994 0
2.0299999999999994 20.789999999999967 0
8.930000000000001 17.99 0
2.8699999999999797 23.93 0
7.610000000000008 13.99 0
8 -6 0
8 -6 0
-5 -20 0
-5 -20 0
10 -8 0
10 -8 0
12 -8 0
12 -8 0
17.14999999999997 -9.97 0
-2.85000000000003 -9.97 0
17.14999999999997 -9.97 0
-2.85000000000003 -9.97 0
28 -6 0
28 -6 0
13 -3 0
13 -3 0
21.84999999999999 0.8499999999999746 0
21.829999999999988 0.8299999999999714 0
21.809999999999985 0.8099999999999683 0
14.03 -5.01 0
14.03 -5.01 0
21.709999999999976 0.7099999999999527 0
15.099999999999998 -6.059999999999999 0
15.099999999999998 -6.059999999999999 0
21.899999999999988 0.9999999999999891 0
14.98 0.4400000000000002 0
27.950000000000003 0.9299999999999891 0
9.02 -1.9799999999999969 0
29.02 -1.9799999999999969 0
9.02 -1.9799999999999969 0
29.02 -1.9799999999999969 0
21.629999999999974 0.6299999999999386 0
22.03 0.7899999999999672 0
-5 0 0
-5 0 0
-10 -8 0
-10 -8 0
-8 -8 0
-8 -8 0
-7 -3 0
-7 -3 0
-5.970000000000001 -5.01 0
-5.970000000000001 -5.01 0
-4.900000000000002 -6.059999999999999 0
-4.900000000000002 -6.059999999999999 0
