28 7 0
28 27 0
28 14 0
28 14 0
25 9 0
25 29 0
24 8 0
24 28 0
29 6 0
29 26 0
29 3 0
29 23 0
26 6 0
26 26 0
24 5 0
24 25 0
21.049999999999933 20.04999999999986 0
21.449999999999914 6.970000000000001 0
21.449999999999914 26.97 0
0.22999999999987675 0.12999999999984366 0
27.63000000000001 20.209999999999877 0
2.9400000000000013 2.9800000000000217 0
21.229999999999883 21.00999999999999 0
21.809999999999814 4.01 0
21.809999999999814 24.009999999999998 0
20.069999999999794 19.78999999999981 0
20.069999999999794 19.78999999999981 0
29.349999999999994 18.83000000000013 0
29.349999999999994 18.83000000000013 0
8.0 7.299999999999994 0
9.99 12.03 0
16.65000000000008 13.99 0
12.269999999999994 10.970000000000022 0
10.079999999999977 3.0 0
15.089999999999998 2.349999999999994 0
16.99 8.990000000000022 0
16.029999999999983 18.609999999999783 0
7.100000000000019 0.98 0
0.9999999999999329 0.37999999999984385 0
10.999999999999957 6.0 0
6.0 5.920000000000002 0
13.0 16.839999999999975 0
8 27 0
5 29 0
-10 12 0
-10 12 0
4 28 0
9 26 0
-8 12 0
-8 12 0
9 23 0
6 26 0
4 25 0
1.8799999999999957 20.879999999999978 0
1.8599999999999939 20.859999999999975 0
1.8399999999999908 20.83999999999997 0
-5.970000000000001 14.99 0
-5.970000000000001 14.99 0
1.7799999999999845 20.779999999999962 0
1.7599999999999818 20.75999999999996 0
1.7199999999999787 20.719999999999953 0
1.609999999999976 20.609999999999935 0
1.579999999999973 20.57999999999993 0
1.5499999999999703 20.549999999999926 0
1.5299999999999672 20.529999999999923 0
1.459999999999964 20.459999999999912 0
1.3899999999999606 20.3899999999999 0
1.33999999999996 20.339999999999893 0
1.2499999999999576 20.24999999999988 0
1.2099999999999527 20.209999999999873 0
1.1799999999999495 20.17999999999987 0
1.1499999999999468 20.149999999999864 0
1.1099999999999421 20.10999999999986 0
1.079999999999941 20.079999999999856 0
1.0499999999999332 20.04999999999986 0
-4.430000000000012 14.03 0
-4.430000000000012 14.03 0
1.449999999999914 26.97 0
7.630000000000008 20.209999999999877 0
4.99 10.009999999999978 0
0.9199999999999398 18.619999999999628 0
1.2299999999998832 21.00999999999999 0
1.809999999999814 24.009999999999998 0
-0.5699999999999754 10.809999999999983 0
-0.5699999999999754 10.809999999999983 0
5.7700000000000475 13.99 0
3.0999999999999766 17.99999999999953 0
-7.079999999999998 17.55999999999989 0
-7.079999999999998 17.55999999999989 0
1.9000000000000425 7.960000000000001 0
8.98 17.959999999999994 0
3.4200000000000124 4.98 0
8 -6 0
8 -6 0
-5 -20 0
-5 -20 0
10 -8 0
10 -8 0
12 -8 0
12 -8 0
0.11999999999980361 -0.20000000000018758 0
0.11999999999980361 -0.20000000000018758 0
-0.5699999999999754 -9.190000000000017 0
-0.5699999999999754 -9.190000000000017 0
0.06999999999979423 -0.21000000000018915 0
0.06999999999979423 -0.21000000000018915 0
28 -6 0
28 -6 0
21.84999999999999 0.8499999999999746 0
21.829999999999988 0.8299999999999714 0
21.809999999999985 0.8099999999999683 0
14.03 -5.01 0
14.03 -5.01 0
21.709999999999976 0.7099999999999527 0
21.55999999999997 0.5599999999999292 0
21.519999999999964 0.519999999999923 0
21.37999999999996 0.3799999999999011 0
21.32999999999996 0.32999999999989327 0
21.219999999999953 0.21999999999987607 0
21.129999999999942 0.12999999999986356 0
21.069999999999936 0.0699999999998609 0
21.049999999999933 0.0499999999998586 0
0.9199999999999267 -1.5631940186722204e-13 0
0.9199999999999267 -1.5631940186722204e-13 0
20.889999999999922 0.00999999999984368 0
0.8399999999999161 -1.5631940186722204e-13 0
0.8399999999999161 -1.5631940186722204e-13 0
20.80999999999991 0.00999999999984368 0
0.7799999999999099 0.01999999999984368 0
0.6799999999998911 -0.04000000000016257 0
0.6799999999998911 -0.04000000000016257 0
0.659999999999888 -0.020000000000159446 0
0.659999999999888 -0.020000000000159446 0
0.6199999999998818 -1.5631940186722204e-13 0
0.6199999999998818 -1.5631940186722204e-13 0
20.709999999999894 0.00999999999984368 0
15.569999999999988 -5.970000000000001 0
15.569999999999988 -5.970000000000001 0
1.0099999999999316 0.00999999999984368 0
27.63000000000001 0.2099999999998765 0
21.229999999999883 1.0099999999999891 0
19.430000000000025 -9.190000000000017 0
19.430000000000025 -9.190000000000017 0
20.069999999999794 -0.21000000000018915 0
20.069999999999794 -0.21000000000018915 0
9.349999999999993 -1.1699999999998703 0
29.349999999999994 -1.1699999999998703 0
9.349999999999993 -1.1699999999998703 0
29.349999999999994 -1.1699999999998703 0
12.920000000000002 -2.4400000000001114 0
12.920000000000002 -2.4400000000001114 0
1.9899999999999374 0.00999999999984368 0
-5 0 0
-5 0 0
-10 -8 0
-10 -8 0
-8 -8 0
-8 -8 0
-5.970000000000001 -5.01 0
-5.970000000000001 -5.01 0
-4.430000000000012 -5.970000000000001 0
-4.430000000000012 -5.970000000000001 0
-7.079999999999998 -2.4400000000001114 0
-7.079999999999998 -2.4400000000001114 0
