0 29 672.6999999999983
20 29 672.6999999999983
13 29 672.6999999999983
13 29 672.6999999999983
26 0 672.6999999999983
26 20 672.6999999999983
24 14 672.6999999999983
24 14 672.6999999999983
24 4 672.6999999999983
4 24 672.6999999999983
24 24 672.6999999999983
12 24 672.6999999999983
12 24 672.6999999999983
28 0 672.6999999999983
28 20 672.6999999999983
24 10 672.6999999999983
24 10 672.6999999999983
29 3 672.6999999999983
9 23 672.6999999999983
29 23 672.6999999999983
23 11 672.6999999999983
23 11 672.6999999999983
20.0 29.0 672.6999999999983
20.0 29.0 672.6999999999983
26.0 20.0 672.6999999999983
26.0 0.0 672.6999999999983
26.0 20.0 672.6999999999983
26.0 0.0 672.6999999999983
20.0 29.0 672.6999999999983
20.0 29.0 672.6999999999983
25.98 20.0 672.6999999999983
25.98 0.0 672.6999999999983
25.98 20.0 672.6999999999983
25.98 0.0 672.6999999999983
25.98 20.0 672.6999999999983
25.98 0.0 672.6999999999983
25.98 20.0 672.6999999999983
25.98 0.0 672.6999999999983
25.94 20.0 672.6999999999983
25.94 0.0 672.6999999999983
25.94 20.0 672.6999999999983
25.94 0.0 672.6999999999983
20.0 29.0 672.6999999999983
20.0 29.0 672.6999999999983
20.0 29.0 672.6999999999983
20.0 29.0 672.6999999999983
27.98 20.0 672.6999999999983
27.98 0.0 672.6999999999983
27.98 20.0 672.6999999999983
27.98 0.0 672.6999999999983
20.0 29.0 672.6999999999983
20.0 29.0 672.6999999999983
20.0 29.0 672.6999999999983
20.0 29.0 672.6999999999983
28.02 20.0 672.6999999999983
28.02 0.0 672.6999999999983
28.02 20.0 672.6999999999983
28.02 0.0 672.6999999999983
25.900000000000002 20.0 672.6999999999983
25.900000000000002 0.0 672.6999999999983
25.900000000000002 20.0 672.6999999999983
25.900000000000002 0.0 672.6999999999983
25.900000000000002 20.0 672.6999999999983
25.900000000000002 0.0 672.6999999999983
25.900000000000002 20.0 672.6999999999983
25.900000000000002 0.0 672.6999999999983
25.900000000000002 20.0 672.6999999999983
25.900000000000002 0.0 672.6999999999983
25.900000000000002 20.0 672.6999999999983
25.900000000000002 0.0 672.6999999999983
25.880000000000003 20.0 672.6999999999983
25.880000000000003 0.0 672.6999999999983
25.880000000000003 20.0 672.6999999999983
25.880000000000003 0.0 672.6999999999983
20.0 29.0 672.6999999999983
20.0 29.0 672.6999999999983
25.880000000000003 20.0 672.6999999999983
25.880000000000003 0.0 672.6999999999983
25.880000000000003 20.0 672.6999999999983
25.880000000000003 0.0 672.6999999999983
28.0 20.0 672.6999999999983
28.0 0.0 672.6999999999983
28.0 20.0 672.6999999999983
28.0 0.0 672.6999999999983
25.860000000000003 20.0 672.6999999999983
25.860000000000003 0.0 672.6999999999983
25.860000000000003 20.0 672.6999999999983
25.860000000000003 0.0 672.6999999999983
25.840000000000003 20.0 672.6999999999983
25.840000000000003 0.0 672.6999999999983
25.840000000000003 20.0 672.6999999999983
25.840000000000003 0.0 672.6999999999983
28.0 20.0 672.6999999999983
28.0 0.0 672.6999999999983
28.0 20.0 672.6999999999983
28.0 0.0 672.6999999999983
25.820000000000004 20.0 672.6999999999983
25.820000000000004 0.0 672.6999999999983
25.820000000000004 20.0 672.6999999999983
25.820000000000004 0.0 672.6999999999983
25.820000000000004 20.0 672.6999999999983
25.820000000000004 0.0 672.6999999999983
25.820000000000004 20.0 672.6999999999983
25.820000000000004 0.0 672.6999999999983
20.0 28.98 672.6999999999983
20.0 28.98 672.6999999999983
25.800000000000004 20.0 672.6999999999983
25.800000000000004 0.0 672.6999999999983
25.800000000000004 20.0 672.6999999999983
25.800000000000004 0.0 672.6999999999983
25.780000000000005 20.0 672.6999999999983
25.780000000000005 0.0 672.6999999999983
25.780000000000005 20.0 672.6999999999983
25.780000000000005 0.0 672.6999999999983
25.780000000000005 20.0 672.6999999999983
25.780000000000005 0.0 672.6999999999983
25.780000000000005 20.0 672.6999999999983
25.780000000000005 0.0 672.6999999999983
28.0 20.0 672.6999999999983
28.0 0.0 672.6999999999983
28.0 20.0 672.6999999999983
28.0 0.0 672.6999999999983
25.780000000000005 20.0 672.6999999999983
25.780000000000005 0.0 672.6999999999983
25.780000000000005 20.0 672.6999999999983
25.780000000000005 0.0 672.6999999999983
20.0 29.0 672.6999999999983
20.0 29.0 672.6999999999983
25.780000000000005 20.0 672.6999999999983
25.780000000000005 0.0 672.6999999999983
25.780000000000005 20.0 672.6999999999983
25.780000000000005 0.0 672.6999999999983
28.0 20.0 672.6999999999983
28.0 0.0 672.6999999999983
28.0 20.0 672.6999999999983
28.0 0.0 672.6999999999983
20.0 29.02 672.6999999999983
20.0 29.02 672.6999999999983
27.98 20.0 672.6999999999983
27.98 0.0 672.6999999999983
27.98 20.0 672.6999999999983
27.98 0.0 672.6999999999983
27.98 20.0 672.6999999999983
27.98 0.0 672.6999999999983
27.98 20.0 672.6999999999983
27.98 0.0 672.6999999999983
28.0 20.0 672.6999999999983
28.0 0.0 672.6999999999983
28.0 20.0 672.6999999999983
28.0 0.0 672.6999999999983
25.740000000000006 20.0 672.6999999999983
25.740000000000006 0.0 672.6999999999983
25.740000000000006 20.0 672.6999999999983
25.740000000000006 0.0 672.6999999999983
25.720000000000006 20.0 672.6999999999983
25.720000000000006 0.0 672.6999999999983
25.720000000000006 20.0 672.6999999999983
25.720000000000006 0.0 672.6999999999983
27.98 20.0 672.6999999999983
27.98 0.0 672.6999999999983
27.98 20.0 672.6999999999983
27.98 0.0 672.6999999999983
25.700000000000006 20.0 672.6999999999983
25.700000000000006 0.0 672.6999999999983
25.700000000000006 20.0 672.6999999999983
25.700000000000006 0.0 672.6999999999983
28.0 20.0 672.6999999999983
28.0 0.0 672.6999999999983
28.0 20.0 672.6999999999983
28.0 0.0 672.6999999999983
25.700000000000006 20.0 672.6999999999983
25.700000000000006 0.0 672.6999999999983
25.700000000000006 20.0 672.6999999999983
25.700000000000006 0.0 672.6999999999983
20.0 29.04 672.6999999999983
20.0 29.04 672.6999999999983
20.0 29.04 672.6999999999983
20.0 29.04 672.6999999999983
20.0 29.04 672.6999999999983
20.0 29.04 672.6999999999983
25.54000000000001 20.0 672.6999999999983
25.54000000000001 0.0 672.6999999999983
25.54000000000001 20.0 672.6999999999983
25.54000000000001 0.0 672.6999999999983
20.0 29.04 672.6999999999983
20.0 29.04 672.6999999999983
25.52000000000001 20.0 672.6999999999983
25.52000000000001 0.0 672.6999999999983
25.52000000000001 20.0 672.6999999999983
25.52000000000001 0.0 672.6999999999983
25.50000000000001 20.0 672.6999999999983
25.50000000000001 0.0 672.6999999999983
25.50000000000001 20.0 672.6999999999983
25.50000000000001 0.0 672.6999999999983
20.0 29.02 672.6999999999983
20.0 29.02 672.6999999999983
25.48000000000001 20.0 672.6999999999983
25.48000000000001 0.0 672.6999999999983
25.48000000000001 20.0 672.6999999999983
25.48000000000001 0.0 672.6999999999983
28.0 20.0 672.6999999999983
28.0 0.0 672.6999999999983
28.0 20.0 672.6999999999983
28.0 0.0 672.6999999999983
28.0 20.0 672.6999999999983
28.0 0.0 672.6999999999983
28.0 20.0 672.6999999999983
28.0 0.0 672.6999999999983
25.46000000000001 20.0 672.6999999999983
25.46000000000001 0.0 672.6999999999983
25.46000000000001 20.0 672.6999999999983
25.46000000000001 0.0 672.6999999999983
20.0 29.0 672.6999999999983
20.0 29.0 672.6999999999983
25.420000000000012 20.0 672.6999999999983
25.420000000000012 0.0 672.6999999999983
25.420000000000012 20.0 672.6999999999983
25.420000000000012 0.0 672.6999999999983
25.380000000000013 20.0 672.6999999999983
25.380000000000013 0.0 672.6999999999983
25.380000000000013 20.0 672.6999999999983
25.380000000000013 0.0 672.6999999999983
25.360000000000014 20.0 672.6999999999983
25.360000000000014 0.0 672.6999999999983
25.360000000000014 20.0 672.6999999999983
25.360000000000014 0.0 672.6999999999983
20.0 29.0 672.6999999999983
20.0 29.0 672.6999999999983
25.360000000000014 20.0 672.6999999999983
25.360000000000014 0.0 672.6999999999983
25.360000000000014 20.0 672.6999999999983
25.360000000000014 0.0 672.6999999999983
20.0 29.0 672.6999999999983
20.0 29.0 672.6999999999983
25.300000000000015 20.0 672.6999999999983
25.300000000000015 0.0 672.6999999999983
25.300000000000015 20.0 672.6999999999983
25.300000000000015 0.0 672.6999999999983
20.0 29.0 672.6999999999983
20.0 29.0 672.6999999999983
28.0 20.0 672.6999999999983
28.0 0.0 672.6999999999983
28.0 20.0 672.6999999999983
28.0 0.0 672.6999999999983
25.280000000000015 20.0 672.6999999999983
25.280000000000015 0.0 672.6999999999983
25.280000000000015 20.0 672.6999999999983
25.280000000000015 0.0 672.6999999999983
25.240000000000016 20.0 672.6999999999983
25.240000000000016 0.0 672.6999999999983
25.240000000000016 20.0 672.6999999999983
25.240000000000016 0.0 672.6999999999983
20.0 29.0 672.6999999999983
20.0 29.0 672.6999999999983
25.220000000000017 20.0 672.6999999999983
25.220000000000017 0.0 672.6999999999983
25.220000000000017 20.0 672.6999999999983
25.220000000000017 0.0 672.6999999999983
20.0 29.0 672.6999999999983
20.0 29.0 672.6999999999983
28.0 20.0 672.6999999999983
28.0 0.0 672.6999999999983
28.0 20.0 672.6999999999983
28.0 0.0 672.6999999999983
28.0 20.0 672.6999999999983
28.0 0.0 672.6999999999983
28.0 20.0 672.6999999999983
28.0 0.0 672.6999999999983
25.160000000000018 20.0 672.6999999999983
25.160000000000018 0.0 672.6999999999983
25.160000000000018 20.0 672.6999999999983
25.160000000000018 0.0 672.6999999999983
25.14000000000002 20.0 672.6999999999983
25.14000000000002 0.0 672.6999999999983
25.14000000000002 20.0 672.6999999999983
25.14000000000002 0.0 672.6999999999983
27.98 20.0 672.6999999999983
27.98 0.0 672.6999999999983
27.98 20.0 672.6999999999983
27.98 0.0 672.6999999999983
25.14000000000002 20.0 672.6999999999983
25.14000000000002 0.0 672.6999999999983
25.14000000000002 20.0 672.6999999999983
25.14000000000002 0.0 672.6999999999983
25.12000000000002 20.0 672.6999999999983
25.12000000000002 0.0 672.6999999999983
25.12000000000002 20.0 672.6999999999983
25.12000000000002 0.0 672.6999999999983
25.12000000000002 20.0 672.6999999999983
25.12000000000002 0.0 672.6999999999983
25.12000000000002 20.0 672.6999999999983
25.12000000000002 0.0 672.6999999999983
20.0 29.099999999999998 672.6999999999983
20.0 29.099999999999998 672.6999999999983
20.0 29.119999999999997 672.6999999999983
20.0 29.119999999999997 672.6999999999983
20.0 29.139999999999997 672.6999999999983
20.0 29.139999999999997 672.6999999999983
24.98000000000002 20.0 672.6999999999983
24.98000000000002 0.0 672.6999999999983
24.98000000000002 20.0 672.6999999999983
24.98000000000002 0.0 672.6999999999983
20.0 29.159999999999997 672.6999999999983
20.0 29.159999999999997 672.6999999999983
20.0 29.159999999999997 672.6999999999983
20.0 29.159999999999997 672.6999999999983
25.02000000000002 20.0 672.6999999999983
25.02000000000002 0.0 672.6999999999983
25.02000000000002 20.0 672.6999999999983
25.02000000000002 0.0 672.6999999999983
25.02000000000002 20.0 672.6999999999983
25.02000000000002 0.0 672.6999999999983
25.02000000000002 20.0 672.6999999999983
25.02000000000002 0.0 672.6999999999983
25.00000000000002 20.0 672.6999999999983
25.00000000000002 0.0 672.6999999999983
25.00000000000002 20.0 672.6999999999983
25.00000000000002 0.0 672.6999999999983
25.00000000000002 20.0 672.6999999999983
25.00000000000002 0.0 672.6999999999983
25.00000000000002 20.0 672.6999999999983
25.00000000000002 0.0 672.6999999999983
24.98000000000002 20.0 672.6999999999983
24.98000000000002 0.0 672.6999999999983
24.98000000000002 20.0 672.6999999999983
24.98000000000002 0.0 672.6999999999983
24.960000000000022 20.0 672.6999999999983
24.960000000000022 0.0 672.6999999999983
24.960000000000022 20.0 672.6999999999983
24.960000000000022 0.0 672.6999999999983
24.940000000000023 20.0 672.6999999999983
24.940000000000023 0.0 672.6999999999983
24.940000000000023 20.0 672.6999999999983
24.940000000000023 0.0 672.6999999999983
24.920000000000023 20.0 672.6999999999983
24.920000000000023 0.0 672.6999999999983
24.920000000000023 20.0 672.6999999999983
24.920000000000023 0.0 672.6999999999983
20.0 29.179999999999996 672.6999999999983
20.0 29.179999999999996 672.6999999999983
20.0 29.179999999999996 672.6999999999983
20.0 29.179999999999996 672.6999999999983
20.0 29.179999999999996 672.6999999999983
20.0 29.179999999999996 672.6999999999983
20.0 29.159999999999997 672.6999999999983
20.0 29.159999999999997 672.6999999999983
20.0 29.179999999999996 672.6999999999983
20.0 29.179999999999996 672.6999999999983
20.0 29.179999999999996 672.6999999999983
20.0 29.179999999999996 672.6999999999983
20.0 29.159999999999997 672.6999999999983
20.0 29.159999999999997 672.6999999999983
20.0 29.159999999999997 672.6999999999983
20.0 29.159999999999997 672.6999999999983
14.99 22.969999999999995 672.6999999999983
14.99 22.969999999999995 672.6999999999983
20.0 29.159999999999997 672.6999999999983
20.0 29.159999999999997 672.6999999999983
20.0 29.159999999999997 672.6999999999983
20.0 29.159999999999997 672.6999999999983
20.0 29.139999999999997 672.6999999999983
20.0 29.139999999999997 672.6999999999983
20.0 29.139999999999997 672.6999999999983
20.0 29.139999999999997 672.6999999999983
20.0 29.159999999999997 672.6999999999983
20.0 29.159999999999997 672.6999999999983
20.0 29.179999999999996 672.6999999999983
20.0 29.179999999999996 672.6999999999983
20.0 29.179999999999996 672.6999999999983
20.0 29.179999999999996 672.6999999999983
28.0 20.0 672.6999999999983
28.0 0.0 672.6999999999983
28.0 20.0 672.6999999999983
28.0 0.0 672.6999999999983
27.98 20.0 672.6999999999983
27.98 0.0 672.6999999999983
27.98 20.0 672.6999999999983
27.98 0.0 672.6999999999983
20.0 29.179999999999996 672.6999999999983
20.0 29.179999999999996 672.6999999999983
28.0 20.0 672.6999999999983
28.0 0.0 672.6999999999983
28.0 20.0 672.6999999999983
28.0 0.0 672.6999999999983
20.0 29.159999999999997 672.6999999999983
20.0 29.159999999999997 672.6999999999983
20.0 29.159999999999997 672.6999999999983
20.0 29.159999999999997 672.6999999999983
28.0 20.0 672.6999999999983
28.0 0.0 672.6999999999983
28.0 20.0 672.6999999999983
28.0 0.0 672.6999999999983
20.0 29.139999999999997 672.6999999999983
20.0 29.139999999999997 672.6999999999983
20.0 29.139999999999997 672.6999999999983
20.0 29.139999999999997 672.6999999999983
28.0 20.0 672.6999999999983
28.0 0.0 672.6999999999983
28.0 20.0 672.6999999999983
28.0 0.0 672.6999999999983
20.0 29.159999999999997 672.6999999999983
20.0 29.159999999999997 672.6999999999983
20.0 29.139999999999997 672.6999999999983
20.0 29.139999999999997 672.6999999999983
20.0 29.139999999999997 672.6999999999983
20.0 29.139999999999997 672.6999999999983
20.0 29.119999999999997 672.6999999999983
20.0 29.119999999999997 672.6999999999983
28.0 20.0 672.6999999999983
28.0 0.0 672.6999999999983
28.0 20.0 672.6999999999983
28.0 0.0 672.6999999999983
20.0 29.139999999999997 672.6999999999983
20.0 29.139999999999997 672.6999999999983
20.0 29.139999999999997 672.6999999999983
20.0 29.139999999999997 672.6999999999983
20.0 29.119999999999997 672.6999999999983
20.0 29.119999999999997 672.6999999999983
20.0 29.099999999999998 672.6999999999983
20.0 29.099999999999998 672.6999999999983
28.0 20.0 672.6999999999983
28.0 0.0 672.6999999999983
28.0 20.0 672.6999999999983
28.0 0.0 672.6999999999983
20.0 29.08 672.6999999999983
20.0 29.08 672.6999999999983
28.0 20.0 672.6999999999983
28.0 0.0 672.6999999999983
28.0 20.0 672.6999999999983
28.0 0.0 672.6999999999983
28.0 20.0 672.6999999999983
28.0 0.0 672.6999999999983
28.0 20.0 672.6999999999983
28.0 0.0 672.6999999999983
20.0 29.06 672.6999999999983
20.0 29.06 672.6999999999983
20.0 29.06 672.6999999999983
20.0 29.06 672.6999999999983
28.0 20.0 672.6999999999983
28.0 0.0 672.6999999999983
28.0 20.0 672.6999999999983
28.0 0.0 672.6999999999983
20.0 29.06 672.6999999999983
20.0 29.06 672.6999999999983
28.0 20.0 672.6999999999983
28.0 0.0 672.6999999999983
28.0 20.0 672.6999999999983
28.0 0.0 672.6999999999983
20.0 29.08 672.6999999999983
20.0 29.08 672.6999999999983
20.0 29.08 672.6999999999983
20.0 29.08 672.6999999999983
20.0 29.08 672.6999999999983
20.0 29.08 672.6999999999983
25.00000000000002 20.0 672.6999999999983
25.00000000000002 0.0 672.6999999999983
25.00000000000002 20.0 672.6999999999983
25.00000000000002 0.0 672.6999999999983
20.0 29.099999999999998 672.6999999999983
20.0 29.099999999999998 672.6999999999983
20.0 29.119999999999997 672.6999999999983
20.0 29.119999999999997 672.6999999999983
20.0 29.119999999999997 672.6999999999983
20.0 29.119999999999997 672.6999999999983
20.0 29.119999999999997 672.6999999999983
20.0 29.119999999999997 672.6999999999983
27.98 20.0 672.6999999999983
27.98 0.0 672.6999999999983
27.98 20.0 672.6999999999983
27.98 0.0 672.6999999999983
25.00000000000002 20.0 672.6999999999983
25.00000000000002 0.0 672.6999999999983
25.00000000000002 20.0 672.6999999999983
25.00000000000002 0.0 672.6999999999983
25.00000000000002 20.0 672.6999999999983
25.00000000000002 0.0 672.6999999999983
25.00000000000002 20.0 672.6999999999983
25.00000000000002 0.0 672.6999999999983
25.00000000000002 20.0 672.6999999999983
25.00000000000002 0.0 672.6999999999983
25.00000000000002 20.0 672.6999999999983
25.00000000000002 0.0 672.6999999999983
20.0 29.139999999999997 672.6999999999983
20.0 29.139999999999997 672.6999999999983
20.0 29.139999999999997 672.6999999999983
20.0 29.139999999999997 672.6999999999983
28.02 20.0 672.6999999999983
28.02 0.0 672.6999999999983
28.02 20.0 672.6999999999983
28.02 0.0 672.6999999999983
20.0 29.159999999999997 672.6999999999983
20.0 29.159999999999997 672.6999999999983
25.00000000000002 20.0 672.6999999999983
25.00000000000002 0.0 672.6999999999983
25.00000000000002 20.0 672.6999999999983
25.00000000000002 0.0 672.6999999999983
24.98000000000002 20.0 672.6999999999983
24.98000000000002 0.0 672.6999999999983
24.98000000000002 20.0 672.6999999999983
24.98000000000002 0.0 672.6999999999983
25.00000000000002 20.0 672.6999999999983
25.00000000000002 0.0 672.6999999999983
25.00000000000002 20.0 672.6999999999983
25.00000000000002 0.0 672.6999999999983
20.0 29.159999999999997 672.6999999999983
20.0 29.159999999999997 672.6999999999983
28.0 20.0 672.6999999999983
28.0 0.0 672.6999999999983
28.0 20.0 672.6999999999983
28.0 0.0 672.6999999999983
20.0 29.179999999999996 672.6999999999983
20.0 29.179999999999996 672.6999999999983
20.0 29.179999999999996 672.6999999999983
20.0 29.179999999999996 672.6999999999983
24.98000000000002 20.0 672.6999999999983
24.98000000000002 0.0 672.6999999999983
24.98000000000002 20.0 672.6999999999983
24.98000000000002 0.0 672.6999999999983
20.0 29.159999999999997 672.6999999999983
20.0 29.159999999999997 672.6999999999983
20.0 29.139999999999997 672.6999999999983
20.0 29.139999999999997 672.6999999999983
28.0 20.0 672.6999999999983
28.0 0.0 672.6999999999983
28.0 20.0 672.6999999999983
28.0 0.0 672.6999999999983
25.00000000000002 20.0 672.6999999999983
25.00000000000002 0.0 672.6999999999983
25.00000000000002 20.0 672.6999999999983
25.00000000000002 0.0 672.6999999999983
20.0 29.179999999999996 672.6999999999983
20.0 29.179999999999996 672.6999999999983
28.0 20.0 672.6999999999983
28.0 0.0 672.6999999999983
28.0 20.0 672.6999999999983
28.0 0.0 672.6999999999983
28.0 20.0 672.6999999999983
28.0 0.0 672.6999999999983
28.0 20.0 672.6999999999983
28.0 0.0 672.6999999999983
20.0 29.179999999999996 672.6999999999983
20.0 29.179999999999996 672.6999999999983
28.0 20.0 672.6999999999983
28.0 0.0 672.6999999999983
28.0 20.0 672.6999999999983
28.0 0.0 672.6999999999983
20.0 29.159999999999997 672.6999999999983
20.0 29.159999999999997 672.6999999999983
20.0 29.159999999999997 672.6999999999983
20.0 29.159999999999997 672.6999999999983
20.0 29.159999999999997 672.6999999999983
20.0 29.159999999999997 672.6999999999983
27.98 20.0 672.6999999999983
27.98 0.0 672.6999999999983
27.98 20.0 672.6999999999983
27.98 0.0 672.6999999999983
20.0 29.159999999999997 672.6999999999983
20.0 29.159999999999997 672.6999999999983
20.0 29.159999999999997 672.6999999999983
20.0 29.159999999999997 672.6999999999983
28.0 20.0 672.6999999999983
28.0 0.0 672.6999999999983
28.0 20.0 672.6999999999983
28.0 0.0 672.6999999999983
20.0 29.179999999999996 672.6999999999983
20.0 29.179999999999996 672.6999999999983
20.0 29.179999999999996 672.6999999999983
20.0 29.179999999999996 672.6999999999983
20.0 29.179999999999996 672.6999999999983
20.0 29.179999999999996 672.6999999999983
20.0 29.179999999999996 672.6999999999983
20.0 29.179999999999996 672.6999999999983
24.960000000000022 20.0 672.6999999999983
24.960000000000022 0.0 672.6999999999983
24.960000000000022 20.0 672.6999999999983
24.960000000000022 0.0 672.6999999999983
24.960000000000022 20.0 672.6999999999983
24.960000000000022 0.0 672.6999999999983
24.960000000000022 20.0 672.6999999999983
24.960000000000022 0.0 672.6999999999983
24.940000000000023 20.0 672.6999999999983
24.940000000000023 0.0 672.6999999999983
24.940000000000023 20.0 672.6999999999983
24.940000000000023 0.0 672.6999999999983
28.0 20.0 672.6999999999983
28.0 0.0 672.6999999999983
28.0 20.0 672.6999999999983
28.0 0.0 672.6999999999983
20.0 29.179999999999996 672.6999999999983
20.0 29.179999999999996 672.6999999999983
24.960000000000022 20.0 672.6999999999983
24.960000000000022 0.0 672.6999999999983
24.960000000000022 20.0 672.6999999999983
24.960000000000022 0.0 672.6999999999983
20.0 29.199999999999996 672.6999999999983
20.0 29.199999999999996 672.6999999999983
28.0 20.0 672.6999999999983
28.0 0.0 672.6999999999983
28.0 20.0 672.6999999999983
28.0 0.0 672.6999999999983
20.0 29.199999999999996 672.6999999999983
20.0 29.199999999999996 672.6999999999983
28.0 20.0 672.6999999999983
28.0 0.0 672.6999999999983
28.0 20.0 672.6999999999983
28.0 0.0 672.6999999999983
20.0 29.199999999999996 672.6999999999983
20.0 29.199999999999996 672.6999999999983
20.0 29.199999999999996 672.6999999999983
20.0 29.199999999999996 672.6999999999983
24.960000000000022 20.0 672.6999999999983
24.960000000000022 0.0 672.6999999999983
24.960000000000022 20.0 672.6999999999983
24.960000000000022 0.0 672.6999999999983
20.0 29.219999999999995 672.6999999999983
20.0 29.219999999999995 672.6999999999983
27.98 20.0 672.6999999999983
27.98 0.0 672.6999999999983
27.98 20.0 672.6999999999983
27.98 0.0 672.6999999999983
24.98000000000002 20.0 672.6999999999983
24.98000000000002 0.0 672.6999999999983
24.98000000000002 20.0 672.6999999999983
24.98000000000002 0.0 672.6999999999983
20.0 29.239999999999995 672.6999999999983
20.0 29.239999999999995 672.6999999999983
20.0 29.259999999999994 672.6999999999983
20.0 29.259999999999994 672.6999999999983
20.0 29.239999999999995 672.6999999999983
20.0 29.239999999999995 672.6999999999983
20.0 29.239999999999995 672.6999999999983
20.0 29.239999999999995 672.6999999999983
28.0 20.0 672.6999999999983
28.0 0.0 672.6999999999983
28.0 20.0 672.6999999999983
28.0 0.0 672.6999999999983
28.0 20.0 672.6999999999983
28.0 0.0 672.6999999999983
28.0 20.0 672.6999999999983
28.0 0.0 672.6999999999983
28.02 20.0 672.6999999999983
28.02 0.0 672.6999999999983
28.02 20.0 672.6999999999983
28.02 0.0 672.6999999999983
20.0 29.259999999999994 672.6999999999983
20.0 29.259999999999994 672.6999999999983
28.0 20.0 672.6999999999983
28.0 0.0 672.6999999999983
28.0 20.0 672.6999999999983
28.0 0.0 672.6999999999983
28.0 20.0 672.6999999999983
28.0 0.0 672.6999999999983
28.0 20.0 672.6999999999983
28.0 0.0 672.6999999999983
20.0 29.239999999999995 672.6999999999983
20.0 29.239999999999995 672.6999999999983
28.0 20.0 672.6999999999983
28.0 0.0 672.6999999999983
28.0 20.0 672.6999999999983
28.0 0.0 672.6999999999983
20.0 29.259999999999994 672.6999999999983
20.0 29.259999999999994 672.6999999999983
20.0 29.259999999999994 672.6999999999983
20.0 29.259999999999994 672.6999999999983
27.98 20.0 672.6999999999983
27.98 0.0 672.6999999999983
27.98 20.0 672.6999999999983
27.98 0.0 672.6999999999983
28.0 20.0 672.6999999999983
28.0 0.0 672.6999999999983
28.0 20.0 672.6999999999983
28.0 0.0 672.6999999999983
20.0 29.279999999999994 672.6999999999983
20.0 29.279999999999994 672.6999999999983
28.0 20.0 672.6999999999983
28.0 0.0 672.6999999999983
28.0 20.0 672.6999999999983
28.0 0.0 672.6999999999983
20.0 29.279999999999994 672.6999999999983
20.0 29.279999999999994 672.6999999999983
28.0 20.0 672.6999999999983
28.0 0.0 672.6999999999983
28.0 20.0 672.6999999999983
28.0 0.0 672.6999999999983
20.0 29.299999999999994 672.6999999999983
20.0 29.299999999999994 672.6999999999983
20.0 29.279999999999994 672.6999999999983
20.0 29.279999999999994 672.6999999999983
20.0 29.279999999999994 672.6999999999983
20.0 29.279999999999994 672.6999999999983
28.0 20.0 672.6999999999983
28.0 0.0 672.6999999999983
28.0 20.0 672.6999999999983
28.0 0.0 672.6999999999983
20.0 29.259999999999994 672.6999999999983
20.0 29.259999999999994 672.6999999999983
20.0 29.259999999999994 672.6999999999983
20.0 29.259999999999994 672.6999999999983
28.0 20.0 672.6999999999983
28.0 0.0 672.6999999999983
28.0 20.0 672.6999999999983
28.0 0.0 672.6999999999983
20.0 29.279999999999994 672.6999999999983
20.0 29.279999999999994 672.6999999999983
28.0 20.0 672.6999999999983
28.0 0.0 672.6999999999983
28.0 20.0 672.6999999999983
28.0 0.0 672.6999999999983
20.0 29.279999999999994 672.6999999999983
20.0 29.279999999999994 672.6999999999983
20.0 29.259999999999994 672.6999999999983
20.0 29.259999999999994 672.6999999999983
20.0 29.259999999999994 672.6999999999983
20.0 29.259999999999994 672.6999999999983
20.0 29.279999999999994 672.6999999999983
20.0 29.279999999999994 672.6999999999983
28.0 20.0 672.6999999999983
28.0 0.0 672.6999999999983
28.0 20.0 672.6999999999983
28.0 0.0 672.6999999999983
20.0 29.279999999999994 672.6999999999983
20.0 29.279999999999994 672.6999999999983
20.0 29.279999999999994 672.6999999999983
20.0 29.279999999999994 672.6999999999983
28.0 20.0 672.6999999999983
28.0 0.0 672.6999999999983
28.0 20.0 672.6999999999983
28.0 0.0 672.6999999999983
28.0 20.0 672.6999999999983
28.0 0.0 672.6999999999983
28.0 20.0 672.6999999999983
28.0 0.0 672.6999999999983
20.0 29.299999999999994 672.6999999999983
20.0 29.299999999999994 672.6999999999983
20.0 29.299999999999994 672.6999999999983
20.0 29.299999999999994 672.6999999999983
20.0 29.299999999999994 672.6999999999983
20.0 29.299999999999994 672.6999999999983
20.0 29.279999999999994 672.6999999999983
20.0 29.279999999999994 672.6999999999983
20.0 29.299999999999994 672.6999999999983
20.0 29.299999999999994 672.6999999999983
20.0 29.279999999999994 672.6999999999983
20.0 29.279999999999994 672.6999999999983
20.0 29.279999999999994 672.6999999999983
20.0 29.279999999999994 672.6999999999983
20.0 29.259999999999994 672.6999999999983
20.0 29.259999999999994 672.6999999999983
28.0 20.0 672.6999999999983
28.0 0.0 672.6999999999983
28.0 20.0 672.6999999999983
28.0 0.0 672.6999999999983
20.0 29.259999999999994 672.6999999999983
20.0 29.259999999999994 672.6999999999983
20.0 29.279999999999994 672.6999999999983
20.0 29.279999999999994 672.6999999999983
28.0 20.0 672.6999999999983
28.0 0.0 672.6999999999983
28.0 20.0 672.6999999999983
28.0 0.0 672.6999999999983
28.0 20.0 672.6999999999983
28.0 0.0 672.6999999999983
28.0 20.0 672.6999999999983
28.0 0.0 672.6999999999983
20.0 29.299999999999994 672.6999999999983
20.0 29.299999999999994 672.6999999999983
28.0 20.0 672.6999999999983
28.0 0.0 672.6999999999983
28.0 20.0 672.6999999999983
28.0 0.0 672.6999999999983
20.0 29.299999999999994 672.6999999999983
20.0 29.299999999999994 672.6999999999983
20.0 29.279999999999994 672.6999999999983
20.0 29.279999999999994 672.6999999999983
28.0 20.0 672.6999999999983
28.0 0.0 672.6999999999983
28.0 20.0 672.6999999999983
28.0 0.0 672.6999999999983
20.0 29.299999999999994 672.6999999999983
20.0 29.299999999999994 672.6999999999983
28.0 20.0 672.6999999999983
28.0 0.0 672.6999999999983
28.0 20.0 672.6999999999983
28.0 0.0 672.6999999999983
20.0 29.319999999999993 672.6999999999983
20.0 29.319999999999993 672.6999999999983
25.00000000000002 20.0 672.6999999999983
25.00000000000002 0.0 672.6999999999983
25.00000000000002 20.0 672.6999999999983
25.00000000000002 0.0 672.6999999999983
28.0 20.0 672.6999999999983
28.0 0.0 672.6999999999983
28.0 20.0 672.6999999999983
28.0 0.0 672.6999999999983
20.0 29.319999999999993 672.6999999999983
20.0 29.319999999999993 672.6999999999983
20.0 29.339999999999993 672.6999999999983
20.0 29.339999999999993 672.6999999999983
25.00000000000002 20.0 672.6999999999983
25.00000000000002 0.0 672.6999999999983
25.00000000000002 20.0 672.6999999999983
25.00000000000002 0.0 672.6999999999983
20.0 29.339999999999993 672.6999999999983
20.0 29.339999999999993 672.6999999999983
25.00000000000002 20.0 672.6999999999983
25.00000000000002 0.0 672.6999999999983
25.00000000000002 20.0 672.6999999999983
25.00000000000002 0.0 672.6999999999983
25.00000000000002 20.0 672.6999999999983
25.00000000000002 0.0 672.6999999999983
25.00000000000002 20.0 672.6999999999983
25.00000000000002 0.0 672.6999999999983
20.0 29.339999999999993 672.6999999999983
20.0 29.339999999999993 672.6999999999983
20.0 29.339999999999993 672.6999999999983
20.0 29.339999999999993 672.6999999999983
20.0 29.339999999999993 672.6999999999983
20.0 29.339999999999993 672.6999999999983
20.0 29.319999999999993 672.6999999999983
20.0 29.319999999999993 672.6999999999983
20.0 29.339999999999993 672.6999999999983
20.0 29.339999999999993 672.6999999999983
20.0 29.339999999999993 672.6999999999983
20.0 29.339999999999993 672.6999999999983
25.00000000000002 20.0 672.6999999999983
25.00000000000002 0.0 672.6999999999983
25.00000000000002 20.0 672.6999999999983
25.00000000000002 0.0 672.6999999999983
25.00000000000002 20.0 672.6999999999983
25.00000000000002 0.0 672.6999999999983
25.00000000000002 20.0 672.6999999999983
25.00000000000002 0.0 672.6999999999983
20.0 29.339999999999993 672.6999999999983
20.0 29.339999999999993 672.6999999999983
20.0 29.319999999999993 672.6999999999983
20.0 29.319999999999993 672.6999999999983
20.0 29.299999999999994 672.6999999999983
20.0 29.299999999999994 672.6999999999983
28.0 20.0 672.6999999999983
28.0 0.0 672.6999999999983
28.0 20.0 672.6999999999983
28.0 0.0 672.6999999999983
20.0 29.279999999999994 672.6999999999983
20.0 29.279999999999994 672.6999999999983
27.98 20.0 672.6999999999983
27.98 0.0 672.6999999999983
27.98 20.0 672.6999999999983
27.98 0.0 672.6999999999983
20.0 29.279999999999994 672.6999999999983
20.0 29.279999999999994 672.6999999999983
27.98 20.0 672.6999999999983
27.98 0.0 672.6999999999983
27.98 20.0 672.6999999999983
27.98 0.0 672.6999999999983
20.0 29.299999999999994 672.6999999999983
20.0 29.299999999999994 672.6999999999983
27.98 20.0 672.6999999999983
27.98 0.0 672.6999999999983
27.98 20.0 672.6999999999983
27.98 0.0 672.6999999999983
20.0 29.279999999999994 672.6999999999983
20.0 29.279999999999994 672.6999999999983
27.98 20.0 672.6999999999983
27.98 0.0 672.6999999999983
27.98 20.0 672.6999999999983
27.98 0.0 672.6999999999983
27.98 20.0 672.6999999999983
27.98 0.0 672.6999999999983
27.98 20.0 672.6999999999983
27.98 0.0 672.6999999999983
20.0 29.319999999999993 672.6999999999983
20.0 29.319999999999993 672.6999999999983
27.96 20.0 672.6999999999983
27.96 0.0 672.6999999999983
27.96 20.0 672.6999999999983
27.96 0.0 672.6999999999983
20.0 29.339999999999993 672.6999999999983
20.0 29.339999999999993 672.6999999999983
20.0 29.359999999999992 672.6999999999983
20.0 29.359999999999992 672.6999999999983
28.0 20.0 672.6999999999983
28.0 0.0 672.6999999999983
28.0 20.0 672.6999999999983
28.0 0.0 672.6999999999983
20.0 29.379999999999992 672.6999999999983
20.0 29.379999999999992 672.6999999999983
20.0 29.379999999999992 672.6999999999983
20.0 29.379999999999992 672.6999999999983
28.0 20.0 672.6999999999983
28.0 0.0 672.6999999999983
28.0 20.0 672.6999999999983
28.0 0.0 672.6999999999983
20.0 29.379999999999992 672.6999999999983
20.0 29.379999999999992 672.6999999999983
28.0 20.0 672.6999999999983
28.0 0.0 672.6999999999983
28.0 20.0 672.6999999999983
28.0 0.0 672.6999999999983
28.02 20.0 672.6999999999983
28.02 0.0 672.6999999999983
28.02 20.0 672.6999999999983
28.02 0.0 672.6999999999983
28.02 20.0 672.6999999999983
28.02 0.0 672.6999999999983
28.02 20.0 672.6999999999983
28.02 0.0 672.6999999999983
28.0 20.0 672.6999999999983
28.0 0.0 672.6999999999983
28.0 20.0 672.6999999999983
28.0 0.0 672.6999999999983
27.98 20.0 672.6999999999983
27.98 0.0 672.6999999999983
27.98 20.0 672.6999999999983
27.98 0.0 672.6999999999983
20.0 29.359999999999992 672.6999999999983
20.0 29.359999999999992 672.6999999999983
20.0 29.359999999999992 672.6999999999983
20.0 29.359999999999992 672.6999999999983
20.0 29.359999999999992 672.6999999999983
20.0 29.359999999999992 672.6999999999983
20.0 29.379999999999992 672.6999999999983
20.0 29.379999999999992 672.6999999999983
27.96 20.0 672.6999999999983
27.96 0.0 672.6999999999983
27.96 20.0 672.6999999999983
27.96 0.0 672.6999999999983
24.960000000000022 20.0 672.6999999999983
24.960000000000022 0.0 672.6999999999983
24.960000000000022 20.0 672.6999999999983
24.960000000000022 0.0 672.6999999999983
27.98 20.0 672.6999999999983
27.98 0.0 672.6999999999983
27.98 20.0 672.6999999999983
27.98 0.0 672.6999999999983
24.940000000000023 20.0 672.6999999999983
24.940000000000023 0.0 672.6999999999983
24.940000000000023 20.0 672.6999999999983
24.940000000000023 0.0 672.6999999999983
24.940000000000023 20.0 672.6999999999983
24.940000000000023 0.0 672.6999999999983
24.940000000000023 20.0 672.6999999999983
24.940000000000023 0.0 672.6999999999983
28.0 20.0 672.6999999999983
28.0 0.0 672.6999999999983
28.0 20.0 672.6999999999983
28.0 0.0 672.6999999999983
28.0 20.0 672.6999999999983
28.0 0.0 672.6999999999983
28.0 20.0 672.6999999999983
28.0 0.0 672.6999999999983
24.940000000000023 20.0 672.6999999999983
24.940000000000023 0.0 672.6999999999983
24.940000000000023 20.0 672.6999999999983
24.940000000000023 0.0 672.6999999999983
24.960000000000022 20.0 672.6999999999983
24.960000000000022 0.0 672.6999999999983
24.960000000000022 20.0 672.6999999999983
24.960000000000022 0.0 672.6999999999983
20.0 29.39999999999999 672.6999999999983
20.0 29.39999999999999 672.6999999999983
20.0 29.41999999999999 672.6999999999983
20.0 29.41999999999999 672.6999999999983
27.98 20.0 672.6999999999983
27.98 0.0 672.6999999999983
27.98 20.0 672.6999999999983
27.98 0.0 672.6999999999983
20.0 29.41999999999999 672.6999999999983
20.0 29.41999999999999 672.6999999999983
27.98 20.0 672.6999999999983
27.98 0.0 672.6999999999983
27.98 20.0 672.6999999999983
27.98 0.0 672.6999999999983
24.960000000000022 20.0 672.6999999999983
24.960000000000022 0.0 672.6999999999983
24.960000000000022 20.0 672.6999999999983
24.960000000000022 0.0 672.6999999999983
27.98 20.0 672.6999999999983
27.98 0.0 672.6999999999983
27.98 20.0 672.6999999999983
27.98 0.0 672.6999999999983
27.98 20.0 672.6999999999983
27.98 0.0 672.6999999999983
27.98 20.0 672.6999999999983
27.98 0.0 672.6999999999983
27.96 20.0 672.6999999999983
27.96 0.0 672.6999999999983
27.96 20.0 672.6999999999983
27.96 0.0 672.6999999999983
20.0 29.41999999999999 672.6999999999983
20.0 29.41999999999999 672.6999999999983
20.0 29.43999999999999 672.6999999999983
20.0 29.43999999999999 672.6999999999983
27.96 20.0 672.6999999999983
27.96 0.0 672.6999999999983
27.96 20.0 672.6999999999983
27.96 0.0 672.6999999999983
27.96 20.0 672.6999999999983
27.96 0.0 672.6999999999983
27.96 20.0 672.6999999999983
27.96 0.0 672.6999999999983
27.98 20.0 672.6999999999983
27.98 0.0 672.6999999999983
27.98 20.0 672.6999999999983
27.98 0.0 672.6999999999983
20.0 29.41999999999999 672.6999999999983
20.0 29.41999999999999 672.6999999999983
20.0 29.41999999999999 672.6999999999983
20.0 29.41999999999999 672.6999999999983
20.0 29.43999999999999 672.6999999999983
20.0 29.43999999999999 672.6999999999983
20.0 29.43999999999999 672.6999999999983
20.0 29.43999999999999 672.6999999999983
20.0 29.45999999999999 672.6999999999983
20.0 29.45999999999999 672.6999999999983
20.0 29.43999999999999 672.6999999999983
20.0 29.43999999999999 672.6999999999983
20.0 29.45999999999999 672.6999999999983
20.0 29.45999999999999 672.6999999999983
20.0 29.45999999999999 672.6999999999983
20.0 29.45999999999999 672.6999999999983
20.0 29.719999999999985 672.6999999999983
20.0 29.719999999999985 672.6999999999983
20.0 29.759999999999984 672.6999999999983
20.0 29.759999999999984 672.6999999999983
20.0 29.759999999999984 672.6999999999983
20.0 29.759999999999984 672.6999999999983
20.0 29.779999999999983 672.6999999999983
20.0 29.779999999999983 672.6999999999983
20.0 29.799999999999983 672.6999999999983
20.0 29.799999999999983 672.6999999999983
20.0 29.799999999999983 672.6999999999983
20.0 29.799999999999983 672.6999999999983
20.0 29.799999999999983 672.6999999999983
20.0 29.799999999999983 672.6999999999983
20.0 29.839999999999982 672.6999999999983
20.0 29.839999999999982 672.6999999999983
20.0 29.819999999999983 672.6999999999983
20.0 29.819999999999983 672.6999999999983
20.0 29.819999999999983 672.6999999999983
20.0 29.819999999999983 672.6999999999983
20.0 29.819999999999983 672.6999999999983
20.0 29.819999999999983 672.6999999999983
20.0 29.819999999999983 672.6999999999983
20.0 29.819999999999983 672.6999999999983
20.0 29.819999999999983 672.6999999999983
20.0 29.819999999999983 672.6999999999983
20.0 29.839999999999982 672.6999999999983
20.0 29.839999999999982 672.6999999999983
20.0 29.839999999999982 672.6999999999983
20.0 29.839999999999982 672.6999999999983
20.0 29.839999999999982 672.6999999999983
20.0 29.839999999999982 672.6999999999983
20.0 29.839999999999982 672.6999999999983
20.0 29.839999999999982 672.6999999999983
20.0 29.839999999999982 672.6999999999983
20.0 29.839999999999982 672.6999999999983
20.0 29.799999999999983 672.6999999999983
20.0 29.799999999999983 672.6999999999983
20.0 29.839999999999982 672.6999999999983
20.0 29.839999999999982 672.6999999999983
20.0 29.819999999999983 672.6999999999983
20.0 29.819999999999983 672.6999999999983
20.0 29.85999999999998 672.6999999999983
20.0 29.85999999999998 672.6999999999983
20.0 29.85999999999998 672.6999999999983
20.0 29.85999999999998 672.6999999999983
20.0 29.89999999999998 672.6999999999983
20.0 29.89999999999998 672.6999999999983
20.0 29.89999999999998 672.6999999999983
20.0 29.89999999999998 672.6999999999983
20.0 29.89999999999998 672.6999999999983
20.0 29.89999999999998 672.6999999999983
20.0 29.87999999999998 672.6999999999983
20.0 29.87999999999998 672.6999999999983
20.0 29.839999999999982 672.6999999999983
20.0 29.839999999999982 672.6999999999983
20.0 29.839999999999982 672.6999999999983
20.0 29.839999999999982 672.6999999999983
20.0 29.839999999999982 672.6999999999983
20.0 29.839999999999982 672.6999999999983
20.0 29.839999999999982 672.6999999999983
20.0 29.839999999999982 672.6999999999983
20.0 29.839999999999982 672.6999999999983
20.0 29.839999999999982 672.6999999999983
20.0 29.839999999999982 672.6999999999983
20.0 29.839999999999982 672.6999999999983
20.0 29.819999999999983 672.6999999999983
20.0 29.819999999999983 672.6999999999983
20.0 29.799999999999983 672.6999999999983
20.0 29.799999999999983 672.6999999999983
20.0 29.819999999999983 672.6999999999983
20.0 29.819999999999983 672.6999999999983
20.0 29.819999999999983 672.6999999999983
20.0 29.819999999999983 672.6999999999983
20.0 29.839999999999982 672.6999999999983
20.0 29.839999999999982 672.6999999999983
20.0 29.87999999999998 672.6999999999983
20.0 29.87999999999998 672.6999999999983
20.0 29.89999999999998 672.6999999999983
20.0 29.89999999999998 672.6999999999983
20.0 29.93999999999998 672.6999999999983
20.0 29.93999999999998 672.6999999999983
20.0 29.95999999999998 672.6999999999983
20.0 29.95999999999998 672.6999999999983
28.0 20.0 672.6999999999983
28.0 0.0 672.6999999999983
28.0 20.0 672.6999999999983
28.0 0.0 672.6999999999983
28.0 20.0 672.6999999999983
28.0 0.0 672.6999999999983
28.0 20.0 672.6999999999983
28.0 0.0 672.6999999999983
6.9900000000000215 4.049999999999956 672.6999999999983
17.089999999999765 0.05000000000015476 672.6999999999983
18.01999999999969 10.019999999999978 672.6999999999983
4.010000000000042 18.96999999999984 672.6999999999983
13.979999999999979 18.699999999999484 672.6999999999983
1.9900000000000426 15.98999999999996 672.6999999999983
9.009999999999978 18.569999999999464 672.6999999999983
16.009999999999533 6.99 672.6999999999983
4.999999999999957 12.799999999999962 672.6999999999983
21.339999999999897 8.0 672.6999999999983
1.3399999999998968 28.0 672.6999999999983
21.339999999999897 28.0 672.6999999999983
12.02 4.999999999999979 672.6999999999983
14.950000000000001 2.99 672.6999999999983
1.0100000000001554 5.970000000000022 672.6999999999983
3.99 4.01 672.6999999999983
12.57000000000001 1.029999999999999 672.6999999999983
15.98999999999922 13.009999999999957 672.6999999999983
1.05 1.9900000000000213 672.6999999999983
9.01 7.049999999999914 672.6999999999983
10.01 1.9900000000001563 672.6999999999983
10.0 12.579999999999988 672.6999999999983
6.999999999999936 10.0 672.6999999999983
18.009999999999533 3.989999999999979 672.6999999999983
15.839999999999693 15.999999999999533 672.6999999999983
4.009999999999957 8.01 672.6999999999983
18.060000000000002 16.57999999999962 672.6999999999983
1.0 12.999999999999957 672.6999999999983
7.010000000000021 15.989999999999377 672.6999999999983
1.0300000000000007 10.009999999999978 672.6999999999983
16.969999999999754 18.949999999999992 672.6999999999983
4.970000000000022 0.9900000000000007 672.6999999999983
12.019999999999957 15.979999999999533 672.6999999999983
12.98 9.979999999999979 672.6999999999983
8.0 0.9800000000000006 672.6999999999983
-10 12 672.6999999999983
-10 12 672.6999999999983
-7 9 672.6999999999983
-7 9 672.6999999999983
-10 -8 672.6999999999983
-10 -8 672.6999999999983
-7 -11 672.6999999999983
-7 -11 672.6999999999983
-8 -16 672.6999999999983
-8 -16 672.6999999999983
0.0 -11.0 672.6999999999983
0.0 -11.0 672.6999999999983
0.0 -11.0 672.6999999999983
0.0 -11.0 672.6999999999983
0.0 -11.0 672.6999999999983
0.0 -11.0 672.6999999999983
0.0 -11.0 672.6999999999983
0.0 -11.0 672.6999999999983
0.0 -11.0 672.6999999999983
0.0 -11.0 672.6999999999983
0.0 -11.0 672.6999999999983
0.0 -11.0 672.6999999999983
0.0 -11.0 672.6999999999983
0.0 -11.0 672.6999999999983
0.0 -11.02 672.6999999999983
0.0 -11.02 672.6999999999983
0.0 -11.0 672.6999999999983
0.0 -11.0 672.6999999999983
0.0 -10.98 672.6999999999983
0.0 -10.98 672.6999999999983
0.0 -10.96 672.6999999999983
0.0 -10.96 672.6999999999983
0.0 -10.96 672.6999999999983
0.0 -10.96 672.6999999999983
0.0 -10.96 672.6999999999983
0.0 -10.96 672.6999999999983
0.0 -10.96 672.6999999999983
0.0 -10.96 672.6999999999983
0.0 -10.98 672.6999999999983
0.0 -10.98 672.6999999999983
0.0 -11.0 672.6999999999983
0.0 -11.0 672.6999999999983
0.0 -11.0 672.6999999999983
0.0 -11.0 672.6999999999983
0.0 -11.0 672.6999999999983
0.0 -11.0 672.6999999999983
0.0 -11.0 672.6999999999983
0.0 -11.0 672.6999999999983
0.0 -11.0 672.6999999999983
0.0 -11.0 672.6999999999983
0.0 -11.0 672.6999999999983
0.0 -11.0 672.6999999999983
0.0 -10.900000000000002 672.6999999999983
0.0 -10.900000000000002 672.6999999999983
0.0 -10.880000000000003 672.6999999999983
0.0 -10.880000000000003 672.6999999999983
0.0 -10.860000000000003 672.6999999999983
0.0 -10.860000000000003 672.6999999999983
0.0 -10.840000000000003 672.6999999999983
0.0 -10.840000000000003 672.6999999999983
0.0 -10.840000000000003 672.6999999999983
0.0 -10.840000000000003 672.6999999999983
0.0 -10.820000000000004 672.6999999999983
0.0 -10.820000000000004 672.6999999999983
0.0 -10.820000000000004 672.6999999999983
0.0 -10.820000000000004 672.6999999999983
0.0 -10.820000000000004 672.6999999999983
0.0 -10.820000000000004 672.6999999999983
0.0 -10.840000000000003 672.6999999999983
0.0 -10.840000000000003 672.6999999999983
0.0 -10.820000000000004 672.6999999999983
0.0 -10.820000000000004 672.6999999999983
0.0 -10.820000000000004 672.6999999999983
0.0 -10.820000000000004 672.6999999999983
0.0 -10.840000000000003 672.6999999999983
0.0 -10.840000000000003 672.6999999999983
0.0 -10.840000000000003 672.6999999999983
0.0 -10.840000000000003 672.6999999999983
-5.01 -17.030000000000005 672.6999999999983
-5.01 -17.030000000000005 672.6999999999983
0.0 -10.840000000000003 672.6999999999983
0.0 -10.840000000000003 672.6999999999983
0.0 -10.840000000000003 672.6999999999983
0.0 -10.840000000000003 672.6999999999983
0.0 -10.860000000000003 672.6999999999983
0.0 -10.860000000000003 672.6999999999983
0.0 -10.860000000000003 672.6999999999983
0.0 -10.860000000000003 672.6999999999983
0.0 -10.840000000000003 672.6999999999983
0.0 -10.840000000000003 672.6999999999983
0.0 -10.820000000000004 672.6999999999983
0.0 -10.820000000000004 672.6999999999983
0.0 -10.820000000000004 672.6999999999983
0.0 -10.820000000000004 672.6999999999983
0.0 -10.820000000000004 672.6999999999983
0.0 -10.820000000000004 672.6999999999983
0.0 -10.840000000000003 672.6999999999983
0.0 -10.840000000000003 672.6999999999983
0.0 -10.840000000000003 672.6999999999983
0.0 -10.840000000000003 672.6999999999983
0.0 -10.860000000000003 672.6999999999983
0.0 -10.860000000000003 672.6999999999983
0.0 -10.860000000000003 672.6999999999983
0.0 -10.860000000000003 672.6999999999983
0.0 -10.840000000000003 672.6999999999983
0.0 -10.840000000000003 672.6999999999983
0.0 -10.860000000000003 672.6999999999983
0.0 -10.860000000000003 672.6999999999983
0.0 -10.860000000000003 672.6999999999983
0.0 -10.860000000000003 672.6999999999983
0.0 -10.880000000000003 672.6999999999983
0.0 -10.880000000000003 672.6999999999983
0.0 -10.860000000000003 672.6999999999983
0.0 -10.860000000000003 672.6999999999983
0.0 -10.860000000000003 672.6999999999983
0.0 -10.860000000000003 672.6999999999983
0.0 -10.880000000000003 672.6999999999983
0.0 -10.880000000000003 672.6999999999983
0.0 -10.900000000000002 672.6999999999983
0.0 -10.900000000000002 672.6999999999983
0.0 -10.920000000000002 672.6999999999983
0.0 -10.920000000000002 672.6999999999983
0.0 -10.940000000000001 672.6999999999983
0.0 -10.940000000000001 672.6999999999983
0.0 -10.940000000000001 672.6999999999983
0.0 -10.940000000000001 672.6999999999983
0.0 -10.940000000000001 672.6999999999983
0.0 -10.940000000000001 672.6999999999983
0.0 -10.920000000000002 672.6999999999983
0.0 -10.920000000000002 672.6999999999983
0.0 -10.920000000000002 672.6999999999983
0.0 -10.920000000000002 672.6999999999983
0.0 -10.920000000000002 672.6999999999983
0.0 -10.920000000000002 672.6999999999983
0.0 -10.900000000000002 672.6999999999983
0.0 -10.900000000000002 672.6999999999983
0.0 -10.880000000000003 672.6999999999983
0.0 -10.880000000000003 672.6999999999983
0.0 -10.880000000000003 672.6999999999983
0.0 -10.880000000000003 672.6999999999983
0.0 -10.880000000000003 672.6999999999983
0.0 -10.880000000000003 672.6999999999983
0.0 -10.860000000000003 672.6999999999983
0.0 -10.860000000000003 672.6999999999983
0.0 -10.860000000000003 672.6999999999983
0.0 -10.860000000000003 672.6999999999983
0.0 -10.840000000000003 672.6999999999983
0.0 -10.840000000000003 672.6999999999983
0.0 -10.840000000000003 672.6999999999983
0.0 -10.840000000000003 672.6999999999983
0.0 -10.820000000000004 672.6999999999983
0.0 -10.820000000000004 672.6999999999983
0.0 -10.820000000000004 672.6999999999983
0.0 -10.820000000000004 672.6999999999983
0.0 -10.840000000000003 672.6999999999983
0.0 -10.840000000000003 672.6999999999983
0.0 -10.860000000000003 672.6999999999983
0.0 -10.860000000000003 672.6999999999983
0.0 -10.820000000000004 672.6999999999983
0.0 -10.820000000000004 672.6999999999983
0.0 -10.820000000000004 672.6999999999983
0.0 -10.820000000000004 672.6999999999983
0.0 -10.840000000000003 672.6999999999983
0.0 -10.840000000000003 672.6999999999983
0.0 -10.840000000000003 672.6999999999983
0.0 -10.840000000000003 672.6999999999983
0.0 -10.840000000000003 672.6999999999983
0.0 -10.840000000000003 672.6999999999983
0.0 -10.840000000000003 672.6999999999983
0.0 -10.840000000000003 672.6999999999983
0.0 -10.840000000000003 672.6999999999983
0.0 -10.840000000000003 672.6999999999983
0.0 -10.820000000000004 672.6999999999983
0.0 -10.820000000000004 672.6999999999983
0.0 -10.820000000000004 672.6999999999983
0.0 -10.820000000000004 672.6999999999983
0.0 -10.820000000000004 672.6999999999983
0.0 -10.820000000000004 672.6999999999983
0.0 -10.820000000000004 672.6999999999983
0.0 -10.820000000000004 672.6999999999983
0.0 -10.820000000000004 672.6999999999983
0.0 -10.820000000000004 672.6999999999983
0.0 -10.800000000000004 672.6999999999983
0.0 -10.800000000000004 672.6999999999983
0.0 -10.800000000000004 672.6999999999983
0.0 -10.800000000000004 672.6999999999983
0.0 -10.800000000000004 672.6999999999983
0.0 -10.800000000000004 672.6999999999983
0.0 -10.800000000000004 672.6999999999983
0.0 -10.800000000000004 672.6999999999983
0.0 -10.780000000000005 672.6999999999983
0.0 -10.780000000000005 672.6999999999983
0.0 -10.760000000000005 672.6999999999983
0.0 -10.760000000000005 672.6999999999983
0.0 -10.740000000000006 672.6999999999983
0.0 -10.740000000000006 672.6999999999983
0.0 -10.760000000000005 672.6999999999983
0.0 -10.760000000000005 672.6999999999983
0.0 -10.760000000000005 672.6999999999983
0.0 -10.760000000000005 672.6999999999983
0.0 -10.740000000000006 672.6999999999983
0.0 -10.740000000000006 672.6999999999983
0.0 -10.760000000000005 672.6999999999983
0.0 -10.760000000000005 672.6999999999983
0.0 -10.740000000000006 672.6999999999983
0.0 -10.740000000000006 672.6999999999983
0.0 -10.740000000000006 672.6999999999983
0.0 -10.740000000000006 672.6999999999983
0.0 -10.720000000000006 672.6999999999983
0.0 -10.720000000000006 672.6999999999983
0.0 -10.720000000000006 672.6999999999983
0.0 -10.720000000000006 672.6999999999983
0.0 -10.700000000000006 672.6999999999983
0.0 -10.700000000000006 672.6999999999983
0.0 -10.720000000000006 672.6999999999983
0.0 -10.720000000000006 672.6999999999983
0.0 -10.720000000000006 672.6999999999983
0.0 -10.720000000000006 672.6999999999983
0.0 -10.740000000000006 672.6999999999983
0.0 -10.740000000000006 672.6999999999983
0.0 -10.740000000000006 672.6999999999983
0.0 -10.740000000000006 672.6999999999983
0.0 -10.720000000000006 672.6999999999983
0.0 -10.720000000000006 672.6999999999983
0.0 -10.720000000000006 672.6999999999983
0.0 -10.720000000000006 672.6999999999983
0.0 -10.740000000000006 672.6999999999983
0.0 -10.740000000000006 672.6999999999983
0.0 -10.740000000000006 672.6999999999983
0.0 -10.740000000000006 672.6999999999983
0.0 -10.720000000000006 672.6999999999983
0.0 -10.720000000000006 672.6999999999983
0.0 -10.720000000000006 672.6999999999983
0.0 -10.720000000000006 672.6999999999983
0.0 -10.720000000000006 672.6999999999983
0.0 -10.720000000000006 672.6999999999983
0.0 -10.700000000000006 672.6999999999983
0.0 -10.700000000000006 672.6999999999983
0.0 -10.700000000000006 672.6999999999983
0.0 -10.700000000000006 672.6999999999983
0.0 -10.700000000000006 672.6999999999983
0.0 -10.700000000000006 672.6999999999983
0.0 -10.720000000000006 672.6999999999983
0.0 -10.720000000000006 672.6999999999983
0.0 -10.700000000000006 672.6999999999983
0.0 -10.700000000000006 672.6999999999983
0.0 -10.720000000000006 672.6999999999983
0.0 -10.720000000000006 672.6999999999983
0.0 -10.720000000000006 672.6999999999983
0.0 -10.720000000000006 672.6999999999983
0.0 -10.740000000000006 672.6999999999983
0.0 -10.740000000000006 672.6999999999983
0.0 -10.740000000000006 672.6999999999983
0.0 -10.740000000000006 672.6999999999983
0.0 -10.720000000000006 672.6999999999983
0.0 -10.720000000000006 672.6999999999983
0.0 -10.700000000000006 672.6999999999983
0.0 -10.700000000000006 672.6999999999983
0.0 -10.700000000000006 672.6999999999983
0.0 -10.700000000000006 672.6999999999983
0.0 -10.720000000000006 672.6999999999983
0.0 -10.720000000000006 672.6999999999983
0.0 -10.700000000000006 672.6999999999983
0.0 -10.700000000000006 672.6999999999983
0.0 -10.680000000000007 672.6999999999983
0.0 -10.680000000000007 672.6999999999983
0.0 -10.680000000000007 672.6999999999983
0.0 -10.680000000000007 672.6999999999983
0.0 -10.660000000000007 672.6999999999983
0.0 -10.660000000000007 672.6999999999983
0.0 -10.660000000000007 672.6999999999983
0.0 -10.660000000000007 672.6999999999983
0.0 -10.660000000000007 672.6999999999983
0.0 -10.660000000000007 672.6999999999983
0.0 -10.660000000000007 672.6999999999983
0.0 -10.660000000000007 672.6999999999983
0.0 -10.660000000000007 672.6999999999983
0.0 -10.660000000000007 672.6999999999983
0.0 -10.680000000000007 672.6999999999983
0.0 -10.680000000000007 672.6999999999983
0.0 -10.660000000000007 672.6999999999983
0.0 -10.660000000000007 672.6999999999983
0.0 -10.660000000000007 672.6999999999983
0.0 -10.660000000000007 672.6999999999983
0.0 -10.660000000000007 672.6999999999983
0.0 -10.660000000000007 672.6999999999983
0.0 -10.680000000000007 672.6999999999983
0.0 -10.680000000000007 672.6999999999983
0.0 -10.700000000000006 672.6999999999983
0.0 -10.700000000000006 672.6999999999983
0.0 -10.720000000000006 672.6999999999983
0.0 -10.720000000000006 672.6999999999983
0.0 -10.720000000000006 672.6999999999983
0.0 -10.720000000000006 672.6999999999983
0.0 -10.700000000000006 672.6999999999983
0.0 -10.700000000000006 672.6999999999983
0.0 -10.720000000000006 672.6999999999983
0.0 -10.720000000000006 672.6999999999983
0.0 -10.680000000000007 672.6999999999983
0.0 -10.680000000000007 672.6999999999983
0.0 -10.660000000000007 672.6999999999983
0.0 -10.660000000000007 672.6999999999983
0.0 -10.640000000000008 672.6999999999983
0.0 -10.640000000000008 672.6999999999983
0.0 -10.620000000000008 672.6999999999983
0.0 -10.620000000000008 672.6999999999983
0.0 -10.620000000000008 672.6999999999983
0.0 -10.620000000000008 672.6999999999983
0.0 -10.620000000000008 672.6999999999983
0.0 -10.620000000000008 672.6999999999983
0.0 -10.640000000000008 672.6999999999983
0.0 -10.640000000000008 672.6999999999983
0.0 -10.640000000000008 672.6999999999983
0.0 -10.640000000000008 672.6999999999983
0.0 -10.640000000000008 672.6999999999983
0.0 -10.640000000000008 672.6999999999983
0.0 -10.620000000000008 672.6999999999983
0.0 -10.620000000000008 672.6999999999983
0.0 -10.600000000000009 672.6999999999983
0.0 -10.600000000000009 672.6999999999983
0.0 -10.580000000000009 672.6999999999983
0.0 -10.580000000000009 672.6999999999983
0.0 -10.580000000000009 672.6999999999983
0.0 -10.580000000000009 672.6999999999983
0.0 -10.580000000000009 672.6999999999983
0.0 -10.580000000000009 672.6999999999983
0.0 -10.56000000000001 672.6999999999983
0.0 -10.56000000000001 672.6999999999983
0.0 -10.580000000000009 672.6999999999983
0.0 -10.580000000000009 672.6999999999983
0.0 -10.580000000000009 672.6999999999983
0.0 -10.580000000000009 672.6999999999983
0.0 -10.56000000000001 672.6999999999983
0.0 -10.56000000000001 672.6999999999983
0.0 -10.56000000000001 672.6999999999983
0.0 -10.56000000000001 672.6999999999983
0.0 -10.54000000000001 672.6999999999983
0.0 -10.54000000000001 672.6999999999983
0.0 -10.56000000000001 672.6999999999983
0.0 -10.56000000000001 672.6999999999983
0.0 -10.54000000000001 672.6999999999983
0.0 -10.54000000000001 672.6999999999983
0.0 -10.54000000000001 672.6999999999983
0.0 -10.54000000000001 672.6999999999983
0.0 -10.280000000000015 672.6999999999983
0.0 -10.280000000000015 672.6999999999983
0.0 -10.240000000000016 672.6999999999983
0.0 -10.240000000000016 672.6999999999983
0.0 -10.240000000000016 672.6999999999983
0.0 -10.240000000000016 672.6999999999983
0.0 -10.220000000000017 672.6999999999983
0.0 -10.220000000000017 672.6999999999983
0.0 -10.200000000000017 672.6999999999983
0.0 -10.200000000000017 672.6999999999983
0.0 -10.200000000000017 672.6999999999983
0.0 -10.200000000000017 672.6999999999983
0.0 -10.200000000000017 672.6999999999983
0.0 -10.200000000000017 672.6999999999983
0.0 -10.160000000000018 672.6999999999983
0.0 -10.160000000000018 672.6999999999983
0.0 -10.180000000000017 672.6999999999983
0.0 -10.180000000000017 672.6999999999983
0.0 -10.180000000000017 672.6999999999983
0.0 -10.180000000000017 672.6999999999983
0.0 -10.180000000000017 672.6999999999983
0.0 -10.180000000000017 672.6999999999983
0.0 -10.180000000000017 672.6999999999983
0.0 -10.180000000000017 672.6999999999983
0.0 -10.180000000000017 672.6999999999983
0.0 -10.180000000000017 672.6999999999983
0.0 -10.160000000000018 672.6999999999983
0.0 -10.160000000000018 672.6999999999983
0.0 -10.160000000000018 672.6999999999983
0.0 -10.160000000000018 672.6999999999983
0.0 -10.160000000000018 672.6999999999983
0.0 -10.160000000000018 672.6999999999983
0.0 -10.160000000000018 672.6999999999983
0.0 -10.160000000000018 672.6999999999983
0.0 -10.160000000000018 672.6999999999983
0.0 -10.160000000000018 672.6999999999983
0.0 -10.200000000000017 672.6999999999983
0.0 -10.200000000000017 672.6999999999983
0.0 -10.160000000000018 672.6999999999983
0.0 -10.160000000000018 672.6999999999983
0.0 -10.180000000000017 672.6999999999983
0.0 -10.180000000000017 672.6999999999983
0.0 -10.140000000000018 672.6999999999983
0.0 -10.140000000000018 672.6999999999983
0.0 -10.140000000000018 672.6999999999983
0.0 -10.140000000000018 672.6999999999983
0.0 -10.10000000000002 672.6999999999983
0.0 -10.10000000000002 672.6999999999983
0.0 -10.10000000000002 672.6999999999983
0.0 -10.10000000000002 672.6999999999983
0.0 -10.10000000000002 672.6999999999983
0.0 -10.10000000000002 672.6999999999983
0.0 -10.120000000000019 672.6999999999983
0.0 -10.120000000000019 672.6999999999983
0.0 -10.160000000000018 672.6999999999983
0.0 -10.160000000000018 672.6999999999983
0.0 -10.160000000000018 672.6999999999983
0.0 -10.160000000000018 672.6999999999983
0.0 -10.160000000000018 672.6999999999983
0.0 -10.160000000000018 672.6999999999983
0.0 -10.160000000000018 672.6999999999983
0.0 -10.160000000000018 672.6999999999983
0.0 -10.160000000000018 672.6999999999983
0.0 -10.160000000000018 672.6999999999983
0.0 -10.160000000000018 672.6999999999983
0.0 -10.160000000000018 672.6999999999983
0.0 -10.180000000000017 672.6999999999983
0.0 -10.180000000000017 672.6999999999983
0.0 -10.200000000000017 672.6999999999983
0.0 -10.200000000000017 672.6999999999983
0.0 -10.180000000000017 672.6999999999983
0.0 -10.180000000000017 672.6999999999983
0.0 -10.180000000000017 672.6999999999983
0.0 -10.180000000000017 672.6999999999983
0.0 -10.160000000000018 672.6999999999983
0.0 -10.160000000000018 672.6999999999983
0.0 -10.120000000000019 672.6999999999983
0.0 -10.120000000000019 672.6999999999983
0.0 -10.10000000000002 672.6999999999983
0.0 -10.10000000000002 672.6999999999983
0.0 -10.06000000000002 672.6999999999983
0.0 -10.06000000000002 672.6999999999983
0.0 -10.04000000000002 672.6999999999983
0.0 -10.04000000000002 672.6999999999983
-8 4 672.6999999999983
-8 4 672.6999999999983
-5.01 2.9699999999999953 672.6999999999983
-5.01 2.9699999999999953 672.6999999999983
10 -8 672.6999999999983
10 -8 672.6999999999983
24 -6 672.6999999999983
24 -6 672.6999999999983
24 -10 672.6999999999983
24 -10 672.6999999999983
23 -9 672.6999999999983
23 -9 672.6999999999983
4 -6 672.6999999999983
4 -6 672.6999999999983
4 -10 672.6999999999983
4 -10 672.6999999999983
3 -9 672.6999999999983
3 -9 672.6999999999983
