0 29 671.3599999999922
20 29 671.3599999999922
13 29 671.3599999999922
13 29 671.3599999999922
26 0 671.3599999999922
26 20 671.3599999999922
24 14 671.3599999999922
24 14 671.3599999999922
24 4 671.3599999999922
4 24 671.3599999999922
24 24 671.3599999999922
12 24 671.3599999999922
12 24 671.3599999999922
28 0 671.3599999999922
28 20 671.3599999999922
24 10 671.3599999999922
24 10 671.3599999999922
29 3 671.3599999999922
9 23 671.3599999999922
29 23 671.3599999999922
23 11 671.3599999999922
23 11 671.3599999999922
20.0 29.0 671.3599999999922
20.0 29.0 671.3599999999922
26.0 20.0 671.3599999999922
26.0 0.0 671.3599999999922
26.0 20.0 671.3599999999922
26.0 0.0 671.3599999999922
20.0 29.0 671.3599999999922
20.0 29.0 671.3599999999922
25.98 20.0 671.3599999999922
25.98 0.0 671.3599999999922
25.98 20.0 671.3599999999922
25.98 0.0 671.3599999999922
25.98 20.0 671.3599999999922
25.98 0.0 671.3599999999922
25.98 20.0 671.3599999999922
25.98 0.0 671.3599999999922
25.94 20.0 671.3599999999922
25.94 0.0 671.3599999999922
25.94 20.0 671.3599999999922
25.94 0.0 671.3599999999922
20.0 29.0 671.3599999999922
20.0 29.0 671.3599999999922
20.0 29.0 671.3599999999922
20.0 29.0 671.3599999999922
27.98 20.0 671.3599999999922
27.98 0.0 671.3599999999922
27.98 20.0 671.3599999999922
27.98 0.0 671.3599999999922
20.0 29.0 671.3599999999922
20.0 29.0 671.3599999999922
20.0 29.0 671.3599999999922
20.0 29.0 671.3599999999922
28.02 20.0 671.3599999999922
28.02 0.0 671.3599999999922
28.02 20.0 671.3599999999922
28.02 0.0 671.3599999999922
25.900000000000002 20.0 671.3599999999922
25.900000000000002 0.0 671.3599999999922
25.900000000000002 20.0 671.3599999999922
25.900000000000002 0.0 671.3599999999922
25.900000000000002 20.0 671.3599999999922
25.900000000000002 0.0 671.3599999999922
25.900000000000002 20.0 671.3599999999922
25.900000000000002 0.0 671.3599999999922
25.900000000000002 20.0 671.3599999999922
25.900000000000002 0.0 671.3599999999922
25.900000000000002 20.0 671.3599999999922
25.900000000000002 0.0 671.3599999999922
25.880000000000003 20.0 671.3599999999922
25.880000000000003 0.0 671.3599999999922
25.880000000000003 20.0 671.3599999999922
25.880000000000003 0.0 671.3599999999922
20.0 29.0 671.3599999999922
20.0 29.0 671.3599999999922
25.880000000000003 20.0 671.3599999999922
25.880000000000003 0.0 671.3599999999922
25.880000000000003 20.0 671.3599999999922
25.880000000000003 0.0 671.3599999999922
28.0 20.0 671.3599999999922
28.0 0.0 671.3599999999922
28.0 20.0 671.3599999999922
28.0 0.0 671.3599999999922
25.860000000000003 20.0 671.3599999999922
25.860000000000003 0.0 671.3599999999922
25.860000000000003 20.0 671.3599999999922
25.860000000000003 0.0 671.3599999999922
25.840000000000003 20.0 671.3599999999922
25.840000000000003 0.0 671.3599999999922
25.840000000000003 20.0 671.3599999999922
25.840000000000003 0.0 671.3599999999922
28.0 20.0 671.3599999999922
28.0 0.0 671.3599999999922
28.0 20.0 671.3599999999922
28.0 0.0 671.3599999999922
25.820000000000004 20.0 671.3599999999922
25.820000000000004 0.0 671.3599999999922
25.820000000000004 20.0 671.3599999999922
25.820000000000004 0.0 671.3599999999922
25.820000000000004 20.0 671.3599999999922
25.820000000000004 0.0 671.3599999999922
25.820000000000004 20.0 671.3599999999922
25.820000000000004 0.0 671.3599999999922
20.0 28.98 671.3599999999922
20.0 28.98 671.3599999999922
25.800000000000004 20.0 671.3599999999922
25.800000000000004 0.0 671.3599999999922
25.800000000000004 20.0 671.3599999999922
25.800000000000004 0.0 671.3599999999922
25.780000000000005 20.0 671.3599999999922
25.780000000000005 0.0 671.3599999999922
25.780000000000005 20.0 671.3599999999922
25.780000000000005 0.0 671.3599999999922
25.780000000000005 20.0 671.3599999999922
25.780000000000005 0.0 671.3599999999922
25.780000000000005 20.0 671.3599999999922
25.780000000000005 0.0 671.3599999999922
28.0 20.0 671.3599999999922
28.0 0.0 671.3599999999922
28.0 20.0 671.3599999999922
28.0 0.0 671.3599999999922
25.780000000000005 20.0 671.3599999999922
25.780000000000005 0.0 671.3599999999922
25.780000000000005 20.0 671.3599999999922
25.780000000000005 0.0 671.3599999999922
20.0 29.0 671.3599999999922
20.0 29.0 671.3599999999922
25.780000000000005 20.0 671.3599999999922
25.780000000000005 0.0 671.3599999999922
25.780000000000005 20.0 671.3599999999922
25.780000000000005 0.0 671.3599999999922
28.0 20.0 671.3599999999922
28.0 0.0 671.3599999999922
28.0 20.0 671.3599999999922
28.0 0.0 671.3599999999922
20.0 29.02 671.3599999999922
20.0 29.02 671.3599999999922
27.98 20.0 671.3599999999922
27.98 0.0 671.3599999999922
27.98 20.0 671.3599999999922
27.98 0.0 671.3599999999922
27.98 20.0 671.3599999999922
27.98 0.0 671.3599999999922
27.98 20.0 671.3599999999922
27.98 0.0 671.3599999999922
28.0 20.0 671.3599999999922
28.0 0.0 671.3599999999922
28.0 20.0 671.3599999999922
28.0 0.0 671.3599999999922
25.740000000000006 20.0 671.3599999999922
25.740000000000006 0.0 671.3599999999922
25.740000000000006 20.0 671.3599999999922
25.740000000000006 0.0 671.3599999999922
25.720000000000006 20.0 671.3599999999922
25.720000000000006 0.0 671.3599999999922
25.720000000000006 20.0 671.3599999999922
25.720000000000006 0.0 671.3599999999922
27.98 20.0 671.3599999999922
27.98 0.0 671.3599999999922
27.98 20.0 671.3599999999922
27.98 0.0 671.3599999999922
25.700000000000006 20.0 671.3599999999922
25.700000000000006 0.0 671.3599999999922
25.700000000000006 20.0 671.3599999999922
25.700000000000006 0.0 671.3599999999922
28.0 20.0 671.3599999999922
28.0 0.0 671.3599999999922
28.0 20.0 671.3599999999922
28.0 0.0 671.3599999999922
25.700000000000006 20.0 671.3599999999922
25.700000000000006 0.0 671.3599999999922
25.700000000000006 20.0 671.3599999999922
25.700000000000006 0.0 671.3599999999922
20.0 29.04 671.3599999999922
20.0 29.04 671.3599999999922
20.0 29.04 671.3599999999922
20.0 29.04 671.3599999999922
20.0 29.04 671.3599999999922
20.0 29.04 671.3599999999922
25.54000000000001 20.0 671.3599999999922
25.54000000000001 0.0 671.3599999999922
25.54000000000001 20.0 671.3599999999922
25.54000000000001 0.0 671.3599999999922
20.0 29.04 671.3599999999922
20.0 29.04 671.3599999999922
25.52000000000001 20.0 671.3599999999922
25.52000000000001 0.0 671.3599999999922
25.52000000000001 20.0 671.3599999999922
25.52000000000001 0.0 671.3599999999922
25.50000000000001 20.0 671.3599999999922
25.50000000000001 0.0 671.3599999999922
25.50000000000001 20.0 671.3599999999922
25.50000000000001 0.0 671.3599999999922
20.0 29.02 671.3599999999922
20.0 29.02 671.3599999999922
25.48000000000001 20.0 671.3599999999922
25.48000000000001 0.0 671.3599999999922
25.48000000000001 20.0 671.3599999999922
25.48000000000001 0.0 671.3599999999922
28.0 20.0 671.3599999999922
28.0 0.0 671.3599999999922
28.0 20.0 671.3599999999922
28.0 0.0 671.3599999999922
28.0 20.0 671.3599999999922
28.0 0.0 671.3599999999922
28.0 20.0 671.3599999999922
28.0 0.0 671.3599999999922
25.46000000000001 20.0 671.3599999999922
25.46000000000001 0.0 671.3599999999922
25.46000000000001 20.0 671.3599999999922
25.46000000000001 0.0 671.3599999999922
20.0 29.0 671.3599999999922
20.0 29.0 671.3599999999922
25.420000000000012 20.0 671.3599999999922
25.420000000000012 0.0 671.3599999999922
25.420000000000012 20.0 671.3599999999922
25.420000000000012 0.0 671.3599999999922
25.380000000000013 20.0 671.3599999999922
25.380000000000013 0.0 671.3599999999922
25.380000000000013 20.0 671.3599999999922
25.380000000000013 0.0 671.3599999999922
25.360000000000014 20.0 671.3599999999922
25.360000000000014 0.0 671.3599999999922
25.360000000000014 20.0 671.3599999999922
25.360000000000014 0.0 671.3599999999922
20.0 29.0 671.3599999999922
20.0 29.0 671.3599999999922
25.360000000000014 20.0 671.3599999999922
25.360000000000014 0.0 671.3599999999922
25.360000000000014 20.0 671.3599999999922
25.360000000000014 0.0 671.3599999999922
20.0 29.0 671.3599999999922
20.0 29.0 671.3599999999922
25.300000000000015 20.0 671.3599999999922
25.300000000000015 0.0 671.3599999999922
25.300000000000015 20.0 671.3599999999922
25.300000000000015 0.0 671.3599999999922
20.0 29.0 671.3599999999922
20.0 29.0 671.3599999999922
28.0 20.0 671.3599999999922
28.0 0.0 671.3599999999922
28.0 20.0 671.3599999999922
28.0 0.0 671.3599999999922
25.280000000000015 20.0 671.3599999999922
25.280000000000015 0.0 671.3599999999922
25.280000000000015 20.0 671.3599999999922
25.280000000000015 0.0 671.3599999999922
25.240000000000016 20.0 671.3599999999922
25.240000000000016 0.0 671.3599999999922
25.240000000000016 20.0 671.3599999999922
25.240000000000016 0.0 671.3599999999922
20.0 29.0 671.3599999999922
20.0 29.0 671.3599999999922
25.220000000000017 20.0 671.3599999999922
25.220000000000017 0.0 671.3599999999922
25.220000000000017 20.0 671.3599999999922
25.220000000000017 0.0 671.3599999999922
20.0 29.0 671.3599999999922
20.0 29.0 671.3599999999922
28.0 20.0 671.3599999999922
28.0 0.0 671.3599999999922
28.0 20.0 671.3599999999922
28.0 0.0 671.3599999999922
28.0 20.0 671.3599999999922
28.0 0.0 671.3599999999922
28.0 20.0 671.3599999999922
28.0 0.0 671.3599999999922
25.160000000000018 20.0 671.3599999999922
25.160000000000018 0.0 671.3599999999922
25.160000000000018 20.0 671.3599999999922
25.160000000000018 0.0 671.3599999999922
25.14000000000002 20.0 671.3599999999922
25.14000000000002 0.0 671.3599999999922
25.14000000000002 20.0 671.3599999999922
25.14000000000002 0.0 671.3599999999922
27.98 20.0 671.3599999999922
27.98 0.0 671.3599999999922
27.98 20.0 671.3599999999922
27.98 0.0 671.3599999999922
25.14000000000002 20.0 671.3599999999922
25.14000000000002 0.0 671.3599999999922
25.14000000000002 20.0 671.3599999999922
25.14000000000002 0.0 671.3599999999922
25.12000000000002 20.0 671.3599999999922
25.12000000000002 0.0 671.3599999999922
25.12000000000002 20.0 671.3599999999922
25.12000000000002 0.0 671.3599999999922
25.12000000000002 20.0 671.3599999999922
25.12000000000002 0.0 671.3599999999922
25.12000000000002 20.0 671.3599999999922
25.12000000000002 0.0 671.3599999999922
20.0 29.099999999999998 671.3599999999922
20.0 29.099999999999998 671.3599999999922
20.0 29.119999999999997 671.3599999999922
20.0 29.119999999999997 671.3599999999922
20.0 29.139999999999997 671.3599999999922
20.0 29.139999999999997 671.3599999999922
24.98000000000002 20.0 671.3599999999922
24.98000000000002 0.0 671.3599999999922
24.98000000000002 20.0 671.3599999999922
24.98000000000002 0.0 671.3599999999922
20.0 29.159999999999997 671.3599999999922
20.0 29.159999999999997 671.3599999999922
20.0 29.159999999999997 671.3599999999922
20.0 29.159999999999997 671.3599999999922
25.02000000000002 20.0 671.3599999999922
25.02000000000002 0.0 671.3599999999922
25.02000000000002 20.0 671.3599999999922
25.02000000000002 0.0 671.3599999999922
25.02000000000002 20.0 671.3599999999922
25.02000000000002 0.0 671.3599999999922
25.02000000000002 20.0 671.3599999999922
25.02000000000002 0.0 671.3599999999922
25.00000000000002 20.0 671.3599999999922
25.00000000000002 0.0 671.3599999999922
25.00000000000002 20.0 671.3599999999922
25.00000000000002 0.0 671.3599999999922
25.00000000000002 20.0 671.3599999999922
25.00000000000002 0.0 671.3599999999922
25.00000000000002 20.0 671.3599999999922
25.00000000000002 0.0 671.3599999999922
24.98000000000002 20.0 671.3599999999922
24.98000000000002 0.0 671.3599999999922
24.98000000000002 20.0 671.3599999999922
24.98000000000002 0.0 671.3599999999922
24.960000000000022 20.0 671.3599999999922
24.960000000000022 0.0 671.3599999999922
24.960000000000022 20.0 671.3599999999922
24.960000000000022 0.0 671.3599999999922
24.940000000000023 20.0 671.3599999999922
24.940000000000023 0.0 671.3599999999922
24.940000000000023 20.0 671.3599999999922
24.940000000000023 0.0 671.3599999999922
24.920000000000023 20.0 671.3599999999922
24.920000000000023 0.0 671.3599999999922
24.920000000000023 20.0 671.3599999999922
24.920000000000023 0.0 671.3599999999922
20.0 29.179999999999996 671.3599999999922
20.0 29.179999999999996 671.3599999999922
20.0 29.179999999999996 671.3599999999922
20.0 29.179999999999996 671.3599999999922
20.0 29.179999999999996 671.3599999999922
20.0 29.179999999999996 671.3599999999922
20.0 29.159999999999997 671.3599999999922
20.0 29.159999999999997 671.3599999999922
20.0 29.179999999999996 671.3599999999922
20.0 29.179999999999996 671.3599999999922
20.0 29.179999999999996 671.3599999999922
20.0 29.179999999999996 671.3599999999922
20.0 29.159999999999997 671.3599999999922
20.0 29.159999999999997 671.3599999999922
20.0 29.159999999999997 671.3599999999922
20.0 29.159999999999997 671.3599999999922
14.99 22.969999999999995 671.3599999999922
14.99 22.969999999999995 671.3599999999922
20.0 29.159999999999997 671.3599999999922
20.0 29.159999999999997 671.3599999999922
20.0 29.159999999999997 671.3599999999922
20.0 29.159999999999997 671.3599999999922
20.0 29.139999999999997 671.3599999999922
20.0 29.139999999999997 671.3599999999922
20.0 29.139999999999997 671.3599999999922
20.0 29.139999999999997 671.3599999999922
20.0 29.159999999999997 671.3599999999922
20.0 29.159999999999997 671.3599999999922
20.0 29.179999999999996 671.3599999999922
20.0 29.179999999999996 671.3599999999922
20.0 29.179999999999996 671.3599999999922
20.0 29.179999999999996 671.3599999999922
28.0 20.0 671.3599999999922
28.0 0.0 671.3599999999922
28.0 20.0 671.3599999999922
28.0 0.0 671.3599999999922
27.98 20.0 671.3599999999922
27.98 0.0 671.3599999999922
27.98 20.0 671.3599999999922
27.98 0.0 671.3599999999922
20.0 29.179999999999996 671.3599999999922
20.0 29.179999999999996 671.3599999999922
28.0 20.0 671.3599999999922
28.0 0.0 671.3599999999922
28.0 20.0 671.3599999999922
28.0 0.0 671.3599999999922
20.0 29.159999999999997 671.3599999999922
20.0 29.159999999999997 671.3599999999922
20.0 29.159999999999997 671.3599999999922
20.0 29.159999999999997 671.3599999999922
28.0 20.0 671.3599999999922
28.0 0.0 671.3599999999922
28.0 20.0 671.3599999999922
28.0 0.0 671.3599999999922
20.0 29.139999999999997 671.3599999999922
20.0 29.139999999999997 671.3599999999922
20.0 29.139999999999997 671.3599999999922
20.0 29.139999999999997 671.3599999999922
28.0 20.0 671.3599999999922
28.0 0.0 671.3599999999922
28.0 20.0 671.3599999999922
28.0 0.0 671.3599999999922
20.0 29.159999999999997 671.3599999999922
20.0 29.159999999999997 671.3599999999922
20.0 29.139999999999997 671.3599999999922
20.0 29.139999999999997 671.3599999999922
20.0 29.139999999999997 671.3599999999922
20.0 29.139999999999997 671.3599999999922
20.0 29.119999999999997 671.3599999999922
20.0 29.119999999999997 671.3599999999922
28.0 20.0 671.3599999999922
28.0 0.0 671.3599999999922
28.0 20.0 671.3599999999922
28.0 0.0 671.3599999999922
20.0 29.139999999999997 671.3599999999922
20.0 29.139999999999997 671.3599999999922
20.0 29.139999999999997 671.3599999999922
20.0 29.139999999999997 671.3599999999922
20.0 29.119999999999997 671.3599999999922
20.0 29.119999999999997 671.3599999999922
20.0 29.099999999999998 671.3599999999922
20.0 29.099999999999998 671.3599999999922
28.0 20.0 671.3599999999922
28.0 0.0 671.3599999999922
28.0 20.0 671.3599999999922
28.0 0.0 671.3599999999922
20.0 29.08 671.3599999999922
20.0 29.08 671.3599999999922
28.0 20.0 671.3599999999922
28.0 0.0 671.3599999999922
28.0 20.0 671.3599999999922
28.0 0.0 671.3599999999922
28.0 20.0 671.3599999999922
28.0 0.0 671.3599999999922
28.0 20.0 671.3599999999922
28.0 0.0 671.3599999999922
20.0 29.06 671.3599999999922
20.0 29.06 671.3599999999922
20.0 29.06 671.3599999999922
20.0 29.06 671.3599999999922
28.0 20.0 671.3599999999922
28.0 0.0 671.3599999999922
28.0 20.0 671.3599999999922
28.0 0.0 671.3599999999922
20.0 29.06 671.3599999999922
20.0 29.06 671.3599999999922
28.0 20.0 671.3599999999922
28.0 0.0 671.3599999999922
28.0 20.0 671.3599999999922
28.0 0.0 671.3599999999922
20.0 29.08 671.3599999999922
20.0 29.08 671.3599999999922
20.0 29.08 671.3599999999922
20.0 29.08 671.3599999999922
20.0 29.08 671.3599999999922
20.0 29.08 671.3599999999922
25.00000000000002 20.0 671.3599999999922
25.00000000000002 0.0 671.3599999999922
25.00000000000002 20.0 671.3599999999922
25.00000000000002 0.0 671.3599999999922
20.0 29.099999999999998 671.3599999999922
20.0 29.099999999999998 671.3599999999922
20.0 29.119999999999997 671.3599999999922
20.0 29.119999999999997 671.3599999999922
20.0 29.119999999999997 671.3599999999922
20.0 29.119999999999997 671.3599999999922
20.0 29.119999999999997 671.3599999999922
20.0 29.119999999999997 671.3599999999922
27.98 20.0 671.3599999999922
27.98 0.0 671.3599999999922
27.98 20.0 671.3599999999922
27.98 0.0 671.3599999999922
25.00000000000002 20.0 671.3599999999922
25.00000000000002 0.0 671.3599999999922
25.00000000000002 20.0 671.3599999999922
25.00000000000002 0.0 671.3599999999922
25.00000000000002 20.0 671.3599999999922
25.00000000000002 0.0 671.3599999999922
25.00000000000002 20.0 671.3599999999922
25.00000000000002 0.0 671.3599999999922
25.00000000000002 20.0 671.3599999999922
25.00000000000002 0.0 671.3599999999922
25.00000000000002 20.0 671.3599999999922
25.00000000000002 0.0 671.3599999999922
20.0 29.139999999999997 671.3599999999922
20.0 29.139999999999997 671.3599999999922
20.0 29.139999999999997 671.3599999999922
20.0 29.139999999999997 671.3599999999922
28.02 20.0 671.3599999999922
28.02 0.0 671.3599999999922
28.02 20.0 671.3599999999922
28.02 0.0 671.3599999999922
20.0 29.159999999999997 671.3599999999922
20.0 29.159999999999997 671.3599999999922
25.00000000000002 20.0 671.3599999999922
25.00000000000002 0.0 671.3599999999922
25.00000000000002 20.0 671.3599999999922
25.00000000000002 0.0 671.3599999999922
24.98000000000002 20.0 671.3599999999922
24.98000000000002 0.0 671.3599999999922
24.98000000000002 20.0 671.3599999999922
24.98000000000002 0.0 671.3599999999922
25.00000000000002 20.0 671.3599999999922
25.00000000000002 0.0 671.3599999999922
25.00000000000002 20.0 671.3599999999922
25.00000000000002 0.0 671.3599999999922
20.0 29.159999999999997 671.3599999999922
20.0 29.159999999999997 671.3599999999922
28.0 20.0 671.3599999999922
28.0 0.0 671.3599999999922
28.0 20.0 671.3599999999922
28.0 0.0 671.3599999999922
20.0 29.179999999999996 671.3599999999922
20.0 29.179999999999996 671.3599999999922
20.0 29.179999999999996 671.3599999999922
20.0 29.179999999999996 671.3599999999922
24.98000000000002 20.0 671.3599999999922
24.98000000000002 0.0 671.3599999999922
24.98000000000002 20.0 671.3599999999922
24.98000000000002 0.0 671.3599999999922
20.0 29.159999999999997 671.3599999999922
20.0 29.159999999999997 671.3599999999922
20.0 29.139999999999997 671.3599999999922
20.0 29.139999999999997 671.3599999999922
28.0 20.0 671.3599999999922
28.0 0.0 671.3599999999922
28.0 20.0 671.3599999999922
28.0 0.0 671.3599999999922
25.00000000000002 20.0 671.3599999999922
25.00000000000002 0.0 671.3599999999922
25.00000000000002 20.0 671.3599999999922
25.00000000000002 0.0 671.3599999999922
20.0 29.179999999999996 671.3599999999922
20.0 29.179999999999996 671.3599999999922
28.0 20.0 671.3599999999922
28.0 0.0 671.3599999999922
28.0 20.0 671.3599999999922
28.0 0.0 671.3599999999922
28.0 20.0 671.3599999999922
28.0 0.0 671.3599999999922
28.0 20.0 671.3599999999922
28.0 0.0 671.3599999999922
20.0 29.179999999999996 671.3599999999922
20.0 29.179999999999996 671.3599999999922
28.0 20.0 671.3599999999922
28.0 0.0 671.3599999999922
28.0 20.0 671.3599999999922
28.0 0.0 671.3599999999922
20.0 29.159999999999997 671.3599999999922
20.0 29.159999999999997 671.3599999999922
20.0 29.159999999999997 671.3599999999922
20.0 29.159999999999997 671.3599999999922
20.0 29.159999999999997 671.3599999999922
20.0 29.159999999999997 671.3599999999922
27.98 20.0 671.3599999999922
27.98 0.0 671.3599999999922
27.98 20.0 671.3599999999922
27.98 0.0 671.3599999999922
20.0 29.159999999999997 671.3599999999922
20.0 29.159999999999997 671.3599999999922
20.0 29.159999999999997 671.3599999999922
20.0 29.159999999999997 671.3599999999922
28.0 20.0 671.3599999999922
28.0 0.0 671.3599999999922
28.0 20.0 671.3599999999922
28.0 0.0 671.3599999999922
20.0 29.179999999999996 671.3599999999922
20.0 29.179999999999996 671.3599999999922
20.0 29.179999999999996 671.3599999999922
20.0 29.179999999999996 671.3599999999922
20.0 29.179999999999996 671.3599999999922
20.0 29.179999999999996 671.3599999999922
20.0 29.179999999999996 671.3599999999922
20.0 29.179999999999996 671.3599999999922
24.960000000000022 20.0 671.3599999999922
24.960000000000022 0.0 671.3599999999922
24.960000000000022 20.0 671.3599999999922
24.960000000000022 0.0 671.3599999999922
24.960000000000022 20.0 671.3599999999922
24.960000000000022 0.0 671.3599999999922
24.960000000000022 20.0 671.3599999999922
24.960000000000022 0.0 671.3599999999922
24.940000000000023 20.0 671.3599999999922
24.940000000000023 0.0 671.3599999999922
24.940000000000023 20.0 671.3599999999922
24.940000000000023 0.0 671.3599999999922
28.0 20.0 671.3599999999922
28.0 0.0 671.3599999999922
28.0 20.0 671.3599999999922
28.0 0.0 671.3599999999922
20.0 29.179999999999996 671.3599999999922
20.0 29.179999999999996 671.3599999999922
24.960000000000022 20.0 671.3599999999922
24.960000000000022 0.0 671.3599999999922
24.960000000000022 20.0 671.3599999999922
24.960000000000022 0.0 671.3599999999922
20.0 29.199999999999996 671.3599999999922
20.0 29.199999999999996 671.3599999999922
28.0 20.0 671.3599999999922
28.0 0.0 671.3599999999922
28.0 20.0 671.3599999999922
28.0 0.0 671.3599999999922
20.0 29.199999999999996 671.3599999999922
20.0 29.199999999999996 671.3599999999922
28.0 20.0 671.3599999999922
28.0 0.0 671.3599999999922
28.0 20.0 671.3599999999922
28.0 0.0 671.3599999999922
20.0 29.199999999999996 671.3599999999922
20.0 29.199999999999996 671.3599999999922
20.0 29.199999999999996 671.3599999999922
20.0 29.199999999999996 671.3599999999922
24.960000000000022 20.0 671.3599999999922
24.960000000000022 0.0 671.3599999999922
24.960000000000022 20.0 671.3599999999922
24.960000000000022 0.0 671.3599999999922
20.0 29.219999999999995 671.3599999999922
20.0 29.219999999999995 671.3599999999922
27.98 20.0 671.3599999999922
27.98 0.0 671.3599999999922
27.98 20.0 671.3599999999922
27.98 0.0 671.3599999999922
24.98000000000002 20.0 671.3599999999922
24.98000000000002 0.0 671.3599999999922
24.98000000000002 20.0 671.3599999999922
24.98000000000002 0.0 671.3599999999922
20.0 29.239999999999995 671.3599999999922
20.0 29.239999999999995 671.3599999999922
20.0 29.259999999999994 671.3599999999922
20.0 29.259999999999994 671.3599999999922
20.0 29.239999999999995 671.3599999999922
20.0 29.239999999999995 671.3599999999922
20.0 29.239999999999995 671.3599999999922
20.0 29.239999999999995 671.3599999999922
28.0 20.0 671.3599999999922
28.0 0.0 671.3599999999922
28.0 20.0 671.3599999999922
28.0 0.0 671.3599999999922
28.0 20.0 671.3599999999922
28.0 0.0 671.3599999999922
28.0 20.0 671.3599999999922
28.0 0.0 671.3599999999922
28.02 20.0 671.3599999999922
28.02 0.0 671.3599999999922
28.02 20.0 671.3599999999922
28.02 0.0 671.3599999999922
20.0 29.259999999999994 671.3599999999922
20.0 29.259999999999994 671.3599999999922
28.0 20.0 671.3599999999922
28.0 0.0 671.3599999999922
28.0 20.0 671.3599999999922
28.0 0.0 671.3599999999922
28.0 20.0 671.3599999999922
28.0 0.0 671.3599999999922
28.0 20.0 671.3599999999922
28.0 0.0 671.3599999999922
20.0 29.239999999999995 671.3599999999922
20.0 29.239999999999995 671.3599999999922
28.0 20.0 671.3599999999922
28.0 0.0 671.3599999999922
28.0 20.0 671.3599999999922
28.0 0.0 671.3599999999922
20.0 29.259999999999994 671.3599999999922
20.0 29.259999999999994 671.3599999999922
20.0 29.259999999999994 671.3599999999922
20.0 29.259999999999994 671.3599999999922
27.98 20.0 671.3599999999922
27.98 0.0 671.3599999999922
27.98 20.0 671.3599999999922
27.98 0.0 671.3599999999922
28.0 20.0 671.3599999999922
28.0 0.0 671.3599999999922
28.0 20.0 671.3599999999922
28.0 0.0 671.3599999999922
20.0 29.279999999999994 671.3599999999922
20.0 29.279999999999994 671.3599999999922
28.0 20.0 671.3599999999922
28.0 0.0 671.3599999999922
28.0 20.0 671.3599999999922
28.0 0.0 671.3599999999922
20.0 29.279999999999994 671.3599999999922
20.0 29.279999999999994 671.3599999999922
28.0 20.0 671.3599999999922
28.0 0.0 671.3599999999922
28.0 20.0 671.3599999999922
28.0 0.0 671.3599999999922
20.0 29.299999999999994 671.3599999999922
20.0 29.299999999999994 671.3599999999922
20.0 29.279999999999994 671.3599999999922
20.0 29.279999999999994 671.3599999999922
20.0 29.279999999999994 671.3599999999922
20.0 29.279999999999994 671.3599999999922
28.0 20.0 671.3599999999922
28.0 0.0 671.3599999999922
28.0 20.0 671.3599999999922
28.0 0.0 671.3599999999922
20.0 29.259999999999994 671.3599999999922
20.0 29.259999999999994 671.3599999999922
20.0 29.259999999999994 671.3599999999922
20.0 29.259999999999994 671.3599999999922
28.0 20.0 671.3599999999922
28.0 0.0 671.3599999999922
28.0 20.0 671.3599999999922
28.0 0.0 671.3599999999922
20.0 29.279999999999994 671.3599999999922
20.0 29.279999999999994 671.3599999999922
28.0 20.0 671.3599999999922
28.0 0.0 671.3599999999922
28.0 20.0 671.3599999999922
28.0 0.0 671.3599999999922
20.0 29.279999999999994 671.3599999999922
20.0 29.279999999999994 671.3599999999922
20.0 29.259999999999994 671.3599999999922
20.0 29.259999999999994 671.3599999999922
20.0 29.259999999999994 671.3599999999922
20.0 29.259999999999994 671.3599999999922
20.0 29.279999999999994 671.3599999999922
20.0 29.279999999999994 671.3599999999922
28.0 20.0 671.3599999999922
28.0 0.0 671.3599999999922
28.0 20.0 671.3599999999922
28.0 0.0 671.3599999999922
20.0 29.279999999999994 671.3599999999922
20.0 29.279999999999994 671.3599999999922
20.0 29.279999999999994 671.3599999999922
20.0 29.279999999999994 671.3599999999922
28.0 20.0 671.3599999999922
28.0 0.0 671.3599999999922
28.0 20.0 671.3599999999922
28.0 0.0 671.3599999999922
28.0 20.0 671.3599999999922
28.0 0.0 671.3599999999922
28.0 20.0 671.3599999999922
28.0 0.0 671.3599999999922
20.0 29.299999999999994 671.3599999999922
20.0 29.299999999999994 671.3599999999922
20.0 29.299999999999994 671.3599999999922
20.0 29.299999999999994 671.3599999999922
20.0 29.299999999999994 671.3599999999922
20.0 29.299999999999994 671.3599999999922
20.0 29.279999999999994 671.3599999999922
20.0 29.279999999999994 671.3599999999922
20.0 29.299999999999994 671.3599999999922
20.0 29.299999999999994 671.3599999999922
20.0 29.279999999999994 671.3599999999922
20.0 29.279999999999994 671.3599999999922
20.0 29.279999999999994 671.3599999999922
20.0 29.279999999999994 671.3599999999922
20.0 29.259999999999994 671.3599999999922
20.0 29.259999999999994 671.3599999999922
28.0 20.0 671.3599999999922
28.0 0.0 671.3599999999922
28.0 20.0 671.3599999999922
28.0 0.0 671.3599999999922
20.0 29.259999999999994 671.3599999999922
20.0 29.259999999999994 671.3599999999922
20.0 29.279999999999994 671.3599999999922
20.0 29.279999999999994 671.3599999999922
28.0 20.0 671.3599999999922
28.0 0.0 671.3599999999922
28.0 20.0 671.3599999999922
28.0 0.0 671.3599999999922
28.0 20.0 671.3599999999922
28.0 0.0 671.3599999999922
28.0 20.0 671.3599999999922
28.0 0.0 671.3599999999922
20.0 29.299999999999994 671.3599999999922
20.0 29.299999999999994 671.3599999999922
28.0 20.0 671.3599999999922
28.0 0.0 671.3599999999922
28.0 20.0 671.3599999999922
28.0 0.0 671.3599999999922
20.0 29.299999999999994 671.3599999999922
20.0 29.299999999999994 671.3599999999922
20.0 29.279999999999994 671.3599999999922
20.0 29.279999999999994 671.3599999999922
28.0 20.0 671.3599999999922
28.0 0.0 671.3599999999922
28.0 20.0 671.3599999999922
28.0 0.0 671.3599999999922
20.0 29.299999999999994 671.3599999999922
20.0 29.299999999999994 671.3599999999922
28.0 20.0 671.3599999999922
28.0 0.0 671.3599999999922
28.0 20.0 671.3599999999922
28.0 0.0 671.3599999999922
20.0 29.319999999999993 671.3599999999922
20.0 29.319999999999993 671.3599999999922
25.00000000000002 20.0 671.3599999999922
25.00000000000002 0.0 671.3599999999922
25.00000000000002 20.0 671.3599999999922
25.00000000000002 0.0 671.3599999999922
28.0 20.0 671.3599999999922
28.0 0.0 671.3599999999922
28.0 20.0 671.3599999999922
28.0 0.0 671.3599999999922
20.0 29.319999999999993 671.3599999999922
20.0 29.319999999999993 671.3599999999922
20.0 29.339999999999993 671.3599999999922
20.0 29.339999999999993 671.3599999999922
25.00000000000002 20.0 671.3599999999922
25.00000000000002 0.0 671.3599999999922
25.00000000000002 20.0 671.3599999999922
25.00000000000002 0.0 671.3599999999922
20.0 29.339999999999993 671.3599999999922
20.0 29.339999999999993 671.3599999999922
25.00000000000002 20.0 671.3599999999922
25.00000000000002 0.0 671.3599999999922
25.00000000000002 20.0 671.3599999999922
25.00000000000002 0.0 671.3599999999922
25.00000000000002 20.0 671.3599999999922
25.00000000000002 0.0 671.3599999999922
25.00000000000002 20.0 671.3599999999922
25.00000000000002 0.0 671.3599999999922
20.0 29.339999999999993 671.3599999999922
20.0 29.339999999999993 671.3599999999922
20.0 29.339999999999993 671.3599999999922
20.0 29.339999999999993 671.3599999999922
20.0 29.339999999999993 671.3599999999922
20.0 29.339999999999993 671.3599999999922
20.0 29.319999999999993 671.3599999999922
20.0 29.319999999999993 671.3599999999922
20.0 29.339999999999993 671.3599999999922
20.0 29.339999999999993 671.3599999999922
20.0 29.339999999999993 671.3599999999922
20.0 29.339999999999993 671.3599999999922
25.00000000000002 20.0 671.3599999999922
25.00000000000002 0.0 671.3599999999922
25.00000000000002 20.0 671.3599999999922
25.00000000000002 0.0 671.3599999999922
25.00000000000002 20.0 671.3599999999922
25.00000000000002 0.0 671.3599999999922
25.00000000000002 20.0 671.3599999999922
25.00000000000002 0.0 671.3599999999922
20.0 29.339999999999993 671.3599999999922
20.0 29.339999999999993 671.3599999999922
20.0 29.319999999999993 671.3599999999922
20.0 29.319999999999993 671.3599999999922
20.0 29.299999999999994 671.3599999999922
20.0 29.299999999999994 671.3599999999922
28.0 20.0 671.3599999999922
28.0 0.0 671.3599999999922
28.0 20.0 671.3599999999922
28.0 0.0 671.3599999999922
20.0 29.279999999999994 671.3599999999922
20.0 29.279999999999994 671.3599999999922
27.98 20.0 671.3599999999922
27.98 0.0 671.3599999999922
27.98 20.0 671.3599999999922
27.98 0.0 671.3599999999922
20.0 29.279999999999994 671.3599999999922
20.0 29.279999999999994 671.3599999999922
27.98 20.0 671.3599999999922
27.98 0.0 671.3599999999922
27.98 20.0 671.3599999999922
27.98 0.0 671.3599999999922
20.0 29.299999999999994 671.3599999999922
20.0 29.299999999999994 671.3599999999922
27.98 20.0 671.3599999999922
27.98 0.0 671.3599999999922
27.98 20.0 671.3599999999922
27.98 0.0 671.3599999999922
20.0 29.279999999999994 671.3599999999922
20.0 29.279999999999994 671.3599999999922
27.98 20.0 671.3599999999922
27.98 0.0 671.3599999999922
27.98 20.0 671.3599999999922
27.98 0.0 671.3599999999922
27.98 20.0 671.3599999999922
27.98 0.0 671.3599999999922
27.98 20.0 671.3599999999922
27.98 0.0 671.3599999999922
20.0 29.319999999999993 671.3599999999922
20.0 29.319999999999993 671.3599999999922
27.96 20.0 671.3599999999922
27.96 0.0 671.3599999999922
27.96 20.0 671.3599999999922
27.96 0.0 671.3599999999922
20.0 29.339999999999993 671.3599999999922
20.0 29.339999999999993 671.3599999999922
20.0 29.359999999999992 671.3599999999922
20.0 29.359999999999992 671.3599999999922
28.0 20.0 671.3599999999922
28.0 0.0 671.3599999999922
28.0 20.0 671.3599999999922
28.0 0.0 671.3599999999922
20.0 29.379999999999992 671.3599999999922
20.0 29.379999999999992 671.3599999999922
20.0 29.379999999999992 671.3599999999922
20.0 29.379999999999992 671.3599999999922
28.0 20.0 671.3599999999922
28.0 0.0 671.3599999999922
28.0 20.0 671.3599999999922
28.0 0.0 671.3599999999922
20.0 29.379999999999992 671.3599999999922
20.0 29.379999999999992 671.3599999999922
28.0 20.0 671.3599999999922
28.0 0.0 671.3599999999922
28.0 20.0 671.3599999999922
28.0 0.0 671.3599999999922
28.02 20.0 671.3599999999922
28.02 0.0 671.3599999999922
28.02 20.0 671.3599999999922
28.02 0.0 671.3599999999922
28.02 20.0 671.3599999999922
28.02 0.0 671.3599999999922
28.02 20.0 671.3599999999922
28.02 0.0 671.3599999999922
28.0 20.0 671.3599999999922
28.0 0.0 671.3599999999922
28.0 20.0 671.3599999999922
28.0 0.0 671.3599999999922
27.98 20.0 671.3599999999922
27.98 0.0 671.3599999999922
27.98 20.0 671.3599999999922
27.98 0.0 671.3599999999922
20.0 29.359999999999992 671.3599999999922
20.0 29.359999999999992 671.3599999999922
20.0 29.359999999999992 671.3599999999922
20.0 29.359999999999992 671.3599999999922
20.0 29.359999999999992 671.3599999999922
20.0 29.359999999999992 671.3599999999922
20.0 29.379999999999992 671.3599999999922
20.0 29.379999999999992 671.3599999999922
27.96 20.0 671.3599999999922
27.96 0.0 671.3599999999922
27.96 20.0 671.3599999999922
27.96 0.0 671.3599999999922
24.960000000000022 20.0 671.3599999999922
24.960000000000022 0.0 671.3599999999922
24.960000000000022 20.0 671.3599999999922
24.960000000000022 0.0 671.3599999999922
27.98 20.0 671.3599999999922
27.98 0.0 671.3599999999922
27.98 20.0 671.3599999999922
27.98 0.0 671.3599999999922
24.940000000000023 20.0 671.3599999999922
24.940000000000023 0.0 671.3599999999922
24.940000000000023 20.0 671.3599999999922
24.940000000000023 0.0 671.3599999999922
24.940000000000023 20.0 671.3599999999922
24.940000000000023 0.0 671.3599999999922
24.940000000000023 20.0 671.3599999999922
24.940000000000023 0.0 671.3599999999922
28.0 20.0 671.3599999999922
28.0 0.0 671.3599999999922
28.0 20.0 671.3599999999922
28.0 0.0 671.3599999999922
28.0 20.0 671.3599999999922
28.0 0.0 671.3599999999922
28.0 20.0 671.3599999999922
28.0 0.0 671.3599999999922
24.940000000000023 20.0 671.3599999999922
24.940000000000023 0.0 671.3599999999922
24.940000000000023 20.0 671.3599999999922
24.940000000000023 0.0 671.3599999999922
24.960000000000022 20.0 671.3599999999922
24.960000000000022 0.0 671.3599999999922
24.960000000000022 20.0 671.3599999999922
24.960000000000022 0.0 671.3599999999922
20.0 29.39999999999999 671.3599999999922
20.0 29.39999999999999 671.3599999999922
20.0 29.41999999999999 671.3599999999922
20.0 29.41999999999999 671.3599999999922
27.98 20.0 671.3599999999922
27.98 0.0 671.3599999999922
27.98 20.0 671.3599999999922
27.98 0.0 671.3599999999922
20.0 29.41999999999999 671.3599999999922
20.0 29.41999999999999 671.3599999999922
27.98 20.0 671.3599999999922
27.98 0.0 671.3599999999922
27.98 20.0 671.3599999999922
27.98 0.0 671.3599999999922
24.960000000000022 20.0 671.3599999999922
24.960000000000022 0.0 671.3599999999922
24.960000000000022 20.0 671.3599999999922
24.960000000000022 0.0 671.3599999999922
27.98 20.0 671.3599999999922
27.98 0.0 671.3599999999922
27.98 20.0 671.3599999999922
27.98 0.0 671.3599999999922
27.98 20.0 671.3599999999922
27.98 0.0 671.3599999999922
27.98 20.0 671.3599999999922
27.98 0.0 671.3599999999922
27.96 20.0 671.3599999999922
27.96 0.0 671.3599999999922
27.96 20.0 671.3599999999922
27.96 0.0 671.3599999999922
20.0 29.41999999999999 671.3599999999922
20.0 29.41999999999999 671.3599999999922
20.0 29.43999999999999 671.3599999999922
20.0 29.43999999999999 671.3599999999922
27.96 20.0 671.3599999999922
27.96 0.0 671.3599999999922
27.96 20.0 671.3599999999922
27.96 0.0 671.3599999999922
27.96 20.0 671.3599999999922
27.96 0.0 671.3599999999922
27.96 20.0 671.3599999999922
27.96 0.0 671.3599999999922
27.98 20.0 671.3599999999922
27.98 0.0 671.3599999999922
27.98 20.0 671.3599999999922
27.98 0.0 671.3599999999922
20.0 29.41999999999999 671.3599999999922
20.0 29.41999999999999 671.3599999999922
20.0 29.41999999999999 671.3599999999922
20.0 29.41999999999999 671.3599999999922
20.0 29.43999999999999 671.3599999999922
20.0 29.43999999999999 671.3599999999922
20.0 29.43999999999999 671.3599999999922
20.0 29.43999999999999 671.3599999999922
20.0 29.45999999999999 671.3599999999922
20.0 29.45999999999999 671.3599999999922
20.0 29.43999999999999 671.3599999999922
20.0 29.43999999999999 671.3599999999922
20.0 29.45999999999999 671.3599999999922
20.0 29.45999999999999 671.3599999999922
20.0 29.45999999999999 671.3599999999922
20.0 29.45999999999999 671.3599999999922
20.0 29.719999999999985 671.3599999999922
20.0 29.719999999999985 671.3599999999922
20.0 29.759999999999984 671.3599999999922
20.0 29.759999999999984 671.3599999999922
20.0 29.759999999999984 671.3599999999922
20.0 29.759999999999984 671.3599999999922
20.0 29.779999999999983 671.3599999999922
20.0 29.779999999999983 671.3599999999922
20.0 29.799999999999983 671.3599999999922
20.0 29.799999999999983 671.3599999999922
20.0 29.799999999999983 671.3599999999922
20.0 29.799999999999983 671.3599999999922
20.0 29.799999999999983 671.3599999999922
20.0 29.799999999999983 671.3599999999922
20.0 29.839999999999982 671.3599999999922
20.0 29.839999999999982 671.3599999999922
20.0 29.819999999999983 671.3599999999922
20.0 29.819999999999983 671.3599999999922
20.0 29.819999999999983 671.3599999999922
20.0 29.819999999999983 671.3599999999922
20.0 29.819999999999983 671.3599999999922
20.0 29.819999999999983 671.3599999999922
20.0 29.819999999999983 671.3599999999922
20.0 29.819999999999983 671.3599999999922
20.0 29.819999999999983 671.3599999999922
20.0 29.819999999999983 671.3599999999922
20.0 29.839999999999982 671.3599999999922
20.0 29.839999999999982 671.3599999999922
20.0 29.839999999999982 671.3599999999922
20.0 29.839999999999982 671.3599999999922
20.0 29.839999999999982 671.3599999999922
20.0 29.839999999999982 671.3599999999922
20.0 29.839999999999982 671.3599999999922
20.0 29.839999999999982 671.3599999999922
20.0 29.839999999999982 671.3599999999922
20.0 29.839999999999982 671.3599999999922
20.0 29.799999999999983 671.3599999999922
20.0 29.799999999999983 671.3599999999922
20.0 29.839999999999982 671.3599999999922
20.0 29.839999999999982 671.3599999999922
20.0 29.819999999999983 671.3599999999922
20.0 29.819999999999983 671.3599999999922
20.0 29.85999999999998 671.3599999999922
20.0 29.85999999999998 671.3599999999922
20.0 29.85999999999998 671.3599999999922
20.0 29.85999999999998 671.3599999999922
20.0 29.89999999999998 671.3599999999922
20.0 29.89999999999998 671.3599999999922
20.0 29.89999999999998 671.3599999999922
20.0 29.89999999999998 671.3599999999922
20.0 29.89999999999998 671.3599999999922
20.0 29.89999999999998 671.3599999999922
20.0 29.87999999999998 671.3599999999922
20.0 29.87999999999998 671.3599999999922
20.0 29.839999999999982 671.3599999999922
20.0 29.839999999999982 671.3599999999922
20.0 29.839999999999982 671.3599999999922
20.0 29.839999999999982 671.3599999999922
20.0 29.839999999999982 671.3599999999922
20.0 29.839999999999982 671.3599999999922
20.0 29.839999999999982 671.3599999999922
20.0 29.839999999999982 671.3599999999922
20.0 29.839999999999982 671.3599999999922
20.0 29.839999999999982 671.3599999999922
20.0 29.839999999999982 671.3599999999922
20.0 29.839999999999982 671.3599999999922
20.0 29.819999999999983 671.3599999999922
20.0 29.819999999999983 671.3599999999922
20.0 29.799999999999983 671.3599999999922
20.0 29.799999999999983 671.3599999999922
20.0 29.819999999999983 671.3599999999922
20.0 29.819999999999983 671.3599999999922
20.0 29.819999999999983 671.3599999999922
20.0 29.819999999999983 671.3599999999922
20.0 29.839999999999982 671.3599999999922
20.0 29.839999999999982 671.3599999999922
20.0 29.87999999999998 671.3599999999922
20.0 29.87999999999998 671.3599999999922
20.0 29.89999999999998 671.3599999999922
20.0 29.89999999999998 671.3599999999922
20.0 29.93999999999998 671.3599999999922
20.0 29.93999999999998 671.3599999999922
20.0 29.95999999999998 671.3599999999922
20.0 29.95999999999998 671.3599999999922
28.0 20.0 671.3599999999922
28.0 0.0 671.3599999999922
28.0 20.0 671.3599999999922
28.0 0.0 671.3599999999922
28.0 20.0 671.3599999999922
28.0 0.0 671.3599999999922
28.0 20.0 671.3599999999922
28.0 0.0 671.3599999999922
20.859999999999822 8.0 671.3599999999922
0.8599999999998218 28.0 671.3599999999922
20.859999999999822 28.0 671.3599999999922
4.01 3.950000000000001 671.3599999999922
17.009999999999753 0.07000000000015477 671.3599999999922
11.98 5.019999999999978 671.3599999999922
0.9800000000000006 10.039999999999978 671.3599999999922
7.99 0.9100000000000006 671.3599999999922
6.9900000000000215 4.009999999999957 671.3599999999922
15.699999999999696 15.999999999999533 671.3599999999922
7.039999999999935 9.98 671.3599999999922
12.750000000000005 0.9899999999999989 671.3599999999922
8.999999999999979 18.03999999999938 671.3599999999922
0.9900000000001554 6.010000000000021 671.3599999999922
18.029999999999998 16.529999999999614 671.3599999999922
16.00999999999922 13.009999999999957 671.3599999999922
4.9900000000000215 0.9900000000000007 671.3599999999922
16.99999999999976 19.0 671.3599999999922
9.99 1.9900000000001563 671.3599999999922
11.999999999999957 15.979999999999533 671.3599999999922
13.999999999999979 18.819999999999503 671.3599999999922
14.98 3.0 671.3599999999922
4.999999999999957 13.059999999999956 671.3599999999922
12.97 9.569999999999988 671.3599999999922
1.02 12.999999999999957 671.3599999999922
4.019999999999957 8.0 671.3599999999922
3.9600000000000435 18.999999999999844 671.3599999999922
1.6400000000000423 16.059999999999967 671.3599999999922
15.999999999999533 7.0 671.3599999999922
9.01 7.0099999999999145 671.3599999999922
17.999999999999687 9.999999999999979 671.3599999999922
18.009999999999533 3.989999999999979 671.3599999999922
7.010000000000021 16.149999999999398 671.3599999999922
1.0 2.0400000000000205 671.3599999999922
10.0 12.139999999999997 671.3599999999922
-10 12 671.3599999999922
-10 12 671.3599999999922
-7 9 671.3599999999922
-7 9 671.3599999999922
-10 -8 671.3599999999922
-10 -8 671.3599999999922
-7 -11 671.3599999999922
-7 -11 671.3599999999922
-8 -16 671.3599999999922
-8 -16 671.3599999999922
0.0 -11.0 671.3599999999922
0.0 -11.0 671.3599999999922
0.0 -11.0 671.3599999999922
0.0 -11.0 671.3599999999922
0.0 -11.0 671.3599999999922
0.0 -11.0 671.3599999999922
0.0 -11.0 671.3599999999922
0.0 -11.0 671.3599999999922
0.0 -11.0 671.3599999999922
0.0 -11.0 671.3599999999922
0.0 -11.0 671.3599999999922
0.0 -11.0 671.3599999999922
0.0 -11.0 671.3599999999922
0.0 -11.0 671.3599999999922
0.0 -11.02 671.3599999999922
0.0 -11.02 671.3599999999922
0.0 -11.0 671.3599999999922
0.0 -11.0 671.3599999999922
0.0 -10.98 671.3599999999922
0.0 -10.98 671.3599999999922
0.0 -10.96 671.3599999999922
0.0 -10.96 671.3599999999922
0.0 -10.96 671.3599999999922
0.0 -10.96 671.3599999999922
0.0 -10.96 671.3599999999922
0.0 -10.96 671.3599999999922
0.0 -10.96 671.3599999999922
0.0 -10.96 671.3599999999922
0.0 -10.98 671.3599999999922
0.0 -10.98 671.3599999999922
0.0 -11.0 671.3599999999922
0.0 -11.0 671.3599999999922
0.0 -11.0 671.3599999999922
0.0 -11.0 671.3599999999922
0.0 -11.0 671.3599999999922
0.0 -11.0 671.3599999999922
0.0 -11.0 671.3599999999922
0.0 -11.0 671.3599999999922
0.0 -11.0 671.3599999999922
0.0 -11.0 671.3599999999922
0.0 -11.0 671.3599999999922
0.0 -11.0 671.3599999999922
0.0 -10.900000000000002 671.3599999999922
0.0 -10.900000000000002 671.3599999999922
0.0 -10.880000000000003 671.3599999999922
0.0 -10.880000000000003 671.3599999999922
0.0 -10.860000000000003 671.3599999999922
0.0 -10.860000000000003 671.3599999999922
0.0 -10.840000000000003 671.3599999999922
0.0 -10.840000000000003 671.3599999999922
0.0 -10.840000000000003 671.3599999999922
0.0 -10.840000000000003 671.3599999999922
0.0 -10.820000000000004 671.3599999999922
0.0 -10.820000000000004 671.3599999999922
0.0 -10.820000000000004 671.3599999999922
0.0 -10.820000000000004 671.3599999999922
0.0 -10.820000000000004 671.3599999999922
0.0 -10.820000000000004 671.3599999999922
0.0 -10.840000000000003 671.3599999999922
0.0 -10.840000000000003 671.3599999999922
0.0 -10.820000000000004 671.3599999999922
0.0 -10.820000000000004 671.3599999999922
0.0 -10.820000000000004 671.3599999999922
0.0 -10.820000000000004 671.3599999999922
0.0 -10.840000000000003 671.3599999999922
0.0 -10.840000000000003 671.3599999999922
0.0 -10.840000000000003 671.3599999999922
0.0 -10.840000000000003 671.3599999999922
-5.01 -17.030000000000005 671.3599999999922
-5.01 -17.030000000000005 671.3599999999922
0.0 -10.840000000000003 671.3599999999922
0.0 -10.840000000000003 671.3599999999922
0.0 -10.840000000000003 671.3599999999922
0.0 -10.840000000000003 671.3599999999922
0.0 -10.860000000000003 671.3599999999922
0.0 -10.860000000000003 671.3599999999922
0.0 -10.860000000000003 671.3599999999922
0.0 -10.860000000000003 671.3599999999922
0.0 -10.840000000000003 671.3599999999922
0.0 -10.840000000000003 671.3599999999922
0.0 -10.820000000000004 671.3599999999922
0.0 -10.820000000000004 671.3599999999922
0.0 -10.820000000000004 671.3599999999922
0.0 -10.820000000000004 671.3599999999922
0.0 -10.820000000000004 671.3599999999922
0.0 -10.820000000000004 671.3599999999922
0.0 -10.840000000000003 671.3599999999922
0.0 -10.840000000000003 671.3599999999922
0.0 -10.840000000000003 671.3599999999922
0.0 -10.840000000000003 671.3599999999922
0.0 -10.860000000000003 671.3599999999922
0.0 -10.860000000000003 671.3599999999922
0.0 -10.860000000000003 671.3599999999922
0.0 -10.860000000000003 671.3599999999922
0.0 -10.840000000000003 671.3599999999922
0.0 -10.840000000000003 671.3599999999922
0.0 -10.860000000000003 671.3599999999922
0.0 -10.860000000000003 671.3599999999922
0.0 -10.860000000000003 671.3599999999922
0.0 -10.860000000000003 671.3599999999922
0.0 -10.880000000000003 671.3599999999922
0.0 -10.880000000000003 671.3599999999922
0.0 -10.860000000000003 671.3599999999922
0.0 -10.860000000000003 671.3599999999922
0.0 -10.860000000000003 671.3599999999922
0.0 -10.860000000000003 671.3599999999922
0.0 -10.880000000000003 671.3599999999922
0.0 -10.880000000000003 671.3599999999922
0.0 -10.900000000000002 671.3599999999922
0.0 -10.900000000000002 671.3599999999922
0.0 -10.920000000000002 671.3599999999922
0.0 -10.920000000000002 671.3599999999922
0.0 -10.940000000000001 671.3599999999922
0.0 -10.940000000000001 671.3599999999922
0.0 -10.940000000000001 671.3599999999922
0.0 -10.940000000000001 671.3599999999922
0.0 -10.940000000000001 671.3599999999922
0.0 -10.940000000000001 671.3599999999922
0.0 -10.920000000000002 671.3599999999922
0.0 -10.920000000000002 671.3599999999922
0.0 -10.920000000000002 671.3599999999922
0.0 -10.920000000000002 671.3599999999922
0.0 -10.920000000000002 671.3599999999922
0.0 -10.920000000000002 671.3599999999922
0.0 -10.900000000000002 671.3599999999922
0.0 -10.900000000000002 671.3599999999922
0.0 -10.880000000000003 671.3599999999922
0.0 -10.880000000000003 671.3599999999922
0.0 -10.880000000000003 671.3599999999922
0.0 -10.880000000000003 671.3599999999922
0.0 -10.880000000000003 671.3599999999922
0.0 -10.880000000000003 671.3599999999922
0.0 -10.860000000000003 671.3599999999922
0.0 -10.860000000000003 671.3599999999922
0.0 -10.860000000000003 671.3599999999922
0.0 -10.860000000000003 671.3599999999922
0.0 -10.840000000000003 671.3599999999922
0.0 -10.840000000000003 671.3599999999922
0.0 -10.840000000000003 671.3599999999922
0.0 -10.840000000000003 671.3599999999922
0.0 -10.820000000000004 671.3599999999922
0.0 -10.820000000000004 671.3599999999922
0.0 -10.820000000000004 671.3599999999922
0.0 -10.820000000000004 671.3599999999922
0.0 -10.840000000000003 671.3599999999922
0.0 -10.840000000000003 671.3599999999922
0.0 -10.860000000000003 671.3599999999922
0.0 -10.860000000000003 671.3599999999922
0.0 -10.820000000000004 671.3599999999922
0.0 -10.820000000000004 671.3599999999922
0.0 -10.820000000000004 671.3599999999922
0.0 -10.820000000000004 671.3599999999922
0.0 -10.840000000000003 671.3599999999922
0.0 -10.840000000000003 671.3599999999922
0.0 -10.840000000000003 671.3599999999922
0.0 -10.840000000000003 671.3599999999922
0.0 -10.840000000000003 671.3599999999922
0.0 -10.840000000000003 671.3599999999922
0.0 -10.840000000000003 671.3599999999922
0.0 -10.840000000000003 671.3599999999922
0.0 -10.840000000000003 671.3599999999922
0.0 -10.840000000000003 671.3599999999922
0.0 -10.820000000000004 671.3599999999922
0.0 -10.820000000000004 671.3599999999922
0.0 -10.820000000000004 671.3599999999922
0.0 -10.820000000000004 671.3599999999922
0.0 -10.820000000000004 671.3599999999922
0.0 -10.820000000000004 671.3599999999922
0.0 -10.820000000000004 671.3599999999922
0.0 -10.820000000000004 671.3599999999922
0.0 -10.820000000000004 671.3599999999922
0.0 -10.820000000000004 671.3599999999922
0.0 -10.800000000000004 671.3599999999922
0.0 -10.800000000000004 671.3599999999922
0.0 -10.800000000000004 671.3599999999922
0.0 -10.800000000000004 671.3599999999922
0.0 -10.800000000000004 671.3599999999922
0.0 -10.800000000000004 671.3599999999922
0.0 -10.800000000000004 671.3599999999922
0.0 -10.800000000000004 671.3599999999922
0.0 -10.780000000000005 671.3599999999922
0.0 -10.780000000000005 671.3599999999922
0.0 -10.760000000000005 671.3599999999922
0.0 -10.760000000000005 671.3599999999922
0.0 -10.740000000000006 671.3599999999922
0.0 -10.740000000000006 671.3599999999922
0.0 -10.760000000000005 671.3599999999922
0.0 -10.760000000000005 671.3599999999922
0.0 -10.760000000000005 671.3599999999922
0.0 -10.760000000000005 671.3599999999922
0.0 -10.740000000000006 671.3599999999922
0.0 -10.740000000000006 671.3599999999922
0.0 -10.760000000000005 671.3599999999922
0.0 -10.760000000000005 671.3599999999922
0.0 -10.740000000000006 671.3599999999922
0.0 -10.740000000000006 671.3599999999922
0.0 -10.740000000000006 671.3599999999922
0.0 -10.740000000000006 671.3599999999922
0.0 -10.720000000000006 671.3599999999922
0.0 -10.720000000000006 671.3599999999922
0.0 -10.720000000000006 671.3599999999922
0.0 -10.720000000000006 671.3599999999922
0.0 -10.700000000000006 671.3599999999922
0.0 -10.700000000000006 671.3599999999922
0.0 -10.720000000000006 671.3599999999922
0.0 -10.720000000000006 671.3599999999922
0.0 -10.720000000000006 671.3599999999922
0.0 -10.720000000000006 671.3599999999922
0.0 -10.740000000000006 671.3599999999922
0.0 -10.740000000000006 671.3599999999922
0.0 -10.740000000000006 671.3599999999922
0.0 -10.740000000000006 671.3599999999922
0.0 -10.720000000000006 671.3599999999922
0.0 -10.720000000000006 671.3599999999922
0.0 -10.720000000000006 671.3599999999922
0.0 -10.720000000000006 671.3599999999922
0.0 -10.740000000000006 671.3599999999922
0.0 -10.740000000000006 671.3599999999922
0.0 -10.740000000000006 671.3599999999922
0.0 -10.740000000000006 671.3599999999922
0.0 -10.720000000000006 671.3599999999922
0.0 -10.720000000000006 671.3599999999922
0.0 -10.720000000000006 671.3599999999922
0.0 -10.720000000000006 671.3599999999922
0.0 -10.720000000000006 671.3599999999922
0.0 -10.720000000000006 671.3599999999922
0.0 -10.700000000000006 671.3599999999922
0.0 -10.700000000000006 671.3599999999922
0.0 -10.700000000000006 671.3599999999922
0.0 -10.700000000000006 671.3599999999922
0.0 -10.700000000000006 671.3599999999922
0.0 -10.700000000000006 671.3599999999922
0.0 -10.720000000000006 671.3599999999922
0.0 -10.720000000000006 671.3599999999922
0.0 -10.700000000000006 671.3599999999922
0.0 -10.700000000000006 671.3599999999922
0.0 -10.720000000000006 671.3599999999922
0.0 -10.720000000000006 671.3599999999922
0.0 -10.720000000000006 671.3599999999922
0.0 -10.720000000000006 671.3599999999922
0.0 -10.740000000000006 671.3599999999922
0.0 -10.740000000000006 671.3599999999922
0.0 -10.740000000000006 671.3599999999922
0.0 -10.740000000000006 671.3599999999922
0.0 -10.720000000000006 671.3599999999922
0.0 -10.720000000000006 671.3599999999922
0.0 -10.700000000000006 671.3599999999922
0.0 -10.700000000000006 671.3599999999922
0.0 -10.700000000000006 671.3599999999922
0.0 -10.700000000000006 671.3599999999922
0.0 -10.720000000000006 671.3599999999922
0.0 -10.720000000000006 671.3599999999922
0.0 -10.700000000000006 671.3599999999922
0.0 -10.700000000000006 671.3599999999922
0.0 -10.680000000000007 671.3599999999922
0.0 -10.680000000000007 671.3599999999922
0.0 -10.680000000000007 671.3599999999922
0.0 -10.680000000000007 671.3599999999922
0.0 -10.660000000000007 671.3599999999922
0.0 -10.660000000000007 671.3599999999922
0.0 -10.660000000000007 671.3599999999922
0.0 -10.660000000000007 671.3599999999922
0.0 -10.660000000000007 671.3599999999922
0.0 -10.660000000000007 671.3599999999922
0.0 -10.660000000000007 671.3599999999922
0.0 -10.660000000000007 671.3599999999922
0.0 -10.660000000000007 671.3599999999922
0.0 -10.660000000000007 671.3599999999922
0.0 -10.680000000000007 671.3599999999922
0.0 -10.680000000000007 671.3599999999922
0.0 -10.660000000000007 671.3599999999922
0.0 -10.660000000000007 671.3599999999922
0.0 -10.660000000000007 671.3599999999922
0.0 -10.660000000000007 671.3599999999922
0.0 -10.660000000000007 671.3599999999922
0.0 -10.660000000000007 671.3599999999922
0.0 -10.680000000000007 671.3599999999922
0.0 -10.680000000000007 671.3599999999922
0.0 -10.700000000000006 671.3599999999922
0.0 -10.700000000000006 671.3599999999922
0.0 -10.720000000000006 671.3599999999922
0.0 -10.720000000000006 671.3599999999922
0.0 -10.720000000000006 671.3599999999922
0.0 -10.720000000000006 671.3599999999922
0.0 -10.700000000000006 671.3599999999922
0.0 -10.700000000000006 671.3599999999922
0.0 -10.720000000000006 671.3599999999922
0.0 -10.720000000000006 671.3599999999922
0.0 -10.680000000000007 671.3599999999922
0.0 -10.680000000000007 671.3599999999922
0.0 -10.660000000000007 671.3599999999922
0.0 -10.660000000000007 671.3599999999922
0.0 -10.640000000000008 671.3599999999922
0.0 -10.640000000000008 671.3599999999922
0.0 -10.620000000000008 671.3599999999922
0.0 -10.620000000000008 671.3599999999922
0.0 -10.620000000000008 671.3599999999922
0.0 -10.620000000000008 671.3599999999922
0.0 -10.620000000000008 671.3599999999922
0.0 -10.620000000000008 671.3599999999922
0.0 -10.640000000000008 671.3599999999922
0.0 -10.640000000000008 671.3599999999922
0.0 -10.640000000000008 671.3599999999922
0.0 -10.640000000000008 671.3599999999922
0.0 -10.640000000000008 671.3599999999922
0.0 -10.640000000000008 671.3599999999922
0.0 -10.620000000000008 671.3599999999922
0.0 -10.620000000000008 671.3599999999922
0.0 -10.600000000000009 671.3599999999922
0.0 -10.600000000000009 671.3599999999922
0.0 -10.580000000000009 671.3599999999922
0.0 -10.580000000000009 671.3599999999922
0.0 -10.580000000000009 671.3599999999922
0.0 -10.580000000000009 671.3599999999922
0.0 -10.580000000000009 671.3599999999922
0.0 -10.580000000000009 671.3599999999922
0.0 -10.56000000000001 671.3599999999922
0.0 -10.56000000000001 671.3599999999922
0.0 -10.580000000000009 671.3599999999922
0.0 -10.580000000000009 671.3599999999922
0.0 -10.580000000000009 671.3599999999922
0.0 -10.580000000000009 671.3599999999922
0.0 -10.56000000000001 671.3599999999922
0.0 -10.56000000000001 671.3599999999922
0.0 -10.56000000000001 671.3599999999922
0.0 -10.56000000000001 671.3599999999922
0.0 -10.54000000000001 671.3599999999922
0.0 -10.54000000000001 671.3599999999922
0.0 -10.56000000000001 671.3599999999922
0.0 -10.56000000000001 671.3599999999922
0.0 -10.54000000000001 671.3599999999922
0.0 -10.54000000000001 671.3599999999922
0.0 -10.54000000000001 671.3599999999922
0.0 -10.54000000000001 671.3599999999922
0.0 -10.280000000000015 671.3599999999922
0.0 -10.280000000000015 671.3599999999922
0.0 -10.240000000000016 671.3599999999922
0.0 -10.240000000000016 671.3599999999922
0.0 -10.240000000000016 671.3599999999922
0.0 -10.240000000000016 671.3599999999922
0.0 -10.220000000000017 671.3599999999922
0.0 -10.220000000000017 671.3599999999922
0.0 -10.200000000000017 671.3599999999922
0.0 -10.200000000000017 671.3599999999922
0.0 -10.200000000000017 671.3599999999922
0.0 -10.200000000000017 671.3599999999922
0.0 -10.200000000000017 671.3599999999922
0.0 -10.200000000000017 671.3599999999922
0.0 -10.160000000000018 671.3599999999922
0.0 -10.160000000000018 671.3599999999922
0.0 -10.180000000000017 671.3599999999922
0.0 -10.180000000000017 671.3599999999922
0.0 -10.180000000000017 671.3599999999922
0.0 -10.180000000000017 671.3599999999922
0.0 -10.180000000000017 671.3599999999922
0.0 -10.180000000000017 671.3599999999922
0.0 -10.180000000000017 671.3599999999922
0.0 -10.180000000000017 671.3599999999922
0.0 -10.180000000000017 671.3599999999922
0.0 -10.180000000000017 671.3599999999922
0.0 -10.160000000000018 671.3599999999922
0.0 -10.160000000000018 671.3599999999922
0.0 -10.160000000000018 671.3599999999922
0.0 -10.160000000000018 671.3599999999922
0.0 -10.160000000000018 671.3599999999922
0.0 -10.160000000000018 671.3599999999922
0.0 -10.160000000000018 671.3599999999922
0.0 -10.160000000000018 671.3599999999922
0.0 -10.160000000000018 671.3599999999922
0.0 -10.160000000000018 671.3599999999922
0.0 -10.200000000000017 671.3599999999922
0.0 -10.200000000000017 671.3599999999922
0.0 -10.160000000000018 671.3599999999922
0.0 -10.160000000000018 671.3599999999922
0.0 -10.180000000000017 671.3599999999922
0.0 -10.180000000000017 671.3599999999922
0.0 -10.140000000000018 671.3599999999922
0.0 -10.140000000000018 671.3599999999922
0.0 -10.140000000000018 671.3599999999922
0.0 -10.140000000000018 671.3599999999922
0.0 -10.10000000000002 671.3599999999922
0.0 -10.10000000000002 671.3599999999922
0.0 -10.10000000000002 671.3599999999922
0.0 -10.10000000000002 671.3599999999922
0.0 -10.10000000000002 671.3599999999922
0.0 -10.10000000000002 671.3599999999922
0.0 -10.120000000000019 671.3599999999922
0.0 -10.120000000000019 671.3599999999922
0.0 -10.160000000000018 671.3599999999922
0.0 -10.160000000000018 671.3599999999922
0.0 -10.160000000000018 671.3599999999922
0.0 -10.160000000000018 671.3599999999922
0.0 -10.160000000000018 671.3599999999922
0.0 -10.160000000000018 671.3599999999922
0.0 -10.160000000000018 671.3599999999922
0.0 -10.160000000000018 671.3599999999922
0.0 -10.160000000000018 671.3599999999922
0.0 -10.160000000000018 671.3599999999922
0.0 -10.160000000000018 671.3599999999922
0.0 -10.160000000000018 671.3599999999922
0.0 -10.180000000000017 671.3599999999922
0.0 -10.180000000000017 671.3599999999922
0.0 -10.200000000000017 671.3599999999922
0.0 -10.200000000000017 671.3599999999922
0.0 -10.180000000000017 671.3599999999922
0.0 -10.180000000000017 671.3599999999922
0.0 -10.180000000000017 671.3599999999922
0.0 -10.180000000000017 671.3599999999922
0.0 -10.160000000000018 671.3599999999922
0.0 -10.160000000000018 671.3599999999922
0.0 -10.120000000000019 671.3599999999922
0.0 -10.120000000000019 671.3599999999922
0.0 -10.10000000000002 671.3599999999922
0.0 -10.10000000000002 671.3599999999922
0.0 -10.06000000000002 671.3599999999922
0.0 -10.06000000000002 671.3599999999922
0.0 -10.04000000000002 671.3599999999922
0.0 -10.04000000000002 671.3599999999922
-8 4 671.3599999999922
-8 4 671.3599999999922
-5.01 2.9699999999999953 671.3599999999922
-5.01 2.9699999999999953 671.3599999999922
10 -8 671.3599999999922
10 -8 671.3599999999922
24 -6 671.3599999999922
24 -6 671.3599999999922
24 -10 671.3599999999922
24 -10 671.3599999999922
23 -9 671.3599999999922
23 -9 671.3599999999922
4 -6 671.3599999999922
4 -6 671.3599999999922
4 -10 671.3599999999922
4 -10 671.3599999999922
3 -9 671.3599999999922
3 -9 671.3599999999922
