28 7 0
28 27 0
28 14 0
28 14 0
25 9 0
25 29 0
24 8 0
24 28 0
29 6 0
29 26 0
29 3 0
29 23 0
26 6 0
26 26 0
24 5 0
24 25 0
21.049999999999933 20.04999999999986 0
20.67999999999989 19.999999999999844 0
20.67999999999989 19.999999999999844 0
21.169999999999874 21.00999999999999 0
20.999999999999932 19.999999999999844 0
20.999999999999932 19.999999999999844 0
21.389999999999905 6.970000000000001 0
21.389999999999905 26.97 0
0.15999999999987669 0.19999999999984372 0
21.639999999999787 4.0 0
21.639999999999787 24.0 0
29.36999999999999 18.89000000000014 0
29.36999999999999 18.89000000000014 0
17.0 8.880000000000024 0
12.309999999999993 10.970000000000022 0
19.879999999999765 19.619999999999784 0
15.01 2.52999999999999 0
2.860000000000003 3.0000000000000213 0
5.98 5.900000000000002 0
16.730000000000093 13.910000000000002 0
1.009999999999933 0.4499999999998439 0
27.58000000000001 20.09999999999986 0
11.229999999999952 6.089999999999998 0
12.97 16.649999999999945 0
8.02 7.45999999999999 0
16.00999999999998 18.52999999999977 0
6.980000000000022 0.98 0
9.96 12.0 0
10.039999999999978 2.960000000000001 0
8 27 0
5 29 0
-10 12 0
-10 12 0
4 28 0
9 26 0
-8 12 0
-8 12 0
9 23 0
6 26 0
4 25 0
1.8799999999999957 20.879999999999978 0
1.8599999999999939 20.859999999999975 0
1.8399999999999908 20.83999999999997 0
-5.970000000000001 14.99 0
-5.970000000000001 14.99 0
1.7799999999999845 20.779999999999962 0
1.7599999999999818 20.75999999999996 0
1.7199999999999787 20.719999999999953 0
1.609999999999976 20.609999999999935 0
1.579999999999973 20.57999999999993 0
1.5499999999999703 20.549999999999926 0
1.5299999999999672 20.529999999999923 0
1.459999999999964 20.459999999999912 0
1.3899999999999606 20.3899999999999 0
1.33999999999996 20.339999999999893 0
1.2499999999999576 20.24999999999988 0
1.2099999999999527 20.209999999999873 0
1.1799999999999495 20.17999999999987 0
1.1499999999999468 20.149999999999864 0
1.1099999999999421 20.10999999999986 0
1.079999999999941 20.079999999999856 0
1.0499999999999332 20.04999999999986 0
-4.430000000000012 14.03 0
-4.430000000000012 14.03 0
1.1699999999998738 21.00999999999999 0
-7.02 17.619999999999877 0
-7.02 17.619999999999877 0
1.3899999999999046 26.97 0
1.6399999999997874 24.0 0
5.880000000000045 14.0 0
9.01 17.92999999999999 0
3.069999999999977 17.969999999999526 0
1.9900000000000426 7.99 0
7.580000000000009 20.09999999999986 0
-0.009999999999887876 11.029999999999978 0
-0.009999999999887876 11.029999999999978 0
3.3300000000000143 5.01 0
4.99 10.009999999999978 0
1.0099999999999398 18.529999999999614 0
8 -6 0
8 -6 0
-5 -20 0
-5 -20 0
10 -8 0
10 -8 0
12 -8 0
12 -8 0
0.10999999999980362 -0.19000000000018602 0
0.10999999999980362 -0.19000000000018602 0
0.05999999999979778 -0.1400000000001782 0
0.05999999999979778 -0.1400000000001782 0
0.029999999999793088 -0.11000000000017351 0
0.029999999999793088 -0.11000000000017351 0
0.009999999999786837 -0.07000000000016726 0
0.009999999999786837 -0.07000000000016726 0
-0.009999999999887876 -8.970000000000022 0
-0.009999999999887876 -8.970000000000022 0
28 -6 0
28 -6 0
21.84999999999999 0.8499999999999746 0
21.829999999999988 0.8299999999999714 0
21.809999999999985 0.8099999999999683 0
14.03 -5.01 0
14.03 -5.01 0
21.709999999999976 0.7099999999999527 0
21.55999999999997 0.5599999999999292 0
21.519999999999964 0.519999999999923 0
21.37999999999996 0.3799999999999011 0
21.32999999999996 0.32999999999989327 0
21.219999999999953 0.21999999999987607 0
21.129999999999942 0.12999999999986356 0
21.069999999999936 0.0699999999998609 0
21.049999999999933 0.0499999999998586 0
0.9199999999999267 -1.5631940186722204e-13 0
0.9199999999999267 -1.5631940186722204e-13 0
20.889999999999922 0.00999999999984368 0
0.8399999999999161 -1.5631940186722204e-13 0
0.8399999999999161 -1.5631940186722204e-13 0
20.80999999999991 0.00999999999984368 0
0.7799999999999099 0.01999999999984368 0
0.6799999999998911 -0.04000000000016257 0
0.6799999999998911 -0.04000000000016257 0
0.659999999999888 -0.020000000000159446 0
0.659999999999888 -0.020000000000159446 0
0.6199999999998818 -1.5631940186722204e-13 0
0.6199999999998818 -1.5631940186722204e-13 0
15.569999999999988 -5.970000000000001 0
15.569999999999988 -5.970000000000001 0
0.6799999999998896 -1.5631940186722204e-13 0
20.67999999999989 -1.5631940186722204e-13 0
0.6799999999998896 -1.5631940186722204e-13 0
20.67999999999989 -1.5631940186722204e-13 0
21.169999999999874 1.0099999999999891 0
12.98 -2.3800000000001234 0
12.98 -2.3800000000001234 0
0.9999999999999316 -1.5631940186722204e-13 0
20.999999999999932 -1.5631940186722204e-13 0
0.9999999999999316 -1.5631940186722204e-13 0
20.999999999999932 -1.5631940186722204e-13 0
9.369999999999992 -1.1099999999998609 0
29.36999999999999 -1.1099999999998609 0
9.369999999999992 -1.1099999999998609 0
29.36999999999999 -1.1099999999998609 0
2.019999999999937 0.019999999999843678 0
27.58000000000001 0.09999999999985931 0
19.990000000000112 -8.970000000000022 0
19.990000000000112 -8.970000000000022 0
19.879999999999768 0.03999999999984368 0
-5 0 0
-5 0 0
-10 -8 0
-10 -8 0
-8 -8 0
-8 -8 0
-5.970000000000001 -5.01 0
-5.970000000000001 -5.01 0
-4.430000000000012 -5.970000000000001 0
-4.430000000000012 -5.970000000000001 0
-7.02 -2.3800000000001234 0
-7.02 -2.3800000000001234 0
