0 29 671.38
20 29 671.38
13 29 671.38
13 29 671.38
26 0 671.38
26 20 671.38
24 14 671.38
24 14 671.38
24 4 671.38
4 24 671.38
24 24 671.38
12 24 671.38
12 24 671.38
28 0 671.38
28 20 671.38
24 10 671.38
24 10 671.38
29 3 671.38
9 23 671.38
29 23 671.38
23 11 671.38
23 11 671.38
20.0 29.0 671.38
20.0 29.0 671.38
26.0 20.0 671.38
26.0 0.0 671.38
26.0 20.0 671.38
26.0 0.0 671.38
20.0 29.0 671.38
20.0 29.0 671.38
25.98 20.0 671.38
25.98 0.0 671.38
25.98 20.0 671.38
25.98 0.0 671.38
25.98 20.0 671.38
25.98 0.0 671.38
25.98 20.0 671.38
25.98 0.0 671.38
25.94 20.0 671.38
25.94 0.0 671.38
25.94 20.0 671.38
25.94 0.0 671.38
20.0 29.0 671.38
20.0 29.0 671.38
20.0 29.0 671.38
20.0 29.0 671.38
27.98 20.0 671.38
27.98 0.0 671.38
27.98 20.0 671.38
27.98 0.0 671.38
20.0 29.0 671.38
20.0 29.0 671.38
20.0 29.0 671.38
20.0 29.0 671.38
28.02 20.0 671.38
28.02 0.0 671.38
28.02 20.0 671.38
28.02 0.0 671.38
25.900000000000002 20.0 671.38
25.900000000000002 0.0 671.38
25.900000000000002 20.0 671.38
25.900000000000002 0.0 671.38
25.900000000000002 20.0 671.38
25.900000000000002 0.0 671.38
25.900000000000002 20.0 671.38
25.900000000000002 0.0 671.38
25.900000000000002 20.0 671.38
25.900000000000002 0.0 671.38
25.900000000000002 20.0 671.38
25.900000000000002 0.0 671.38
25.880000000000003 20.0 671.38
25.880000000000003 0.0 671.38
25.880000000000003 20.0 671.38
25.880000000000003 0.0 671.38
20.0 29.0 671.38
20.0 29.0 671.38
25.880000000000003 20.0 671.38
25.880000000000003 0.0 671.38
25.880000000000003 20.0 671.38
25.880000000000003 0.0 671.38
28.0 20.0 671.38
28.0 0.0 671.38
28.0 20.0 671.38
28.0 0.0 671.38
25.860000000000003 20.0 671.38
25.860000000000003 0.0 671.38
25.860000000000003 20.0 671.38
25.860000000000003 0.0 671.38
25.840000000000003 20.0 671.38
25.840000000000003 0.0 671.38
25.840000000000003 20.0 671.38
25.840000000000003 0.0 671.38
28.0 20.0 671.38
28.0 0.0 671.38
28.0 20.0 671.38
28.0 0.0 671.38
25.820000000000004 20.0 671.38
25.820000000000004 0.0 671.38
25.820000000000004 20.0 671.38
25.820000000000004 0.0 671.38
25.820000000000004 20.0 671.38
25.820000000000004 0.0 671.38
25.820000000000004 20.0 671.38
25.820000000000004 0.0 671.38
20.0 28.98 671.38
20.0 28.98 671.38
25.800000000000004 20.0 671.38
25.800000000000004 0.0 671.38
25.800000000000004 20.0 671.38
25.800000000000004 0.0 671.38
25.780000000000005 20.0 671.38
25.780000000000005 0.0 671.38
25.780000000000005 20.0 671.38
25.780000000000005 0.0 671.38
25.780000000000005 20.0 671.38
25.780000000000005 0.0 671.38
25.780000000000005 20.0 671.38
25.780000000000005 0.0 671.38
28.0 20.0 671.38
28.0 0.0 671.38
28.0 20.0 671.38
28.0 0.0 671.38
25.780000000000005 20.0 671.38
25.780000000000005 0.0 671.38
25.780000000000005 20.0 671.38
25.780000000000005 0.0 671.38
20.0 29.0 671.38
20.0 29.0 671.38
25.780000000000005 20.0 671.38
25.780000000000005 0.0 671.38
25.780000000000005 20.0 671.38
25.780000000000005 0.0 671.38
28.0 20.0 671.38
28.0 0.0 671.38
28.0 20.0 671.38
28.0 0.0 671.38
20.0 29.02 671.38
20.0 29.02 671.38
27.98 20.0 671.38
27.98 0.0 671.38
27.98 20.0 671.38
27.98 0.0 671.38
27.98 20.0 671.38
27.98 0.0 671.38
27.98 20.0 671.38
27.98 0.0 671.38
28.0 20.0 671.38
28.0 0.0 671.38
28.0 20.0 671.38
28.0 0.0 671.38
25.740000000000006 20.0 671.38
25.740000000000006 0.0 671.38
25.740000000000006 20.0 671.38
25.740000000000006 0.0 671.38
25.720000000000006 20.0 671.38
25.720000000000006 0.0 671.38
25.720000000000006 20.0 671.38
25.720000000000006 0.0 671.38
27.98 20.0 671.38
27.98 0.0 671.38
27.98 20.0 671.38
27.98 0.0 671.38
25.700000000000006 20.0 671.38
25.700000000000006 0.0 671.38
25.700000000000006 20.0 671.38
25.700000000000006 0.0 671.38
28.0 20.0 671.38
28.0 0.0 671.38
28.0 20.0 671.38
28.0 0.0 671.38
25.700000000000006 20.0 671.38
25.700000000000006 0.0 671.38
25.700000000000006 20.0 671.38
25.700000000000006 0.0 671.38
20.0 29.04 671.38
20.0 29.04 671.38
20.0 29.04 671.38
20.0 29.04 671.38
20.0 29.04 671.38
20.0 29.04 671.38
25.54000000000001 20.0 671.38
25.54000000000001 0.0 671.38
25.54000000000001 20.0 671.38
25.54000000000001 0.0 671.38
20.0 29.04 671.38
20.0 29.04 671.38
25.52000000000001 20.0 671.38
25.52000000000001 0.0 671.38
25.52000000000001 20.0 671.38
25.52000000000001 0.0 671.38
25.50000000000001 20.0 671.38
25.50000000000001 0.0 671.38
25.50000000000001 20.0 671.38
25.50000000000001 0.0 671.38
20.0 29.02 671.38
20.0 29.02 671.38
25.48000000000001 20.0 671.38
25.48000000000001 0.0 671.38
25.48000000000001 20.0 671.38
25.48000000000001 0.0 671.38
28.0 20.0 671.38
28.0 0.0 671.38
28.0 20.0 671.38
28.0 0.0 671.38
28.0 20.0 671.38
28.0 0.0 671.38
28.0 20.0 671.38
28.0 0.0 671.38
25.46000000000001 20.0 671.38
25.46000000000001 0.0 671.38
25.46000000000001 20.0 671.38
25.46000000000001 0.0 671.38
20.0 29.0 671.38
20.0 29.0 671.38
25.420000000000012 20.0 671.38
25.420000000000012 0.0 671.38
25.420000000000012 20.0 671.38
25.420000000000012 0.0 671.38
25.380000000000013 20.0 671.38
25.380000000000013 0.0 671.38
25.380000000000013 20.0 671.38
25.380000000000013 0.0 671.38
25.360000000000014 20.0 671.38
25.360000000000014 0.0 671.38
25.360000000000014 20.0 671.38
25.360000000000014 0.0 671.38
20.0 29.0 671.38
20.0 29.0 671.38
25.360000000000014 20.0 671.38
25.360000000000014 0.0 671.38
25.360000000000014 20.0 671.38
25.360000000000014 0.0 671.38
20.0 29.0 671.38
20.0 29.0 671.38
25.300000000000015 20.0 671.38
25.300000000000015 0.0 671.38
25.300000000000015 20.0 671.38
25.300000000000015 0.0 671.38
20.0 29.0 671.38
20.0 29.0 671.38
28.0 20.0 671.38
28.0 0.0 671.38
28.0 20.0 671.38
28.0 0.0 671.38
25.280000000000015 20.0 671.38
25.280000000000015 0.0 671.38
25.280000000000015 20.0 671.38
25.280000000000015 0.0 671.38
25.240000000000016 20.0 671.38
25.240000000000016 0.0 671.38
25.240000000000016 20.0 671.38
25.240000000000016 0.0 671.38
20.0 29.0 671.38
20.0 29.0 671.38
25.220000000000017 20.0 671.38
25.220000000000017 0.0 671.38
25.220000000000017 20.0 671.38
25.220000000000017 0.0 671.38
20.0 29.0 671.38
20.0 29.0 671.38
28.0 20.0 671.38
28.0 0.0 671.38
28.0 20.0 671.38
28.0 0.0 671.38
28.0 20.0 671.38
28.0 0.0 671.38
28.0 20.0 671.38
28.0 0.0 671.38
25.160000000000018 20.0 671.38
25.160000000000018 0.0 671.38
25.160000000000018 20.0 671.38
25.160000000000018 0.0 671.38
25.14000000000002 20.0 671.38
25.14000000000002 0.0 671.38
25.14000000000002 20.0 671.38
25.14000000000002 0.0 671.38
27.98 20.0 671.38
27.98 0.0 671.38
27.98 20.0 671.38
27.98 0.0 671.38
25.14000000000002 20.0 671.38
25.14000000000002 0.0 671.38
25.14000000000002 20.0 671.38
25.14000000000002 0.0 671.38
25.12000000000002 20.0 671.38
25.12000000000002 0.0 671.38
25.12000000000002 20.0 671.38
25.12000000000002 0.0 671.38
25.12000000000002 20.0 671.38
25.12000000000002 0.0 671.38
25.12000000000002 20.0 671.38
25.12000000000002 0.0 671.38
20.0 29.099999999999998 671.38
20.0 29.099999999999998 671.38
20.0 29.119999999999997 671.38
20.0 29.119999999999997 671.38
20.0 29.139999999999997 671.38
20.0 29.139999999999997 671.38
24.98000000000002 20.0 671.38
24.98000000000002 0.0 671.38
24.98000000000002 20.0 671.38
24.98000000000002 0.0 671.38
20.0 29.159999999999997 671.38
20.0 29.159999999999997 671.38
20.0 29.159999999999997 671.38
20.0 29.159999999999997 671.38
25.02000000000002 20.0 671.38
25.02000000000002 0.0 671.38
25.02000000000002 20.0 671.38
25.02000000000002 0.0 671.38
25.02000000000002 20.0 671.38
25.02000000000002 0.0 671.38
25.02000000000002 20.0 671.38
25.02000000000002 0.0 671.38
25.00000000000002 20.0 671.38
25.00000000000002 0.0 671.38
25.00000000000002 20.0 671.38
25.00000000000002 0.0 671.38
25.00000000000002 20.0 671.38
25.00000000000002 0.0 671.38
25.00000000000002 20.0 671.38
25.00000000000002 0.0 671.38
24.98000000000002 20.0 671.38
24.98000000000002 0.0 671.38
24.98000000000002 20.0 671.38
24.98000000000002 0.0 671.38
24.960000000000022 20.0 671.38
24.960000000000022 0.0 671.38
24.960000000000022 20.0 671.38
24.960000000000022 0.0 671.38
24.940000000000023 20.0 671.38
24.940000000000023 0.0 671.38
24.940000000000023 20.0 671.38
24.940000000000023 0.0 671.38
24.920000000000023 20.0 671.38
24.920000000000023 0.0 671.38
24.920000000000023 20.0 671.38
24.920000000000023 0.0 671.38
20.0 29.179999999999996 671.38
20.0 29.179999999999996 671.38
20.0 29.179999999999996 671.38
20.0 29.179999999999996 671.38
20.0 29.179999999999996 671.38
20.0 29.179999999999996 671.38
20.0 29.159999999999997 671.38
20.0 29.159999999999997 671.38
20.0 29.179999999999996 671.38
20.0 29.179999999999996 671.38
20.0 29.179999999999996 671.38
20.0 29.179999999999996 671.38
20.0 29.159999999999997 671.38
20.0 29.159999999999997 671.38
20.0 29.159999999999997 671.38
20.0 29.159999999999997 671.38
14.99 22.969999999999995 671.38
14.99 22.969999999999995 671.38
20.0 29.159999999999997 671.38
20.0 29.159999999999997 671.38
20.0 29.159999999999997 671.38
20.0 29.159999999999997 671.38
20.0 29.139999999999997 671.38
20.0 29.139999999999997 671.38
20.0 29.139999999999997 671.38
20.0 29.139999999999997 671.38
20.0 29.159999999999997 671.38
20.0 29.159999999999997 671.38
20.0 29.179999999999996 671.38
20.0 29.179999999999996 671.38
20.0 29.179999999999996 671.38
20.0 29.179999999999996 671.38
28.0 20.0 671.38
28.0 0.0 671.38
28.0 20.0 671.38
28.0 0.0 671.38
27.98 20.0 671.38
27.98 0.0 671.38
27.98 20.0 671.38
27.98 0.0 671.38
20.0 29.179999999999996 671.38
20.0 29.179999999999996 671.38
28.0 20.0 671.38
28.0 0.0 671.38
28.0 20.0 671.38
28.0 0.0 671.38
20.0 29.159999999999997 671.38
20.0 29.159999999999997 671.38
20.0 29.159999999999997 671.38
20.0 29.159999999999997 671.38
28.0 20.0 671.38
28.0 0.0 671.38
28.0 20.0 671.38
28.0 0.0 671.38
20.0 29.139999999999997 671.38
20.0 29.139999999999997 671.38
20.0 29.139999999999997 671.38
20.0 29.139999999999997 671.38
28.0 20.0 671.38
28.0 0.0 671.38
28.0 20.0 671.38
28.0 0.0 671.38
20.0 29.159999999999997 671.38
20.0 29.159999999999997 671.38
20.0 29.139999999999997 671.38
20.0 29.139999999999997 671.38
20.0 29.139999999999997 671.38
20.0 29.139999999999997 671.38
20.0 29.119999999999997 671.38
20.0 29.119999999999997 671.38
28.0 20.0 671.38
28.0 0.0 671.38
28.0 20.0 671.38
28.0 0.0 671.38
20.0 29.139999999999997 671.38
20.0 29.139999999999997 671.38
20.0 29.139999999999997 671.38
20.0 29.139999999999997 671.38
20.0 29.119999999999997 671.38
20.0 29.119999999999997 671.38
20.0 29.099999999999998 671.38
20.0 29.099999999999998 671.38
28.0 20.0 671.38
28.0 0.0 671.38
28.0 20.0 671.38
28.0 0.0 671.38
20.0 29.08 671.38
20.0 29.08 671.38
28.0 20.0 671.38
28.0 0.0 671.38
28.0 20.0 671.38
28.0 0.0 671.38
28.0 20.0 671.38
28.0 0.0 671.38
28.0 20.0 671.38
28.0 0.0 671.38
20.0 29.06 671.38
20.0 29.06 671.38
20.0 29.06 671.38
20.0 29.06 671.38
28.0 20.0 671.38
28.0 0.0 671.38
28.0 20.0 671.38
28.0 0.0 671.38
20.0 29.06 671.38
20.0 29.06 671.38
28.0 20.0 671.38
28.0 0.0 671.38
28.0 20.0 671.38
28.0 0.0 671.38
20.0 29.08 671.38
20.0 29.08 671.38
20.0 29.08 671.38
20.0 29.08 671.38
20.0 29.08 671.38
20.0 29.08 671.38
25.00000000000002 20.0 671.38
25.00000000000002 0.0 671.38
25.00000000000002 20.0 671.38
25.00000000000002 0.0 671.38
20.0 29.099999999999998 671.38
20.0 29.099999999999998 671.38
20.0 29.119999999999997 671.38
20.0 29.119999999999997 671.38
20.0 29.119999999999997 671.38
20.0 29.119999999999997 671.38
20.0 29.119999999999997 671.38
20.0 29.119999999999997 671.38
27.98 20.0 671.38
27.98 0.0 671.38
27.98 20.0 671.38
27.98 0.0 671.38
25.00000000000002 20.0 671.38
25.00000000000002 0.0 671.38
25.00000000000002 20.0 671.38
25.00000000000002 0.0 671.38
25.00000000000002 20.0 671.38
25.00000000000002 0.0 671.38
25.00000000000002 20.0 671.38
25.00000000000002 0.0 671.38
25.00000000000002 20.0 671.38
25.00000000000002 0.0 671.38
25.00000000000002 20.0 671.38
25.00000000000002 0.0 671.38
20.0 29.139999999999997 671.38
20.0 29.139999999999997 671.38
20.0 29.139999999999997 671.38
20.0 29.139999999999997 671.38
28.02 20.0 671.38
28.02 0.0 671.38
28.02 20.0 671.38
28.02 0.0 671.38
20.0 29.159999999999997 671.38
20.0 29.159999999999997 671.38
25.00000000000002 20.0 671.38
25.00000000000002 0.0 671.38
25.00000000000002 20.0 671.38
25.00000000000002 0.0 671.38
24.98000000000002 20.0 671.38
24.98000000000002 0.0 671.38
24.98000000000002 20.0 671.38
24.98000000000002 0.0 671.38
25.00000000000002 20.0 671.38
25.00000000000002 0.0 671.38
25.00000000000002 20.0 671.38
25.00000000000002 0.0 671.38
20.0 29.159999999999997 671.38
20.0 29.159999999999997 671.38
28.0 20.0 671.38
28.0 0.0 671.38
28.0 20.0 671.38
28.0 0.0 671.38
20.0 29.179999999999996 671.38
20.0 29.179999999999996 671.38
20.0 29.179999999999996 671.38
20.0 29.179999999999996 671.38
24.98000000000002 20.0 671.38
24.98000000000002 0.0 671.38
24.98000000000002 20.0 671.38
24.98000000000002 0.0 671.38
20.0 29.159999999999997 671.38
20.0 29.159999999999997 671.38
20.0 29.139999999999997 671.38
20.0 29.139999999999997 671.38
28.0 20.0 671.38
28.0 0.0 671.38
28.0 20.0 671.38
28.0 0.0 671.38
25.00000000000002 20.0 671.38
25.00000000000002 0.0 671.38
25.00000000000002 20.0 671.38
25.00000000000002 0.0 671.38
20.0 29.179999999999996 671.38
20.0 29.179999999999996 671.38
28.0 20.0 671.38
28.0 0.0 671.38
28.0 20.0 671.38
28.0 0.0 671.38
28.0 20.0 671.38
28.0 0.0 671.38
28.0 20.0 671.38
28.0 0.0 671.38
20.0 29.179999999999996 671.38
20.0 29.179999999999996 671.38
28.0 20.0 671.38
28.0 0.0 671.38
28.0 20.0 671.38
28.0 0.0 671.38
20.0 29.159999999999997 671.38
20.0 29.159999999999997 671.38
20.0 29.159999999999997 671.38
20.0 29.159999999999997 671.38
20.0 29.159999999999997 671.38
20.0 29.159999999999997 671.38
27.98 20.0 671.38
27.98 0.0 671.38
27.98 20.0 671.38
27.98 0.0 671.38
20.0 29.159999999999997 671.38
20.0 29.159999999999997 671.38
20.0 29.159999999999997 671.38
20.0 29.159999999999997 671.38
28.0 20.0 671.38
28.0 0.0 671.38
28.0 20.0 671.38
28.0 0.0 671.38
20.0 29.179999999999996 671.38
20.0 29.179999999999996 671.38
20.0 29.179999999999996 671.38
20.0 29.179999999999996 671.38
20.0 29.179999999999996 671.38
20.0 29.179999999999996 671.38
20.0 29.179999999999996 671.38
20.0 29.179999999999996 671.38
24.960000000000022 20.0 671.38
24.960000000000022 0.0 671.38
24.960000000000022 20.0 671.38
24.960000000000022 0.0 671.38
24.960000000000022 20.0 671.38
24.960000000000022 0.0 671.38
24.960000000000022 20.0 671.38
24.960000000000022 0.0 671.38
24.940000000000023 20.0 671.38
24.940000000000023 0.0 671.38
24.940000000000023 20.0 671.38
24.940000000000023 0.0 671.38
28.0 20.0 671.38
28.0 0.0 671.38
28.0 20.0 671.38
28.0 0.0 671.38
20.0 29.179999999999996 671.38
20.0 29.179999999999996 671.38
24.960000000000022 20.0 671.38
24.960000000000022 0.0 671.38
24.960000000000022 20.0 671.38
24.960000000000022 0.0 671.38
20.0 29.199999999999996 671.38
20.0 29.199999999999996 671.38
28.0 20.0 671.38
28.0 0.0 671.38
28.0 20.0 671.38
28.0 0.0 671.38
20.0 29.199999999999996 671.38
20.0 29.199999999999996 671.38
28.0 20.0 671.38
28.0 0.0 671.38
28.0 20.0 671.38
28.0 0.0 671.38
20.0 29.199999999999996 671.38
20.0 29.199999999999996 671.38
20.0 29.199999999999996 671.38
20.0 29.199999999999996 671.38
24.960000000000022 20.0 671.38
24.960000000000022 0.0 671.38
24.960000000000022 20.0 671.38
24.960000000000022 0.0 671.38
20.0 29.219999999999995 671.38
20.0 29.219999999999995 671.38
27.98 20.0 671.38
27.98 0.0 671.38
27.98 20.0 671.38
27.98 0.0 671.38
24.98000000000002 20.0 671.38
24.98000000000002 0.0 671.38
24.98000000000002 20.0 671.38
24.98000000000002 0.0 671.38
20.0 29.239999999999995 671.38
20.0 29.239999999999995 671.38
20.0 29.259999999999994 671.38
20.0 29.259999999999994 671.38
20.0 29.239999999999995 671.38
20.0 29.239999999999995 671.38
20.0 29.239999999999995 671.38
20.0 29.239999999999995 671.38
28.0 20.0 671.38
28.0 0.0 671.38
28.0 20.0 671.38
28.0 0.0 671.38
28.0 20.0 671.38
28.0 0.0 671.38
28.0 20.0 671.38
28.0 0.0 671.38
28.02 20.0 671.38
28.02 0.0 671.38
28.02 20.0 671.38
28.02 0.0 671.38
20.0 29.259999999999994 671.38
20.0 29.259999999999994 671.38
28.0 20.0 671.38
28.0 0.0 671.38
28.0 20.0 671.38
28.0 0.0 671.38
28.0 20.0 671.38
28.0 0.0 671.38
28.0 20.0 671.38
28.0 0.0 671.38
20.0 29.239999999999995 671.38
20.0 29.239999999999995 671.38
28.0 20.0 671.38
28.0 0.0 671.38
28.0 20.0 671.38
28.0 0.0 671.38
20.0 29.259999999999994 671.38
20.0 29.259999999999994 671.38
20.0 29.259999999999994 671.38
20.0 29.259999999999994 671.38
27.98 20.0 671.38
27.98 0.0 671.38
27.98 20.0 671.38
27.98 0.0 671.38
28.0 20.0 671.38
28.0 0.0 671.38
28.0 20.0 671.38
28.0 0.0 671.38
20.0 29.279999999999994 671.38
20.0 29.279999999999994 671.38
28.0 20.0 671.38
28.0 0.0 671.38
28.0 20.0 671.38
28.0 0.0 671.38
20.0 29.279999999999994 671.38
20.0 29.279999999999994 671.38
28.0 20.0 671.38
28.0 0.0 671.38
28.0 20.0 671.38
28.0 0.0 671.38
20.0 29.299999999999994 671.38
20.0 29.299999999999994 671.38
20.0 29.279999999999994 671.38
20.0 29.279999999999994 671.38
20.0 29.279999999999994 671.38
20.0 29.279999999999994 671.38
28.0 20.0 671.38
28.0 0.0 671.38
28.0 20.0 671.38
28.0 0.0 671.38
20.0 29.259999999999994 671.38
20.0 29.259999999999994 671.38
20.0 29.259999999999994 671.38
20.0 29.259999999999994 671.38
28.0 20.0 671.38
28.0 0.0 671.38
28.0 20.0 671.38
28.0 0.0 671.38
20.0 29.279999999999994 671.38
20.0 29.279999999999994 671.38
28.0 20.0 671.38
28.0 0.0 671.38
28.0 20.0 671.38
28.0 0.0 671.38
20.0 29.279999999999994 671.38
20.0 29.279999999999994 671.38
20.0 29.259999999999994 671.38
20.0 29.259999999999994 671.38
20.0 29.259999999999994 671.38
20.0 29.259999999999994 671.38
20.0 29.279999999999994 671.38
20.0 29.279999999999994 671.38
28.0 20.0 671.38
28.0 0.0 671.38
28.0 20.0 671.38
28.0 0.0 671.38
20.0 29.279999999999994 671.38
20.0 29.279999999999994 671.38
20.0 29.279999999999994 671.38
20.0 29.279999999999994 671.38
28.0 20.0 671.38
28.0 0.0 671.38
28.0 20.0 671.38
28.0 0.0 671.38
28.0 20.0 671.38
28.0 0.0 671.38
28.0 20.0 671.38
28.0 0.0 671.38
20.0 29.299999999999994 671.38
20.0 29.299999999999994 671.38
20.0 29.299999999999994 671.38
20.0 29.299999999999994 671.38
20.0 29.299999999999994 671.38
20.0 29.299999999999994 671.38
20.0 29.279999999999994 671.38
20.0 29.279999999999994 671.38
20.0 29.299999999999994 671.38
20.0 29.299999999999994 671.38
20.0 29.279999999999994 671.38
20.0 29.279999999999994 671.38
20.0 29.279999999999994 671.38
20.0 29.279999999999994 671.38
20.0 29.259999999999994 671.38
20.0 29.259999999999994 671.38
28.0 20.0 671.38
28.0 0.0 671.38
28.0 20.0 671.38
28.0 0.0 671.38
20.0 29.259999999999994 671.38
20.0 29.259999999999994 671.38
20.0 29.279999999999994 671.38
20.0 29.279999999999994 671.38
28.0 20.0 671.38
28.0 0.0 671.38
28.0 20.0 671.38
28.0 0.0 671.38
28.0 20.0 671.38
28.0 0.0 671.38
28.0 20.0 671.38
28.0 0.0 671.38
20.0 29.299999999999994 671.38
20.0 29.299999999999994 671.38
28.0 20.0 671.38
28.0 0.0 671.38
28.0 20.0 671.38
28.0 0.0 671.38
20.0 29.299999999999994 671.38
20.0 29.299999999999994 671.38
20.0 29.279999999999994 671.38
20.0 29.279999999999994 671.38
28.0 20.0 671.38
28.0 0.0 671.38
28.0 20.0 671.38
28.0 0.0 671.38
20.0 29.299999999999994 671.38
20.0 29.299999999999994 671.38
28.0 20.0 671.38
28.0 0.0 671.38
28.0 20.0 671.38
28.0 0.0 671.38
20.0 29.319999999999993 671.38
20.0 29.319999999999993 671.38
25.00000000000002 20.0 671.38
25.00000000000002 0.0 671.38
25.00000000000002 20.0 671.38
25.00000000000002 0.0 671.38
28.0 20.0 671.38
28.0 0.0 671.38
28.0 20.0 671.38
28.0 0.0 671.38
20.0 29.319999999999993 671.38
20.0 29.319999999999993 671.38
20.0 29.339999999999993 671.38
20.0 29.339999999999993 671.38
25.00000000000002 20.0 671.38
25.00000000000002 0.0 671.38
25.00000000000002 20.0 671.38
25.00000000000002 0.0 671.38
20.0 29.339999999999993 671.38
20.0 29.339999999999993 671.38
25.00000000000002 20.0 671.38
25.00000000000002 0.0 671.38
25.00000000000002 20.0 671.38
25.00000000000002 0.0 671.38
25.00000000000002 20.0 671.38
25.00000000000002 0.0 671.38
25.00000000000002 20.0 671.38
25.00000000000002 0.0 671.38
20.0 29.339999999999993 671.38
20.0 29.339999999999993 671.38
20.0 29.339999999999993 671.38
20.0 29.339999999999993 671.38
20.0 29.339999999999993 671.38
20.0 29.339999999999993 671.38
20.0 29.319999999999993 671.38
20.0 29.319999999999993 671.38
20.0 29.339999999999993 671.38
20.0 29.339999999999993 671.38
20.0 29.339999999999993 671.38
20.0 29.339999999999993 671.38
25.00000000000002 20.0 671.38
25.00000000000002 0.0 671.38
25.00000000000002 20.0 671.38
25.00000000000002 0.0 671.38
25.00000000000002 20.0 671.38
25.00000000000002 0.0 671.38
25.00000000000002 20.0 671.38
25.00000000000002 0.0 671.38
20.0 29.339999999999993 671.38
20.0 29.339999999999993 671.38
20.0 29.319999999999993 671.38
20.0 29.319999999999993 671.38
20.0 29.299999999999994 671.38
20.0 29.299999999999994 671.38
28.0 20.0 671.38
28.0 0.0 671.38
28.0 20.0 671.38
28.0 0.0 671.38
20.0 29.279999999999994 671.38
20.0 29.279999999999994 671.38
27.98 20.0 671.38
27.98 0.0 671.38
27.98 20.0 671.38
27.98 0.0 671.38
20.0 29.279999999999994 671.38
20.0 29.279999999999994 671.38
27.98 20.0 671.38
27.98 0.0 671.38
27.98 20.0 671.38
27.98 0.0 671.38
20.0 29.299999999999994 671.38
20.0 29.299999999999994 671.38
27.98 20.0 671.38
27.98 0.0 671.38
27.98 20.0 671.38
27.98 0.0 671.38
20.0 29.279999999999994 671.38
20.0 29.279999999999994 671.38
27.98 20.0 671.38
27.98 0.0 671.38
27.98 20.0 671.38
27.98 0.0 671.38
27.98 20.0 671.38
27.98 0.0 671.38
27.98 20.0 671.38
27.98 0.0 671.38
20.0 29.319999999999993 671.38
20.0 29.319999999999993 671.38
27.96 20.0 671.38
27.96 0.0 671.38
27.96 20.0 671.38
27.96 0.0 671.38
20.0 29.339999999999993 671.38
20.0 29.339999999999993 671.38
20.0 29.359999999999992 671.38
20.0 29.359999999999992 671.38
28.0 20.0 671.38
28.0 0.0 671.38
28.0 20.0 671.38
28.0 0.0 671.38
20.0 29.379999999999992 671.38
20.0 29.379999999999992 671.38
20.0 29.379999999999992 671.38
20.0 29.379999999999992 671.38
28.0 20.0 671.38
28.0 0.0 671.38
28.0 20.0 671.38
28.0 0.0 671.38
20.0 29.379999999999992 671.38
20.0 29.379999999999992 671.38
28.0 20.0 671.38
28.0 0.0 671.38
28.0 20.0 671.38
28.0 0.0 671.38
28.02 20.0 671.38
28.02 0.0 671.38
28.02 20.0 671.38
28.02 0.0 671.38
28.02 20.0 671.38
28.02 0.0 671.38
28.02 20.0 671.38
28.02 0.0 671.38
28.0 20.0 671.38
28.0 0.0 671.38
28.0 20.0 671.38
28.0 0.0 671.38
27.98 20.0 671.38
27.98 0.0 671.38
27.98 20.0 671.38
27.98 0.0 671.38
20.0 29.359999999999992 671.38
20.0 29.359999999999992 671.38
20.0 29.359999999999992 671.38
20.0 29.359999999999992 671.38
20.0 29.359999999999992 671.38
20.0 29.359999999999992 671.38
20.0 29.379999999999992 671.38
20.0 29.379999999999992 671.38
27.96 20.0 671.38
27.96 0.0 671.38
27.96 20.0 671.38
27.96 0.0 671.38
24.960000000000022 20.0 671.38
24.960000000000022 0.0 671.38
24.960000000000022 20.0 671.38
24.960000000000022 0.0 671.38
27.98 20.0 671.38
27.98 0.0 671.38
27.98 20.0 671.38
27.98 0.0 671.38
24.940000000000023 20.0 671.38
24.940000000000023 0.0 671.38
24.940000000000023 20.0 671.38
24.940000000000023 0.0 671.38
24.940000000000023 20.0 671.38
24.940000000000023 0.0 671.38
24.940000000000023 20.0 671.38
24.940000000000023 0.0 671.38
28.0 20.0 671.38
28.0 0.0 671.38
28.0 20.0 671.38
28.0 0.0 671.38
28.0 20.0 671.38
28.0 0.0 671.38
28.0 20.0 671.38
28.0 0.0 671.38
24.940000000000023 20.0 671.38
24.940000000000023 0.0 671.38
24.940000000000023 20.0 671.38
24.940000000000023 0.0 671.38
24.960000000000022 20.0 671.38
24.960000000000022 0.0 671.38
24.960000000000022 20.0 671.38
24.960000000000022 0.0 671.38
20.0 29.39999999999999 671.38
20.0 29.39999999999999 671.38
20.0 29.41999999999999 671.38
20.0 29.41999999999999 671.38
27.98 20.0 671.38
27.98 0.0 671.38
27.98 20.0 671.38
27.98 0.0 671.38
20.0 29.41999999999999 671.38
20.0 29.41999999999999 671.38
27.98 20.0 671.38
27.98 0.0 671.38
27.98 20.0 671.38
27.98 0.0 671.38
24.960000000000022 20.0 671.38
24.960000000000022 0.0 671.38
24.960000000000022 20.0 671.38
24.960000000000022 0.0 671.38
27.98 20.0 671.38
27.98 0.0 671.38
27.98 20.0 671.38
27.98 0.0 671.38
27.98 20.0 671.38
27.98 0.0 671.38
27.98 20.0 671.38
27.98 0.0 671.38
27.96 20.0 671.38
27.96 0.0 671.38
27.96 20.0 671.38
27.96 0.0 671.38
20.0 29.41999999999999 671.38
20.0 29.41999999999999 671.38
20.0 29.43999999999999 671.38
20.0 29.43999999999999 671.38
27.96 20.0 671.38
27.96 0.0 671.38
27.96 20.0 671.38
27.96 0.0 671.38
27.96 20.0 671.38
27.96 0.0 671.38
27.96 20.0 671.38
27.96 0.0 671.38
27.98 20.0 671.38
27.98 0.0 671.38
27.98 20.0 671.38
27.98 0.0 671.38
20.0 29.41999999999999 671.38
20.0 29.41999999999999 671.38
20.0 29.41999999999999 671.38
20.0 29.41999999999999 671.38
20.0 29.43999999999999 671.38
20.0 29.43999999999999 671.38
20.0 29.43999999999999 671.38
20.0 29.43999999999999 671.38
20.0 29.45999999999999 671.38
20.0 29.45999999999999 671.38
20.0 29.43999999999999 671.38
20.0 29.43999999999999 671.38
20.0 29.45999999999999 671.38
20.0 29.45999999999999 671.38
20.0 29.45999999999999 671.38
20.0 29.45999999999999 671.38
20.0 29.719999999999985 671.38
20.0 29.719999999999985 671.38
20.0 29.759999999999984 671.38
20.0 29.759999999999984 671.38
20.0 29.759999999999984 671.38
20.0 29.759999999999984 671.38
20.0 29.779999999999983 671.38
20.0 29.779999999999983 671.38
20.0 29.799999999999983 671.38
20.0 29.799999999999983 671.38
20.0 29.799999999999983 671.38
20.0 29.799999999999983 671.38
20.0 29.799999999999983 671.38
20.0 29.799999999999983 671.38
20.0 29.839999999999982 671.38
20.0 29.839999999999982 671.38
20.0 29.819999999999983 671.38
20.0 29.819999999999983 671.38
20.0 29.819999999999983 671.38
20.0 29.819999999999983 671.38
20.0 29.819999999999983 671.38
20.0 29.819999999999983 671.38
20.0 29.819999999999983 671.38
20.0 29.819999999999983 671.38
20.0 29.819999999999983 671.38
20.0 29.819999999999983 671.38
20.0 29.839999999999982 671.38
20.0 29.839999999999982 671.38
20.0 29.839999999999982 671.38
20.0 29.839999999999982 671.38
20.0 29.839999999999982 671.38
20.0 29.839999999999982 671.38
20.0 29.839999999999982 671.38
20.0 29.839999999999982 671.38
20.0 29.839999999999982 671.38
20.0 29.839999999999982 671.38
20.0 29.799999999999983 671.38
20.0 29.799999999999983 671.38
20.0 29.839999999999982 671.38
20.0 29.839999999999982 671.38
20.0 29.819999999999983 671.38
20.0 29.819999999999983 671.38
20.0 29.85999999999998 671.38
20.0 29.85999999999998 671.38
20.0 29.85999999999998 671.38
20.0 29.85999999999998 671.38
20.0 29.89999999999998 671.38
20.0 29.89999999999998 671.38
20.0 29.89999999999998 671.38
20.0 29.89999999999998 671.38
20.0 29.89999999999998 671.38
20.0 29.89999999999998 671.38
20.0 29.87999999999998 671.38
20.0 29.87999999999998 671.38
20.0 29.839999999999982 671.38
20.0 29.839999999999982 671.38
20.0 29.839999999999982 671.38
20.0 29.839999999999982 671.38
20.0 29.839999999999982 671.38
20.0 29.839999999999982 671.38
20.0 29.839999999999982 671.38
20.0 29.839999999999982 671.38
20.0 29.839999999999982 671.38
20.0 29.839999999999982 671.38
20.0 29.839999999999982 671.38
20.0 29.839999999999982 671.38
20.0 29.819999999999983 671.38
20.0 29.819999999999983 671.38
20.0 29.799999999999983 671.38
20.0 29.799999999999983 671.38
20.0 29.819999999999983 671.38
20.0 29.819999999999983 671.38
20.0 29.819999999999983 671.38
20.0 29.819999999999983 671.38
20.0 29.839999999999982 671.38
20.0 29.839999999999982 671.38
20.0 29.87999999999998 671.38
20.0 29.87999999999998 671.38
20.0 29.89999999999998 671.38
20.0 29.89999999999998 671.38
20.0 29.93999999999998 671.38
20.0 29.93999999999998 671.38
20.0 29.95999999999998 671.38
20.0 29.95999999999998 671.38
28.0 20.0 671.38
28.0 0.0 671.38
28.0 20.0 671.38
28.0 0.0 671.38
28.0 20.0 671.38
28.0 0.0 671.38
28.0 20.0 671.38
28.0 0.0 671.38
20.699999999999797 7.98 671.38
0.6999999999997968 27.98 671.38
20.699999999999797 27.98 671.38
16.989999999999757 18.909999999999986 671.38
11.989999999999958 16.009999999999533 671.38
7.010000000000021 15.989999999999377 671.38
7.99 0.9500000000000006 671.38
7.009999999999936 9.99 671.38
15.0 2.9800000000000004 671.38
12.680000000000007 0.9799999999999989 671.38
13.989999999999979 18.689999999999483 671.38
15.539999999999699 15.999999999999533 671.38
0.9900000000001554 5.9900000000000215 671.38
9.96 12.43999999999999 671.38
8.99 7.069999999999913 671.38
17.99999999999953 4.019999999999978 671.38
3.99 3.9700000000000006 671.38
5.0399999999999565 13.019999999999957 671.38
1.0600000000000007 10.039999999999978 671.38
1.01 2.010000000000021 671.38
12.04 5.019999999999978 671.38
1.03 12.989999999999958 671.38
9.99 2.010000000000156 671.38
7.000000000000021 3.9399999999999586 671.38
3.8700000000000454 18.96999999999984 671.38
16.98999999999975 0.010000000000154755 671.38
18.019999999999996 16.25999999999957 671.38
4.8500000000000245 1.0100000000000007 671.38
4.009999999999957 7.950000000000001 671.38
16.04999999999954 6.99 671.38
13.01 9.46999999999999 671.38
1.5200000000000422 16.039999999999964 671.38
17.999999999999687 9.999999999999979 671.38
9.009999999999978 18.009999999999376 671.38
15.849999999999223 12.989999999999958 671.38
-10 12 671.38
-10 12 671.38
-7 9 671.38
-7 9 671.38
-10 -8 671.38
-10 -8 671.38
-7 -11 671.38
-7 -11 671.38
-8 -16 671.38
-8 -16 671.38
0.0 -11.0 671.38
0.0 -11.0 671.38
0.0 -11.0 671.38
0.0 -11.0 671.38
0.0 -11.0 671.38
0.0 -11.0 671.38
0.0 -11.0 671.38
0.0 -11.0 671.38
0.0 -11.0 671.38
0.0 -11.0 671.38
0.0 -11.0 671.38
0.0 -11.0 671.38
0.0 -11.0 671.38
0.0 -11.0 671.38
0.0 -11.02 671.38
0.0 -11.02 671.38
0.0 -11.0 671.38
0.0 -11.0 671.38
0.0 -10.98 671.38
0.0 -10.98 671.38
0.0 -10.96 671.38
0.0 -10.96 671.38
0.0 -10.96 671.38
0.0 -10.96 671.38
0.0 -10.96 671.38
0.0 -10.96 671.38
0.0 -10.96 671.38
0.0 -10.96 671.38
0.0 -10.98 671.38
0.0 -10.98 671.38
0.0 -11.0 671.38
0.0 -11.0 671.38
0.0 -11.0 671.38
0.0 -11.0 671.38
0.0 -11.0 671.38
0.0 -11.0 671.38
0.0 -11.0 671.38
0.0 -11.0 671.38
0.0 -11.0 671.38
0.0 -11.0 671.38
0.0 -11.0 671.38
0.0 -11.0 671.38
0.0 -10.900000000000002 671.38
0.0 -10.900000000000002 671.38
0.0 -10.880000000000003 671.38
0.0 -10.880000000000003 671.38
0.0 -10.860000000000003 671.38
0.0 -10.860000000000003 671.38
0.0 -10.840000000000003 671.38
0.0 -10.840000000000003 671.38
0.0 -10.840000000000003 671.38
0.0 -10.840000000000003 671.38
0.0 -10.820000000000004 671.38
0.0 -10.820000000000004 671.38
0.0 -10.820000000000004 671.38
0.0 -10.820000000000004 671.38
0.0 -10.820000000000004 671.38
0.0 -10.820000000000004 671.38
0.0 -10.840000000000003 671.38
0.0 -10.840000000000003 671.38
0.0 -10.820000000000004 671.38
0.0 -10.820000000000004 671.38
0.0 -10.820000000000004 671.38
0.0 -10.820000000000004 671.38
0.0 -10.840000000000003 671.38
0.0 -10.840000000000003 671.38
0.0 -10.840000000000003 671.38
0.0 -10.840000000000003 671.38
-5.01 -17.030000000000005 671.38
-5.01 -17.030000000000005 671.38
0.0 -10.840000000000003 671.38
0.0 -10.840000000000003 671.38
0.0 -10.840000000000003 671.38
0.0 -10.840000000000003 671.38
0.0 -10.860000000000003 671.38
0.0 -10.860000000000003 671.38
0.0 -10.860000000000003 671.38
0.0 -10.860000000000003 671.38
0.0 -10.840000000000003 671.38
0.0 -10.840000000000003 671.38
0.0 -10.820000000000004 671.38
0.0 -10.820000000000004 671.38
0.0 -10.820000000000004 671.38
0.0 -10.820000000000004 671.38
0.0 -10.820000000000004 671.38
0.0 -10.820000000000004 671.38
0.0 -10.840000000000003 671.38
0.0 -10.840000000000003 671.38
0.0 -10.840000000000003 671.38
0.0 -10.840000000000003 671.38
0.0 -10.860000000000003 671.38
0.0 -10.860000000000003 671.38
0.0 -10.860000000000003 671.38
0.0 -10.860000000000003 671.38
0.0 -10.840000000000003 671.38
0.0 -10.840000000000003 671.38
0.0 -10.860000000000003 671.38
0.0 -10.860000000000003 671.38
0.0 -10.860000000000003 671.38
0.0 -10.860000000000003 671.38
0.0 -10.880000000000003 671.38
0.0 -10.880000000000003 671.38
0.0 -10.860000000000003 671.38
0.0 -10.860000000000003 671.38
0.0 -10.860000000000003 671.38
0.0 -10.860000000000003 671.38
0.0 -10.880000000000003 671.38
0.0 -10.880000000000003 671.38
0.0 -10.900000000000002 671.38
0.0 -10.900000000000002 671.38
0.0 -10.920000000000002 671.38
0.0 -10.920000000000002 671.38
0.0 -10.940000000000001 671.38
0.0 -10.940000000000001 671.38
0.0 -10.940000000000001 671.38
0.0 -10.940000000000001 671.38
0.0 -10.940000000000001 671.38
0.0 -10.940000000000001 671.38
0.0 -10.920000000000002 671.38
0.0 -10.920000000000002 671.38
0.0 -10.920000000000002 671.38
0.0 -10.920000000000002 671.38
0.0 -10.920000000000002 671.38
0.0 -10.920000000000002 671.38
0.0 -10.900000000000002 671.38
0.0 -10.900000000000002 671.38
0.0 -10.880000000000003 671.38
0.0 -10.880000000000003 671.38
0.0 -10.880000000000003 671.38
0.0 -10.880000000000003 671.38
0.0 -10.880000000000003 671.38
0.0 -10.880000000000003 671.38
0.0 -10.860000000000003 671.38
0.0 -10.860000000000003 671.38
0.0 -10.860000000000003 671.38
0.0 -10.860000000000003 671.38
0.0 -10.840000000000003 671.38
0.0 -10.840000000000003 671.38
0.0 -10.840000000000003 671.38
0.0 -10.840000000000003 671.38
0.0 -10.820000000000004 671.38
0.0 -10.820000000000004 671.38
0.0 -10.820000000000004 671.38
0.0 -10.820000000000004 671.38
0.0 -10.840000000000003 671.38
0.0 -10.840000000000003 671.38
0.0 -10.860000000000003 671.38
0.0 -10.860000000000003 671.38
0.0 -10.820000000000004 671.38
0.0 -10.820000000000004 671.38
0.0 -10.820000000000004 671.38
0.0 -10.820000000000004 671.38
0.0 -10.840000000000003 671.38
0.0 -10.840000000000003 671.38
0.0 -10.840000000000003 671.38
0.0 -10.840000000000003 671.38
0.0 -10.840000000000003 671.38
0.0 -10.840000000000003 671.38
0.0 -10.840000000000003 671.38
0.0 -10.840000000000003 671.38
0.0 -10.840000000000003 671.38
0.0 -10.840000000000003 671.38
0.0 -10.820000000000004 671.38
0.0 -10.820000000000004 671.38
0.0 -10.820000000000004 671.38
0.0 -10.820000000000004 671.38
0.0 -10.820000000000004 671.38
0.0 -10.820000000000004 671.38
0.0 -10.820000000000004 671.38
0.0 -10.820000000000004 671.38
0.0 -10.820000000000004 671.38
0.0 -10.820000000000004 671.38
0.0 -10.800000000000004 671.38
0.0 -10.800000000000004 671.38
0.0 -10.800000000000004 671.38
0.0 -10.800000000000004 671.38
0.0 -10.800000000000004 671.38
0.0 -10.800000000000004 671.38
0.0 -10.800000000000004 671.38
0.0 -10.800000000000004 671.38
0.0 -10.780000000000005 671.38
0.0 -10.780000000000005 671.38
0.0 -10.760000000000005 671.38
0.0 -10.760000000000005 671.38
0.0 -10.740000000000006 671.38
0.0 -10.740000000000006 671.38
0.0 -10.760000000000005 671.38
0.0 -10.760000000000005 671.38
0.0 -10.760000000000005 671.38
0.0 -10.760000000000005 671.38
0.0 -10.740000000000006 671.38
0.0 -10.740000000000006 671.38
0.0 -10.760000000000005 671.38
0.0 -10.760000000000005 671.38
0.0 -10.740000000000006 671.38
0.0 -10.740000000000006 671.38
0.0 -10.740000000000006 671.38
0.0 -10.740000000000006 671.38
0.0 -10.720000000000006 671.38
0.0 -10.720000000000006 671.38
0.0 -10.720000000000006 671.38
0.0 -10.720000000000006 671.38
0.0 -10.700000000000006 671.38
0.0 -10.700000000000006 671.38
0.0 -10.720000000000006 671.38
0.0 -10.720000000000006 671.38
0.0 -10.720000000000006 671.38
0.0 -10.720000000000006 671.38
0.0 -10.740000000000006 671.38
0.0 -10.740000000000006 671.38
0.0 -10.740000000000006 671.38
0.0 -10.740000000000006 671.38
0.0 -10.720000000000006 671.38
0.0 -10.720000000000006 671.38
0.0 -10.720000000000006 671.38
0.0 -10.720000000000006 671.38
0.0 -10.740000000000006 671.38
0.0 -10.740000000000006 671.38
0.0 -10.740000000000006 671.38
0.0 -10.740000000000006 671.38
0.0 -10.720000000000006 671.38
0.0 -10.720000000000006 671.38
0.0 -10.720000000000006 671.38
0.0 -10.720000000000006 671.38
0.0 -10.720000000000006 671.38
0.0 -10.720000000000006 671.38
0.0 -10.700000000000006 671.38
0.0 -10.700000000000006 671.38
0.0 -10.700000000000006 671.38
0.0 -10.700000000000006 671.38
0.0 -10.700000000000006 671.38
0.0 -10.700000000000006 671.38
0.0 -10.720000000000006 671.38
0.0 -10.720000000000006 671.38
0.0 -10.700000000000006 671.38
0.0 -10.700000000000006 671.38
0.0 -10.720000000000006 671.38
0.0 -10.720000000000006 671.38
0.0 -10.720000000000006 671.38
0.0 -10.720000000000006 671.38
0.0 -10.740000000000006 671.38
0.0 -10.740000000000006 671.38
0.0 -10.740000000000006 671.38
0.0 -10.740000000000006 671.38
0.0 -10.720000000000006 671.38
0.0 -10.720000000000006 671.38
0.0 -10.700000000000006 671.38
0.0 -10.700000000000006 671.38
0.0 -10.700000000000006 671.38
0.0 -10.700000000000006 671.38
0.0 -10.720000000000006 671.38
0.0 -10.720000000000006 671.38
0.0 -10.700000000000006 671.38
0.0 -10.700000000000006 671.38
0.0 -10.680000000000007 671.38
0.0 -10.680000000000007 671.38
0.0 -10.680000000000007 671.38
0.0 -10.680000000000007 671.38
0.0 -10.660000000000007 671.38
0.0 -10.660000000000007 671.38
0.0 -10.660000000000007 671.38
0.0 -10.660000000000007 671.38
0.0 -10.660000000000007 671.38
0.0 -10.660000000000007 671.38
0.0 -10.660000000000007 671.38
0.0 -10.660000000000007 671.38
0.0 -10.660000000000007 671.38
0.0 -10.660000000000007 671.38
0.0 -10.680000000000007 671.38
0.0 -10.680000000000007 671.38
0.0 -10.660000000000007 671.38
0.0 -10.660000000000007 671.38
0.0 -10.660000000000007 671.38
0.0 -10.660000000000007 671.38
0.0 -10.660000000000007 671.38
0.0 -10.660000000000007 671.38
0.0 -10.680000000000007 671.38
0.0 -10.680000000000007 671.38
0.0 -10.700000000000006 671.38
0.0 -10.700000000000006 671.38
0.0 -10.720000000000006 671.38
0.0 -10.720000000000006 671.38
0.0 -10.720000000000006 671.38
0.0 -10.720000000000006 671.38
0.0 -10.700000000000006 671.38
0.0 -10.700000000000006 671.38
0.0 -10.720000000000006 671.38
0.0 -10.720000000000006 671.38
0.0 -10.680000000000007 671.38
0.0 -10.680000000000007 671.38
0.0 -10.660000000000007 671.38
0.0 -10.660000000000007 671.38
0.0 -10.640000000000008 671.38
0.0 -10.640000000000008 671.38
0.0 -10.620000000000008 671.38
0.0 -10.620000000000008 671.38
0.0 -10.620000000000008 671.38
0.0 -10.620000000000008 671.38
0.0 -10.620000000000008 671.38
0.0 -10.620000000000008 671.38
0.0 -10.640000000000008 671.38
0.0 -10.640000000000008 671.38
0.0 -10.640000000000008 671.38
0.0 -10.640000000000008 671.38
0.0 -10.640000000000008 671.38
0.0 -10.640000000000008 671.38
0.0 -10.620000000000008 671.38
0.0 -10.620000000000008 671.38
0.0 -10.600000000000009 671.38
0.0 -10.600000000000009 671.38
0.0 -10.580000000000009 671.38
0.0 -10.580000000000009 671.38
0.0 -10.580000000000009 671.38
0.0 -10.580000000000009 671.38
0.0 -10.580000000000009 671.38
0.0 -10.580000000000009 671.38
0.0 -10.56000000000001 671.38
0.0 -10.56000000000001 671.38
0.0 -10.580000000000009 671.38
0.0 -10.580000000000009 671.38
0.0 -10.580000000000009 671.38
0.0 -10.580000000000009 671.38
0.0 -10.56000000000001 671.38
0.0 -10.56000000000001 671.38
0.0 -10.56000000000001 671.38
0.0 -10.56000000000001 671.38
0.0 -10.54000000000001 671.38
0.0 -10.54000000000001 671.38
0.0 -10.56000000000001 671.38
0.0 -10.56000000000001 671.38
0.0 -10.54000000000001 671.38
0.0 -10.54000000000001 671.38
0.0 -10.54000000000001 671.38
0.0 -10.54000000000001 671.38
0.0 -10.280000000000015 671.38
0.0 -10.280000000000015 671.38
0.0 -10.240000000000016 671.38
0.0 -10.240000000000016 671.38
0.0 -10.240000000000016 671.38
0.0 -10.240000000000016 671.38
0.0 -10.220000000000017 671.38
0.0 -10.220000000000017 671.38
0.0 -10.200000000000017 671.38
0.0 -10.200000000000017 671.38
0.0 -10.200000000000017 671.38
0.0 -10.200000000000017 671.38
0.0 -10.200000000000017 671.38
0.0 -10.200000000000017 671.38
0.0 -10.160000000000018 671.38
0.0 -10.160000000000018 671.38
0.0 -10.180000000000017 671.38
0.0 -10.180000000000017 671.38
0.0 -10.180000000000017 671.38
0.0 -10.180000000000017 671.38
0.0 -10.180000000000017 671.38
0.0 -10.180000000000017 671.38
0.0 -10.180000000000017 671.38
0.0 -10.180000000000017 671.38
0.0 -10.180000000000017 671.38
0.0 -10.180000000000017 671.38
0.0 -10.160000000000018 671.38
0.0 -10.160000000000018 671.38
0.0 -10.160000000000018 671.38
0.0 -10.160000000000018 671.38
0.0 -10.160000000000018 671.38
0.0 -10.160000000000018 671.38
0.0 -10.160000000000018 671.38
0.0 -10.160000000000018 671.38
0.0 -10.160000000000018 671.38
0.0 -10.160000000000018 671.38
0.0 -10.200000000000017 671.38
0.0 -10.200000000000017 671.38
0.0 -10.160000000000018 671.38
0.0 -10.160000000000018 671.38
0.0 -10.180000000000017 671.38
0.0 -10.180000000000017 671.38
0.0 -10.140000000000018 671.38
0.0 -10.140000000000018 671.38
0.0 -10.140000000000018 671.38
0.0 -10.140000000000018 671.38
0.0 -10.10000000000002 671.38
0.0 -10.10000000000002 671.38
0.0 -10.10000000000002 671.38
0.0 -10.10000000000002 671.38
0.0 -10.10000000000002 671.38
0.0 -10.10000000000002 671.38
0.0 -10.120000000000019 671.38
0.0 -10.120000000000019 671.38
0.0 -10.160000000000018 671.38
0.0 -10.160000000000018 671.38
0.0 -10.160000000000018 671.38
0.0 -10.160000000000018 671.38
0.0 -10.160000000000018 671.38
0.0 -10.160000000000018 671.38
0.0 -10.160000000000018 671.38
0.0 -10.160000000000018 671.38
0.0 -10.160000000000018 671.38
0.0 -10.160000000000018 671.38
0.0 -10.160000000000018 671.38
0.0 -10.160000000000018 671.38
0.0 -10.180000000000017 671.38
0.0 -10.180000000000017 671.38
0.0 -10.200000000000017 671.38
0.0 -10.200000000000017 671.38
0.0 -10.180000000000017 671.38
0.0 -10.180000000000017 671.38
0.0 -10.180000000000017 671.38
0.0 -10.180000000000017 671.38
0.0 -10.160000000000018 671.38
0.0 -10.160000000000018 671.38
0.0 -10.120000000000019 671.38
0.0 -10.120000000000019 671.38
0.0 -10.10000000000002 671.38
0.0 -10.10000000000002 671.38
0.0 -10.06000000000002 671.38
0.0 -10.06000000000002 671.38
0.0 -10.04000000000002 671.38
0.0 -10.04000000000002 671.38
-8 4 671.38
-8 4 671.38
-5.01 2.9699999999999953 671.38
-5.01 2.9699999999999953 671.38
10 -8 671.38
10 -8 671.38
24 -6 671.38
24 -6 671.38
24 -10 671.38
24 -10 671.38
23 -9 671.38
23 -9 671.38
4 -6 671.38
4 -6 671.38
4 -10 671.38
4 -10 671.38
3 -9 671.38
3 -9 671.38
