0 29 669.299999999992
20 29 669.299999999992
13 29 669.299999999992
13 29 669.299999999992
26 0 669.299999999992
26 20 669.299999999992
24 14 669.299999999992
24 14 669.299999999992
24 4 669.299999999992
4 24 669.299999999992
24 24 669.299999999992
12 24 669.299999999992
12 24 669.299999999992
28 0 669.299999999992
28 20 669.299999999992
24 10 669.299999999992
24 10 669.299999999992
29 3 669.299999999992
9 23 669.299999999992
29 23 669.299999999992
23 11 669.299999999992
23 11 669.299999999992
20.0 29.0 669.299999999992
20.0 29.0 669.299999999992
26.0 20.0 669.299999999992
26.0 0.0 669.299999999992
26.0 20.0 669.299999999992
26.0 0.0 669.299999999992
20.0 29.0 669.299999999992
20.0 29.0 669.299999999992
25.98 20.0 669.299999999992
25.98 0.0 669.299999999992
25.98 20.0 669.299999999992
25.98 0.0 669.299999999992
25.98 20.0 669.299999999992
25.98 0.0 669.299999999992
25.98 20.0 669.299999999992
25.98 0.0 669.299999999992
25.94 20.0 669.299999999992
25.94 0.0 669.299999999992
25.94 20.0 669.299999999992
25.94 0.0 669.299999999992
20.0 29.0 669.299999999992
20.0 29.0 669.299999999992
20.0 29.0 669.299999999992
20.0 29.0 669.299999999992
27.98 20.0 669.299999999992
27.98 0.0 669.299999999992
27.98 20.0 669.299999999992
27.98 0.0 669.299999999992
20.0 29.0 669.299999999992
20.0 29.0 669.299999999992
20.0 29.0 669.299999999992
20.0 29.0 669.299999999992
28.02 20.0 669.299999999992
28.02 0.0 669.299999999992
28.02 20.0 669.299999999992
28.02 0.0 669.299999999992
25.900000000000002 20.0 669.299999999992
25.900000000000002 0.0 669.299999999992
25.900000000000002 20.0 669.299999999992
25.900000000000002 0.0 669.299999999992
25.900000000000002 20.0 669.299999999992
25.900000000000002 0.0 669.299999999992
25.900000000000002 20.0 669.299999999992
25.900000000000002 0.0 669.299999999992
25.900000000000002 20.0 669.299999999992
25.900000000000002 0.0 669.299999999992
25.900000000000002 20.0 669.299999999992
25.900000000000002 0.0 669.299999999992
25.880000000000003 20.0 669.299999999992
25.880000000000003 0.0 669.299999999992
25.880000000000003 20.0 669.299999999992
25.880000000000003 0.0 669.299999999992
20.0 29.0 669.299999999992
20.0 29.0 669.299999999992
25.880000000000003 20.0 669.299999999992
25.880000000000003 0.0 669.299999999992
25.880000000000003 20.0 669.299999999992
25.880000000000003 0.0 669.299999999992
28.0 20.0 669.299999999992
28.0 0.0 669.299999999992
28.0 20.0 669.299999999992
28.0 0.0 669.299999999992
25.860000000000003 20.0 669.299999999992
25.860000000000003 0.0 669.299999999992
25.860000000000003 20.0 669.299999999992
25.860000000000003 0.0 669.299999999992
25.840000000000003 20.0 669.299999999992
25.840000000000003 0.0 669.299999999992
25.840000000000003 20.0 669.299999999992
25.840000000000003 0.0 669.299999999992
28.0 20.0 669.299999999992
28.0 0.0 669.299999999992
28.0 20.0 669.299999999992
28.0 0.0 669.299999999992
25.820000000000004 20.0 669.299999999992
25.820000000000004 0.0 669.299999999992
25.820000000000004 20.0 669.299999999992
25.820000000000004 0.0 669.299999999992
25.820000000000004 20.0 669.299999999992
25.820000000000004 0.0 669.299999999992
25.820000000000004 20.0 669.299999999992
25.820000000000004 0.0 669.299999999992
20.0 28.98 669.299999999992
20.0 28.98 669.299999999992
25.800000000000004 20.0 669.299999999992
25.800000000000004 0.0 669.299999999992
25.800000000000004 20.0 669.299999999992
25.800000000000004 0.0 669.299999999992
25.780000000000005 20.0 669.299999999992
25.780000000000005 0.0 669.299999999992
25.780000000000005 20.0 669.299999999992
25.780000000000005 0.0 669.299999999992
25.780000000000005 20.0 669.299999999992
25.780000000000005 0.0 669.299999999992
25.780000000000005 20.0 669.299999999992
25.780000000000005 0.0 669.299999999992
28.0 20.0 669.299999999992
28.0 0.0 669.299999999992
28.0 20.0 669.299999999992
28.0 0.0 669.299999999992
25.780000000000005 20.0 669.299999999992
25.780000000000005 0.0 669.299999999992
25.780000000000005 20.0 669.299999999992
25.780000000000005 0.0 669.299999999992
20.0 29.0 669.299999999992
20.0 29.0 669.299999999992
25.780000000000005 20.0 669.299999999992
25.780000000000005 0.0 669.299999999992
25.780000000000005 20.0 669.299999999992
25.780000000000005 0.0 669.299999999992
28.0 20.0 669.299999999992
28.0 0.0 669.299999999992
28.0 20.0 669.299999999992
28.0 0.0 669.299999999992
20.0 29.02 669.299999999992
20.0 29.02 669.299999999992
27.98 20.0 669.299999999992
27.98 0.0 669.299999999992
27.98 20.0 669.299999999992
27.98 0.0 669.299999999992
27.98 20.0 669.299999999992
27.98 0.0 669.299999999992
27.98 20.0 669.299999999992
27.98 0.0 669.299999999992
28.0 20.0 669.299999999992
28.0 0.0 669.299999999992
28.0 20.0 669.299999999992
28.0 0.0 669.299999999992
25.740000000000006 20.0 669.299999999992
25.740000000000006 0.0 669.299999999992
25.740000000000006 20.0 669.299999999992
25.740000000000006 0.0 669.299999999992
25.720000000000006 20.0 669.299999999992
25.720000000000006 0.0 669.299999999992
25.720000000000006 20.0 669.299999999992
25.720000000000006 0.0 669.299999999992
27.98 20.0 669.299999999992
27.98 0.0 669.299999999992
27.98 20.0 669.299999999992
27.98 0.0 669.299999999992
25.700000000000006 20.0 669.299999999992
25.700000000000006 0.0 669.299999999992
25.700000000000006 20.0 669.299999999992
25.700000000000006 0.0 669.299999999992
28.0 20.0 669.299999999992
28.0 0.0 669.299999999992
28.0 20.0 669.299999999992
28.0 0.0 669.299999999992
25.700000000000006 20.0 669.299999999992
25.700000000000006 0.0 669.299999999992
25.700000000000006 20.0 669.299999999992
25.700000000000006 0.0 669.299999999992
20.0 29.04 669.299999999992
20.0 29.04 669.299999999992
20.0 29.04 669.299999999992
20.0 29.04 669.299999999992
20.0 29.04 669.299999999992
20.0 29.04 669.299999999992
25.54000000000001 20.0 669.299999999992
25.54000000000001 0.0 669.299999999992
25.54000000000001 20.0 669.299999999992
25.54000000000001 0.0 669.299999999992
20.0 29.04 669.299999999992
20.0 29.04 669.299999999992
25.52000000000001 20.0 669.299999999992
25.52000000000001 0.0 669.299999999992
25.52000000000001 20.0 669.299999999992
25.52000000000001 0.0 669.299999999992
25.50000000000001 20.0 669.299999999992
25.50000000000001 0.0 669.299999999992
25.50000000000001 20.0 669.299999999992
25.50000000000001 0.0 669.299999999992
20.0 29.02 669.299999999992
20.0 29.02 669.299999999992
25.48000000000001 20.0 669.299999999992
25.48000000000001 0.0 669.299999999992
25.48000000000001 20.0 669.299999999992
25.48000000000001 0.0 669.299999999992
28.0 20.0 669.299999999992
28.0 0.0 669.299999999992
28.0 20.0 669.299999999992
28.0 0.0 669.299999999992
28.0 20.0 669.299999999992
28.0 0.0 669.299999999992
28.0 20.0 669.299999999992
28.0 0.0 669.299999999992
25.46000000000001 20.0 669.299999999992
25.46000000000001 0.0 669.299999999992
25.46000000000001 20.0 669.299999999992
25.46000000000001 0.0 669.299999999992
20.0 29.0 669.299999999992
20.0 29.0 669.299999999992
25.420000000000012 20.0 669.299999999992
25.420000000000012 0.0 669.299999999992
25.420000000000012 20.0 669.299999999992
25.420000000000012 0.0 669.299999999992
25.380000000000013 20.0 669.299999999992
25.380000000000013 0.0 669.299999999992
25.380000000000013 20.0 669.299999999992
25.380000000000013 0.0 669.299999999992
25.360000000000014 20.0 669.299999999992
25.360000000000014 0.0 669.299999999992
25.360000000000014 20.0 669.299999999992
25.360000000000014 0.0 669.299999999992
20.0 29.0 669.299999999992
20.0 29.0 669.299999999992
25.360000000000014 20.0 669.299999999992
25.360000000000014 0.0 669.299999999992
25.360000000000014 20.0 669.299999999992
25.360000000000014 0.0 669.299999999992
20.0 29.0 669.299999999992
20.0 29.0 669.299999999992
25.300000000000015 20.0 669.299999999992
25.300000000000015 0.0 669.299999999992
25.300000000000015 20.0 669.299999999992
25.300000000000015 0.0 669.299999999992
20.0 29.0 669.299999999992
20.0 29.0 669.299999999992
28.0 20.0 669.299999999992
28.0 0.0 669.299999999992
28.0 20.0 669.299999999992
28.0 0.0 669.299999999992
25.280000000000015 20.0 669.299999999992
25.280000000000015 0.0 669.299999999992
25.280000000000015 20.0 669.299999999992
25.280000000000015 0.0 669.299999999992
25.240000000000016 20.0 669.299999999992
25.240000000000016 0.0 669.299999999992
25.240000000000016 20.0 669.299999999992
25.240000000000016 0.0 669.299999999992
20.0 29.0 669.299999999992
20.0 29.0 669.299999999992
25.220000000000017 20.0 669.299999999992
25.220000000000017 0.0 669.299999999992
25.220000000000017 20.0 669.299999999992
25.220000000000017 0.0 669.299999999992
20.0 29.0 669.299999999992
20.0 29.0 669.299999999992
28.0 20.0 669.299999999992
28.0 0.0 669.299999999992
28.0 20.0 669.299999999992
28.0 0.0 669.299999999992
28.0 20.0 669.299999999992
28.0 0.0 669.299999999992
28.0 20.0 669.299999999992
28.0 0.0 669.299999999992
25.160000000000018 20.0 669.299999999992
25.160000000000018 0.0 669.299999999992
25.160000000000018 20.0 669.299999999992
25.160000000000018 0.0 669.299999999992
25.14000000000002 20.0 669.299999999992
25.14000000000002 0.0 669.299999999992
25.14000000000002 20.0 669.299999999992
25.14000000000002 0.0 669.299999999992
27.98 20.0 669.299999999992
27.98 0.0 669.299999999992
27.98 20.0 669.299999999992
27.98 0.0 669.299999999992
25.14000000000002 20.0 669.299999999992
25.14000000000002 0.0 669.299999999992
25.14000000000002 20.0 669.299999999992
25.14000000000002 0.0 669.299999999992
25.12000000000002 20.0 669.299999999992
25.12000000000002 0.0 669.299999999992
25.12000000000002 20.0 669.299999999992
25.12000000000002 0.0 669.299999999992
25.12000000000002 20.0 669.299999999992
25.12000000000002 0.0 669.299999999992
25.12000000000002 20.0 669.299999999992
25.12000000000002 0.0 669.299999999992
20.0 29.099999999999998 669.299999999992
20.0 29.099999999999998 669.299999999992
20.0 29.119999999999997 669.299999999992
20.0 29.119999999999997 669.299999999992
20.0 29.139999999999997 669.299999999992
20.0 29.139999999999997 669.299999999992
24.98000000000002 20.0 669.299999999992
24.98000000000002 0.0 669.299999999992
24.98000000000002 20.0 669.299999999992
24.98000000000002 0.0 669.299999999992
20.0 29.159999999999997 669.299999999992
20.0 29.159999999999997 669.299999999992
20.0 29.159999999999997 669.299999999992
20.0 29.159999999999997 669.299999999992
25.02000000000002 20.0 669.299999999992
25.02000000000002 0.0 669.299999999992
25.02000000000002 20.0 669.299999999992
25.02000000000002 0.0 669.299999999992
25.02000000000002 20.0 669.299999999992
25.02000000000002 0.0 669.299999999992
25.02000000000002 20.0 669.299999999992
25.02000000000002 0.0 669.299999999992
25.00000000000002 20.0 669.299999999992
25.00000000000002 0.0 669.299999999992
25.00000000000002 20.0 669.299999999992
25.00000000000002 0.0 669.299999999992
25.00000000000002 20.0 669.299999999992
25.00000000000002 0.0 669.299999999992
25.00000000000002 20.0 669.299999999992
25.00000000000002 0.0 669.299999999992
24.98000000000002 20.0 669.299999999992
24.98000000000002 0.0 669.299999999992
24.98000000000002 20.0 669.299999999992
24.98000000000002 0.0 669.299999999992
24.960000000000022 20.0 669.299999999992
24.960000000000022 0.0 669.299999999992
24.960000000000022 20.0 669.299999999992
24.960000000000022 0.0 669.299999999992
24.940000000000023 20.0 669.299999999992
24.940000000000023 0.0 669.299999999992
24.940000000000023 20.0 669.299999999992
24.940000000000023 0.0 669.299999999992
24.920000000000023 20.0 669.299999999992
24.920000000000023 0.0 669.299999999992
24.920000000000023 20.0 669.299999999992
24.920000000000023 0.0 669.299999999992
20.0 29.179999999999996 669.299999999992
20.0 29.179999999999996 669.299999999992
20.0 29.179999999999996 669.299999999992
20.0 29.179999999999996 669.299999999992
20.0 29.179999999999996 669.299999999992
20.0 29.179999999999996 669.299999999992
20.0 29.159999999999997 669.299999999992
20.0 29.159999999999997 669.299999999992
20.0 29.179999999999996 669.299999999992
20.0 29.179999999999996 669.299999999992
20.0 29.179999999999996 669.299999999992
20.0 29.179999999999996 669.299999999992
20.0 29.159999999999997 669.299999999992
20.0 29.159999999999997 669.299999999992
20.0 29.159999999999997 669.299999999992
20.0 29.159999999999997 669.299999999992
14.99 22.969999999999995 669.299999999992
14.99 22.969999999999995 669.299999999992
20.0 29.159999999999997 669.299999999992
20.0 29.159999999999997 669.299999999992
20.0 29.159999999999997 669.299999999992
20.0 29.159999999999997 669.299999999992
20.0 29.139999999999997 669.299999999992
20.0 29.139999999999997 669.299999999992
20.0 29.139999999999997 669.299999999992
20.0 29.139999999999997 669.299999999992
20.0 29.159999999999997 669.299999999992
20.0 29.159999999999997 669.299999999992
20.0 29.179999999999996 669.299999999992
20.0 29.179999999999996 669.299999999992
20.0 29.179999999999996 669.299999999992
20.0 29.179999999999996 669.299999999992
28.0 20.0 669.299999999992
28.0 0.0 669.299999999992
28.0 20.0 669.299999999992
28.0 0.0 669.299999999992
27.98 20.0 669.299999999992
27.98 0.0 669.299999999992
27.98 20.0 669.299999999992
27.98 0.0 669.299999999992
20.0 29.179999999999996 669.299999999992
20.0 29.179999999999996 669.299999999992
28.0 20.0 669.299999999992
28.0 0.0 669.299999999992
28.0 20.0 669.299999999992
28.0 0.0 669.299999999992
20.0 29.159999999999997 669.299999999992
20.0 29.159999999999997 669.299999999992
20.0 29.159999999999997 669.299999999992
20.0 29.159999999999997 669.299999999992
28.0 20.0 669.299999999992
28.0 0.0 669.299999999992
28.0 20.0 669.299999999992
28.0 0.0 669.299999999992
20.0 29.139999999999997 669.299999999992
20.0 29.139999999999997 669.299999999992
20.0 29.139999999999997 669.299999999992
20.0 29.139999999999997 669.299999999992
28.0 20.0 669.299999999992
28.0 0.0 669.299999999992
28.0 20.0 669.299999999992
28.0 0.0 669.299999999992
20.0 29.159999999999997 669.299999999992
20.0 29.159999999999997 669.299999999992
20.0 29.139999999999997 669.299999999992
20.0 29.139999999999997 669.299999999992
20.0 29.139999999999997 669.299999999992
20.0 29.139999999999997 669.299999999992
20.0 29.119999999999997 669.299999999992
20.0 29.119999999999997 669.299999999992
28.0 20.0 669.299999999992
28.0 0.0 669.299999999992
28.0 20.0 669.299999999992
28.0 0.0 669.299999999992
20.0 29.139999999999997 669.299999999992
20.0 29.139999999999997 669.299999999992
20.0 29.139999999999997 669.299999999992
20.0 29.139999999999997 669.299999999992
20.0 29.119999999999997 669.299999999992
20.0 29.119999999999997 669.299999999992
20.0 29.099999999999998 669.299999999992
20.0 29.099999999999998 669.299999999992
28.0 20.0 669.299999999992
28.0 0.0 669.299999999992
28.0 20.0 669.299999999992
28.0 0.0 669.299999999992
20.0 29.08 669.299999999992
20.0 29.08 669.299999999992
28.0 20.0 669.299999999992
28.0 0.0 669.299999999992
28.0 20.0 669.299999999992
28.0 0.0 669.299999999992
28.0 20.0 669.299999999992
28.0 0.0 669.299999999992
28.0 20.0 669.299999999992
28.0 0.0 669.299999999992
20.0 29.06 669.299999999992
20.0 29.06 669.299999999992
20.0 29.06 669.299999999992
20.0 29.06 669.299999999992
28.0 20.0 669.299999999992
28.0 0.0 669.299999999992
28.0 20.0 669.299999999992
28.0 0.0 669.299999999992
20.0 29.06 669.299999999992
20.0 29.06 669.299999999992
28.0 20.0 669.299999999992
28.0 0.0 669.299999999992
28.0 20.0 669.299999999992
28.0 0.0 669.299999999992
20.0 29.08 669.299999999992
20.0 29.08 669.299999999992
20.0 29.08 669.299999999992
20.0 29.08 669.299999999992
20.0 29.08 669.299999999992
20.0 29.08 669.299999999992
25.00000000000002 20.0 669.299999999992
25.00000000000002 0.0 669.299999999992
25.00000000000002 20.0 669.299999999992
25.00000000000002 0.0 669.299999999992
20.0 29.099999999999998 669.299999999992
20.0 29.099999999999998 669.299999999992
20.0 29.119999999999997 669.299999999992
20.0 29.119999999999997 669.299999999992
20.0 29.119999999999997 669.299999999992
20.0 29.119999999999997 669.299999999992
20.0 29.119999999999997 669.299999999992
20.0 29.119999999999997 669.299999999992
27.98 20.0 669.299999999992
27.98 0.0 669.299999999992
27.98 20.0 669.299999999992
27.98 0.0 669.299999999992
25.00000000000002 20.0 669.299999999992
25.00000000000002 0.0 669.299999999992
25.00000000000002 20.0 669.299999999992
25.00000000000002 0.0 669.299999999992
25.00000000000002 20.0 669.299999999992
25.00000000000002 0.0 669.299999999992
25.00000000000002 20.0 669.299999999992
25.00000000000002 0.0 669.299999999992
25.00000000000002 20.0 669.299999999992
25.00000000000002 0.0 669.299999999992
25.00000000000002 20.0 669.299999999992
25.00000000000002 0.0 669.299999999992
20.0 29.139999999999997 669.299999999992
20.0 29.139999999999997 669.299999999992
20.0 29.139999999999997 669.299999999992
20.0 29.139999999999997 669.299999999992
28.02 20.0 669.299999999992
28.02 0.0 669.299999999992
28.02 20.0 669.299999999992
28.02 0.0 669.299999999992
20.0 29.159999999999997 669.299999999992
20.0 29.159999999999997 669.299999999992
25.00000000000002 20.0 669.299999999992
25.00000000000002 0.0 669.299999999992
25.00000000000002 20.0 669.299999999992
25.00000000000002 0.0 669.299999999992
24.98000000000002 20.0 669.299999999992
24.98000000000002 0.0 669.299999999992
24.98000000000002 20.0 669.299999999992
24.98000000000002 0.0 669.299999999992
25.00000000000002 20.0 669.299999999992
25.00000000000002 0.0 669.299999999992
25.00000000000002 20.0 669.299999999992
25.00000000000002 0.0 669.299999999992
20.0 29.159999999999997 669.299999999992
20.0 29.159999999999997 669.299999999992
28.0 20.0 669.299999999992
28.0 0.0 669.299999999992
28.0 20.0 669.299999999992
28.0 0.0 669.299999999992
20.0 29.179999999999996 669.299999999992
20.0 29.179999999999996 669.299999999992
20.0 29.179999999999996 669.299999999992
20.0 29.179999999999996 669.299999999992
24.98000000000002 20.0 669.299999999992
24.98000000000002 0.0 669.299999999992
24.98000000000002 20.0 669.299999999992
24.98000000000002 0.0 669.299999999992
20.0 29.159999999999997 669.299999999992
20.0 29.159999999999997 669.299999999992
20.0 29.139999999999997 669.299999999992
20.0 29.139999999999997 669.299999999992
28.0 20.0 669.299999999992
28.0 0.0 669.299999999992
28.0 20.0 669.299999999992
28.0 0.0 669.299999999992
25.00000000000002 20.0 669.299999999992
25.00000000000002 0.0 669.299999999992
25.00000000000002 20.0 669.299999999992
25.00000000000002 0.0 669.299999999992
20.0 29.179999999999996 669.299999999992
20.0 29.179999999999996 669.299999999992
28.0 20.0 669.299999999992
28.0 0.0 669.299999999992
28.0 20.0 669.299999999992
28.0 0.0 669.299999999992
28.0 20.0 669.299999999992
28.0 0.0 669.299999999992
28.0 20.0 669.299999999992
28.0 0.0 669.299999999992
20.0 29.179999999999996 669.299999999992
20.0 29.179999999999996 669.299999999992
28.0 20.0 669.299999999992
28.0 0.0 669.299999999992
28.0 20.0 669.299999999992
28.0 0.0 669.299999999992
20.0 29.159999999999997 669.299999999992
20.0 29.159999999999997 669.299999999992
20.0 29.159999999999997 669.299999999992
20.0 29.159999999999997 669.299999999992
20.0 29.159999999999997 669.299999999992
20.0 29.159999999999997 669.299999999992
27.98 20.0 669.299999999992
27.98 0.0 669.299999999992
27.98 20.0 669.299999999992
27.98 0.0 669.299999999992
20.0 29.159999999999997 669.299999999992
20.0 29.159999999999997 669.299999999992
20.0 29.159999999999997 669.299999999992
20.0 29.159999999999997 669.299999999992
28.0 20.0 669.299999999992
28.0 0.0 669.299999999992
28.0 20.0 669.299999999992
28.0 0.0 669.299999999992
20.0 29.179999999999996 669.299999999992
20.0 29.179999999999996 669.299999999992
20.0 29.179999999999996 669.299999999992
20.0 29.179999999999996 669.299999999992
20.0 29.179999999999996 669.299999999992
20.0 29.179999999999996 669.299999999992
20.0 29.179999999999996 669.299999999992
20.0 29.179999999999996 669.299999999992
24.960000000000022 20.0 669.299999999992
24.960000000000022 0.0 669.299999999992
24.960000000000022 20.0 669.299999999992
24.960000000000022 0.0 669.299999999992
24.960000000000022 20.0 669.299999999992
24.960000000000022 0.0 669.299999999992
24.960000000000022 20.0 669.299999999992
24.960000000000022 0.0 669.299999999992
24.940000000000023 20.0 669.299999999992
24.940000000000023 0.0 669.299999999992
24.940000000000023 20.0 669.299999999992
24.940000000000023 0.0 669.299999999992
28.0 20.0 669.299999999992
28.0 0.0 669.299999999992
28.0 20.0 669.299999999992
28.0 0.0 669.299999999992
20.0 29.179999999999996 669.299999999992
20.0 29.179999999999996 669.299999999992
24.960000000000022 20.0 669.299999999992
24.960000000000022 0.0 669.299999999992
24.960000000000022 20.0 669.299999999992
24.960000000000022 0.0 669.299999999992
20.0 29.199999999999996 669.299999999992
20.0 29.199999999999996 669.299999999992
28.0 20.0 669.299999999992
28.0 0.0 669.299999999992
28.0 20.0 669.299999999992
28.0 0.0 669.299999999992
20.0 29.199999999999996 669.299999999992
20.0 29.199999999999996 669.299999999992
28.0 20.0 669.299999999992
28.0 0.0 669.299999999992
28.0 20.0 669.299999999992
28.0 0.0 669.299999999992
20.0 29.199999999999996 669.299999999992
20.0 29.199999999999996 669.299999999992
20.0 29.199999999999996 669.299999999992
20.0 29.199999999999996 669.299999999992
24.960000000000022 20.0 669.299999999992
24.960000000000022 0.0 669.299999999992
24.960000000000022 20.0 669.299999999992
24.960000000000022 0.0 669.299999999992
20.0 29.219999999999995 669.299999999992
20.0 29.219999999999995 669.299999999992
27.98 20.0 669.299999999992
27.98 0.0 669.299999999992
27.98 20.0 669.299999999992
27.98 0.0 669.299999999992
24.98000000000002 20.0 669.299999999992
24.98000000000002 0.0 669.299999999992
24.98000000000002 20.0 669.299999999992
24.98000000000002 0.0 669.299999999992
20.0 29.239999999999995 669.299999999992
20.0 29.239999999999995 669.299999999992
20.0 29.259999999999994 669.299999999992
20.0 29.259999999999994 669.299999999992
20.0 29.239999999999995 669.299999999992
20.0 29.239999999999995 669.299999999992
20.0 29.239999999999995 669.299999999992
20.0 29.239999999999995 669.299999999992
28.0 20.0 669.299999999992
28.0 0.0 669.299999999992
28.0 20.0 669.299999999992
28.0 0.0 669.299999999992
28.0 20.0 669.299999999992
28.0 0.0 669.299999999992
28.0 20.0 669.299999999992
28.0 0.0 669.299999999992
28.02 20.0 669.299999999992
28.02 0.0 669.299999999992
28.02 20.0 669.299999999992
28.02 0.0 669.299999999992
20.0 29.259999999999994 669.299999999992
20.0 29.259999999999994 669.299999999992
28.0 20.0 669.299999999992
28.0 0.0 669.299999999992
28.0 20.0 669.299999999992
28.0 0.0 669.299999999992
28.0 20.0 669.299999999992
28.0 0.0 669.299999999992
28.0 20.0 669.299999999992
28.0 0.0 669.299999999992
20.0 29.239999999999995 669.299999999992
20.0 29.239999999999995 669.299999999992
28.0 20.0 669.299999999992
28.0 0.0 669.299999999992
28.0 20.0 669.299999999992
28.0 0.0 669.299999999992
20.0 29.259999999999994 669.299999999992
20.0 29.259999999999994 669.299999999992
20.0 29.259999999999994 669.299999999992
20.0 29.259999999999994 669.299999999992
27.98 20.0 669.299999999992
27.98 0.0 669.299999999992
27.98 20.0 669.299999999992
27.98 0.0 669.299999999992
28.0 20.0 669.299999999992
28.0 0.0 669.299999999992
28.0 20.0 669.299999999992
28.0 0.0 669.299999999992
20.0 29.279999999999994 669.299999999992
20.0 29.279999999999994 669.299999999992
28.0 20.0 669.299999999992
28.0 0.0 669.299999999992
28.0 20.0 669.299999999992
28.0 0.0 669.299999999992
20.0 29.279999999999994 669.299999999992
20.0 29.279999999999994 669.299999999992
28.0 20.0 669.299999999992
28.0 0.0 669.299999999992
28.0 20.0 669.299999999992
28.0 0.0 669.299999999992
20.0 29.299999999999994 669.299999999992
20.0 29.299999999999994 669.299999999992
20.0 29.279999999999994 669.299999999992
20.0 29.279999999999994 669.299999999992
20.0 29.279999999999994 669.299999999992
20.0 29.279999999999994 669.299999999992
28.0 20.0 669.299999999992
28.0 0.0 669.299999999992
28.0 20.0 669.299999999992
28.0 0.0 669.299999999992
20.0 29.259999999999994 669.299999999992
20.0 29.259999999999994 669.299999999992
20.0 29.259999999999994 669.299999999992
20.0 29.259999999999994 669.299999999992
28.0 20.0 669.299999999992
28.0 0.0 669.299999999992
28.0 20.0 669.299999999992
28.0 0.0 669.299999999992
20.0 29.279999999999994 669.299999999992
20.0 29.279999999999994 669.299999999992
28.0 20.0 669.299999999992
28.0 0.0 669.299999999992
28.0 20.0 669.299999999992
28.0 0.0 669.299999999992
20.0 29.279999999999994 669.299999999992
20.0 29.279999999999994 669.299999999992
20.0 29.259999999999994 669.299999999992
20.0 29.259999999999994 669.299999999992
20.0 29.259999999999994 669.299999999992
20.0 29.259999999999994 669.299999999992
20.0 29.279999999999994 669.299999999992
20.0 29.279999999999994 669.299999999992
28.0 20.0 669.299999999992
28.0 0.0 669.299999999992
28.0 20.0 669.299999999992
28.0 0.0 669.299999999992
20.0 29.279999999999994 669.299999999992
20.0 29.279999999999994 669.299999999992
20.0 29.279999999999994 669.299999999992
20.0 29.279999999999994 669.299999999992
28.0 20.0 669.299999999992
28.0 0.0 669.299999999992
28.0 20.0 669.299999999992
28.0 0.0 669.299999999992
28.0 20.0 669.299999999992
28.0 0.0 669.299999999992
28.0 20.0 669.299999999992
28.0 0.0 669.299999999992
20.0 29.299999999999994 669.299999999992
20.0 29.299999999999994 669.299999999992
20.0 29.299999999999994 669.299999999992
20.0 29.299999999999994 669.299999999992
20.0 29.299999999999994 669.299999999992
20.0 29.299999999999994 669.299999999992
20.0 29.279999999999994 669.299999999992
20.0 29.279999999999994 669.299999999992
20.0 29.299999999999994 669.299999999992
20.0 29.299999999999994 669.299999999992
20.0 29.279999999999994 669.299999999992
20.0 29.279999999999994 669.299999999992
20.0 29.279999999999994 669.299999999992
20.0 29.279999999999994 669.299999999992
20.0 29.259999999999994 669.299999999992
20.0 29.259999999999994 669.299999999992
28.0 20.0 669.299999999992
28.0 0.0 669.299999999992
28.0 20.0 669.299999999992
28.0 0.0 669.299999999992
20.0 29.259999999999994 669.299999999992
20.0 29.259999999999994 669.299999999992
20.0 29.279999999999994 669.299999999992
20.0 29.279999999999994 669.299999999992
28.0 20.0 669.299999999992
28.0 0.0 669.299999999992
28.0 20.0 669.299999999992
28.0 0.0 669.299999999992
28.0 20.0 669.299999999992
28.0 0.0 669.299999999992
28.0 20.0 669.299999999992
28.0 0.0 669.299999999992
20.0 29.299999999999994 669.299999999992
20.0 29.299999999999994 669.299999999992
28.0 20.0 669.299999999992
28.0 0.0 669.299999999992
28.0 20.0 669.299999999992
28.0 0.0 669.299999999992
20.0 29.299999999999994 669.299999999992
20.0 29.299999999999994 669.299999999992
20.0 29.279999999999994 669.299999999992
20.0 29.279999999999994 669.299999999992
28.0 20.0 669.299999999992
28.0 0.0 669.299999999992
28.0 20.0 669.299999999992
28.0 0.0 669.299999999992
20.0 29.299999999999994 669.299999999992
20.0 29.299999999999994 669.299999999992
28.0 20.0 669.299999999992
28.0 0.0 669.299999999992
28.0 20.0 669.299999999992
28.0 0.0 669.299999999992
20.0 29.319999999999993 669.299999999992
20.0 29.319999999999993 669.299999999992
25.00000000000002 20.0 669.299999999992
25.00000000000002 0.0 669.299999999992
25.00000000000002 20.0 669.299999999992
25.00000000000002 0.0 669.299999999992
28.0 20.0 669.299999999992
28.0 0.0 669.299999999992
28.0 20.0 669.299999999992
28.0 0.0 669.299999999992
20.0 29.319999999999993 669.299999999992
20.0 29.319999999999993 669.299999999992
20.0 29.339999999999993 669.299999999992
20.0 29.339999999999993 669.299999999992
25.00000000000002 20.0 669.299999999992
25.00000000000002 0.0 669.299999999992
25.00000000000002 20.0 669.299999999992
25.00000000000002 0.0 669.299999999992
20.0 29.339999999999993 669.299999999992
20.0 29.339999999999993 669.299999999992
25.00000000000002 20.0 669.299999999992
25.00000000000002 0.0 669.299999999992
25.00000000000002 20.0 669.299999999992
25.00000000000002 0.0 669.299999999992
25.00000000000002 20.0 669.299999999992
25.00000000000002 0.0 669.299999999992
25.00000000000002 20.0 669.299999999992
25.00000000000002 0.0 669.299999999992
20.0 29.339999999999993 669.299999999992
20.0 29.339999999999993 669.299999999992
20.0 29.339999999999993 669.299999999992
20.0 29.339999999999993 669.299999999992
20.0 29.339999999999993 669.299999999992
20.0 29.339999999999993 669.299999999992
20.0 29.319999999999993 669.299999999992
20.0 29.319999999999993 669.299999999992
20.0 29.339999999999993 669.299999999992
20.0 29.339999999999993 669.299999999992
20.0 29.339999999999993 669.299999999992
20.0 29.339999999999993 669.299999999992
25.00000000000002 20.0 669.299999999992
25.00000000000002 0.0 669.299999999992
25.00000000000002 20.0 669.299999999992
25.00000000000002 0.0 669.299999999992
25.00000000000002 20.0 669.299999999992
25.00000000000002 0.0 669.299999999992
25.00000000000002 20.0 669.299999999992
25.00000000000002 0.0 669.299999999992
20.0 29.339999999999993 669.299999999992
20.0 29.339999999999993 669.299999999992
20.0 29.319999999999993 669.299999999992
20.0 29.319999999999993 669.299999999992
20.0 29.299999999999994 669.299999999992
20.0 29.299999999999994 669.299999999992
28.0 20.0 669.299999999992
28.0 0.0 669.299999999992
28.0 20.0 669.299999999992
28.0 0.0 669.299999999992
20.0 29.279999999999994 669.299999999992
20.0 29.279999999999994 669.299999999992
27.98 20.0 669.299999999992
27.98 0.0 669.299999999992
27.98 20.0 669.299999999992
27.98 0.0 669.299999999992
20.0 29.279999999999994 669.299999999992
20.0 29.279999999999994 669.299999999992
27.98 20.0 669.299999999992
27.98 0.0 669.299999999992
27.98 20.0 669.299999999992
27.98 0.0 669.299999999992
20.0 29.299999999999994 669.299999999992
20.0 29.299999999999994 669.299999999992
27.98 20.0 669.299999999992
27.98 0.0 669.299999999992
27.98 20.0 669.299999999992
27.98 0.0 669.299999999992
20.0 29.279999999999994 669.299999999992
20.0 29.279999999999994 669.299999999992
27.98 20.0 669.299999999992
27.98 0.0 669.299999999992
27.98 20.0 669.299999999992
27.98 0.0 669.299999999992
27.98 20.0 669.299999999992
27.98 0.0 669.299999999992
27.98 20.0 669.299999999992
27.98 0.0 669.299999999992
20.0 29.319999999999993 669.299999999992
20.0 29.319999999999993 669.299999999992
27.96 20.0 669.299999999992
27.96 0.0 669.299999999992
27.96 20.0 669.299999999992
27.96 0.0 669.299999999992
20.0 29.339999999999993 669.299999999992
20.0 29.339999999999993 669.299999999992
20.0 29.359999999999992 669.299999999992
20.0 29.359999999999992 669.299999999992
28.0 20.0 669.299999999992
28.0 0.0 669.299999999992
28.0 20.0 669.299999999992
28.0 0.0 669.299999999992
20.0 29.379999999999992 669.299999999992
20.0 29.379999999999992 669.299999999992
20.0 29.379999999999992 669.299999999992
20.0 29.379999999999992 669.299999999992
28.0 20.0 669.299999999992
28.0 0.0 669.299999999992
28.0 20.0 669.299999999992
28.0 0.0 669.299999999992
20.0 29.379999999999992 669.299999999992
20.0 29.379999999999992 669.299999999992
28.0 20.0 669.299999999992
28.0 0.0 669.299999999992
28.0 20.0 669.299999999992
28.0 0.0 669.299999999992
28.02 20.0 669.299999999992
28.02 0.0 669.299999999992
28.02 20.0 669.299999999992
28.02 0.0 669.299999999992
28.02 20.0 669.299999999992
28.02 0.0 669.299999999992
28.02 20.0 669.299999999992
28.02 0.0 669.299999999992
28.0 20.0 669.299999999992
28.0 0.0 669.299999999992
28.0 20.0 669.299999999992
28.0 0.0 669.299999999992
27.98 20.0 669.299999999992
27.98 0.0 669.299999999992
27.98 20.0 669.299999999992
27.98 0.0 669.299999999992
20.0 29.359999999999992 669.299999999992
20.0 29.359999999999992 669.299999999992
20.0 29.359999999999992 669.299999999992
20.0 29.359999999999992 669.299999999992
20.0 29.359999999999992 669.299999999992
20.0 29.359999999999992 669.299999999992
20.0 29.379999999999992 669.299999999992
20.0 29.379999999999992 669.299999999992
27.96 20.0 669.299999999992
27.96 0.0 669.299999999992
27.96 20.0 669.299999999992
27.96 0.0 669.299999999992
24.960000000000022 20.0 669.299999999992
24.960000000000022 0.0 669.299999999992
24.960000000000022 20.0 669.299999999992
24.960000000000022 0.0 669.299999999992
27.98 20.0 669.299999999992
27.98 0.0 669.299999999992
27.98 20.0 669.299999999992
27.98 0.0 669.299999999992
24.940000000000023 20.0 669.299999999992
24.940000000000023 0.0 669.299999999992
24.940000000000023 20.0 669.299999999992
24.940000000000023 0.0 669.299999999992
24.940000000000023 20.0 669.299999999992
24.940000000000023 0.0 669.299999999992
24.940000000000023 20.0 669.299999999992
24.940000000000023 0.0 669.299999999992
28.0 20.0 669.299999999992
28.0 0.0 669.299999999992
28.0 20.0 669.299999999992
28.0 0.0 669.299999999992
28.0 20.0 669.299999999992
28.0 0.0 669.299999999992
28.0 20.0 669.299999999992
28.0 0.0 669.299999999992
24.940000000000023 20.0 669.299999999992
24.940000000000023 0.0 669.299999999992
24.940000000000023 20.0 669.299999999992
24.940000000000023 0.0 669.299999999992
24.960000000000022 20.0 669.299999999992
24.960000000000022 0.0 669.299999999992
24.960000000000022 20.0 669.299999999992
24.960000000000022 0.0 669.299999999992
20.0 29.39999999999999 669.299999999992
20.0 29.39999999999999 669.299999999992
20.0 29.41999999999999 669.299999999992
20.0 29.41999999999999 669.299999999992
27.98 20.0 669.299999999992
27.98 0.0 669.299999999992
27.98 20.0 669.299999999992
27.98 0.0 669.299999999992
20.0 29.41999999999999 669.299999999992
20.0 29.41999999999999 669.299999999992
27.98 20.0 669.299999999992
27.98 0.0 669.299999999992
27.98 20.0 669.299999999992
27.98 0.0 669.299999999992
24.960000000000022 20.0 669.299999999992
24.960000000000022 0.0 669.299999999992
24.960000000000022 20.0 669.299999999992
24.960000000000022 0.0 669.299999999992
27.98 20.0 669.299999999992
27.98 0.0 669.299999999992
27.98 20.0 669.299999999992
27.98 0.0 669.299999999992
27.98 20.0 669.299999999992
27.98 0.0 669.299999999992
27.98 20.0 669.299999999992
27.98 0.0 669.299999999992
27.96 20.0 669.299999999992
27.96 0.0 669.299999999992
27.96 20.0 669.299999999992
27.96 0.0 669.299999999992
20.0 29.41999999999999 669.299999999992
20.0 29.41999999999999 669.299999999992
20.0 29.43999999999999 669.299999999992
20.0 29.43999999999999 669.299999999992
27.96 20.0 669.299999999992
27.96 0.0 669.299999999992
27.96 20.0 669.299999999992
27.96 0.0 669.299999999992
27.96 20.0 669.299999999992
27.96 0.0 669.299999999992
27.96 20.0 669.299999999992
27.96 0.0 669.299999999992
27.98 20.0 669.299999999992
27.98 0.0 669.299999999992
27.98 20.0 669.299999999992
27.98 0.0 669.299999999992
20.0 29.41999999999999 669.299999999992
20.0 29.41999999999999 669.299999999992
20.0 29.41999999999999 669.299999999992
20.0 29.41999999999999 669.299999999992
20.0 29.43999999999999 669.299999999992
20.0 29.43999999999999 669.299999999992
20.0 29.43999999999999 669.299999999992
20.0 29.43999999999999 669.299999999992
20.0 29.45999999999999 669.299999999992
20.0 29.45999999999999 669.299999999992
20.0 29.43999999999999 669.299999999992
20.0 29.43999999999999 669.299999999992
20.0 29.45999999999999 669.299999999992
20.0 29.45999999999999 669.299999999992
20.0 29.45999999999999 669.299999999992
20.0 29.45999999999999 669.299999999992
20.0 29.719999999999985 669.299999999992
20.0 29.719999999999985 669.299999999992
20.0 29.759999999999984 669.299999999992
20.0 29.759999999999984 669.299999999992
20.0 29.759999999999984 669.299999999992
20.0 29.759999999999984 669.299999999992
20.0 29.779999999999983 669.299999999992
20.0 29.779999999999983 669.299999999992
20.0 29.799999999999983 669.299999999992
20.0 29.799999999999983 669.299999999992
20.0 29.799999999999983 669.299999999992
20.0 29.799999999999983 669.299999999992
20.0 29.799999999999983 669.299999999992
20.0 29.799999999999983 669.299999999992
20.0 29.839999999999982 669.299999999992
20.0 29.839999999999982 669.299999999992
20.0 29.819999999999983 669.299999999992
20.0 29.819999999999983 669.299999999992
20.0 29.819999999999983 669.299999999992
20.0 29.819999999999983 669.299999999992
20.0 29.819999999999983 669.299999999992
20.0 29.819999999999983 669.299999999992
20.0 29.819999999999983 669.299999999992
20.0 29.819999999999983 669.299999999992
20.0 29.819999999999983 669.299999999992
20.0 29.819999999999983 669.299999999992
20.0 29.839999999999982 669.299999999992
20.0 29.839999999999982 669.299999999992
20.0 29.839999999999982 669.299999999992
20.0 29.839999999999982 669.299999999992
20.0 29.839999999999982 669.299999999992
20.0 29.839999999999982 669.299999999992
20.0 29.839999999999982 669.299999999992
20.0 29.839999999999982 669.299999999992
20.0 29.839999999999982 669.299999999992
20.0 29.839999999999982 669.299999999992
20.0 29.799999999999983 669.299999999992
20.0 29.799999999999983 669.299999999992
20.0 29.839999999999982 669.299999999992
20.0 29.839999999999982 669.299999999992
20.0 29.819999999999983 669.299999999992
20.0 29.819999999999983 669.299999999992
20.0 29.85999999999998 669.299999999992
20.0 29.85999999999998 669.299999999992
20.0 29.85999999999998 669.299999999992
20.0 29.85999999999998 669.299999999992
20.0 29.89999999999998 669.299999999992
20.0 29.89999999999998 669.299999999992
20.0 29.89999999999998 669.299999999992
20.0 29.89999999999998 669.299999999992
20.0 29.89999999999998 669.299999999992
20.0 29.89999999999998 669.299999999992
20.0 29.87999999999998 669.299999999992
20.0 29.87999999999998 669.299999999992
20.0 29.839999999999982 669.299999999992
20.0 29.839999999999982 669.299999999992
20.0 29.839999999999982 669.299999999992
20.0 29.839999999999982 669.299999999992
20.0 29.839999999999982 669.299999999992
20.0 29.839999999999982 669.299999999992
20.0 29.839999999999982 669.299999999992
20.0 29.839999999999982 669.299999999992
20.0 29.839999999999982 669.299999999992
20.0 29.839999999999982 669.299999999992
20.0 29.839999999999982 669.299999999992
20.0 29.839999999999982 669.299999999992
20.0 29.819999999999983 669.299999999992
20.0 29.819999999999983 669.299999999992
20.0 29.799999999999983 669.299999999992
20.0 29.799999999999983 669.299999999992
20.0 29.819999999999983 669.299999999992
20.0 29.819999999999983 669.299999999992
20.0 29.819999999999983 669.299999999992
20.0 29.819999999999983 669.299999999992
20.0 29.839999999999982 669.299999999992
20.0 29.839999999999982 669.299999999992
20.0 29.87999999999998 669.299999999992
20.0 29.87999999999998 669.299999999992
20.0 29.89999999999998 669.299999999992
20.0 29.89999999999998 669.299999999992
20.0 29.93999999999998 669.299999999992
20.0 29.93999999999998 669.299999999992
20.0 29.95999999999998 669.299999999992
20.0 29.95999999999998 669.299999999992
28.0 20.0 669.299999999992
28.0 0.0 669.299999999992
28.0 20.0 669.299999999992
28.0 0.0 669.299999999992
28.0 20.0 669.299999999992
28.0 0.0 669.299999999992
28.0 20.0 669.299999999992
28.0 0.0 669.299999999992
20.479999999999762 7.960000000000001 669.299999999992
0.4799999999997624 27.96 669.299999999992
20.479999999999762 27.96 669.299999999992
1.0000000000000007 10.019999999999978 669.299999999992
12.0 4.999999999999979 669.299999999992
6.9900000000000215 16.009999999999376 669.299999999992
15.859999999999223 12.979999999999958 669.299999999992
12.99 9.46999999999999 669.299999999992
15.349999999999703 16.009999999999533 669.299999999992
9.99 1.9900000000001563 669.299999999992
16.989999999999757 18.99 669.299999999992
4.0 4.0 669.299999999992
14.99 3.0299999999999994 669.299999999992
4.999999999999957 13.159999999999954 669.299999999992
1.0 12.999999999999957 669.299999999992
3.7800000000000473 18.999999999999844 669.299999999992
6.9900000000000215 4.2299999999999525 669.299999999992
0.98 1.8600000000000212 669.299999999992
15.969999999999533 7.01 669.299999999992
18.009999999999994 16.069999999999542 669.299999999992
12.019999999999957 15.999999999999533 669.299999999992
17.029999999999756 0.15000000000015476 669.299999999992
8.0 0.9400000000000006 669.299999999992
9.0 7.039999999999914 669.299999999992
13.999999999999979 18.639999999999475 669.299999999992
18.029999999999692 9.989999999999979 669.299999999992
18.019999999999534 3.9999999999999787 669.299999999992
1.7200000000000424 15.99999999999996 669.299999999992
3.9999999999999574 7.98 669.299999999992
9.129999999999976 18.02999999999938 669.299999999992
9.99 12.229999999999995 669.299999999992
0.9800000000001554 5.940000000000023 669.299999999992
4.9000000000000234 1.0000000000000007 669.299999999992
12.790000000000004 0.9899999999999989 669.299999999992
7.019999999999936 10.0 669.299999999992
-10 12 669.299999999992
-10 12 669.299999999992
-7 9 669.299999999992
-7 9 669.299999999992
-10 -8 669.299999999992
-10 -8 669.299999999992
-7 -11 669.299999999992
-7 -11 669.299999999992
-8 -16 669.299999999992
-8 -16 669.299999999992
0.0 -11.0 669.299999999992
0.0 -11.0 669.299999999992
0.0 -11.0 669.299999999992
0.0 -11.0 669.299999999992
0.0 -11.0 669.299999999992
0.0 -11.0 669.299999999992
0.0 -11.0 669.299999999992
0.0 -11.0 669.299999999992
0.0 -11.0 669.299999999992
0.0 -11.0 669.299999999992
0.0 -11.0 669.299999999992
0.0 -11.0 669.299999999992
0.0 -11.0 669.299999999992
0.0 -11.0 669.299999999992
0.0 -11.02 669.299999999992
0.0 -11.02 669.299999999992
0.0 -11.0 669.299999999992
0.0 -11.0 669.299999999992
0.0 -10.98 669.299999999992
0.0 -10.98 669.299999999992
0.0 -10.96 669.299999999992
0.0 -10.96 669.299999999992
0.0 -10.96 669.299999999992
0.0 -10.96 669.299999999992
0.0 -10.96 669.299999999992
0.0 -10.96 669.299999999992
0.0 -10.96 669.299999999992
0.0 -10.96 669.299999999992
0.0 -10.98 669.299999999992
0.0 -10.98 669.299999999992
0.0 -11.0 669.299999999992
0.0 -11.0 669.299999999992
0.0 -11.0 669.299999999992
0.0 -11.0 669.299999999992
0.0 -11.0 669.299999999992
0.0 -11.0 669.299999999992
0.0 -11.0 669.299999999992
0.0 -11.0 669.299999999992
0.0 -11.0 669.299999999992
0.0 -11.0 669.299999999992
0.0 -11.0 669.299999999992
0.0 -11.0 669.299999999992
0.0 -10.900000000000002 669.299999999992
0.0 -10.900000000000002 669.299999999992
0.0 -10.880000000000003 669.299999999992
0.0 -10.880000000000003 669.299999999992
0.0 -10.860000000000003 669.299999999992
0.0 -10.860000000000003 669.299999999992
0.0 -10.840000000000003 669.299999999992
0.0 -10.840000000000003 669.299999999992
0.0 -10.840000000000003 669.299999999992
0.0 -10.840000000000003 669.299999999992
0.0 -10.820000000000004 669.299999999992
0.0 -10.820000000000004 669.299999999992
0.0 -10.820000000000004 669.299999999992
0.0 -10.820000000000004 669.299999999992
0.0 -10.820000000000004 669.299999999992
0.0 -10.820000000000004 669.299999999992
0.0 -10.840000000000003 669.299999999992
0.0 -10.840000000000003 669.299999999992
0.0 -10.820000000000004 669.299999999992
0.0 -10.820000000000004 669.299999999992
0.0 -10.820000000000004 669.299999999992
0.0 -10.820000000000004 669.299999999992
0.0 -10.840000000000003 669.299999999992
0.0 -10.840000000000003 669.299999999992
0.0 -10.840000000000003 669.299999999992
0.0 -10.840000000000003 669.299999999992
-5.01 -17.030000000000005 669.299999999992
-5.01 -17.030000000000005 669.299999999992
0.0 -10.840000000000003 669.299999999992
0.0 -10.840000000000003 669.299999999992
0.0 -10.840000000000003 669.299999999992
0.0 -10.840000000000003 669.299999999992
0.0 -10.860000000000003 669.299999999992
0.0 -10.860000000000003 669.299999999992
0.0 -10.860000000000003 669.299999999992
0.0 -10.860000000000003 669.299999999992
0.0 -10.840000000000003 669.299999999992
0.0 -10.840000000000003 669.299999999992
0.0 -10.820000000000004 669.299999999992
0.0 -10.820000000000004 669.299999999992
0.0 -10.820000000000004 669.299999999992
0.0 -10.820000000000004 669.299999999992
0.0 -10.820000000000004 669.299999999992
0.0 -10.820000000000004 669.299999999992
0.0 -10.840000000000003 669.299999999992
0.0 -10.840000000000003 669.299999999992
0.0 -10.840000000000003 669.299999999992
0.0 -10.840000000000003 669.299999999992
0.0 -10.860000000000003 669.299999999992
0.0 -10.860000000000003 669.299999999992
0.0 -10.860000000000003 669.299999999992
0.0 -10.860000000000003 669.299999999992
0.0 -10.840000000000003 669.299999999992
0.0 -10.840000000000003 669.299999999992
0.0 -10.860000000000003 669.299999999992
0.0 -10.860000000000003 669.299999999992
0.0 -10.860000000000003 669.299999999992
0.0 -10.860000000000003 669.299999999992
0.0 -10.880000000000003 669.299999999992
0.0 -10.880000000000003 669.299999999992
0.0 -10.860000000000003 669.299999999992
0.0 -10.860000000000003 669.299999999992
0.0 -10.860000000000003 669.299999999992
0.0 -10.860000000000003 669.299999999992
0.0 -10.880000000000003 669.299999999992
0.0 -10.880000000000003 669.299999999992
0.0 -10.900000000000002 669.299999999992
0.0 -10.900000000000002 669.299999999992
0.0 -10.920000000000002 669.299999999992
0.0 -10.920000000000002 669.299999999992
0.0 -10.940000000000001 669.299999999992
0.0 -10.940000000000001 669.299999999992
0.0 -10.940000000000001 669.299999999992
0.0 -10.940000000000001 669.299999999992
0.0 -10.940000000000001 669.299999999992
0.0 -10.940000000000001 669.299999999992
0.0 -10.920000000000002 669.299999999992
0.0 -10.920000000000002 669.299999999992
0.0 -10.920000000000002 669.299999999992
0.0 -10.920000000000002 669.299999999992
0.0 -10.920000000000002 669.299999999992
0.0 -10.920000000000002 669.299999999992
0.0 -10.900000000000002 669.299999999992
0.0 -10.900000000000002 669.299999999992
0.0 -10.880000000000003 669.299999999992
0.0 -10.880000000000003 669.299999999992
0.0 -10.880000000000003 669.299999999992
0.0 -10.880000000000003 669.299999999992
0.0 -10.880000000000003 669.299999999992
0.0 -10.880000000000003 669.299999999992
0.0 -10.860000000000003 669.299999999992
0.0 -10.860000000000003 669.299999999992
0.0 -10.860000000000003 669.299999999992
0.0 -10.860000000000003 669.299999999992
0.0 -10.840000000000003 669.299999999992
0.0 -10.840000000000003 669.299999999992
0.0 -10.840000000000003 669.299999999992
0.0 -10.840000000000003 669.299999999992
0.0 -10.820000000000004 669.299999999992
0.0 -10.820000000000004 669.299999999992
0.0 -10.820000000000004 669.299999999992
0.0 -10.820000000000004 669.299999999992
0.0 -10.840000000000003 669.299999999992
0.0 -10.840000000000003 669.299999999992
0.0 -10.860000000000003 669.299999999992
0.0 -10.860000000000003 669.299999999992
0.0 -10.820000000000004 669.299999999992
0.0 -10.820000000000004 669.299999999992
0.0 -10.820000000000004 669.299999999992
0.0 -10.820000000000004 669.299999999992
0.0 -10.840000000000003 669.299999999992
0.0 -10.840000000000003 669.299999999992
0.0 -10.840000000000003 669.299999999992
0.0 -10.840000000000003 669.299999999992
0.0 -10.840000000000003 669.299999999992
0.0 -10.840000000000003 669.299999999992
0.0 -10.840000000000003 669.299999999992
0.0 -10.840000000000003 669.299999999992
0.0 -10.840000000000003 669.299999999992
0.0 -10.840000000000003 669.299999999992
0.0 -10.820000000000004 669.299999999992
0.0 -10.820000000000004 669.299999999992
0.0 -10.820000000000004 669.299999999992
0.0 -10.820000000000004 669.299999999992
0.0 -10.820000000000004 669.299999999992
0.0 -10.820000000000004 669.299999999992
0.0 -10.820000000000004 669.299999999992
0.0 -10.820000000000004 669.299999999992
0.0 -10.820000000000004 669.299999999992
0.0 -10.820000000000004 669.299999999992
0.0 -10.800000000000004 669.299999999992
0.0 -10.800000000000004 669.299999999992
0.0 -10.800000000000004 669.299999999992
0.0 -10.800000000000004 669.299999999992
0.0 -10.800000000000004 669.299999999992
0.0 -10.800000000000004 669.299999999992
0.0 -10.800000000000004 669.299999999992
0.0 -10.800000000000004 669.299999999992
0.0 -10.780000000000005 669.299999999992
0.0 -10.780000000000005 669.299999999992
0.0 -10.760000000000005 669.299999999992
0.0 -10.760000000000005 669.299999999992
0.0 -10.740000000000006 669.299999999992
0.0 -10.740000000000006 669.299999999992
0.0 -10.760000000000005 669.299999999992
0.0 -10.760000000000005 669.299999999992
0.0 -10.760000000000005 669.299999999992
0.0 -10.760000000000005 669.299999999992
0.0 -10.740000000000006 669.299999999992
0.0 -10.740000000000006 669.299999999992
0.0 -10.760000000000005 669.299999999992
0.0 -10.760000000000005 669.299999999992
0.0 -10.740000000000006 669.299999999992
0.0 -10.740000000000006 669.299999999992
0.0 -10.740000000000006 669.299999999992
0.0 -10.740000000000006 669.299999999992
0.0 -10.720000000000006 669.299999999992
0.0 -10.720000000000006 669.299999999992
0.0 -10.720000000000006 669.299999999992
0.0 -10.720000000000006 669.299999999992
0.0 -10.700000000000006 669.299999999992
0.0 -10.700000000000006 669.299999999992
0.0 -10.720000000000006 669.299999999992
0.0 -10.720000000000006 669.299999999992
0.0 -10.720000000000006 669.299999999992
0.0 -10.720000000000006 669.299999999992
0.0 -10.740000000000006 669.299999999992
0.0 -10.740000000000006 669.299999999992
0.0 -10.740000000000006 669.299999999992
0.0 -10.740000000000006 669.299999999992
0.0 -10.720000000000006 669.299999999992
0.0 -10.720000000000006 669.299999999992
0.0 -10.720000000000006 669.299999999992
0.0 -10.720000000000006 669.299999999992
0.0 -10.740000000000006 669.299999999992
0.0 -10.740000000000006 669.299999999992
0.0 -10.740000000000006 669.299999999992
0.0 -10.740000000000006 669.299999999992
0.0 -10.720000000000006 669.299999999992
0.0 -10.720000000000006 669.299999999992
0.0 -10.720000000000006 669.299999999992
0.0 -10.720000000000006 669.299999999992
0.0 -10.720000000000006 669.299999999992
0.0 -10.720000000000006 669.299999999992
0.0 -10.700000000000006 669.299999999992
0.0 -10.700000000000006 669.299999999992
0.0 -10.700000000000006 669.299999999992
0.0 -10.700000000000006 669.299999999992
0.0 -10.700000000000006 669.299999999992
0.0 -10.700000000000006 669.299999999992
0.0 -10.720000000000006 669.299999999992
0.0 -10.720000000000006 669.299999999992
0.0 -10.700000000000006 669.299999999992
0.0 -10.700000000000006 669.299999999992
0.0 -10.720000000000006 669.299999999992
0.0 -10.720000000000006 669.299999999992
0.0 -10.720000000000006 669.299999999992
0.0 -10.720000000000006 669.299999999992
0.0 -10.740000000000006 669.299999999992
0.0 -10.740000000000006 669.299999999992
0.0 -10.740000000000006 669.299999999992
0.0 -10.740000000000006 669.299999999992
0.0 -10.720000000000006 669.299999999992
0.0 -10.720000000000006 669.299999999992
0.0 -10.700000000000006 669.299999999992
0.0 -10.700000000000006 669.299999999992
0.0 -10.700000000000006 669.299999999992
0.0 -10.700000000000006 669.299999999992
0.0 -10.720000000000006 669.299999999992
0.0 -10.720000000000006 669.299999999992
0.0 -10.700000000000006 669.299999999992
0.0 -10.700000000000006 669.299999999992
0.0 -10.680000000000007 669.299999999992
0.0 -10.680000000000007 669.299999999992
0.0 -10.680000000000007 669.299999999992
0.0 -10.680000000000007 669.299999999992
0.0 -10.660000000000007 669.299999999992
0.0 -10.660000000000007 669.299999999992
0.0 -10.660000000000007 669.299999999992
0.0 -10.660000000000007 669.299999999992
0.0 -10.660000000000007 669.299999999992
0.0 -10.660000000000007 669.299999999992
0.0 -10.660000000000007 669.299999999992
0.0 -10.660000000000007 669.299999999992
0.0 -10.660000000000007 669.299999999992
0.0 -10.660000000000007 669.299999999992
0.0 -10.680000000000007 669.299999999992
0.0 -10.680000000000007 669.299999999992
0.0 -10.660000000000007 669.299999999992
0.0 -10.660000000000007 669.299999999992
0.0 -10.660000000000007 669.299999999992
0.0 -10.660000000000007 669.299999999992
0.0 -10.660000000000007 669.299999999992
0.0 -10.660000000000007 669.299999999992
0.0 -10.680000000000007 669.299999999992
0.0 -10.680000000000007 669.299999999992
0.0 -10.700000000000006 669.299999999992
0.0 -10.700000000000006 669.299999999992
0.0 -10.720000000000006 669.299999999992
0.0 -10.720000000000006 669.299999999992
0.0 -10.720000000000006 669.299999999992
0.0 -10.720000000000006 669.299999999992
0.0 -10.700000000000006 669.299999999992
0.0 -10.700000000000006 669.299999999992
0.0 -10.720000000000006 669.299999999992
0.0 -10.720000000000006 669.299999999992
0.0 -10.680000000000007 669.299999999992
0.0 -10.680000000000007 669.299999999992
0.0 -10.660000000000007 669.299999999992
0.0 -10.660000000000007 669.299999999992
0.0 -10.640000000000008 669.299999999992
0.0 -10.640000000000008 669.299999999992
0.0 -10.620000000000008 669.299999999992
0.0 -10.620000000000008 669.299999999992
0.0 -10.620000000000008 669.299999999992
0.0 -10.620000000000008 669.299999999992
0.0 -10.620000000000008 669.299999999992
0.0 -10.620000000000008 669.299999999992
0.0 -10.640000000000008 669.299999999992
0.0 -10.640000000000008 669.299999999992
0.0 -10.640000000000008 669.299999999992
0.0 -10.640000000000008 669.299999999992
0.0 -10.640000000000008 669.299999999992
0.0 -10.640000000000008 669.299999999992
0.0 -10.620000000000008 669.299999999992
0.0 -10.620000000000008 669.299999999992
0.0 -10.600000000000009 669.299999999992
0.0 -10.600000000000009 669.299999999992
0.0 -10.580000000000009 669.299999999992
0.0 -10.580000000000009 669.299999999992
0.0 -10.580000000000009 669.299999999992
0.0 -10.580000000000009 669.299999999992
0.0 -10.580000000000009 669.299999999992
0.0 -10.580000000000009 669.299999999992
0.0 -10.56000000000001 669.299999999992
0.0 -10.56000000000001 669.299999999992
0.0 -10.580000000000009 669.299999999992
0.0 -10.580000000000009 669.299999999992
0.0 -10.580000000000009 669.299999999992
0.0 -10.580000000000009 669.299999999992
0.0 -10.56000000000001 669.299999999992
0.0 -10.56000000000001 669.299999999992
0.0 -10.56000000000001 669.299999999992
0.0 -10.56000000000001 669.299999999992
0.0 -10.54000000000001 669.299999999992
0.0 -10.54000000000001 669.299999999992
0.0 -10.56000000000001 669.299999999992
0.0 -10.56000000000001 669.299999999992
0.0 -10.54000000000001 669.299999999992
0.0 -10.54000000000001 669.299999999992
0.0 -10.54000000000001 669.299999999992
0.0 -10.54000000000001 669.299999999992
0.0 -10.280000000000015 669.299999999992
0.0 -10.280000000000015 669.299999999992
0.0 -10.240000000000016 669.299999999992
0.0 -10.240000000000016 669.299999999992
0.0 -10.240000000000016 669.299999999992
0.0 -10.240000000000016 669.299999999992
0.0 -10.220000000000017 669.299999999992
0.0 -10.220000000000017 669.299999999992
0.0 -10.200000000000017 669.299999999992
0.0 -10.200000000000017 669.299999999992
0.0 -10.200000000000017 669.299999999992
0.0 -10.200000000000017 669.299999999992
0.0 -10.200000000000017 669.299999999992
0.0 -10.200000000000017 669.299999999992
0.0 -10.160000000000018 669.299999999992
0.0 -10.160000000000018 669.299999999992
0.0 -10.180000000000017 669.299999999992
0.0 -10.180000000000017 669.299999999992
0.0 -10.180000000000017 669.299999999992
0.0 -10.180000000000017 669.299999999992
0.0 -10.180000000000017 669.299999999992
0.0 -10.180000000000017 669.299999999992
0.0 -10.180000000000017 669.299999999992
0.0 -10.180000000000017 669.299999999992
0.0 -10.180000000000017 669.299999999992
0.0 -10.180000000000017 669.299999999992
0.0 -10.160000000000018 669.299999999992
0.0 -10.160000000000018 669.299999999992
0.0 -10.160000000000018 669.299999999992
0.0 -10.160000000000018 669.299999999992
0.0 -10.160000000000018 669.299999999992
0.0 -10.160000000000018 669.299999999992
0.0 -10.160000000000018 669.299999999992
0.0 -10.160000000000018 669.299999999992
0.0 -10.160000000000018 669.299999999992
0.0 -10.160000000000018 669.299999999992
0.0 -10.200000000000017 669.299999999992
0.0 -10.200000000000017 669.299999999992
0.0 -10.160000000000018 669.299999999992
0.0 -10.160000000000018 669.299999999992
0.0 -10.180000000000017 669.299999999992
0.0 -10.180000000000017 669.299999999992
0.0 -10.140000000000018 669.299999999992
0.0 -10.140000000000018 669.299999999992
0.0 -10.140000000000018 669.299999999992
0.0 -10.140000000000018 669.299999999992
0.0 -10.10000000000002 669.299999999992
0.0 -10.10000000000002 669.299999999992
0.0 -10.10000000000002 669.299999999992
0.0 -10.10000000000002 669.299999999992
0.0 -10.10000000000002 669.299999999992
0.0 -10.10000000000002 669.299999999992
0.0 -10.120000000000019 669.299999999992
0.0 -10.120000000000019 669.299999999992
0.0 -10.160000000000018 669.299999999992
0.0 -10.160000000000018 669.299999999992
0.0 -10.160000000000018 669.299999999992
0.0 -10.160000000000018 669.299999999992
0.0 -10.160000000000018 669.299999999992
0.0 -10.160000000000018 669.299999999992
0.0 -10.160000000000018 669.299999999992
0.0 -10.160000000000018 669.299999999992
0.0 -10.160000000000018 669.299999999992
0.0 -10.160000000000018 669.299999999992
0.0 -10.160000000000018 669.299999999992
0.0 -10.160000000000018 669.299999999992
0.0 -10.180000000000017 669.299999999992
0.0 -10.180000000000017 669.299999999992
0.0 -10.200000000000017 669.299999999992
0.0 -10.200000000000017 669.299999999992
0.0 -10.180000000000017 669.299999999992
0.0 -10.180000000000017 669.299999999992
0.0 -10.180000000000017 669.299999999992
0.0 -10.180000000000017 669.299999999992
0.0 -10.160000000000018 669.299999999992
0.0 -10.160000000000018 669.299999999992
0.0 -10.120000000000019 669.299999999992
0.0 -10.120000000000019 669.299999999992
0.0 -10.10000000000002 669.299999999992
0.0 -10.10000000000002 669.299999999992
0.0 -10.06000000000002 669.299999999992
0.0 -10.06000000000002 669.299999999992
0.0 -10.04000000000002 669.299999999992
0.0 -10.04000000000002 669.299999999992
-8 4 669.299999999992
-8 4 669.299999999992
-5.01 2.9699999999999953 669.299999999992
-5.01 2.9699999999999953 669.299999999992
10 -8 669.299999999992
10 -8 669.299999999992
24 -6 669.299999999992
24 -6 669.299999999992
24 -10 669.299999999992
24 -10 669.299999999992
23 -9 669.299999999992
23 -9 669.299999999992
4 -6 669.299999999992
4 -6 669.299999999992
4 -10 669.299999999992
4 -10 669.299999999992
3 -9 669.299999999992
3 -9 669.299999999992
