0 29 667.4000000000104
20 29 667.4000000000104
13 29 667.4000000000104
13 29 667.4000000000104
26 0 667.4000000000104
26 20 667.4000000000104
24 14 667.4000000000104
24 14 667.4000000000104
24 4 667.4000000000104
4 24 667.4000000000104
24 24 667.4000000000104
12 24 667.4000000000104
12 24 667.4000000000104
28 0 667.4000000000104
28 20 667.4000000000104
24 10 667.4000000000104
24 10 667.4000000000104
29 3 667.4000000000104
9 23 667.4000000000104
29 23 667.4000000000104
23 11 667.4000000000104
23 11 667.4000000000104
20.0 29.0 667.4000000000104
20.0 29.0 667.4000000000104
26.0 20.0 667.4000000000104
26.0 0.0 667.4000000000104
26.0 20.0 667.4000000000104
26.0 0.0 667.4000000000104
20.0 29.0 667.4000000000104
20.0 29.0 667.4000000000104
25.98 20.0 667.4000000000104
25.98 0.0 667.4000000000104
25.98 20.0 667.4000000000104
25.98 0.0 667.4000000000104
25.98 20.0 667.4000000000104
25.98 0.0 667.4000000000104
25.98 20.0 667.4000000000104
25.98 0.0 667.4000000000104
25.94 20.0 667.4000000000104
25.94 0.0 667.4000000000104
25.94 20.0 667.4000000000104
25.94 0.0 667.4000000000104
20.0 29.0 667.4000000000104
20.0 29.0 667.4000000000104
20.0 29.0 667.4000000000104
20.0 29.0 667.4000000000104
27.98 20.0 667.4000000000104
27.98 0.0 667.4000000000104
27.98 20.0 667.4000000000104
27.98 0.0 667.4000000000104
20.0 29.0 667.4000000000104
20.0 29.0 667.4000000000104
20.0 29.0 667.4000000000104
20.0 29.0 667.4000000000104
28.02 20.0 667.4000000000104
28.02 0.0 667.4000000000104
28.02 20.0 667.4000000000104
28.02 0.0 667.4000000000104
25.900000000000002 20.0 667.4000000000104
25.900000000000002 0.0 667.4000000000104
25.900000000000002 20.0 667.4000000000104
25.900000000000002 0.0 667.4000000000104
25.900000000000002 20.0 667.4000000000104
25.900000000000002 0.0 667.4000000000104
25.900000000000002 20.0 667.4000000000104
25.900000000000002 0.0 667.4000000000104
25.900000000000002 20.0 667.4000000000104
25.900000000000002 0.0 667.4000000000104
25.900000000000002 20.0 667.4000000000104
25.900000000000002 0.0 667.4000000000104
25.880000000000003 20.0 667.4000000000104
25.880000000000003 0.0 667.4000000000104
25.880000000000003 20.0 667.4000000000104
25.880000000000003 0.0 667.4000000000104
20.0 29.0 667.4000000000104
20.0 29.0 667.4000000000104
25.880000000000003 20.0 667.4000000000104
25.880000000000003 0.0 667.4000000000104
25.880000000000003 20.0 667.4000000000104
25.880000000000003 0.0 667.4000000000104
28.0 20.0 667.4000000000104
28.0 0.0 667.4000000000104
28.0 20.0 667.4000000000104
28.0 0.0 667.4000000000104
25.860000000000003 20.0 667.4000000000104
25.860000000000003 0.0 667.4000000000104
25.860000000000003 20.0 667.4000000000104
25.860000000000003 0.0 667.4000000000104
25.840000000000003 20.0 667.4000000000104
25.840000000000003 0.0 667.4000000000104
25.840000000000003 20.0 667.4000000000104
25.840000000000003 0.0 667.4000000000104
28.0 20.0 667.4000000000104
28.0 0.0 667.4000000000104
28.0 20.0 667.4000000000104
28.0 0.0 667.4000000000104
25.820000000000004 20.0 667.4000000000104
25.820000000000004 0.0 667.4000000000104
25.820000000000004 20.0 667.4000000000104
25.820000000000004 0.0 667.4000000000104
25.820000000000004 20.0 667.4000000000104
25.820000000000004 0.0 667.4000000000104
25.820000000000004 20.0 667.4000000000104
25.820000000000004 0.0 667.4000000000104
20.0 28.98 667.4000000000104
20.0 28.98 667.4000000000104
25.800000000000004 20.0 667.4000000000104
25.800000000000004 0.0 667.4000000000104
25.800000000000004 20.0 667.4000000000104
25.800000000000004 0.0 667.4000000000104
25.780000000000005 20.0 667.4000000000104
25.780000000000005 0.0 667.4000000000104
25.780000000000005 20.0 667.4000000000104
25.780000000000005 0.0 667.4000000000104
25.780000000000005 20.0 667.4000000000104
25.780000000000005 0.0 667.4000000000104
25.780000000000005 20.0 667.4000000000104
25.780000000000005 0.0 667.4000000000104
28.0 20.0 667.4000000000104
28.0 0.0 667.4000000000104
28.0 20.0 667.4000000000104
28.0 0.0 667.4000000000104
25.780000000000005 20.0 667.4000000000104
25.780000000000005 0.0 667.4000000000104
25.780000000000005 20.0 667.4000000000104
25.780000000000005 0.0 667.4000000000104
20.0 29.0 667.4000000000104
20.0 29.0 667.4000000000104
25.780000000000005 20.0 667.4000000000104
25.780000000000005 0.0 667.4000000000104
25.780000000000005 20.0 667.4000000000104
25.780000000000005 0.0 667.4000000000104
28.0 20.0 667.4000000000104
28.0 0.0 667.4000000000104
28.0 20.0 667.4000000000104
28.0 0.0 667.4000000000104
20.0 29.02 667.4000000000104
20.0 29.02 667.4000000000104
27.98 20.0 667.4000000000104
27.98 0.0 667.4000000000104
27.98 20.0 667.4000000000104
27.98 0.0 667.4000000000104
27.98 20.0 667.4000000000104
27.98 0.0 667.4000000000104
27.98 20.0 667.4000000000104
27.98 0.0 667.4000000000104
28.0 20.0 667.4000000000104
28.0 0.0 667.4000000000104
28.0 20.0 667.4000000000104
28.0 0.0 667.4000000000104
25.740000000000006 20.0 667.4000000000104
25.740000000000006 0.0 667.4000000000104
25.740000000000006 20.0 667.4000000000104
25.740000000000006 0.0 667.4000000000104
25.720000000000006 20.0 667.4000000000104
25.720000000000006 0.0 667.4000000000104
25.720000000000006 20.0 667.4000000000104
25.720000000000006 0.0 667.4000000000104
27.98 20.0 667.4000000000104
27.98 0.0 667.4000000000104
27.98 20.0 667.4000000000104
27.98 0.0 667.4000000000104
25.700000000000006 20.0 667.4000000000104
25.700000000000006 0.0 667.4000000000104
25.700000000000006 20.0 667.4000000000104
25.700000000000006 0.0 667.4000000000104
28.0 20.0 667.4000000000104
28.0 0.0 667.4000000000104
28.0 20.0 667.4000000000104
28.0 0.0 667.4000000000104
25.700000000000006 20.0 667.4000000000104
25.700000000000006 0.0 667.4000000000104
25.700000000000006 20.0 667.4000000000104
25.700000000000006 0.0 667.4000000000104
20.0 29.04 667.4000000000104
20.0 29.04 667.4000000000104
20.0 29.04 667.4000000000104
20.0 29.04 667.4000000000104
20.0 29.04 667.4000000000104
20.0 29.04 667.4000000000104
25.54000000000001 20.0 667.4000000000104
25.54000000000001 0.0 667.4000000000104
25.54000000000001 20.0 667.4000000000104
25.54000000000001 0.0 667.4000000000104
20.0 29.04 667.4000000000104
20.0 29.04 667.4000000000104
25.52000000000001 20.0 667.4000000000104
25.52000000000001 0.0 667.4000000000104
25.52000000000001 20.0 667.4000000000104
25.52000000000001 0.0 667.4000000000104
25.50000000000001 20.0 667.4000000000104
25.50000000000001 0.0 667.4000000000104
25.50000000000001 20.0 667.4000000000104
25.50000000000001 0.0 667.4000000000104
20.0 29.02 667.4000000000104
20.0 29.02 667.4000000000104
25.48000000000001 20.0 667.4000000000104
25.48000000000001 0.0 667.4000000000104
25.48000000000001 20.0 667.4000000000104
25.48000000000001 0.0 667.4000000000104
28.0 20.0 667.4000000000104
28.0 0.0 667.4000000000104
28.0 20.0 667.4000000000104
28.0 0.0 667.4000000000104
28.0 20.0 667.4000000000104
28.0 0.0 667.4000000000104
28.0 20.0 667.4000000000104
28.0 0.0 667.4000000000104
25.46000000000001 20.0 667.4000000000104
25.46000000000001 0.0 667.4000000000104
25.46000000000001 20.0 667.4000000000104
25.46000000000001 0.0 667.4000000000104
20.0 29.0 667.4000000000104
20.0 29.0 667.4000000000104
25.420000000000012 20.0 667.4000000000104
25.420000000000012 0.0 667.4000000000104
25.420000000000012 20.0 667.4000000000104
25.420000000000012 0.0 667.4000000000104
25.380000000000013 20.0 667.4000000000104
25.380000000000013 0.0 667.4000000000104
25.380000000000013 20.0 667.4000000000104
25.380000000000013 0.0 667.4000000000104
25.360000000000014 20.0 667.4000000000104
25.360000000000014 0.0 667.4000000000104
25.360000000000014 20.0 667.4000000000104
25.360000000000014 0.0 667.4000000000104
20.0 29.0 667.4000000000104
20.0 29.0 667.4000000000104
25.360000000000014 20.0 667.4000000000104
25.360000000000014 0.0 667.4000000000104
25.360000000000014 20.0 667.4000000000104
25.360000000000014 0.0 667.4000000000104
20.0 29.0 667.4000000000104
20.0 29.0 667.4000000000104
25.300000000000015 20.0 667.4000000000104
25.300000000000015 0.0 667.4000000000104
25.300000000000015 20.0 667.4000000000104
25.300000000000015 0.0 667.4000000000104
20.0 29.0 667.4000000000104
20.0 29.0 667.4000000000104
28.0 20.0 667.4000000000104
28.0 0.0 667.4000000000104
28.0 20.0 667.4000000000104
28.0 0.0 667.4000000000104
25.280000000000015 20.0 667.4000000000104
25.280000000000015 0.0 667.4000000000104
25.280000000000015 20.0 667.4000000000104
25.280000000000015 0.0 667.4000000000104
25.240000000000016 20.0 667.4000000000104
25.240000000000016 0.0 667.4000000000104
25.240000000000016 20.0 667.4000000000104
25.240000000000016 0.0 667.4000000000104
20.0 29.0 667.4000000000104
20.0 29.0 667.4000000000104
25.220000000000017 20.0 667.4000000000104
25.220000000000017 0.0 667.4000000000104
25.220000000000017 20.0 667.4000000000104
25.220000000000017 0.0 667.4000000000104
20.0 29.0 667.4000000000104
20.0 29.0 667.4000000000104
28.0 20.0 667.4000000000104
28.0 0.0 667.4000000000104
28.0 20.0 667.4000000000104
28.0 0.0 667.4000000000104
28.0 20.0 667.4000000000104
28.0 0.0 667.4000000000104
28.0 20.0 667.4000000000104
28.0 0.0 667.4000000000104
25.160000000000018 20.0 667.4000000000104
25.160000000000018 0.0 667.4000000000104
25.160000000000018 20.0 667.4000000000104
25.160000000000018 0.0 667.4000000000104
25.14000000000002 20.0 667.4000000000104
25.14000000000002 0.0 667.4000000000104
25.14000000000002 20.0 667.4000000000104
25.14000000000002 0.0 667.4000000000104
27.98 20.0 667.4000000000104
27.98 0.0 667.4000000000104
27.98 20.0 667.4000000000104
27.98 0.0 667.4000000000104
25.14000000000002 20.0 667.4000000000104
25.14000000000002 0.0 667.4000000000104
25.14000000000002 20.0 667.4000000000104
25.14000000000002 0.0 667.4000000000104
25.12000000000002 20.0 667.4000000000104
25.12000000000002 0.0 667.4000000000104
25.12000000000002 20.0 667.4000000000104
25.12000000000002 0.0 667.4000000000104
25.12000000000002 20.0 667.4000000000104
25.12000000000002 0.0 667.4000000000104
25.12000000000002 20.0 667.4000000000104
25.12000000000002 0.0 667.4000000000104
20.0 29.099999999999998 667.4000000000104
20.0 29.099999999999998 667.4000000000104
20.0 29.119999999999997 667.4000000000104
20.0 29.119999999999997 667.4000000000104
20.0 29.139999999999997 667.4000000000104
20.0 29.139999999999997 667.4000000000104
24.98000000000002 20.0 667.4000000000104
24.98000000000002 0.0 667.4000000000104
24.98000000000002 20.0 667.4000000000104
24.98000000000002 0.0 667.4000000000104
20.0 29.159999999999997 667.4000000000104
20.0 29.159999999999997 667.4000000000104
20.0 29.159999999999997 667.4000000000104
20.0 29.159999999999997 667.4000000000104
25.02000000000002 20.0 667.4000000000104
25.02000000000002 0.0 667.4000000000104
25.02000000000002 20.0 667.4000000000104
25.02000000000002 0.0 667.4000000000104
25.02000000000002 20.0 667.4000000000104
25.02000000000002 0.0 667.4000000000104
25.02000000000002 20.0 667.4000000000104
25.02000000000002 0.0 667.4000000000104
25.00000000000002 20.0 667.4000000000104
25.00000000000002 0.0 667.4000000000104
25.00000000000002 20.0 667.4000000000104
25.00000000000002 0.0 667.4000000000104
25.00000000000002 20.0 667.4000000000104
25.00000000000002 0.0 667.4000000000104
25.00000000000002 20.0 667.4000000000104
25.00000000000002 0.0 667.4000000000104
24.98000000000002 20.0 667.4000000000104
24.98000000000002 0.0 667.4000000000104
24.98000000000002 20.0 667.4000000000104
24.98000000000002 0.0 667.4000000000104
24.960000000000022 20.0 667.4000000000104
24.960000000000022 0.0 667.4000000000104
24.960000000000022 20.0 667.4000000000104
24.960000000000022 0.0 667.4000000000104
24.940000000000023 20.0 667.4000000000104
24.940000000000023 0.0 667.4000000000104
24.940000000000023 20.0 667.4000000000104
24.940000000000023 0.0 667.4000000000104
24.920000000000023 20.0 667.4000000000104
24.920000000000023 0.0 667.4000000000104
24.920000000000023 20.0 667.4000000000104
24.920000000000023 0.0 667.4000000000104
20.0 29.179999999999996 667.4000000000104
20.0 29.179999999999996 667.4000000000104
20.0 29.179999999999996 667.4000000000104
20.0 29.179999999999996 667.4000000000104
20.0 29.179999999999996 667.4000000000104
20.0 29.179999999999996 667.4000000000104
20.0 29.159999999999997 667.4000000000104
20.0 29.159999999999997 667.4000000000104
20.0 29.179999999999996 667.4000000000104
20.0 29.179999999999996 667.4000000000104
20.0 29.179999999999996 667.4000000000104
20.0 29.179999999999996 667.4000000000104
20.0 29.159999999999997 667.4000000000104
20.0 29.159999999999997 667.4000000000104
20.0 29.159999999999997 667.4000000000104
20.0 29.159999999999997 667.4000000000104
14.99 22.969999999999995 667.4000000000104
14.99 22.969999999999995 667.4000000000104
20.0 29.159999999999997 667.4000000000104
20.0 29.159999999999997 667.4000000000104
20.0 29.159999999999997 667.4000000000104
20.0 29.159999999999997 667.4000000000104
20.0 29.139999999999997 667.4000000000104
20.0 29.139999999999997 667.4000000000104
20.0 29.139999999999997 667.4000000000104
20.0 29.139999999999997 667.4000000000104
20.0 29.159999999999997 667.4000000000104
20.0 29.159999999999997 667.4000000000104
20.0 29.179999999999996 667.4000000000104
20.0 29.179999999999996 667.4000000000104
20.0 29.179999999999996 667.4000000000104
20.0 29.179999999999996 667.4000000000104
28.0 20.0 667.4000000000104
28.0 0.0 667.4000000000104
28.0 20.0 667.4000000000104
28.0 0.0 667.4000000000104
27.98 20.0 667.4000000000104
27.98 0.0 667.4000000000104
27.98 20.0 667.4000000000104
27.98 0.0 667.4000000000104
20.0 29.179999999999996 667.4000000000104
20.0 29.179999999999996 667.4000000000104
28.0 20.0 667.4000000000104
28.0 0.0 667.4000000000104
28.0 20.0 667.4000000000104
28.0 0.0 667.4000000000104
20.0 29.159999999999997 667.4000000000104
20.0 29.159999999999997 667.4000000000104
20.0 29.159999999999997 667.4000000000104
20.0 29.159999999999997 667.4000000000104
28.0 20.0 667.4000000000104
28.0 0.0 667.4000000000104
28.0 20.0 667.4000000000104
28.0 0.0 667.4000000000104
20.0 29.139999999999997 667.4000000000104
20.0 29.139999999999997 667.4000000000104
20.0 29.139999999999997 667.4000000000104
20.0 29.139999999999997 667.4000000000104
28.0 20.0 667.4000000000104
28.0 0.0 667.4000000000104
28.0 20.0 667.4000000000104
28.0 0.0 667.4000000000104
20.0 29.159999999999997 667.4000000000104
20.0 29.159999999999997 667.4000000000104
20.0 29.139999999999997 667.4000000000104
20.0 29.139999999999997 667.4000000000104
20.0 29.139999999999997 667.4000000000104
20.0 29.139999999999997 667.4000000000104
20.0 29.119999999999997 667.4000000000104
20.0 29.119999999999997 667.4000000000104
28.0 20.0 667.4000000000104
28.0 0.0 667.4000000000104
28.0 20.0 667.4000000000104
28.0 0.0 667.4000000000104
20.0 29.139999999999997 667.4000000000104
20.0 29.139999999999997 667.4000000000104
20.0 29.139999999999997 667.4000000000104
20.0 29.139999999999997 667.4000000000104
20.0 29.119999999999997 667.4000000000104
20.0 29.119999999999997 667.4000000000104
20.0 29.099999999999998 667.4000000000104
20.0 29.099999999999998 667.4000000000104
28.0 20.0 667.4000000000104
28.0 0.0 667.4000000000104
28.0 20.0 667.4000000000104
28.0 0.0 667.4000000000104
20.0 29.08 667.4000000000104
20.0 29.08 667.4000000000104
28.0 20.0 667.4000000000104
28.0 0.0 667.4000000000104
28.0 20.0 667.4000000000104
28.0 0.0 667.4000000000104
28.0 20.0 667.4000000000104
28.0 0.0 667.4000000000104
28.0 20.0 667.4000000000104
28.0 0.0 667.4000000000104
20.0 29.06 667.4000000000104
20.0 29.06 667.4000000000104
20.0 29.06 667.4000000000104
20.0 29.06 667.4000000000104
28.0 20.0 667.4000000000104
28.0 0.0 667.4000000000104
28.0 20.0 667.4000000000104
28.0 0.0 667.4000000000104
20.0 29.06 667.4000000000104
20.0 29.06 667.4000000000104
28.0 20.0 667.4000000000104
28.0 0.0 667.4000000000104
28.0 20.0 667.4000000000104
28.0 0.0 667.4000000000104
20.0 29.08 667.4000000000104
20.0 29.08 667.4000000000104
20.0 29.08 667.4000000000104
20.0 29.08 667.4000000000104
20.0 29.08 667.4000000000104
20.0 29.08 667.4000000000104
25.00000000000002 20.0 667.4000000000104
25.00000000000002 0.0 667.4000000000104
25.00000000000002 20.0 667.4000000000104
25.00000000000002 0.0 667.4000000000104
20.0 29.099999999999998 667.4000000000104
20.0 29.099999999999998 667.4000000000104
20.0 29.119999999999997 667.4000000000104
20.0 29.119999999999997 667.4000000000104
20.0 29.119999999999997 667.4000000000104
20.0 29.119999999999997 667.4000000000104
20.0 29.119999999999997 667.4000000000104
20.0 29.119999999999997 667.4000000000104
27.98 20.0 667.4000000000104
27.98 0.0 667.4000000000104
27.98 20.0 667.4000000000104
27.98 0.0 667.4000000000104
25.00000000000002 20.0 667.4000000000104
25.00000000000002 0.0 667.4000000000104
25.00000000000002 20.0 667.4000000000104
25.00000000000002 0.0 667.4000000000104
25.00000000000002 20.0 667.4000000000104
25.00000000000002 0.0 667.4000000000104
25.00000000000002 20.0 667.4000000000104
25.00000000000002 0.0 667.4000000000104
25.00000000000002 20.0 667.4000000000104
25.00000000000002 0.0 667.4000000000104
25.00000000000002 20.0 667.4000000000104
25.00000000000002 0.0 667.4000000000104
20.0 29.139999999999997 667.4000000000104
20.0 29.139999999999997 667.4000000000104
20.0 29.139999999999997 667.4000000000104
20.0 29.139999999999997 667.4000000000104
28.02 20.0 667.4000000000104
28.02 0.0 667.4000000000104
28.02 20.0 667.4000000000104
28.02 0.0 667.4000000000104
20.0 29.159999999999997 667.4000000000104
20.0 29.159999999999997 667.4000000000104
25.00000000000002 20.0 667.4000000000104
25.00000000000002 0.0 667.4000000000104
25.00000000000002 20.0 667.4000000000104
25.00000000000002 0.0 667.4000000000104
24.98000000000002 20.0 667.4000000000104
24.98000000000002 0.0 667.4000000000104
24.98000000000002 20.0 667.4000000000104
24.98000000000002 0.0 667.4000000000104
25.00000000000002 20.0 667.4000000000104
25.00000000000002 0.0 667.4000000000104
25.00000000000002 20.0 667.4000000000104
25.00000000000002 0.0 667.4000000000104
20.0 29.159999999999997 667.4000000000104
20.0 29.159999999999997 667.4000000000104
28.0 20.0 667.4000000000104
28.0 0.0 667.4000000000104
28.0 20.0 667.4000000000104
28.0 0.0 667.4000000000104
20.0 29.179999999999996 667.4000000000104
20.0 29.179999999999996 667.4000000000104
20.0 29.179999999999996 667.4000000000104
20.0 29.179999999999996 667.4000000000104
24.98000000000002 20.0 667.4000000000104
24.98000000000002 0.0 667.4000000000104
24.98000000000002 20.0 667.4000000000104
24.98000000000002 0.0 667.4000000000104
20.0 29.159999999999997 667.4000000000104
20.0 29.159999999999997 667.4000000000104
20.0 29.139999999999997 667.4000000000104
20.0 29.139999999999997 667.4000000000104
28.0 20.0 667.4000000000104
28.0 0.0 667.4000000000104
28.0 20.0 667.4000000000104
28.0 0.0 667.4000000000104
25.00000000000002 20.0 667.4000000000104
25.00000000000002 0.0 667.4000000000104
25.00000000000002 20.0 667.4000000000104
25.00000000000002 0.0 667.4000000000104
20.0 29.179999999999996 667.4000000000104
20.0 29.179999999999996 667.4000000000104
28.0 20.0 667.4000000000104
28.0 0.0 667.4000000000104
28.0 20.0 667.4000000000104
28.0 0.0 667.4000000000104
28.0 20.0 667.4000000000104
28.0 0.0 667.4000000000104
28.0 20.0 667.4000000000104
28.0 0.0 667.4000000000104
20.0 29.179999999999996 667.4000000000104
20.0 29.179999999999996 667.4000000000104
28.0 20.0 667.4000000000104
28.0 0.0 667.4000000000104
28.0 20.0 667.4000000000104
28.0 0.0 667.4000000000104
20.0 29.159999999999997 667.4000000000104
20.0 29.159999999999997 667.4000000000104
20.0 29.159999999999997 667.4000000000104
20.0 29.159999999999997 667.4000000000104
20.0 29.159999999999997 667.4000000000104
20.0 29.159999999999997 667.4000000000104
27.98 20.0 667.4000000000104
27.98 0.0 667.4000000000104
27.98 20.0 667.4000000000104
27.98 0.0 667.4000000000104
20.0 29.159999999999997 667.4000000000104
20.0 29.159999999999997 667.4000000000104
20.0 29.159999999999997 667.4000000000104
20.0 29.159999999999997 667.4000000000104
28.0 20.0 667.4000000000104
28.0 0.0 667.4000000000104
28.0 20.0 667.4000000000104
28.0 0.0 667.4000000000104
20.0 29.179999999999996 667.4000000000104
20.0 29.179999999999996 667.4000000000104
20.0 29.179999999999996 667.4000000000104
20.0 29.179999999999996 667.4000000000104
20.0 29.179999999999996 667.4000000000104
20.0 29.179999999999996 667.4000000000104
20.0 29.179999999999996 667.4000000000104
20.0 29.179999999999996 667.4000000000104
24.960000000000022 20.0 667.4000000000104
24.960000000000022 0.0 667.4000000000104
24.960000000000022 20.0 667.4000000000104
24.960000000000022 0.0 667.4000000000104
24.960000000000022 20.0 667.4000000000104
24.960000000000022 0.0 667.4000000000104
24.960000000000022 20.0 667.4000000000104
24.960000000000022 0.0 667.4000000000104
24.940000000000023 20.0 667.4000000000104
24.940000000000023 0.0 667.4000000000104
24.940000000000023 20.0 667.4000000000104
24.940000000000023 0.0 667.4000000000104
28.0 20.0 667.4000000000104
28.0 0.0 667.4000000000104
28.0 20.0 667.4000000000104
28.0 0.0 667.4000000000104
20.0 29.179999999999996 667.4000000000104
20.0 29.179999999999996 667.4000000000104
24.960000000000022 20.0 667.4000000000104
24.960000000000022 0.0 667.4000000000104
24.960000000000022 20.0 667.4000000000104
24.960000000000022 0.0 667.4000000000104
20.0 29.199999999999996 667.4000000000104
20.0 29.199999999999996 667.4000000000104
28.0 20.0 667.4000000000104
28.0 0.0 667.4000000000104
28.0 20.0 667.4000000000104
28.0 0.0 667.4000000000104
20.0 29.199999999999996 667.4000000000104
20.0 29.199999999999996 667.4000000000104
28.0 20.0 667.4000000000104
28.0 0.0 667.4000000000104
28.0 20.0 667.4000000000104
28.0 0.0 667.4000000000104
20.0 29.199999999999996 667.4000000000104
20.0 29.199999999999996 667.4000000000104
20.0 29.199999999999996 667.4000000000104
20.0 29.199999999999996 667.4000000000104
24.960000000000022 20.0 667.4000000000104
24.960000000000022 0.0 667.4000000000104
24.960000000000022 20.0 667.4000000000104
24.960000000000022 0.0 667.4000000000104
20.0 29.219999999999995 667.4000000000104
20.0 29.219999999999995 667.4000000000104
27.98 20.0 667.4000000000104
27.98 0.0 667.4000000000104
27.98 20.0 667.4000000000104
27.98 0.0 667.4000000000104
24.98000000000002 20.0 667.4000000000104
24.98000000000002 0.0 667.4000000000104
24.98000000000002 20.0 667.4000000000104
24.98000000000002 0.0 667.4000000000104
20.0 29.239999999999995 667.4000000000104
20.0 29.239999999999995 667.4000000000104
20.0 29.259999999999994 667.4000000000104
20.0 29.259999999999994 667.4000000000104
20.0 29.239999999999995 667.4000000000104
20.0 29.239999999999995 667.4000000000104
20.0 29.239999999999995 667.4000000000104
20.0 29.239999999999995 667.4000000000104
28.0 20.0 667.4000000000104
28.0 0.0 667.4000000000104
28.0 20.0 667.4000000000104
28.0 0.0 667.4000000000104
28.0 20.0 667.4000000000104
28.0 0.0 667.4000000000104
28.0 20.0 667.4000000000104
28.0 0.0 667.4000000000104
28.02 20.0 667.4000000000104
28.02 0.0 667.4000000000104
28.02 20.0 667.4000000000104
28.02 0.0 667.4000000000104
20.0 29.259999999999994 667.4000000000104
20.0 29.259999999999994 667.4000000000104
28.0 20.0 667.4000000000104
28.0 0.0 667.4000000000104
28.0 20.0 667.4000000000104
28.0 0.0 667.4000000000104
28.0 20.0 667.4000000000104
28.0 0.0 667.4000000000104
28.0 20.0 667.4000000000104
28.0 0.0 667.4000000000104
20.0 29.239999999999995 667.4000000000104
20.0 29.239999999999995 667.4000000000104
28.0 20.0 667.4000000000104
28.0 0.0 667.4000000000104
28.0 20.0 667.4000000000104
28.0 0.0 667.4000000000104
20.0 29.259999999999994 667.4000000000104
20.0 29.259999999999994 667.4000000000104
20.0 29.259999999999994 667.4000000000104
20.0 29.259999999999994 667.4000000000104
27.98 20.0 667.4000000000104
27.98 0.0 667.4000000000104
27.98 20.0 667.4000000000104
27.98 0.0 667.4000000000104
28.0 20.0 667.4000000000104
28.0 0.0 667.4000000000104
28.0 20.0 667.4000000000104
28.0 0.0 667.4000000000104
20.0 29.279999999999994 667.4000000000104
20.0 29.279999999999994 667.4000000000104
28.0 20.0 667.4000000000104
28.0 0.0 667.4000000000104
28.0 20.0 667.4000000000104
28.0 0.0 667.4000000000104
20.0 29.279999999999994 667.4000000000104
20.0 29.279999999999994 667.4000000000104
28.0 20.0 667.4000000000104
28.0 0.0 667.4000000000104
28.0 20.0 667.4000000000104
28.0 0.0 667.4000000000104
20.0 29.299999999999994 667.4000000000104
20.0 29.299999999999994 667.4000000000104
20.0 29.279999999999994 667.4000000000104
20.0 29.279999999999994 667.4000000000104
20.0 29.279999999999994 667.4000000000104
20.0 29.279999999999994 667.4000000000104
28.0 20.0 667.4000000000104
28.0 0.0 667.4000000000104
28.0 20.0 667.4000000000104
28.0 0.0 667.4000000000104
20.0 29.259999999999994 667.4000000000104
20.0 29.259999999999994 667.4000000000104
20.0 29.259999999999994 667.4000000000104
20.0 29.259999999999994 667.4000000000104
28.0 20.0 667.4000000000104
28.0 0.0 667.4000000000104
28.0 20.0 667.4000000000104
28.0 0.0 667.4000000000104
20.0 29.279999999999994 667.4000000000104
20.0 29.279999999999994 667.4000000000104
28.0 20.0 667.4000000000104
28.0 0.0 667.4000000000104
28.0 20.0 667.4000000000104
28.0 0.0 667.4000000000104
20.0 29.279999999999994 667.4000000000104
20.0 29.279999999999994 667.4000000000104
20.0 29.259999999999994 667.4000000000104
20.0 29.259999999999994 667.4000000000104
20.0 29.259999999999994 667.4000000000104
20.0 29.259999999999994 667.4000000000104
20.0 29.279999999999994 667.4000000000104
20.0 29.279999999999994 667.4000000000104
28.0 20.0 667.4000000000104
28.0 0.0 667.4000000000104
28.0 20.0 667.4000000000104
28.0 0.0 667.4000000000104
20.0 29.279999999999994 667.4000000000104
20.0 29.279999999999994 667.4000000000104
20.0 29.279999999999994 667.4000000000104
20.0 29.279999999999994 667.4000000000104
28.0 20.0 667.4000000000104
28.0 0.0 667.4000000000104
28.0 20.0 667.4000000000104
28.0 0.0 667.4000000000104
28.0 20.0 667.4000000000104
28.0 0.0 667.4000000000104
28.0 20.0 667.4000000000104
28.0 0.0 667.4000000000104
20.0 29.299999999999994 667.4000000000104
20.0 29.299999999999994 667.4000000000104
20.0 29.299999999999994 667.4000000000104
20.0 29.299999999999994 667.4000000000104
20.0 29.299999999999994 667.4000000000104
20.0 29.299999999999994 667.4000000000104
20.0 29.279999999999994 667.4000000000104
20.0 29.279999999999994 667.4000000000104
20.0 29.299999999999994 667.4000000000104
20.0 29.299999999999994 667.4000000000104
20.0 29.279999999999994 667.4000000000104
20.0 29.279999999999994 667.4000000000104
20.0 29.279999999999994 667.4000000000104
20.0 29.279999999999994 667.4000000000104
20.0 29.259999999999994 667.4000000000104
20.0 29.259999999999994 667.4000000000104
28.0 20.0 667.4000000000104
28.0 0.0 667.4000000000104
28.0 20.0 667.4000000000104
28.0 0.0 667.4000000000104
20.0 29.259999999999994 667.4000000000104
20.0 29.259999999999994 667.4000000000104
20.0 29.279999999999994 667.4000000000104
20.0 29.279999999999994 667.4000000000104
28.0 20.0 667.4000000000104
28.0 0.0 667.4000000000104
28.0 20.0 667.4000000000104
28.0 0.0 667.4000000000104
28.0 20.0 667.4000000000104
28.0 0.0 667.4000000000104
28.0 20.0 667.4000000000104
28.0 0.0 667.4000000000104
20.0 29.299999999999994 667.4000000000104
20.0 29.299999999999994 667.4000000000104
28.0 20.0 667.4000000000104
28.0 0.0 667.4000000000104
28.0 20.0 667.4000000000104
28.0 0.0 667.4000000000104
20.0 29.299999999999994 667.4000000000104
20.0 29.299999999999994 667.4000000000104
20.0 29.279999999999994 667.4000000000104
20.0 29.279999999999994 667.4000000000104
28.0 20.0 667.4000000000104
28.0 0.0 667.4000000000104
28.0 20.0 667.4000000000104
28.0 0.0 667.4000000000104
20.0 29.299999999999994 667.4000000000104
20.0 29.299999999999994 667.4000000000104
28.0 20.0 667.4000000000104
28.0 0.0 667.4000000000104
28.0 20.0 667.4000000000104
28.0 0.0 667.4000000000104
20.0 29.319999999999993 667.4000000000104
20.0 29.319999999999993 667.4000000000104
25.00000000000002 20.0 667.4000000000104
25.00000000000002 0.0 667.4000000000104
25.00000000000002 20.0 667.4000000000104
25.00000000000002 0.0 667.4000000000104
28.0 20.0 667.4000000000104
28.0 0.0 667.4000000000104
28.0 20.0 667.4000000000104
28.0 0.0 667.4000000000104
20.0 29.319999999999993 667.4000000000104
20.0 29.319999999999993 667.4000000000104
20.0 29.339999999999993 667.4000000000104
20.0 29.339999999999993 667.4000000000104
25.00000000000002 20.0 667.4000000000104
25.00000000000002 0.0 667.4000000000104
25.00000000000002 20.0 667.4000000000104
25.00000000000002 0.0 667.4000000000104
20.0 29.339999999999993 667.4000000000104
20.0 29.339999999999993 667.4000000000104
25.00000000000002 20.0 667.4000000000104
25.00000000000002 0.0 667.4000000000104
25.00000000000002 20.0 667.4000000000104
25.00000000000002 0.0 667.4000000000104
25.00000000000002 20.0 667.4000000000104
25.00000000000002 0.0 667.4000000000104
25.00000000000002 20.0 667.4000000000104
25.00000000000002 0.0 667.4000000000104
20.0 29.339999999999993 667.4000000000104
20.0 29.339999999999993 667.4000000000104
20.0 29.339999999999993 667.4000000000104
20.0 29.339999999999993 667.4000000000104
20.0 29.339999999999993 667.4000000000104
20.0 29.339999999999993 667.4000000000104
20.0 29.319999999999993 667.4000000000104
20.0 29.319999999999993 667.4000000000104
20.0 29.339999999999993 667.4000000000104
20.0 29.339999999999993 667.4000000000104
20.0 29.339999999999993 667.4000000000104
20.0 29.339999999999993 667.4000000000104
25.00000000000002 20.0 667.4000000000104
25.00000000000002 0.0 667.4000000000104
25.00000000000002 20.0 667.4000000000104
25.00000000000002 0.0 667.4000000000104
25.00000000000002 20.0 667.4000000000104
25.00000000000002 0.0 667.4000000000104
25.00000000000002 20.0 667.4000000000104
25.00000000000002 0.0 667.4000000000104
20.0 29.339999999999993 667.4000000000104
20.0 29.339999999999993 667.4000000000104
20.0 29.319999999999993 667.4000000000104
20.0 29.319999999999993 667.4000000000104
20.0 29.299999999999994 667.4000000000104
20.0 29.299999999999994 667.4000000000104
28.0 20.0 667.4000000000104
28.0 0.0 667.4000000000104
28.0 20.0 667.4000000000104
28.0 0.0 667.4000000000104
20.0 29.279999999999994 667.4000000000104
20.0 29.279999999999994 667.4000000000104
27.98 20.0 667.4000000000104
27.98 0.0 667.4000000000104
27.98 20.0 667.4000000000104
27.98 0.0 667.4000000000104
20.0 29.279999999999994 667.4000000000104
20.0 29.279999999999994 667.4000000000104
27.98 20.0 667.4000000000104
27.98 0.0 667.4000000000104
27.98 20.0 667.4000000000104
27.98 0.0 667.4000000000104
20.0 29.299999999999994 667.4000000000104
20.0 29.299999999999994 667.4000000000104
27.98 20.0 667.4000000000104
27.98 0.0 667.4000000000104
27.98 20.0 667.4000000000104
27.98 0.0 667.4000000000104
20.0 29.279999999999994 667.4000000000104
20.0 29.279999999999994 667.4000000000104
27.98 20.0 667.4000000000104
27.98 0.0 667.4000000000104
27.98 20.0 667.4000000000104
27.98 0.0 667.4000000000104
27.98 20.0 667.4000000000104
27.98 0.0 667.4000000000104
27.98 20.0 667.4000000000104
27.98 0.0 667.4000000000104
20.0 29.319999999999993 667.4000000000104
20.0 29.319999999999993 667.4000000000104
27.96 20.0 667.4000000000104
27.96 0.0 667.4000000000104
27.96 20.0 667.4000000000104
27.96 0.0 667.4000000000104
20.0 29.339999999999993 667.4000000000104
20.0 29.339999999999993 667.4000000000104
20.0 29.359999999999992 667.4000000000104
20.0 29.359999999999992 667.4000000000104
28.0 20.0 667.4000000000104
28.0 0.0 667.4000000000104
28.0 20.0 667.4000000000104
28.0 0.0 667.4000000000104
20.0 29.379999999999992 667.4000000000104
20.0 29.379999999999992 667.4000000000104
20.0 29.379999999999992 667.4000000000104
20.0 29.379999999999992 667.4000000000104
28.0 20.0 667.4000000000104
28.0 0.0 667.4000000000104
28.0 20.0 667.4000000000104
28.0 0.0 667.4000000000104
20.0 29.379999999999992 667.4000000000104
20.0 29.379999999999992 667.4000000000104
28.0 20.0 667.4000000000104
28.0 0.0 667.4000000000104
28.0 20.0 667.4000000000104
28.0 0.0 667.4000000000104
28.02 20.0 667.4000000000104
28.02 0.0 667.4000000000104
28.02 20.0 667.4000000000104
28.02 0.0 667.4000000000104
28.02 20.0 667.4000000000104
28.02 0.0 667.4000000000104
28.02 20.0 667.4000000000104
28.02 0.0 667.4000000000104
28.0 20.0 667.4000000000104
28.0 0.0 667.4000000000104
28.0 20.0 667.4000000000104
28.0 0.0 667.4000000000104
27.98 20.0 667.4000000000104
27.98 0.0 667.4000000000104
27.98 20.0 667.4000000000104
27.98 0.0 667.4000000000104
20.0 29.359999999999992 667.4000000000104
20.0 29.359999999999992 667.4000000000104
20.0 29.359999999999992 667.4000000000104
20.0 29.359999999999992 667.4000000000104
20.0 29.359999999999992 667.4000000000104
20.0 29.359999999999992 667.4000000000104
20.0 29.379999999999992 667.4000000000104
20.0 29.379999999999992 667.4000000000104
27.96 20.0 667.4000000000104
27.96 0.0 667.4000000000104
27.96 20.0 667.4000000000104
27.96 0.0 667.4000000000104
24.960000000000022 20.0 667.4000000000104
24.960000000000022 0.0 667.4000000000104
24.960000000000022 20.0 667.4000000000104
24.960000000000022 0.0 667.4000000000104
27.98 20.0 667.4000000000104
27.98 0.0 667.4000000000104
27.98 20.0 667.4000000000104
27.98 0.0 667.4000000000104
24.940000000000023 20.0 667.4000000000104
24.940000000000023 0.0 667.4000000000104
24.940000000000023 20.0 667.4000000000104
24.940000000000023 0.0 667.4000000000104
24.940000000000023 20.0 667.4000000000104
24.940000000000023 0.0 667.4000000000104
24.940000000000023 20.0 667.4000000000104
24.940000000000023 0.0 667.4000000000104
28.0 20.0 667.4000000000104
28.0 0.0 667.4000000000104
28.0 20.0 667.4000000000104
28.0 0.0 667.4000000000104
28.0 20.0 667.4000000000104
28.0 0.0 667.4000000000104
28.0 20.0 667.4000000000104
28.0 0.0 667.4000000000104
24.940000000000023 20.0 667.4000000000104
24.940000000000023 0.0 667.4000000000104
24.940000000000023 20.0 667.4000000000104
24.940000000000023 0.0 667.4000000000104
24.960000000000022 20.0 667.4000000000104
24.960000000000022 0.0 667.4000000000104
24.960000000000022 20.0 667.4000000000104
24.960000000000022 0.0 667.4000000000104
20.0 29.39999999999999 667.4000000000104
20.0 29.39999999999999 667.4000000000104
20.0 29.41999999999999 667.4000000000104
20.0 29.41999999999999 667.4000000000104
27.98 20.0 667.4000000000104
27.98 0.0 667.4000000000104
27.98 20.0 667.4000000000104
27.98 0.0 667.4000000000104
20.0 29.41999999999999 667.4000000000104
20.0 29.41999999999999 667.4000000000104
27.98 20.0 667.4000000000104
27.98 0.0 667.4000000000104
27.98 20.0 667.4000000000104
27.98 0.0 667.4000000000104
24.960000000000022 20.0 667.4000000000104
24.960000000000022 0.0 667.4000000000104
24.960000000000022 20.0 667.4000000000104
24.960000000000022 0.0 667.4000000000104
27.98 20.0 667.4000000000104
27.98 0.0 667.4000000000104
27.98 20.0 667.4000000000104
27.98 0.0 667.4000000000104
27.98 20.0 667.4000000000104
27.98 0.0 667.4000000000104
27.98 20.0 667.4000000000104
27.98 0.0 667.4000000000104
27.96 20.0 667.4000000000104
27.96 0.0 667.4000000000104
27.96 20.0 667.4000000000104
27.96 0.0 667.4000000000104
20.0 29.41999999999999 667.4000000000104
20.0 29.41999999999999 667.4000000000104
20.0 29.43999999999999 667.4000000000104
20.0 29.43999999999999 667.4000000000104
27.96 20.0 667.4000000000104
27.96 0.0 667.4000000000104
27.96 20.0 667.4000000000104
27.96 0.0 667.4000000000104
27.96 20.0 667.4000000000104
27.96 0.0 667.4000000000104
27.96 20.0 667.4000000000104
27.96 0.0 667.4000000000104
27.98 20.0 667.4000000000104
27.98 0.0 667.4000000000104
27.98 20.0 667.4000000000104
27.98 0.0 667.4000000000104
20.0 29.41999999999999 667.4000000000104
20.0 29.41999999999999 667.4000000000104
20.0 29.41999999999999 667.4000000000104
20.0 29.41999999999999 667.4000000000104
20.0 29.43999999999999 667.4000000000104
20.0 29.43999999999999 667.4000000000104
20.0 29.43999999999999 667.4000000000104
20.0 29.43999999999999 667.4000000000104
20.0 29.45999999999999 667.4000000000104
20.0 29.45999999999999 667.4000000000104
20.0 29.43999999999999 667.4000000000104
20.0 29.43999999999999 667.4000000000104
20.0 29.45999999999999 667.4000000000104
20.0 29.45999999999999 667.4000000000104
20.0 29.45999999999999 667.4000000000104
20.0 29.45999999999999 667.4000000000104
20.0 29.719999999999985 667.4000000000104
20.0 29.719999999999985 667.4000000000104
20.0 29.759999999999984 667.4000000000104
20.0 29.759999999999984 667.4000000000104
20.0 29.759999999999984 667.4000000000104
20.0 29.759999999999984 667.4000000000104
20.0 29.779999999999983 667.4000000000104
20.0 29.779999999999983 667.4000000000104
20.0 29.799999999999983 667.4000000000104
20.0 29.799999999999983 667.4000000000104
20.0 29.799999999999983 667.4000000000104
20.0 29.799999999999983 667.4000000000104
20.0 29.799999999999983 667.4000000000104
20.0 29.799999999999983 667.4000000000104
20.0 29.839999999999982 667.4000000000104
20.0 29.839999999999982 667.4000000000104
20.0 29.819999999999983 667.4000000000104
20.0 29.819999999999983 667.4000000000104
20.0 29.819999999999983 667.4000000000104
20.0 29.819999999999983 667.4000000000104
20.0 29.819999999999983 667.4000000000104
20.0 29.819999999999983 667.4000000000104
20.0 29.819999999999983 667.4000000000104
20.0 29.819999999999983 667.4000000000104
20.0 29.819999999999983 667.4000000000104
20.0 29.819999999999983 667.4000000000104
20.0 29.839999999999982 667.4000000000104
20.0 29.839999999999982 667.4000000000104
20.0 29.839999999999982 667.4000000000104
20.0 29.839999999999982 667.4000000000104
20.0 29.839999999999982 667.4000000000104
20.0 29.839999999999982 667.4000000000104
20.0 29.839999999999982 667.4000000000104
20.0 29.839999999999982 667.4000000000104
20.0 29.839999999999982 667.4000000000104
20.0 29.839999999999982 667.4000000000104
20.0 29.799999999999983 667.4000000000104
20.0 29.799999999999983 667.4000000000104
20.0 29.839999999999982 667.4000000000104
20.0 29.839999999999982 667.4000000000104
20.0 29.819999999999983 667.4000000000104
20.0 29.819999999999983 667.4000000000104
20.0 29.85999999999998 667.4000000000104
20.0 29.85999999999998 667.4000000000104
20.0 29.85999999999998 667.4000000000104
20.0 29.85999999999998 667.4000000000104
20.0 29.89999999999998 667.4000000000104
20.0 29.89999999999998 667.4000000000104
20.0 29.89999999999998 667.4000000000104
20.0 29.89999999999998 667.4000000000104
20.0 29.89999999999998 667.4000000000104
20.0 29.89999999999998 667.4000000000104
20.0 29.87999999999998 667.4000000000104
20.0 29.87999999999998 667.4000000000104
20.0 29.839999999999982 667.4000000000104
20.0 29.839999999999982 667.4000000000104
20.0 29.839999999999982 667.4000000000104
20.0 29.839999999999982 667.4000000000104
20.0 29.839999999999982 667.4000000000104
20.0 29.839999999999982 667.4000000000104
20.0 29.839999999999982 667.4000000000104
20.0 29.839999999999982 667.4000000000104
20.0 29.839999999999982 667.4000000000104
20.0 29.839999999999982 667.4000000000104
20.0 29.839999999999982 667.4000000000104
20.0 29.839999999999982 667.4000000000104
20.0 29.819999999999983 667.4000000000104
20.0 29.819999999999983 667.4000000000104
20.0 29.799999999999983 667.4000000000104
20.0 29.799999999999983 667.4000000000104
20.0 29.819999999999983 667.4000000000104
20.0 29.819999999999983 667.4000000000104
20.0 29.819999999999983 667.4000000000104
20.0 29.819999999999983 667.4000000000104
20.0 29.839999999999982 667.4000000000104
20.0 29.839999999999982 667.4000000000104
20.0 29.87999999999998 667.4000000000104
20.0 29.87999999999998 667.4000000000104
20.0 29.89999999999998 667.4000000000104
20.0 29.89999999999998 667.4000000000104
20.0 29.93999999999998 667.4000000000104
20.0 29.93999999999998 667.4000000000104
20.0 29.95999999999998 667.4000000000104
20.0 29.95999999999998 667.4000000000104
28.0 20.0 667.4000000000104
28.0 0.0 667.4000000000104
28.0 20.0 667.4000000000104
28.0 0.0 667.4000000000104
28.0 20.0 667.4000000000104
28.0 0.0 667.4000000000104
28.0 20.0 667.4000000000104
28.0 0.0 667.4000000000104
12.56000000000001 0.9999999999999989 667.4000000000104
14.99999999999971 15.899999999999535 667.4000000000104
13.999999999999979 18.779999999999497 667.4000000000104
16.99999999999975 0.14000000000015475 667.4000000000104
7.000000000000021 4.079999999999956 667.4000000000104
1.7200000000000424 16.039999999999964 667.4000000000104
3.99 4.2099999999999955 667.4000000000104
20.129999999999708 7.9300000000000015 667.4000000000104
0.12999999999970768 27.93 667.4000000000104
20.129999999999708 27.93 667.4000000000104
9.359999999999971 17.999999999999375 667.4000000000104
1.03 13.009999999999957 667.4000000000104
9.99 12.269999999999994 667.4000000000104
15.999999999999533 7.0 667.4000000000104
17.98999999999953 4.029999999999978 667.4000000000104
9.01 7.049999999999914 667.4000000000104
7.009999999999936 10.01 667.4000000000104
5.000000000000021 1.0000000000000007 667.4000000000104
17.989999999999686 10.009999999999978 667.4000000000104
0.9900000000000007 10.009999999999978 667.4000000000104
12.039999999999957 15.999999999999533 667.4000000000104
4.009999999999957 8.01 667.4000000000104
14.99 2.950000000000001 667.4000000000104
0.9900000000001554 5.9900000000000215 667.4000000000104
7.960000000000001 1.0000000000000007 667.4000000000104
7.030000000000021 15.989999999999377 667.4000000000104
11.99 5.0099999999999785 667.4000000000104
3.750000000000048 18.989999999999842 667.4000000000104
10.0 1.9800000000001563 667.4000000000104
17.039999999999765 18.899999999999984 667.4000000000104
16.039999999999225 12.999999999999957 667.4000000000104
12.99 9.44999999999999 667.4000000000104
18.009999999999994 15.909999999999535 667.4000000000104
4.969999999999958 13.109999999999955 667.4000000000104
1.0 1.9600000000000213 667.4000000000104
-10 12 667.4000000000104
-10 12 667.4000000000104
-7 9 667.4000000000104
-7 9 667.4000000000104
-10 -8 667.4000000000104
-10 -8 667.4000000000104
-7 -11 667.4000000000104
-7 -11 667.4000000000104
-8 -16 667.4000000000104
-8 -16 667.4000000000104
0.0 -11.0 667.4000000000104
0.0 -11.0 667.4000000000104
0.0 -11.0 667.4000000000104
0.0 -11.0 667.4000000000104
0.0 -11.0 667.4000000000104
0.0 -11.0 667.4000000000104
0.0 -11.0 667.4000000000104
0.0 -11.0 667.4000000000104
0.0 -11.0 667.4000000000104
0.0 -11.0 667.4000000000104
0.0 -11.0 667.4000000000104
0.0 -11.0 667.4000000000104
0.0 -11.0 667.4000000000104
0.0 -11.0 667.4000000000104
0.0 -11.02 667.4000000000104
0.0 -11.02 667.4000000000104
0.0 -11.0 667.4000000000104
0.0 -11.0 667.4000000000104
0.0 -10.98 667.4000000000104
0.0 -10.98 667.4000000000104
0.0 -10.96 667.4000000000104
0.0 -10.96 667.4000000000104
0.0 -10.96 667.4000000000104
0.0 -10.96 667.4000000000104
0.0 -10.96 667.4000000000104
0.0 -10.96 667.4000000000104
0.0 -10.96 667.4000000000104
0.0 -10.96 667.4000000000104
0.0 -10.98 667.4000000000104
0.0 -10.98 667.4000000000104
0.0 -11.0 667.4000000000104
0.0 -11.0 667.4000000000104
0.0 -11.0 667.4000000000104
0.0 -11.0 667.4000000000104
0.0 -11.0 667.4000000000104
0.0 -11.0 667.4000000000104
0.0 -11.0 667.4000000000104
0.0 -11.0 667.4000000000104
0.0 -11.0 667.4000000000104
0.0 -11.0 667.4000000000104
0.0 -11.0 667.4000000000104
0.0 -11.0 667.4000000000104
0.0 -10.900000000000002 667.4000000000104
0.0 -10.900000000000002 667.4000000000104
0.0 -10.880000000000003 667.4000000000104
0.0 -10.880000000000003 667.4000000000104
0.0 -10.860000000000003 667.4000000000104
0.0 -10.860000000000003 667.4000000000104
0.0 -10.840000000000003 667.4000000000104
0.0 -10.840000000000003 667.4000000000104
0.0 -10.840000000000003 667.4000000000104
0.0 -10.840000000000003 667.4000000000104
0.0 -10.820000000000004 667.4000000000104
0.0 -10.820000000000004 667.4000000000104
0.0 -10.820000000000004 667.4000000000104
0.0 -10.820000000000004 667.4000000000104
0.0 -10.820000000000004 667.4000000000104
0.0 -10.820000000000004 667.4000000000104
0.0 -10.840000000000003 667.4000000000104
0.0 -10.840000000000003 667.4000000000104
0.0 -10.820000000000004 667.4000000000104
0.0 -10.820000000000004 667.4000000000104
0.0 -10.820000000000004 667.4000000000104
0.0 -10.820000000000004 667.4000000000104
0.0 -10.840000000000003 667.4000000000104
0.0 -10.840000000000003 667.4000000000104
0.0 -10.840000000000003 667.4000000000104
0.0 -10.840000000000003 667.4000000000104
-5.01 -17.030000000000005 667.4000000000104
-5.01 -17.030000000000005 667.4000000000104
0.0 -10.840000000000003 667.4000000000104
0.0 -10.840000000000003 667.4000000000104
0.0 -10.840000000000003 667.4000000000104
0.0 -10.840000000000003 667.4000000000104
0.0 -10.860000000000003 667.4000000000104
0.0 -10.860000000000003 667.4000000000104
0.0 -10.860000000000003 667.4000000000104
0.0 -10.860000000000003 667.4000000000104
0.0 -10.840000000000003 667.4000000000104
0.0 -10.840000000000003 667.4000000000104
0.0 -10.820000000000004 667.4000000000104
0.0 -10.820000000000004 667.4000000000104
0.0 -10.820000000000004 667.4000000000104
0.0 -10.820000000000004 667.4000000000104
0.0 -10.820000000000004 667.4000000000104
0.0 -10.820000000000004 667.4000000000104
0.0 -10.840000000000003 667.4000000000104
0.0 -10.840000000000003 667.4000000000104
0.0 -10.840000000000003 667.4000000000104
0.0 -10.840000000000003 667.4000000000104
0.0 -10.860000000000003 667.4000000000104
0.0 -10.860000000000003 667.4000000000104
0.0 -10.860000000000003 667.4000000000104
0.0 -10.860000000000003 667.4000000000104
0.0 -10.840000000000003 667.4000000000104
0.0 -10.840000000000003 667.4000000000104
0.0 -10.860000000000003 667.4000000000104
0.0 -10.860000000000003 667.4000000000104
0.0 -10.860000000000003 667.4000000000104
0.0 -10.860000000000003 667.4000000000104
0.0 -10.880000000000003 667.4000000000104
0.0 -10.880000000000003 667.4000000000104
0.0 -10.860000000000003 667.4000000000104
0.0 -10.860000000000003 667.4000000000104
0.0 -10.860000000000003 667.4000000000104
0.0 -10.860000000000003 667.4000000000104
0.0 -10.880000000000003 667.4000000000104
0.0 -10.880000000000003 667.4000000000104
0.0 -10.900000000000002 667.4000000000104
0.0 -10.900000000000002 667.4000000000104
0.0 -10.920000000000002 667.4000000000104
0.0 -10.920000000000002 667.4000000000104
0.0 -10.940000000000001 667.4000000000104
0.0 -10.940000000000001 667.4000000000104
0.0 -10.940000000000001 667.4000000000104
0.0 -10.940000000000001 667.4000000000104
0.0 -10.940000000000001 667.4000000000104
0.0 -10.940000000000001 667.4000000000104
0.0 -10.920000000000002 667.4000000000104
0.0 -10.920000000000002 667.4000000000104
0.0 -10.920000000000002 667.4000000000104
0.0 -10.920000000000002 667.4000000000104
0.0 -10.920000000000002 667.4000000000104
0.0 -10.920000000000002 667.4000000000104
0.0 -10.900000000000002 667.4000000000104
0.0 -10.900000000000002 667.4000000000104
0.0 -10.880000000000003 667.4000000000104
0.0 -10.880000000000003 667.4000000000104
0.0 -10.880000000000003 667.4000000000104
0.0 -10.880000000000003 667.4000000000104
0.0 -10.880000000000003 667.4000000000104
0.0 -10.880000000000003 667.4000000000104
0.0 -10.860000000000003 667.4000000000104
0.0 -10.860000000000003 667.4000000000104
0.0 -10.860000000000003 667.4000000000104
0.0 -10.860000000000003 667.4000000000104
0.0 -10.840000000000003 667.4000000000104
0.0 -10.840000000000003 667.4000000000104
0.0 -10.840000000000003 667.4000000000104
0.0 -10.840000000000003 667.4000000000104
0.0 -10.820000000000004 667.4000000000104
0.0 -10.820000000000004 667.4000000000104
0.0 -10.820000000000004 667.4000000000104
0.0 -10.820000000000004 667.4000000000104
0.0 -10.840000000000003 667.4000000000104
0.0 -10.840000000000003 667.4000000000104
0.0 -10.860000000000003 667.4000000000104
0.0 -10.860000000000003 667.4000000000104
0.0 -10.820000000000004 667.4000000000104
0.0 -10.820000000000004 667.4000000000104
0.0 -10.820000000000004 667.4000000000104
0.0 -10.820000000000004 667.4000000000104
0.0 -10.840000000000003 667.4000000000104
0.0 -10.840000000000003 667.4000000000104
0.0 -10.840000000000003 667.4000000000104
0.0 -10.840000000000003 667.4000000000104
0.0 -10.840000000000003 667.4000000000104
0.0 -10.840000000000003 667.4000000000104
0.0 -10.840000000000003 667.4000000000104
0.0 -10.840000000000003 667.4000000000104
0.0 -10.840000000000003 667.4000000000104
0.0 -10.840000000000003 667.4000000000104
0.0 -10.820000000000004 667.4000000000104
0.0 -10.820000000000004 667.4000000000104
0.0 -10.820000000000004 667.4000000000104
0.0 -10.820000000000004 667.4000000000104
0.0 -10.820000000000004 667.4000000000104
0.0 -10.820000000000004 667.4000000000104
0.0 -10.820000000000004 667.4000000000104
0.0 -10.820000000000004 667.4000000000104
0.0 -10.820000000000004 667.4000000000104
0.0 -10.820000000000004 667.4000000000104
0.0 -10.800000000000004 667.4000000000104
0.0 -10.800000000000004 667.4000000000104
0.0 -10.800000000000004 667.4000000000104
0.0 -10.800000000000004 667.4000000000104
0.0 -10.800000000000004 667.4000000000104
0.0 -10.800000000000004 667.4000000000104
0.0 -10.800000000000004 667.4000000000104
0.0 -10.800000000000004 667.4000000000104
0.0 -10.780000000000005 667.4000000000104
0.0 -10.780000000000005 667.4000000000104
0.0 -10.760000000000005 667.4000000000104
0.0 -10.760000000000005 667.4000000000104
0.0 -10.740000000000006 667.4000000000104
0.0 -10.740000000000006 667.4000000000104
0.0 -10.760000000000005 667.4000000000104
0.0 -10.760000000000005 667.4000000000104
0.0 -10.760000000000005 667.4000000000104
0.0 -10.760000000000005 667.4000000000104
0.0 -10.740000000000006 667.4000000000104
0.0 -10.740000000000006 667.4000000000104
0.0 -10.760000000000005 667.4000000000104
0.0 -10.760000000000005 667.4000000000104
0.0 -10.740000000000006 667.4000000000104
0.0 -10.740000000000006 667.4000000000104
0.0 -10.740000000000006 667.4000000000104
0.0 -10.740000000000006 667.4000000000104
0.0 -10.720000000000006 667.4000000000104
0.0 -10.720000000000006 667.4000000000104
0.0 -10.720000000000006 667.4000000000104
0.0 -10.720000000000006 667.4000000000104
0.0 -10.700000000000006 667.4000000000104
0.0 -10.700000000000006 667.4000000000104
0.0 -10.720000000000006 667.4000000000104
0.0 -10.720000000000006 667.4000000000104
0.0 -10.720000000000006 667.4000000000104
0.0 -10.720000000000006 667.4000000000104
0.0 -10.740000000000006 667.4000000000104
0.0 -10.740000000000006 667.4000000000104
0.0 -10.740000000000006 667.4000000000104
0.0 -10.740000000000006 667.4000000000104
0.0 -10.720000000000006 667.4000000000104
0.0 -10.720000000000006 667.4000000000104
0.0 -10.720000000000006 667.4000000000104
0.0 -10.720000000000006 667.4000000000104
0.0 -10.740000000000006 667.4000000000104
0.0 -10.740000000000006 667.4000000000104
0.0 -10.740000000000006 667.4000000000104
0.0 -10.740000000000006 667.4000000000104
0.0 -10.720000000000006 667.4000000000104
0.0 -10.720000000000006 667.4000000000104
0.0 -10.720000000000006 667.4000000000104
0.0 -10.720000000000006 667.4000000000104
0.0 -10.720000000000006 667.4000000000104
0.0 -10.720000000000006 667.4000000000104
0.0 -10.700000000000006 667.4000000000104
0.0 -10.700000000000006 667.4000000000104
0.0 -10.700000000000006 667.4000000000104
0.0 -10.700000000000006 667.4000000000104
0.0 -10.700000000000006 667.4000000000104
0.0 -10.700000000000006 667.4000000000104
0.0 -10.720000000000006 667.4000000000104
0.0 -10.720000000000006 667.4000000000104
0.0 -10.700000000000006 667.4000000000104
0.0 -10.700000000000006 667.4000000000104
0.0 -10.720000000000006 667.4000000000104
0.0 -10.720000000000006 667.4000000000104
0.0 -10.720000000000006 667.4000000000104
0.0 -10.720000000000006 667.4000000000104
0.0 -10.740000000000006 667.4000000000104
0.0 -10.740000000000006 667.4000000000104
0.0 -10.740000000000006 667.4000000000104
0.0 -10.740000000000006 667.4000000000104
0.0 -10.720000000000006 667.4000000000104
0.0 -10.720000000000006 667.4000000000104
0.0 -10.700000000000006 667.4000000000104
0.0 -10.700000000000006 667.4000000000104
0.0 -10.700000000000006 667.4000000000104
0.0 -10.700000000000006 667.4000000000104
0.0 -10.720000000000006 667.4000000000104
0.0 -10.720000000000006 667.4000000000104
0.0 -10.700000000000006 667.4000000000104
0.0 -10.700000000000006 667.4000000000104
0.0 -10.680000000000007 667.4000000000104
0.0 -10.680000000000007 667.4000000000104
0.0 -10.680000000000007 667.4000000000104
0.0 -10.680000000000007 667.4000000000104
0.0 -10.660000000000007 667.4000000000104
0.0 -10.660000000000007 667.4000000000104
0.0 -10.660000000000007 667.4000000000104
0.0 -10.660000000000007 667.4000000000104
0.0 -10.660000000000007 667.4000000000104
0.0 -10.660000000000007 667.4000000000104
0.0 -10.660000000000007 667.4000000000104
0.0 -10.660000000000007 667.4000000000104
0.0 -10.660000000000007 667.4000000000104
0.0 -10.660000000000007 667.4000000000104
0.0 -10.680000000000007 667.4000000000104
0.0 -10.680000000000007 667.4000000000104
0.0 -10.660000000000007 667.4000000000104
0.0 -10.660000000000007 667.4000000000104
0.0 -10.660000000000007 667.4000000000104
0.0 -10.660000000000007 667.4000000000104
0.0 -10.660000000000007 667.4000000000104
0.0 -10.660000000000007 667.4000000000104
0.0 -10.680000000000007 667.4000000000104
0.0 -10.680000000000007 667.4000000000104
0.0 -10.700000000000006 667.4000000000104
0.0 -10.700000000000006 667.4000000000104
0.0 -10.720000000000006 667.4000000000104
0.0 -10.720000000000006 667.4000000000104
0.0 -10.720000000000006 667.4000000000104
0.0 -10.720000000000006 667.4000000000104
0.0 -10.700000000000006 667.4000000000104
0.0 -10.700000000000006 667.4000000000104
0.0 -10.720000000000006 667.4000000000104
0.0 -10.720000000000006 667.4000000000104
0.0 -10.680000000000007 667.4000000000104
0.0 -10.680000000000007 667.4000000000104
0.0 -10.660000000000007 667.4000000000104
0.0 -10.660000000000007 667.4000000000104
0.0 -10.640000000000008 667.4000000000104
0.0 -10.640000000000008 667.4000000000104
0.0 -10.620000000000008 667.4000000000104
0.0 -10.620000000000008 667.4000000000104
0.0 -10.620000000000008 667.4000000000104
0.0 -10.620000000000008 667.4000000000104
0.0 -10.620000000000008 667.4000000000104
0.0 -10.620000000000008 667.4000000000104
0.0 -10.640000000000008 667.4000000000104
0.0 -10.640000000000008 667.4000000000104
0.0 -10.640000000000008 667.4000000000104
0.0 -10.640000000000008 667.4000000000104
0.0 -10.640000000000008 667.4000000000104
0.0 -10.640000000000008 667.4000000000104
0.0 -10.620000000000008 667.4000000000104
0.0 -10.620000000000008 667.4000000000104
0.0 -10.600000000000009 667.4000000000104
0.0 -10.600000000000009 667.4000000000104
0.0 -10.580000000000009 667.4000000000104
0.0 -10.580000000000009 667.4000000000104
0.0 -10.580000000000009 667.4000000000104
0.0 -10.580000000000009 667.4000000000104
0.0 -10.580000000000009 667.4000000000104
0.0 -10.580000000000009 667.4000000000104
0.0 -10.56000000000001 667.4000000000104
0.0 -10.56000000000001 667.4000000000104
0.0 -10.580000000000009 667.4000000000104
0.0 -10.580000000000009 667.4000000000104
0.0 -10.580000000000009 667.4000000000104
0.0 -10.580000000000009 667.4000000000104
0.0 -10.56000000000001 667.4000000000104
0.0 -10.56000000000001 667.4000000000104
0.0 -10.56000000000001 667.4000000000104
0.0 -10.56000000000001 667.4000000000104
0.0 -10.54000000000001 667.4000000000104
0.0 -10.54000000000001 667.4000000000104
0.0 -10.56000000000001 667.4000000000104
0.0 -10.56000000000001 667.4000000000104
0.0 -10.54000000000001 667.4000000000104
0.0 -10.54000000000001 667.4000000000104
0.0 -10.54000000000001 667.4000000000104
0.0 -10.54000000000001 667.4000000000104
0.0 -10.280000000000015 667.4000000000104
0.0 -10.280000000000015 667.4000000000104
0.0 -10.240000000000016 667.4000000000104
0.0 -10.240000000000016 667.4000000000104
0.0 -10.240000000000016 667.4000000000104
0.0 -10.240000000000016 667.4000000000104
0.0 -10.220000000000017 667.4000000000104
0.0 -10.220000000000017 667.4000000000104
0.0 -10.200000000000017 667.4000000000104
0.0 -10.200000000000017 667.4000000000104
0.0 -10.200000000000017 667.4000000000104
0.0 -10.200000000000017 667.4000000000104
0.0 -10.200000000000017 667.4000000000104
0.0 -10.200000000000017 667.4000000000104
0.0 -10.160000000000018 667.4000000000104
0.0 -10.160000000000018 667.4000000000104
0.0 -10.180000000000017 667.4000000000104
0.0 -10.180000000000017 667.4000000000104
0.0 -10.180000000000017 667.4000000000104
0.0 -10.180000000000017 667.4000000000104
0.0 -10.180000000000017 667.4000000000104
0.0 -10.180000000000017 667.4000000000104
0.0 -10.180000000000017 667.4000000000104
0.0 -10.180000000000017 667.4000000000104
0.0 -10.180000000000017 667.4000000000104
0.0 -10.180000000000017 667.4000000000104
0.0 -10.160000000000018 667.4000000000104
0.0 -10.160000000000018 667.4000000000104
0.0 -10.160000000000018 667.4000000000104
0.0 -10.160000000000018 667.4000000000104
0.0 -10.160000000000018 667.4000000000104
0.0 -10.160000000000018 667.4000000000104
0.0 -10.160000000000018 667.4000000000104
0.0 -10.160000000000018 667.4000000000104
0.0 -10.160000000000018 667.4000000000104
0.0 -10.160000000000018 667.4000000000104
0.0 -10.200000000000017 667.4000000000104
0.0 -10.200000000000017 667.4000000000104
0.0 -10.160000000000018 667.4000000000104
0.0 -10.160000000000018 667.4000000000104
0.0 -10.180000000000017 667.4000000000104
0.0 -10.180000000000017 667.4000000000104
0.0 -10.140000000000018 667.4000000000104
0.0 -10.140000000000018 667.4000000000104
0.0 -10.140000000000018 667.4000000000104
0.0 -10.140000000000018 667.4000000000104
0.0 -10.10000000000002 667.4000000000104
0.0 -10.10000000000002 667.4000000000104
0.0 -10.10000000000002 667.4000000000104
0.0 -10.10000000000002 667.4000000000104
0.0 -10.10000000000002 667.4000000000104
0.0 -10.10000000000002 667.4000000000104
0.0 -10.120000000000019 667.4000000000104
0.0 -10.120000000000019 667.4000000000104
0.0 -10.160000000000018 667.4000000000104
0.0 -10.160000000000018 667.4000000000104
0.0 -10.160000000000018 667.4000000000104
0.0 -10.160000000000018 667.4000000000104
0.0 -10.160000000000018 667.4000000000104
0.0 -10.160000000000018 667.4000000000104
0.0 -10.160000000000018 667.4000000000104
0.0 -10.160000000000018 667.4000000000104
0.0 -10.160000000000018 667.4000000000104
0.0 -10.160000000000018 667.4000000000104
0.0 -10.160000000000018 667.4000000000104
0.0 -10.160000000000018 667.4000000000104
0.0 -10.180000000000017 667.4000000000104
0.0 -10.180000000000017 667.4000000000104
0.0 -10.200000000000017 667.4000000000104
0.0 -10.200000000000017 667.4000000000104
0.0 -10.180000000000017 667.4000000000104
0.0 -10.180000000000017 667.4000000000104
0.0 -10.180000000000017 667.4000000000104
0.0 -10.180000000000017 667.4000000000104
0.0 -10.160000000000018 667.4000000000104
0.0 -10.160000000000018 667.4000000000104
0.0 -10.120000000000019 667.4000000000104
0.0 -10.120000000000019 667.4000000000104
0.0 -10.10000000000002 667.4000000000104
0.0 -10.10000000000002 667.4000000000104
0.0 -10.06000000000002 667.4000000000104
0.0 -10.06000000000002 667.4000000000104
0.0 -10.04000000000002 667.4000000000104
0.0 -10.04000000000002 667.4000000000104
-8 4 667.4000000000104
-8 4 667.4000000000104
-5.01 2.9699999999999953 667.4000000000104
-5.01 2.9699999999999953 667.4000000000104
10 -8 667.4000000000104
10 -8 667.4000000000104
24 -6 667.4000000000104
24 -6 667.4000000000104
24 -10 667.4000000000104
24 -10 667.4000000000104
23 -9 667.4000000000104
23 -9 667.4000000000104
4 -6 667.4000000000104
4 -6 667.4000000000104
4 -10 667.4000000000104
4 -10 667.4000000000104
3 -9 667.4000000000104
3 -9 667.4000000000104
