0 29 662.080000000004
20 29 662.080000000004
13 29 662.080000000004
13 29 662.080000000004
26 0 662.080000000004
26 20 662.080000000004
24 14 662.080000000004
24 14 662.080000000004
24 4 662.080000000004
4 24 662.080000000004
24 24 662.080000000004
12 24 662.080000000004
12 24 662.080000000004
28 0 662.080000000004
28 20 662.080000000004
24 10 662.080000000004
24 10 662.080000000004
29 3 662.080000000004
9 23 662.080000000004
29 23 662.080000000004
23 11 662.080000000004
23 11 662.080000000004
20.0 29.0 662.080000000004
20.0 29.0 662.080000000004
26.0 20.0 662.080000000004
26.0 0.0 662.080000000004
26.0 20.0 662.080000000004
26.0 0.0 662.080000000004
20.0 29.0 662.080000000004
20.0 29.0 662.080000000004
25.98 20.0 662.080000000004
25.98 0.0 662.080000000004
25.98 20.0 662.080000000004
25.98 0.0 662.080000000004
25.98 20.0 662.080000000004
25.98 0.0 662.080000000004
25.98 20.0 662.080000000004
25.98 0.0 662.080000000004
25.94 20.0 662.080000000004
25.94 0.0 662.080000000004
25.94 20.0 662.080000000004
25.94 0.0 662.080000000004
20.0 29.0 662.080000000004
20.0 29.0 662.080000000004
20.0 29.0 662.080000000004
20.0 29.0 662.080000000004
27.98 20.0 662.080000000004
27.98 0.0 662.080000000004
27.98 20.0 662.080000000004
27.98 0.0 662.080000000004
20.0 29.0 662.080000000004
20.0 29.0 662.080000000004
20.0 29.0 662.080000000004
20.0 29.0 662.080000000004
28.02 20.0 662.080000000004
28.02 0.0 662.080000000004
28.02 20.0 662.080000000004
28.02 0.0 662.080000000004
25.900000000000002 20.0 662.080000000004
25.900000000000002 0.0 662.080000000004
25.900000000000002 20.0 662.080000000004
25.900000000000002 0.0 662.080000000004
25.900000000000002 20.0 662.080000000004
25.900000000000002 0.0 662.080000000004
25.900000000000002 20.0 662.080000000004
25.900000000000002 0.0 662.080000000004
25.900000000000002 20.0 662.080000000004
25.900000000000002 0.0 662.080000000004
25.900000000000002 20.0 662.080000000004
25.900000000000002 0.0 662.080000000004
25.880000000000003 20.0 662.080000000004
25.880000000000003 0.0 662.080000000004
25.880000000000003 20.0 662.080000000004
25.880000000000003 0.0 662.080000000004
20.0 29.0 662.080000000004
20.0 29.0 662.080000000004
25.880000000000003 20.0 662.080000000004
25.880000000000003 0.0 662.080000000004
25.880000000000003 20.0 662.080000000004
25.880000000000003 0.0 662.080000000004
28.0 20.0 662.080000000004
28.0 0.0 662.080000000004
28.0 20.0 662.080000000004
28.0 0.0 662.080000000004
25.860000000000003 20.0 662.080000000004
25.860000000000003 0.0 662.080000000004
25.860000000000003 20.0 662.080000000004
25.860000000000003 0.0 662.080000000004
25.840000000000003 20.0 662.080000000004
25.840000000000003 0.0 662.080000000004
25.840000000000003 20.0 662.080000000004
25.840000000000003 0.0 662.080000000004
28.0 20.0 662.080000000004
28.0 0.0 662.080000000004
28.0 20.0 662.080000000004
28.0 0.0 662.080000000004
25.820000000000004 20.0 662.080000000004
25.820000000000004 0.0 662.080000000004
25.820000000000004 20.0 662.080000000004
25.820000000000004 0.0 662.080000000004
25.820000000000004 20.0 662.080000000004
25.820000000000004 0.0 662.080000000004
25.820000000000004 20.0 662.080000000004
25.820000000000004 0.0 662.080000000004
20.0 28.98 662.080000000004
20.0 28.98 662.080000000004
25.800000000000004 20.0 662.080000000004
25.800000000000004 0.0 662.080000000004
25.800000000000004 20.0 662.080000000004
25.800000000000004 0.0 662.080000000004
25.780000000000005 20.0 662.080000000004
25.780000000000005 0.0 662.080000000004
25.780000000000005 20.0 662.080000000004
25.780000000000005 0.0 662.080000000004
25.780000000000005 20.0 662.080000000004
25.780000000000005 0.0 662.080000000004
25.780000000000005 20.0 662.080000000004
25.780000000000005 0.0 662.080000000004
28.0 20.0 662.080000000004
28.0 0.0 662.080000000004
28.0 20.0 662.080000000004
28.0 0.0 662.080000000004
25.780000000000005 20.0 662.080000000004
25.780000000000005 0.0 662.080000000004
25.780000000000005 20.0 662.080000000004
25.780000000000005 0.0 662.080000000004
20.0 29.0 662.080000000004
20.0 29.0 662.080000000004
25.780000000000005 20.0 662.080000000004
25.780000000000005 0.0 662.080000000004
25.780000000000005 20.0 662.080000000004
25.780000000000005 0.0 662.080000000004
28.0 20.0 662.080000000004
28.0 0.0 662.080000000004
28.0 20.0 662.080000000004
28.0 0.0 662.080000000004
20.0 29.02 662.080000000004
20.0 29.02 662.080000000004
27.98 20.0 662.080000000004
27.98 0.0 662.080000000004
27.98 20.0 662.080000000004
27.98 0.0 662.080000000004
27.98 20.0 662.080000000004
27.98 0.0 662.080000000004
27.98 20.0 662.080000000004
27.98 0.0 662.080000000004
28.0 20.0 662.080000000004
28.0 0.0 662.080000000004
28.0 20.0 662.080000000004
28.0 0.0 662.080000000004
25.740000000000006 20.0 662.080000000004
25.740000000000006 0.0 662.080000000004
25.740000000000006 20.0 662.080000000004
25.740000000000006 0.0 662.080000000004
25.720000000000006 20.0 662.080000000004
25.720000000000006 0.0 662.080000000004
25.720000000000006 20.0 662.080000000004
25.720000000000006 0.0 662.080000000004
27.98 20.0 662.080000000004
27.98 0.0 662.080000000004
27.98 20.0 662.080000000004
27.98 0.0 662.080000000004
25.700000000000006 20.0 662.080000000004
25.700000000000006 0.0 662.080000000004
25.700000000000006 20.0 662.080000000004
25.700000000000006 0.0 662.080000000004
28.0 20.0 662.080000000004
28.0 0.0 662.080000000004
28.0 20.0 662.080000000004
28.0 0.0 662.080000000004
25.700000000000006 20.0 662.080000000004
25.700000000000006 0.0 662.080000000004
25.700000000000006 20.0 662.080000000004
25.700000000000006 0.0 662.080000000004
20.0 29.04 662.080000000004
20.0 29.04 662.080000000004
20.0 29.04 662.080000000004
20.0 29.04 662.080000000004
20.0 29.04 662.080000000004
20.0 29.04 662.080000000004
25.54000000000001 20.0 662.080000000004
25.54000000000001 0.0 662.080000000004
25.54000000000001 20.0 662.080000000004
25.54000000000001 0.0 662.080000000004
20.0 29.04 662.080000000004
20.0 29.04 662.080000000004
25.52000000000001 20.0 662.080000000004
25.52000000000001 0.0 662.080000000004
25.52000000000001 20.0 662.080000000004
25.52000000000001 0.0 662.080000000004
25.50000000000001 20.0 662.080000000004
25.50000000000001 0.0 662.080000000004
25.50000000000001 20.0 662.080000000004
25.50000000000001 0.0 662.080000000004
20.0 29.02 662.080000000004
20.0 29.02 662.080000000004
25.48000000000001 20.0 662.080000000004
25.48000000000001 0.0 662.080000000004
25.48000000000001 20.0 662.080000000004
25.48000000000001 0.0 662.080000000004
28.0 20.0 662.080000000004
28.0 0.0 662.080000000004
28.0 20.0 662.080000000004
28.0 0.0 662.080000000004
28.0 20.0 662.080000000004
28.0 0.0 662.080000000004
28.0 20.0 662.080000000004
28.0 0.0 662.080000000004
25.46000000000001 20.0 662.080000000004
25.46000000000001 0.0 662.080000000004
25.46000000000001 20.0 662.080000000004
25.46000000000001 0.0 662.080000000004
20.0 29.0 662.080000000004
20.0 29.0 662.080000000004
25.420000000000012 20.0 662.080000000004
25.420000000000012 0.0 662.080000000004
25.420000000000012 20.0 662.080000000004
25.420000000000012 0.0 662.080000000004
25.380000000000013 20.0 662.080000000004
25.380000000000013 0.0 662.080000000004
25.380000000000013 20.0 662.080000000004
25.380000000000013 0.0 662.080000000004
25.360000000000014 20.0 662.080000000004
25.360000000000014 0.0 662.080000000004
25.360000000000014 20.0 662.080000000004
25.360000000000014 0.0 662.080000000004
20.0 29.0 662.080000000004
20.0 29.0 662.080000000004
25.360000000000014 20.0 662.080000000004
25.360000000000014 0.0 662.080000000004
25.360000000000014 20.0 662.080000000004
25.360000000000014 0.0 662.080000000004
20.0 29.0 662.080000000004
20.0 29.0 662.080000000004
25.300000000000015 20.0 662.080000000004
25.300000000000015 0.0 662.080000000004
25.300000000000015 20.0 662.080000000004
25.300000000000015 0.0 662.080000000004
20.0 29.0 662.080000000004
20.0 29.0 662.080000000004
28.0 20.0 662.080000000004
28.0 0.0 662.080000000004
28.0 20.0 662.080000000004
28.0 0.0 662.080000000004
25.280000000000015 20.0 662.080000000004
25.280000000000015 0.0 662.080000000004
25.280000000000015 20.0 662.080000000004
25.280000000000015 0.0 662.080000000004
25.240000000000016 20.0 662.080000000004
25.240000000000016 0.0 662.080000000004
25.240000000000016 20.0 662.080000000004
25.240000000000016 0.0 662.080000000004
20.0 29.0 662.080000000004
20.0 29.0 662.080000000004
25.220000000000017 20.0 662.080000000004
25.220000000000017 0.0 662.080000000004
25.220000000000017 20.0 662.080000000004
25.220000000000017 0.0 662.080000000004
20.0 29.0 662.080000000004
20.0 29.0 662.080000000004
28.0 20.0 662.080000000004
28.0 0.0 662.080000000004
28.0 20.0 662.080000000004
28.0 0.0 662.080000000004
28.0 20.0 662.080000000004
28.0 0.0 662.080000000004
28.0 20.0 662.080000000004
28.0 0.0 662.080000000004
25.160000000000018 20.0 662.080000000004
25.160000000000018 0.0 662.080000000004
25.160000000000018 20.0 662.080000000004
25.160000000000018 0.0 662.080000000004
25.14000000000002 20.0 662.080000000004
25.14000000000002 0.0 662.080000000004
25.14000000000002 20.0 662.080000000004
25.14000000000002 0.0 662.080000000004
27.98 20.0 662.080000000004
27.98 0.0 662.080000000004
27.98 20.0 662.080000000004
27.98 0.0 662.080000000004
25.14000000000002 20.0 662.080000000004
25.14000000000002 0.0 662.080000000004
25.14000000000002 20.0 662.080000000004
25.14000000000002 0.0 662.080000000004
25.12000000000002 20.0 662.080000000004
25.12000000000002 0.0 662.080000000004
25.12000000000002 20.0 662.080000000004
25.12000000000002 0.0 662.080000000004
25.12000000000002 20.0 662.080000000004
25.12000000000002 0.0 662.080000000004
25.12000000000002 20.0 662.080000000004
25.12000000000002 0.0 662.080000000004
20.0 29.099999999999998 662.080000000004
20.0 29.099999999999998 662.080000000004
20.0 29.119999999999997 662.080000000004
20.0 29.119999999999997 662.080000000004
20.0 29.139999999999997 662.080000000004
20.0 29.139999999999997 662.080000000004
24.98000000000002 20.0 662.080000000004
24.98000000000002 0.0 662.080000000004
24.98000000000002 20.0 662.080000000004
24.98000000000002 0.0 662.080000000004
20.0 29.159999999999997 662.080000000004
20.0 29.159999999999997 662.080000000004
20.0 29.159999999999997 662.080000000004
20.0 29.159999999999997 662.080000000004
25.02000000000002 20.0 662.080000000004
25.02000000000002 0.0 662.080000000004
25.02000000000002 20.0 662.080000000004
25.02000000000002 0.0 662.080000000004
25.02000000000002 20.0 662.080000000004
25.02000000000002 0.0 662.080000000004
25.02000000000002 20.0 662.080000000004
25.02000000000002 0.0 662.080000000004
25.00000000000002 20.0 662.080000000004
25.00000000000002 0.0 662.080000000004
25.00000000000002 20.0 662.080000000004
25.00000000000002 0.0 662.080000000004
25.00000000000002 20.0 662.080000000004
25.00000000000002 0.0 662.080000000004
25.00000000000002 20.0 662.080000000004
25.00000000000002 0.0 662.080000000004
24.98000000000002 20.0 662.080000000004
24.98000000000002 0.0 662.080000000004
24.98000000000002 20.0 662.080000000004
24.98000000000002 0.0 662.080000000004
24.960000000000022 20.0 662.080000000004
24.960000000000022 0.0 662.080000000004
24.960000000000022 20.0 662.080000000004
24.960000000000022 0.0 662.080000000004
24.940000000000023 20.0 662.080000000004
24.940000000000023 0.0 662.080000000004
24.940000000000023 20.0 662.080000000004
24.940000000000023 0.0 662.080000000004
24.920000000000023 20.0 662.080000000004
24.920000000000023 0.0 662.080000000004
24.920000000000023 20.0 662.080000000004
24.920000000000023 0.0 662.080000000004
20.0 29.179999999999996 662.080000000004
20.0 29.179999999999996 662.080000000004
20.0 29.179999999999996 662.080000000004
20.0 29.179999999999996 662.080000000004
20.0 29.179999999999996 662.080000000004
20.0 29.179999999999996 662.080000000004
20.0 29.159999999999997 662.080000000004
20.0 29.159999999999997 662.080000000004
20.0 29.179999999999996 662.080000000004
20.0 29.179999999999996 662.080000000004
20.0 29.179999999999996 662.080000000004
20.0 29.179999999999996 662.080000000004
20.0 29.159999999999997 662.080000000004
20.0 29.159999999999997 662.080000000004
20.0 29.159999999999997 662.080000000004
20.0 29.159999999999997 662.080000000004
14.99 22.969999999999995 662.080000000004
14.99 22.969999999999995 662.080000000004
20.0 29.159999999999997 662.080000000004
20.0 29.159999999999997 662.080000000004
20.0 29.159999999999997 662.080000000004
20.0 29.159999999999997 662.080000000004
20.0 29.139999999999997 662.080000000004
20.0 29.139999999999997 662.080000000004
20.0 29.139999999999997 662.080000000004
20.0 29.139999999999997 662.080000000004
20.0 29.159999999999997 662.080000000004
20.0 29.159999999999997 662.080000000004
20.0 29.179999999999996 662.080000000004
20.0 29.179999999999996 662.080000000004
20.0 29.179999999999996 662.080000000004
20.0 29.179999999999996 662.080000000004
28.0 20.0 662.080000000004
28.0 0.0 662.080000000004
28.0 20.0 662.080000000004
28.0 0.0 662.080000000004
27.98 20.0 662.080000000004
27.98 0.0 662.080000000004
27.98 20.0 662.080000000004
27.98 0.0 662.080000000004
20.0 29.179999999999996 662.080000000004
20.0 29.179999999999996 662.080000000004
28.0 20.0 662.080000000004
28.0 0.0 662.080000000004
28.0 20.0 662.080000000004
28.0 0.0 662.080000000004
20.0 29.159999999999997 662.080000000004
20.0 29.159999999999997 662.080000000004
20.0 29.159999999999997 662.080000000004
20.0 29.159999999999997 662.080000000004
28.0 20.0 662.080000000004
28.0 0.0 662.080000000004
28.0 20.0 662.080000000004
28.0 0.0 662.080000000004
20.0 29.139999999999997 662.080000000004
20.0 29.139999999999997 662.080000000004
20.0 29.139999999999997 662.080000000004
20.0 29.139999999999997 662.080000000004
28.0 20.0 662.080000000004
28.0 0.0 662.080000000004
28.0 20.0 662.080000000004
28.0 0.0 662.080000000004
20.0 29.159999999999997 662.080000000004
20.0 29.159999999999997 662.080000000004
20.0 29.139999999999997 662.080000000004
20.0 29.139999999999997 662.080000000004
20.0 29.139999999999997 662.080000000004
20.0 29.139999999999997 662.080000000004
20.0 29.119999999999997 662.080000000004
20.0 29.119999999999997 662.080000000004
28.0 20.0 662.080000000004
28.0 0.0 662.080000000004
28.0 20.0 662.080000000004
28.0 0.0 662.080000000004
20.0 29.139999999999997 662.080000000004
20.0 29.139999999999997 662.080000000004
20.0 29.139999999999997 662.080000000004
20.0 29.139999999999997 662.080000000004
20.0 29.119999999999997 662.080000000004
20.0 29.119999999999997 662.080000000004
20.0 29.099999999999998 662.080000000004
20.0 29.099999999999998 662.080000000004
28.0 20.0 662.080000000004
28.0 0.0 662.080000000004
28.0 20.0 662.080000000004
28.0 0.0 662.080000000004
20.0 29.08 662.080000000004
20.0 29.08 662.080000000004
28.0 20.0 662.080000000004
28.0 0.0 662.080000000004
28.0 20.0 662.080000000004
28.0 0.0 662.080000000004
28.0 20.0 662.080000000004
28.0 0.0 662.080000000004
28.0 20.0 662.080000000004
28.0 0.0 662.080000000004
20.0 29.06 662.080000000004
20.0 29.06 662.080000000004
20.0 29.06 662.080000000004
20.0 29.06 662.080000000004
28.0 20.0 662.080000000004
28.0 0.0 662.080000000004
28.0 20.0 662.080000000004
28.0 0.0 662.080000000004
20.0 29.06 662.080000000004
20.0 29.06 662.080000000004
28.0 20.0 662.080000000004
28.0 0.0 662.080000000004
28.0 20.0 662.080000000004
28.0 0.0 662.080000000004
20.0 29.08 662.080000000004
20.0 29.08 662.080000000004
20.0 29.08 662.080000000004
20.0 29.08 662.080000000004
20.0 29.08 662.080000000004
20.0 29.08 662.080000000004
25.00000000000002 20.0 662.080000000004
25.00000000000002 0.0 662.080000000004
25.00000000000002 20.0 662.080000000004
25.00000000000002 0.0 662.080000000004
20.0 29.099999999999998 662.080000000004
20.0 29.099999999999998 662.080000000004
20.0 29.119999999999997 662.080000000004
20.0 29.119999999999997 662.080000000004
20.0 29.119999999999997 662.080000000004
20.0 29.119999999999997 662.080000000004
20.0 29.119999999999997 662.080000000004
20.0 29.119999999999997 662.080000000004
27.98 20.0 662.080000000004
27.98 0.0 662.080000000004
27.98 20.0 662.080000000004
27.98 0.0 662.080000000004
25.00000000000002 20.0 662.080000000004
25.00000000000002 0.0 662.080000000004
25.00000000000002 20.0 662.080000000004
25.00000000000002 0.0 662.080000000004
25.00000000000002 20.0 662.080000000004
25.00000000000002 0.0 662.080000000004
25.00000000000002 20.0 662.080000000004
25.00000000000002 0.0 662.080000000004
25.00000000000002 20.0 662.080000000004
25.00000000000002 0.0 662.080000000004
25.00000000000002 20.0 662.080000000004
25.00000000000002 0.0 662.080000000004
20.0 29.139999999999997 662.080000000004
20.0 29.139999999999997 662.080000000004
20.0 29.139999999999997 662.080000000004
20.0 29.139999999999997 662.080000000004
28.02 20.0 662.080000000004
28.02 0.0 662.080000000004
28.02 20.0 662.080000000004
28.02 0.0 662.080000000004
20.0 29.159999999999997 662.080000000004
20.0 29.159999999999997 662.080000000004
25.00000000000002 20.0 662.080000000004
25.00000000000002 0.0 662.080000000004
25.00000000000002 20.0 662.080000000004
25.00000000000002 0.0 662.080000000004
24.98000000000002 20.0 662.080000000004
24.98000000000002 0.0 662.080000000004
24.98000000000002 20.0 662.080000000004
24.98000000000002 0.0 662.080000000004
25.00000000000002 20.0 662.080000000004
25.00000000000002 0.0 662.080000000004
25.00000000000002 20.0 662.080000000004
25.00000000000002 0.0 662.080000000004
20.0 29.159999999999997 662.080000000004
20.0 29.159999999999997 662.080000000004
28.0 20.0 662.080000000004
28.0 0.0 662.080000000004
28.0 20.0 662.080000000004
28.0 0.0 662.080000000004
20.0 29.179999999999996 662.080000000004
20.0 29.179999999999996 662.080000000004
20.0 29.179999999999996 662.080000000004
20.0 29.179999999999996 662.080000000004
24.98000000000002 20.0 662.080000000004
24.98000000000002 0.0 662.080000000004
24.98000000000002 20.0 662.080000000004
24.98000000000002 0.0 662.080000000004
20.0 29.159999999999997 662.080000000004
20.0 29.159999999999997 662.080000000004
20.0 29.139999999999997 662.080000000004
20.0 29.139999999999997 662.080000000004
28.0 20.0 662.080000000004
28.0 0.0 662.080000000004
28.0 20.0 662.080000000004
28.0 0.0 662.080000000004
25.00000000000002 20.0 662.080000000004
25.00000000000002 0.0 662.080000000004
25.00000000000002 20.0 662.080000000004
25.00000000000002 0.0 662.080000000004
20.0 29.179999999999996 662.080000000004
20.0 29.179999999999996 662.080000000004
28.0 20.0 662.080000000004
28.0 0.0 662.080000000004
28.0 20.0 662.080000000004
28.0 0.0 662.080000000004
28.0 20.0 662.080000000004
28.0 0.0 662.080000000004
28.0 20.0 662.080000000004
28.0 0.0 662.080000000004
20.0 29.179999999999996 662.080000000004
20.0 29.179999999999996 662.080000000004
28.0 20.0 662.080000000004
28.0 0.0 662.080000000004
28.0 20.0 662.080000000004
28.0 0.0 662.080000000004
20.0 29.159999999999997 662.080000000004
20.0 29.159999999999997 662.080000000004
20.0 29.159999999999997 662.080000000004
20.0 29.159999999999997 662.080000000004
20.0 29.159999999999997 662.080000000004
20.0 29.159999999999997 662.080000000004
27.98 20.0 662.080000000004
27.98 0.0 662.080000000004
27.98 20.0 662.080000000004
27.98 0.0 662.080000000004
20.0 29.159999999999997 662.080000000004
20.0 29.159999999999997 662.080000000004
20.0 29.159999999999997 662.080000000004
20.0 29.159999999999997 662.080000000004
28.0 20.0 662.080000000004
28.0 0.0 662.080000000004
28.0 20.0 662.080000000004
28.0 0.0 662.080000000004
20.0 29.179999999999996 662.080000000004
20.0 29.179999999999996 662.080000000004
20.0 29.179999999999996 662.080000000004
20.0 29.179999999999996 662.080000000004
20.0 29.179999999999996 662.080000000004
20.0 29.179999999999996 662.080000000004
20.0 29.179999999999996 662.080000000004
20.0 29.179999999999996 662.080000000004
24.960000000000022 20.0 662.080000000004
24.960000000000022 0.0 662.080000000004
24.960000000000022 20.0 662.080000000004
24.960000000000022 0.0 662.080000000004
24.960000000000022 20.0 662.080000000004
24.960000000000022 0.0 662.080000000004
24.960000000000022 20.0 662.080000000004
24.960000000000022 0.0 662.080000000004
24.940000000000023 20.0 662.080000000004
24.940000000000023 0.0 662.080000000004
24.940000000000023 20.0 662.080000000004
24.940000000000023 0.0 662.080000000004
28.0 20.0 662.080000000004
28.0 0.0 662.080000000004
28.0 20.0 662.080000000004
28.0 0.0 662.080000000004
20.0 29.179999999999996 662.080000000004
20.0 29.179999999999996 662.080000000004
24.960000000000022 20.0 662.080000000004
24.960000000000022 0.0 662.080000000004
24.960000000000022 20.0 662.080000000004
24.960000000000022 0.0 662.080000000004
20.0 29.199999999999996 662.080000000004
20.0 29.199999999999996 662.080000000004
28.0 20.0 662.080000000004
28.0 0.0 662.080000000004
28.0 20.0 662.080000000004
28.0 0.0 662.080000000004
20.0 29.199999999999996 662.080000000004
20.0 29.199999999999996 662.080000000004
28.0 20.0 662.080000000004
28.0 0.0 662.080000000004
28.0 20.0 662.080000000004
28.0 0.0 662.080000000004
20.0 29.199999999999996 662.080000000004
20.0 29.199999999999996 662.080000000004
20.0 29.199999999999996 662.080000000004
20.0 29.199999999999996 662.080000000004
24.960000000000022 20.0 662.080000000004
24.960000000000022 0.0 662.080000000004
24.960000000000022 20.0 662.080000000004
24.960000000000022 0.0 662.080000000004
20.0 29.219999999999995 662.080000000004
20.0 29.219999999999995 662.080000000004
27.98 20.0 662.080000000004
27.98 0.0 662.080000000004
27.98 20.0 662.080000000004
27.98 0.0 662.080000000004
24.98000000000002 20.0 662.080000000004
24.98000000000002 0.0 662.080000000004
24.98000000000002 20.0 662.080000000004
24.98000000000002 0.0 662.080000000004
20.0 29.239999999999995 662.080000000004
20.0 29.239999999999995 662.080000000004
20.0 29.259999999999994 662.080000000004
20.0 29.259999999999994 662.080000000004
20.0 29.239999999999995 662.080000000004
20.0 29.239999999999995 662.080000000004
20.0 29.239999999999995 662.080000000004
20.0 29.239999999999995 662.080000000004
28.0 20.0 662.080000000004
28.0 0.0 662.080000000004
28.0 20.0 662.080000000004
28.0 0.0 662.080000000004
28.0 20.0 662.080000000004
28.0 0.0 662.080000000004
28.0 20.0 662.080000000004
28.0 0.0 662.080000000004
28.02 20.0 662.080000000004
28.02 0.0 662.080000000004
28.02 20.0 662.080000000004
28.02 0.0 662.080000000004
20.0 29.259999999999994 662.080000000004
20.0 29.259999999999994 662.080000000004
28.0 20.0 662.080000000004
28.0 0.0 662.080000000004
28.0 20.0 662.080000000004
28.0 0.0 662.080000000004
28.0 20.0 662.080000000004
28.0 0.0 662.080000000004
28.0 20.0 662.080000000004
28.0 0.0 662.080000000004
20.0 29.239999999999995 662.080000000004
20.0 29.239999999999995 662.080000000004
28.0 20.0 662.080000000004
28.0 0.0 662.080000000004
28.0 20.0 662.080000000004
28.0 0.0 662.080000000004
20.0 29.259999999999994 662.080000000004
20.0 29.259999999999994 662.080000000004
20.0 29.259999999999994 662.080000000004
20.0 29.259999999999994 662.080000000004
27.98 20.0 662.080000000004
27.98 0.0 662.080000000004
27.98 20.0 662.080000000004
27.98 0.0 662.080000000004
28.0 20.0 662.080000000004
28.0 0.0 662.080000000004
28.0 20.0 662.080000000004
28.0 0.0 662.080000000004
20.0 29.279999999999994 662.080000000004
20.0 29.279999999999994 662.080000000004
28.0 20.0 662.080000000004
28.0 0.0 662.080000000004
28.0 20.0 662.080000000004
28.0 0.0 662.080000000004
20.0 29.279999999999994 662.080000000004
20.0 29.279999999999994 662.080000000004
28.0 20.0 662.080000000004
28.0 0.0 662.080000000004
28.0 20.0 662.080000000004
28.0 0.0 662.080000000004
20.0 29.299999999999994 662.080000000004
20.0 29.299999999999994 662.080000000004
20.0 29.279999999999994 662.080000000004
20.0 29.279999999999994 662.080000000004
20.0 29.279999999999994 662.080000000004
20.0 29.279999999999994 662.080000000004
28.0 20.0 662.080000000004
28.0 0.0 662.080000000004
28.0 20.0 662.080000000004
28.0 0.0 662.080000000004
20.0 29.259999999999994 662.080000000004
20.0 29.259999999999994 662.080000000004
20.0 29.259999999999994 662.080000000004
20.0 29.259999999999994 662.080000000004
28.0 20.0 662.080000000004
28.0 0.0 662.080000000004
28.0 20.0 662.080000000004
28.0 0.0 662.080000000004
20.0 29.279999999999994 662.080000000004
20.0 29.279999999999994 662.080000000004
28.0 20.0 662.080000000004
28.0 0.0 662.080000000004
28.0 20.0 662.080000000004
28.0 0.0 662.080000000004
20.0 29.279999999999994 662.080000000004
20.0 29.279999999999994 662.080000000004
20.0 29.259999999999994 662.080000000004
20.0 29.259999999999994 662.080000000004
20.0 29.259999999999994 662.080000000004
20.0 29.259999999999994 662.080000000004
20.0 29.279999999999994 662.080000000004
20.0 29.279999999999994 662.080000000004
28.0 20.0 662.080000000004
28.0 0.0 662.080000000004
28.0 20.0 662.080000000004
28.0 0.0 662.080000000004
20.0 29.279999999999994 662.080000000004
20.0 29.279999999999994 662.080000000004
20.0 29.279999999999994 662.080000000004
20.0 29.279999999999994 662.080000000004
28.0 20.0 662.080000000004
28.0 0.0 662.080000000004
28.0 20.0 662.080000000004
28.0 0.0 662.080000000004
28.0 20.0 662.080000000004
28.0 0.0 662.080000000004
28.0 20.0 662.080000000004
28.0 0.0 662.080000000004
20.0 29.299999999999994 662.080000000004
20.0 29.299999999999994 662.080000000004
20.0 29.299999999999994 662.080000000004
20.0 29.299999999999994 662.080000000004
20.0 29.299999999999994 662.080000000004
20.0 29.299999999999994 662.080000000004
20.0 29.279999999999994 662.080000000004
20.0 29.279999999999994 662.080000000004
20.0 29.299999999999994 662.080000000004
20.0 29.299999999999994 662.080000000004
20.0 29.279999999999994 662.080000000004
20.0 29.279999999999994 662.080000000004
20.0 29.279999999999994 662.080000000004
20.0 29.279999999999994 662.080000000004
20.0 29.259999999999994 662.080000000004
20.0 29.259999999999994 662.080000000004
28.0 20.0 662.080000000004
28.0 0.0 662.080000000004
28.0 20.0 662.080000000004
28.0 0.0 662.080000000004
20.0 29.259999999999994 662.080000000004
20.0 29.259999999999994 662.080000000004
20.0 29.279999999999994 662.080000000004
20.0 29.279999999999994 662.080000000004
28.0 20.0 662.080000000004
28.0 0.0 662.080000000004
28.0 20.0 662.080000000004
28.0 0.0 662.080000000004
28.0 20.0 662.080000000004
28.0 0.0 662.080000000004
28.0 20.0 662.080000000004
28.0 0.0 662.080000000004
20.0 29.299999999999994 662.080000000004
20.0 29.299999999999994 662.080000000004
28.0 20.0 662.080000000004
28.0 0.0 662.080000000004
28.0 20.0 662.080000000004
28.0 0.0 662.080000000004
20.0 29.299999999999994 662.080000000004
20.0 29.299999999999994 662.080000000004
20.0 29.279999999999994 662.080000000004
20.0 29.279999999999994 662.080000000004
28.0 20.0 662.080000000004
28.0 0.0 662.080000000004
28.0 20.0 662.080000000004
28.0 0.0 662.080000000004
20.0 29.299999999999994 662.080000000004
20.0 29.299999999999994 662.080000000004
28.0 20.0 662.080000000004
28.0 0.0 662.080000000004
28.0 20.0 662.080000000004
28.0 0.0 662.080000000004
20.0 29.319999999999993 662.080000000004
20.0 29.319999999999993 662.080000000004
25.00000000000002 20.0 662.080000000004
25.00000000000002 0.0 662.080000000004
25.00000000000002 20.0 662.080000000004
25.00000000000002 0.0 662.080000000004
28.0 20.0 662.080000000004
28.0 0.0 662.080000000004
28.0 20.0 662.080000000004
28.0 0.0 662.080000000004
20.0 29.319999999999993 662.080000000004
20.0 29.319999999999993 662.080000000004
20.0 29.339999999999993 662.080000000004
20.0 29.339999999999993 662.080000000004
25.00000000000002 20.0 662.080000000004
25.00000000000002 0.0 662.080000000004
25.00000000000002 20.0 662.080000000004
25.00000000000002 0.0 662.080000000004
20.0 29.339999999999993 662.080000000004
20.0 29.339999999999993 662.080000000004
25.00000000000002 20.0 662.080000000004
25.00000000000002 0.0 662.080000000004
25.00000000000002 20.0 662.080000000004
25.00000000000002 0.0 662.080000000004
25.00000000000002 20.0 662.080000000004
25.00000000000002 0.0 662.080000000004
25.00000000000002 20.0 662.080000000004
25.00000000000002 0.0 662.080000000004
20.0 29.339999999999993 662.080000000004
20.0 29.339999999999993 662.080000000004
20.0 29.339999999999993 662.080000000004
20.0 29.339999999999993 662.080000000004
20.0 29.339999999999993 662.080000000004
20.0 29.339999999999993 662.080000000004
20.0 29.319999999999993 662.080000000004
20.0 29.319999999999993 662.080000000004
20.0 29.339999999999993 662.080000000004
20.0 29.339999999999993 662.080000000004
20.0 29.339999999999993 662.080000000004
20.0 29.339999999999993 662.080000000004
25.00000000000002 20.0 662.080000000004
25.00000000000002 0.0 662.080000000004
25.00000000000002 20.0 662.080000000004
25.00000000000002 0.0 662.080000000004
25.00000000000002 20.0 662.080000000004
25.00000000000002 0.0 662.080000000004
25.00000000000002 20.0 662.080000000004
25.00000000000002 0.0 662.080000000004
20.0 29.339999999999993 662.080000000004
20.0 29.339999999999993 662.080000000004
20.0 29.319999999999993 662.080000000004
20.0 29.319999999999993 662.080000000004
20.0 29.299999999999994 662.080000000004
20.0 29.299999999999994 662.080000000004
28.0 20.0 662.080000000004
28.0 0.0 662.080000000004
28.0 20.0 662.080000000004
28.0 0.0 662.080000000004
20.0 29.279999999999994 662.080000000004
20.0 29.279999999999994 662.080000000004
27.98 20.0 662.080000000004
27.98 0.0 662.080000000004
27.98 20.0 662.080000000004
27.98 0.0 662.080000000004
20.0 29.279999999999994 662.080000000004
20.0 29.279999999999994 662.080000000004
27.98 20.0 662.080000000004
27.98 0.0 662.080000000004
27.98 20.0 662.080000000004
27.98 0.0 662.080000000004
20.0 29.299999999999994 662.080000000004
20.0 29.299999999999994 662.080000000004
27.98 20.0 662.080000000004
27.98 0.0 662.080000000004
27.98 20.0 662.080000000004
27.98 0.0 662.080000000004
20.0 29.279999999999994 662.080000000004
20.0 29.279999999999994 662.080000000004
27.98 20.0 662.080000000004
27.98 0.0 662.080000000004
27.98 20.0 662.080000000004
27.98 0.0 662.080000000004
27.98 20.0 662.080000000004
27.98 0.0 662.080000000004
27.98 20.0 662.080000000004
27.98 0.0 662.080000000004
20.0 29.319999999999993 662.080000000004
20.0 29.319999999999993 662.080000000004
27.96 20.0 662.080000000004
27.96 0.0 662.080000000004
27.96 20.0 662.080000000004
27.96 0.0 662.080000000004
20.0 29.339999999999993 662.080000000004
20.0 29.339999999999993 662.080000000004
20.0 29.359999999999992 662.080000000004
20.0 29.359999999999992 662.080000000004
28.0 20.0 662.080000000004
28.0 0.0 662.080000000004
28.0 20.0 662.080000000004
28.0 0.0 662.080000000004
20.0 29.379999999999992 662.080000000004
20.0 29.379999999999992 662.080000000004
20.0 29.379999999999992 662.080000000004
20.0 29.379999999999992 662.080000000004
28.0 20.0 662.080000000004
28.0 0.0 662.080000000004
28.0 20.0 662.080000000004
28.0 0.0 662.080000000004
20.0 29.379999999999992 662.080000000004
20.0 29.379999999999992 662.080000000004
28.0 20.0 662.080000000004
28.0 0.0 662.080000000004
28.0 20.0 662.080000000004
28.0 0.0 662.080000000004
28.02 20.0 662.080000000004
28.02 0.0 662.080000000004
28.02 20.0 662.080000000004
28.02 0.0 662.080000000004
28.02 20.0 662.080000000004
28.02 0.0 662.080000000004
28.02 20.0 662.080000000004
28.02 0.0 662.080000000004
28.0 20.0 662.080000000004
28.0 0.0 662.080000000004
28.0 20.0 662.080000000004
28.0 0.0 662.080000000004
27.98 20.0 662.080000000004
27.98 0.0 662.080000000004
27.98 20.0 662.080000000004
27.98 0.0 662.080000000004
20.0 29.359999999999992 662.080000000004
20.0 29.359999999999992 662.080000000004
20.0 29.359999999999992 662.080000000004
20.0 29.359999999999992 662.080000000004
20.0 29.359999999999992 662.080000000004
20.0 29.359999999999992 662.080000000004
20.0 29.379999999999992 662.080000000004
20.0 29.379999999999992 662.080000000004
27.96 20.0 662.080000000004
27.96 0.0 662.080000000004
27.96 20.0 662.080000000004
27.96 0.0 662.080000000004
24.960000000000022 20.0 662.080000000004
24.960000000000022 0.0 662.080000000004
24.960000000000022 20.0 662.080000000004
24.960000000000022 0.0 662.080000000004
27.98 20.0 662.080000000004
27.98 0.0 662.080000000004
27.98 20.0 662.080000000004
27.98 0.0 662.080000000004
24.940000000000023 20.0 662.080000000004
24.940000000000023 0.0 662.080000000004
24.940000000000023 20.0 662.080000000004
24.940000000000023 0.0 662.080000000004
24.940000000000023 20.0 662.080000000004
24.940000000000023 0.0 662.080000000004
24.940000000000023 20.0 662.080000000004
24.940000000000023 0.0 662.080000000004
28.0 20.0 662.080000000004
28.0 0.0 662.080000000004
28.0 20.0 662.080000000004
28.0 0.0 662.080000000004
28.0 20.0 662.080000000004
28.0 0.0 662.080000000004
28.0 20.0 662.080000000004
28.0 0.0 662.080000000004
24.940000000000023 20.0 662.080000000004
24.940000000000023 0.0 662.080000000004
24.940000000000023 20.0 662.080000000004
24.940000000000023 0.0 662.080000000004
24.960000000000022 20.0 662.080000000004
24.960000000000022 0.0 662.080000000004
24.960000000000022 20.0 662.080000000004
24.960000000000022 0.0 662.080000000004
20.0 29.39999999999999 662.080000000004
20.0 29.39999999999999 662.080000000004
20.0 29.41999999999999 662.080000000004
20.0 29.41999999999999 662.080000000004
27.98 20.0 662.080000000004
27.98 0.0 662.080000000004
27.98 20.0 662.080000000004
27.98 0.0 662.080000000004
20.0 29.41999999999999 662.080000000004
20.0 29.41999999999999 662.080000000004
27.98 20.0 662.080000000004
27.98 0.0 662.080000000004
27.98 20.0 662.080000000004
27.98 0.0 662.080000000004
24.960000000000022 20.0 662.080000000004
24.960000000000022 0.0 662.080000000004
24.960000000000022 20.0 662.080000000004
24.960000000000022 0.0 662.080000000004
27.98 20.0 662.080000000004
27.98 0.0 662.080000000004
27.98 20.0 662.080000000004
27.98 0.0 662.080000000004
27.98 20.0 662.080000000004
27.98 0.0 662.080000000004
27.98 20.0 662.080000000004
27.98 0.0 662.080000000004
27.96 20.0 662.080000000004
27.96 0.0 662.080000000004
27.96 20.0 662.080000000004
27.96 0.0 662.080000000004
20.0 29.41999999999999 662.080000000004
20.0 29.41999999999999 662.080000000004
20.0 29.43999999999999 662.080000000004
20.0 29.43999999999999 662.080000000004
27.96 20.0 662.080000000004
27.96 0.0 662.080000000004
27.96 20.0 662.080000000004
27.96 0.0 662.080000000004
27.96 20.0 662.080000000004
27.96 0.0 662.080000000004
27.96 20.0 662.080000000004
27.96 0.0 662.080000000004
27.98 20.0 662.080000000004
27.98 0.0 662.080000000004
27.98 20.0 662.080000000004
27.98 0.0 662.080000000004
20.0 29.41999999999999 662.080000000004
20.0 29.41999999999999 662.080000000004
20.0 29.41999999999999 662.080000000004
20.0 29.41999999999999 662.080000000004
20.0 29.43999999999999 662.080000000004
20.0 29.43999999999999 662.080000000004
20.0 29.43999999999999 662.080000000004
20.0 29.43999999999999 662.080000000004
20.0 29.45999999999999 662.080000000004
20.0 29.45999999999999 662.080000000004
20.0 29.43999999999999 662.080000000004
20.0 29.43999999999999 662.080000000004
20.0 29.45999999999999 662.080000000004
20.0 29.45999999999999 662.080000000004
20.0 29.45999999999999 662.080000000004
20.0 29.45999999999999 662.080000000004
20.0 29.719999999999985 662.080000000004
20.0 29.719999999999985 662.080000000004
20.0 29.759999999999984 662.080000000004
20.0 29.759999999999984 662.080000000004
20.0 29.759999999999984 662.080000000004
20.0 29.759999999999984 662.080000000004
20.0 29.779999999999983 662.080000000004
20.0 29.779999999999983 662.080000000004
20.0 29.799999999999983 662.080000000004
20.0 29.799999999999983 662.080000000004
20.0 29.799999999999983 662.080000000004
20.0 29.799999999999983 662.080000000004
20.0 29.799999999999983 662.080000000004
20.0 29.799999999999983 662.080000000004
20.0 29.839999999999982 662.080000000004
20.0 29.839999999999982 662.080000000004
20.0 29.819999999999983 662.080000000004
20.0 29.819999999999983 662.080000000004
20.0 29.819999999999983 662.080000000004
20.0 29.819999999999983 662.080000000004
20.0 29.819999999999983 662.080000000004
20.0 29.819999999999983 662.080000000004
20.0 29.819999999999983 662.080000000004
20.0 29.819999999999983 662.080000000004
20.0 29.819999999999983 662.080000000004
20.0 29.819999999999983 662.080000000004
20.0 29.839999999999982 662.080000000004
20.0 29.839999999999982 662.080000000004
20.0 29.839999999999982 662.080000000004
20.0 29.839999999999982 662.080000000004
20.0 29.839999999999982 662.080000000004
20.0 29.839999999999982 662.080000000004
20.0 29.839999999999982 662.080000000004
20.0 29.839999999999982 662.080000000004
20.0 29.839999999999982 662.080000000004
20.0 29.839999999999982 662.080000000004
20.0 29.799999999999983 662.080000000004
20.0 29.799999999999983 662.080000000004
20.0 29.839999999999982 662.080000000004
20.0 29.839999999999982 662.080000000004
20.0 29.819999999999983 662.080000000004
20.0 29.819999999999983 662.080000000004
20.0 29.85999999999998 662.080000000004
20.0 29.85999999999998 662.080000000004
20.0 29.85999999999998 662.080000000004
20.0 29.85999999999998 662.080000000004
20.0 29.89999999999998 662.080000000004
20.0 29.89999999999998 662.080000000004
20.0 29.89999999999998 662.080000000004
20.0 29.89999999999998 662.080000000004
20.0 29.89999999999998 662.080000000004
20.0 29.89999999999998 662.080000000004
20.0 29.87999999999998 662.080000000004
20.0 29.87999999999998 662.080000000004
20.0 29.839999999999982 662.080000000004
20.0 29.839999999999982 662.080000000004
20.0 29.839999999999982 662.080000000004
20.0 29.839999999999982 662.080000000004
20.0 29.839999999999982 662.080000000004
20.0 29.839999999999982 662.080000000004
20.0 29.839999999999982 662.080000000004
20.0 29.839999999999982 662.080000000004
20.0 29.839999999999982 662.080000000004
20.0 29.839999999999982 662.080000000004
20.0 29.839999999999982 662.080000000004
20.0 29.839999999999982 662.080000000004
20.0 29.819999999999983 662.080000000004
20.0 29.819999999999983 662.080000000004
20.0 29.799999999999983 662.080000000004
20.0 29.799999999999983 662.080000000004
20.0 29.819999999999983 662.080000000004
20.0 29.819999999999983 662.080000000004
20.0 29.819999999999983 662.080000000004
20.0 29.819999999999983 662.080000000004
20.0 29.839999999999982 662.080000000004
20.0 29.839999999999982 662.080000000004
20.0 29.87999999999998 662.080000000004
20.0 29.87999999999998 662.080000000004
20.0 29.89999999999998 662.080000000004
20.0 29.89999999999998 662.080000000004
20.0 29.93999999999998 662.080000000004
20.0 29.93999999999998 662.080000000004
20.0 29.95999999999998 662.080000000004
20.0 29.95999999999998 662.080000000004
28.0 20.0 662.080000000004
28.0 0.0 662.080000000004
28.0 20.0 662.080000000004
28.0 0.0 662.080000000004
28.0 20.0 662.080000000004
28.0 0.0 662.080000000004
28.0 20.0 662.080000000004
28.0 0.0 662.080000000004
3.9700000000000433 18.929999999999833 662.080000000004
8.0 1.0000000000000007 662.080000000004
17.06999999999977 18.729999999999958 662.080000000004
17.98999999999999 15.949999999999534 662.080000000004
0.99 1.9500000000000213 662.080000000004
18.99999999999953 7.960000000000001 662.080000000004
6.980000000000022 4.059999999999956 662.080000000004
13.96999999999998 18.649999999999476 662.080000000004
12.49000000000001 0.9699999999999989 662.080000000004
17.04999999999976 0.41000000000015496 662.080000000004
15.02999999999971 15.969999999999533 662.080000000004
4.049999999999956 7.970000000000001 662.080000000004
4.729999999999963 13.009999999999957 662.080000000004
17.999999999999687 10.059999999999977 662.080000000004
1.0300000000001555 5.970000000000022 662.080000000004
9.129999999999976 18.009999999999376 662.080000000004
15.0 3.0199999999999996 662.080000000004
7.000000000000021 15.979999999999377 662.080000000004
9.04 7.019999999999914 662.080000000004
12.01 4.989999999999979 662.080000000004
1.05 12.989999999999958 662.080000000004
9.99 2.110000000000154 662.080000000004
3.9700000000000006 3.99 662.080000000004
9.99 12.589999999999987 662.080000000004
7.009999999999936 10.01 662.080000000004
4.940000000000023 0.9800000000000006 662.080000000004
15.999999999999533 7.0 662.080000000004
1.0000000000000007 9.999999999999979 662.080000000004
15.949999999999221 13.009999999999957 662.080000000004
12.019999999999957 15.979999999999533 662.080000000004
1.8200000000000425 16.01999999999996 662.080000000004
18.009999999999533 3.989999999999979 662.080000000004
12.98 9.139999999999997 662.080000000004
-10 12 662.080000000004
-10 12 662.080000000004
-7 9 662.080000000004
-7 9 662.080000000004
-10 -8 662.080000000004
-10 -8 662.080000000004
-7 -11 662.080000000004
-7 -11 662.080000000004
-8 -16 662.080000000004
-8 -16 662.080000000004
0.0 -11.0 662.080000000004
0.0 -11.0 662.080000000004
0.0 -11.0 662.080000000004
0.0 -11.0 662.080000000004
0.0 -11.0 662.080000000004
0.0 -11.0 662.080000000004
0.0 -11.0 662.080000000004
0.0 -11.0 662.080000000004
0.0 -11.0 662.080000000004
0.0 -11.0 662.080000000004
0.0 -11.0 662.080000000004
0.0 -11.0 662.080000000004
0.0 -11.0 662.080000000004
0.0 -11.0 662.080000000004
0.0 -11.02 662.080000000004
0.0 -11.02 662.080000000004
0.0 -11.0 662.080000000004
0.0 -11.0 662.080000000004
0.0 -10.98 662.080000000004
0.0 -10.98 662.080000000004
0.0 -10.96 662.080000000004
0.0 -10.96 662.080000000004
0.0 -10.96 662.080000000004
0.0 -10.96 662.080000000004
0.0 -10.96 662.080000000004
0.0 -10.96 662.080000000004
0.0 -10.96 662.080000000004
0.0 -10.96 662.080000000004
0.0 -10.98 662.080000000004
0.0 -10.98 662.080000000004
0.0 -11.0 662.080000000004
0.0 -11.0 662.080000000004
0.0 -11.0 662.080000000004
0.0 -11.0 662.080000000004
0.0 -11.0 662.080000000004
0.0 -11.0 662.080000000004
0.0 -11.0 662.080000000004
0.0 -11.0 662.080000000004
0.0 -11.0 662.080000000004
0.0 -11.0 662.080000000004
0.0 -11.0 662.080000000004
0.0 -11.0 662.080000000004
0.0 -10.900000000000002 662.080000000004
0.0 -10.900000000000002 662.080000000004
0.0 -10.880000000000003 662.080000000004
0.0 -10.880000000000003 662.080000000004
0.0 -10.860000000000003 662.080000000004
0.0 -10.860000000000003 662.080000000004
0.0 -10.840000000000003 662.080000000004
0.0 -10.840000000000003 662.080000000004
0.0 -10.840000000000003 662.080000000004
0.0 -10.840000000000003 662.080000000004
0.0 -10.820000000000004 662.080000000004
0.0 -10.820000000000004 662.080000000004
0.0 -10.820000000000004 662.080000000004
0.0 -10.820000000000004 662.080000000004
0.0 -10.820000000000004 662.080000000004
0.0 -10.820000000000004 662.080000000004
0.0 -10.840000000000003 662.080000000004
0.0 -10.840000000000003 662.080000000004
0.0 -10.820000000000004 662.080000000004
0.0 -10.820000000000004 662.080000000004
0.0 -10.820000000000004 662.080000000004
0.0 -10.820000000000004 662.080000000004
0.0 -10.840000000000003 662.080000000004
0.0 -10.840000000000003 662.080000000004
0.0 -10.840000000000003 662.080000000004
0.0 -10.840000000000003 662.080000000004
-5.01 -17.030000000000005 662.080000000004
-5.01 -17.030000000000005 662.080000000004
0.0 -10.840000000000003 662.080000000004
0.0 -10.840000000000003 662.080000000004
0.0 -10.840000000000003 662.080000000004
0.0 -10.840000000000003 662.080000000004
0.0 -10.860000000000003 662.080000000004
0.0 -10.860000000000003 662.080000000004
0.0 -10.860000000000003 662.080000000004
0.0 -10.860000000000003 662.080000000004
0.0 -10.840000000000003 662.080000000004
0.0 -10.840000000000003 662.080000000004
0.0 -10.820000000000004 662.080000000004
0.0 -10.820000000000004 662.080000000004
0.0 -10.820000000000004 662.080000000004
0.0 -10.820000000000004 662.080000000004
0.0 -10.820000000000004 662.080000000004
0.0 -10.820000000000004 662.080000000004
0.0 -10.840000000000003 662.080000000004
0.0 -10.840000000000003 662.080000000004
0.0 -10.840000000000003 662.080000000004
0.0 -10.840000000000003 662.080000000004
0.0 -10.860000000000003 662.080000000004
0.0 -10.860000000000003 662.080000000004
0.0 -10.860000000000003 662.080000000004
0.0 -10.860000000000003 662.080000000004
0.0 -10.840000000000003 662.080000000004
0.0 -10.840000000000003 662.080000000004
0.0 -10.860000000000003 662.080000000004
0.0 -10.860000000000003 662.080000000004
0.0 -10.860000000000003 662.080000000004
0.0 -10.860000000000003 662.080000000004
0.0 -10.880000000000003 662.080000000004
0.0 -10.880000000000003 662.080000000004
0.0 -10.860000000000003 662.080000000004
0.0 -10.860000000000003 662.080000000004
0.0 -10.860000000000003 662.080000000004
0.0 -10.860000000000003 662.080000000004
0.0 -10.880000000000003 662.080000000004
0.0 -10.880000000000003 662.080000000004
0.0 -10.900000000000002 662.080000000004
0.0 -10.900000000000002 662.080000000004
0.0 -10.920000000000002 662.080000000004
0.0 -10.920000000000002 662.080000000004
0.0 -10.940000000000001 662.080000000004
0.0 -10.940000000000001 662.080000000004
0.0 -10.940000000000001 662.080000000004
0.0 -10.940000000000001 662.080000000004
0.0 -10.940000000000001 662.080000000004
0.0 -10.940000000000001 662.080000000004
0.0 -10.920000000000002 662.080000000004
0.0 -10.920000000000002 662.080000000004
0.0 -10.920000000000002 662.080000000004
0.0 -10.920000000000002 662.080000000004
0.0 -10.920000000000002 662.080000000004
0.0 -10.920000000000002 662.080000000004
0.0 -10.900000000000002 662.080000000004
0.0 -10.900000000000002 662.080000000004
0.0 -10.880000000000003 662.080000000004
0.0 -10.880000000000003 662.080000000004
0.0 -10.880000000000003 662.080000000004
0.0 -10.880000000000003 662.080000000004
0.0 -10.880000000000003 662.080000000004
0.0 -10.880000000000003 662.080000000004
0.0 -10.860000000000003 662.080000000004
0.0 -10.860000000000003 662.080000000004
0.0 -10.860000000000003 662.080000000004
0.0 -10.860000000000003 662.080000000004
0.0 -10.840000000000003 662.080000000004
0.0 -10.840000000000003 662.080000000004
0.0 -10.840000000000003 662.080000000004
0.0 -10.840000000000003 662.080000000004
0.0 -10.820000000000004 662.080000000004
0.0 -10.820000000000004 662.080000000004
0.0 -10.820000000000004 662.080000000004
0.0 -10.820000000000004 662.080000000004
0.0 -10.840000000000003 662.080000000004
0.0 -10.840000000000003 662.080000000004
0.0 -10.860000000000003 662.080000000004
0.0 -10.860000000000003 662.080000000004
0.0 -10.820000000000004 662.080000000004
0.0 -10.820000000000004 662.080000000004
0.0 -10.820000000000004 662.080000000004
0.0 -10.820000000000004 662.080000000004
0.0 -10.840000000000003 662.080000000004
0.0 -10.840000000000003 662.080000000004
0.0 -10.840000000000003 662.080000000004
0.0 -10.840000000000003 662.080000000004
0.0 -10.840000000000003 662.080000000004
0.0 -10.840000000000003 662.080000000004
0.0 -10.840000000000003 662.080000000004
0.0 -10.840000000000003 662.080000000004
0.0 -10.840000000000003 662.080000000004
0.0 -10.840000000000003 662.080000000004
0.0 -10.820000000000004 662.080000000004
0.0 -10.820000000000004 662.080000000004
0.0 -10.820000000000004 662.080000000004
0.0 -10.820000000000004 662.080000000004
0.0 -10.820000000000004 662.080000000004
0.0 -10.820000000000004 662.080000000004
0.0 -10.820000000000004 662.080000000004
0.0 -10.820000000000004 662.080000000004
0.0 -10.820000000000004 662.080000000004
0.0 -10.820000000000004 662.080000000004
0.0 -10.800000000000004 662.080000000004
0.0 -10.800000000000004 662.080000000004
0.0 -10.800000000000004 662.080000000004
0.0 -10.800000000000004 662.080000000004
0.0 -10.800000000000004 662.080000000004
0.0 -10.800000000000004 662.080000000004
0.0 -10.800000000000004 662.080000000004
0.0 -10.800000000000004 662.080000000004
0.0 -10.780000000000005 662.080000000004
0.0 -10.780000000000005 662.080000000004
0.0 -10.760000000000005 662.080000000004
0.0 -10.760000000000005 662.080000000004
0.0 -10.740000000000006 662.080000000004
0.0 -10.740000000000006 662.080000000004
0.0 -10.760000000000005 662.080000000004
0.0 -10.760000000000005 662.080000000004
0.0 -10.760000000000005 662.080000000004
0.0 -10.760000000000005 662.080000000004
0.0 -10.740000000000006 662.080000000004
0.0 -10.740000000000006 662.080000000004
0.0 -10.760000000000005 662.080000000004
0.0 -10.760000000000005 662.080000000004
0.0 -10.740000000000006 662.080000000004
0.0 -10.740000000000006 662.080000000004
0.0 -10.740000000000006 662.080000000004
0.0 -10.740000000000006 662.080000000004
0.0 -10.720000000000006 662.080000000004
0.0 -10.720000000000006 662.080000000004
0.0 -10.720000000000006 662.080000000004
0.0 -10.720000000000006 662.080000000004
0.0 -10.700000000000006 662.080000000004
0.0 -10.700000000000006 662.080000000004
0.0 -10.720000000000006 662.080000000004
0.0 -10.720000000000006 662.080000000004
0.0 -10.720000000000006 662.080000000004
0.0 -10.720000000000006 662.080000000004
0.0 -10.740000000000006 662.080000000004
0.0 -10.740000000000006 662.080000000004
0.0 -10.740000000000006 662.080000000004
0.0 -10.740000000000006 662.080000000004
0.0 -10.720000000000006 662.080000000004
0.0 -10.720000000000006 662.080000000004
0.0 -10.720000000000006 662.080000000004
0.0 -10.720000000000006 662.080000000004
0.0 -10.740000000000006 662.080000000004
0.0 -10.740000000000006 662.080000000004
0.0 -10.740000000000006 662.080000000004
0.0 -10.740000000000006 662.080000000004
0.0 -10.720000000000006 662.080000000004
0.0 -10.720000000000006 662.080000000004
0.0 -10.720000000000006 662.080000000004
0.0 -10.720000000000006 662.080000000004
0.0 -10.720000000000006 662.080000000004
0.0 -10.720000000000006 662.080000000004
0.0 -10.700000000000006 662.080000000004
0.0 -10.700000000000006 662.080000000004
0.0 -10.700000000000006 662.080000000004
0.0 -10.700000000000006 662.080000000004
0.0 -10.700000000000006 662.080000000004
0.0 -10.700000000000006 662.080000000004
0.0 -10.720000000000006 662.080000000004
0.0 -10.720000000000006 662.080000000004
0.0 -10.700000000000006 662.080000000004
0.0 -10.700000000000006 662.080000000004
0.0 -10.720000000000006 662.080000000004
0.0 -10.720000000000006 662.080000000004
0.0 -10.720000000000006 662.080000000004
0.0 -10.720000000000006 662.080000000004
0.0 -10.740000000000006 662.080000000004
0.0 -10.740000000000006 662.080000000004
0.0 -10.740000000000006 662.080000000004
0.0 -10.740000000000006 662.080000000004
0.0 -10.720000000000006 662.080000000004
0.0 -10.720000000000006 662.080000000004
0.0 -10.700000000000006 662.080000000004
0.0 -10.700000000000006 662.080000000004
0.0 -10.700000000000006 662.080000000004
0.0 -10.700000000000006 662.080000000004
0.0 -10.720000000000006 662.080000000004
0.0 -10.720000000000006 662.080000000004
0.0 -10.700000000000006 662.080000000004
0.0 -10.700000000000006 662.080000000004
0.0 -10.680000000000007 662.080000000004
0.0 -10.680000000000007 662.080000000004
0.0 -10.680000000000007 662.080000000004
0.0 -10.680000000000007 662.080000000004
0.0 -10.660000000000007 662.080000000004
0.0 -10.660000000000007 662.080000000004
0.0 -10.660000000000007 662.080000000004
0.0 -10.660000000000007 662.080000000004
0.0 -10.660000000000007 662.080000000004
0.0 -10.660000000000007 662.080000000004
0.0 -10.660000000000007 662.080000000004
0.0 -10.660000000000007 662.080000000004
0.0 -10.660000000000007 662.080000000004
0.0 -10.660000000000007 662.080000000004
0.0 -10.680000000000007 662.080000000004
0.0 -10.680000000000007 662.080000000004
0.0 -10.660000000000007 662.080000000004
0.0 -10.660000000000007 662.080000000004
0.0 -10.660000000000007 662.080000000004
0.0 -10.660000000000007 662.080000000004
0.0 -10.660000000000007 662.080000000004
0.0 -10.660000000000007 662.080000000004
0.0 -10.680000000000007 662.080000000004
0.0 -10.680000000000007 662.080000000004
0.0 -10.700000000000006 662.080000000004
0.0 -10.700000000000006 662.080000000004
0.0 -10.720000000000006 662.080000000004
0.0 -10.720000000000006 662.080000000004
0.0 -10.720000000000006 662.080000000004
0.0 -10.720000000000006 662.080000000004
0.0 -10.700000000000006 662.080000000004
0.0 -10.700000000000006 662.080000000004
0.0 -10.720000000000006 662.080000000004
0.0 -10.720000000000006 662.080000000004
0.0 -10.680000000000007 662.080000000004
0.0 -10.680000000000007 662.080000000004
0.0 -10.660000000000007 662.080000000004
0.0 -10.660000000000007 662.080000000004
0.0 -10.640000000000008 662.080000000004
0.0 -10.640000000000008 662.080000000004
0.0 -10.620000000000008 662.080000000004
0.0 -10.620000000000008 662.080000000004
0.0 -10.620000000000008 662.080000000004
0.0 -10.620000000000008 662.080000000004
0.0 -10.620000000000008 662.080000000004
0.0 -10.620000000000008 662.080000000004
0.0 -10.640000000000008 662.080000000004
0.0 -10.640000000000008 662.080000000004
0.0 -10.640000000000008 662.080000000004
0.0 -10.640000000000008 662.080000000004
0.0 -10.640000000000008 662.080000000004
0.0 -10.640000000000008 662.080000000004
0.0 -10.620000000000008 662.080000000004
0.0 -10.620000000000008 662.080000000004
0.0 -10.600000000000009 662.080000000004
0.0 -10.600000000000009 662.080000000004
0.0 -10.580000000000009 662.080000000004
0.0 -10.580000000000009 662.080000000004
0.0 -10.580000000000009 662.080000000004
0.0 -10.580000000000009 662.080000000004
0.0 -10.580000000000009 662.080000000004
0.0 -10.580000000000009 662.080000000004
0.0 -10.56000000000001 662.080000000004
0.0 -10.56000000000001 662.080000000004
0.0 -10.580000000000009 662.080000000004
0.0 -10.580000000000009 662.080000000004
0.0 -10.580000000000009 662.080000000004
0.0 -10.580000000000009 662.080000000004
0.0 -10.56000000000001 662.080000000004
0.0 -10.56000000000001 662.080000000004
0.0 -10.56000000000001 662.080000000004
0.0 -10.56000000000001 662.080000000004
0.0 -10.54000000000001 662.080000000004
0.0 -10.54000000000001 662.080000000004
0.0 -10.56000000000001 662.080000000004
0.0 -10.56000000000001 662.080000000004
0.0 -10.54000000000001 662.080000000004
0.0 -10.54000000000001 662.080000000004
0.0 -10.54000000000001 662.080000000004
0.0 -10.54000000000001 662.080000000004
0.0 -10.280000000000015 662.080000000004
0.0 -10.280000000000015 662.080000000004
0.0 -10.240000000000016 662.080000000004
0.0 -10.240000000000016 662.080000000004
0.0 -10.240000000000016 662.080000000004
0.0 -10.240000000000016 662.080000000004
0.0 -10.220000000000017 662.080000000004
0.0 -10.220000000000017 662.080000000004
0.0 -10.200000000000017 662.080000000004
0.0 -10.200000000000017 662.080000000004
0.0 -10.200000000000017 662.080000000004
0.0 -10.200000000000017 662.080000000004
0.0 -10.200000000000017 662.080000000004
0.0 -10.200000000000017 662.080000000004
0.0 -10.160000000000018 662.080000000004
0.0 -10.160000000000018 662.080000000004
0.0 -10.180000000000017 662.080000000004
0.0 -10.180000000000017 662.080000000004
0.0 -10.180000000000017 662.080000000004
0.0 -10.180000000000017 662.080000000004
0.0 -10.180000000000017 662.080000000004
0.0 -10.180000000000017 662.080000000004
0.0 -10.180000000000017 662.080000000004
0.0 -10.180000000000017 662.080000000004
0.0 -10.180000000000017 662.080000000004
0.0 -10.180000000000017 662.080000000004
0.0 -10.160000000000018 662.080000000004
0.0 -10.160000000000018 662.080000000004
0.0 -10.160000000000018 662.080000000004
0.0 -10.160000000000018 662.080000000004
0.0 -10.160000000000018 662.080000000004
0.0 -10.160000000000018 662.080000000004
0.0 -10.160000000000018 662.080000000004
0.0 -10.160000000000018 662.080000000004
0.0 -10.160000000000018 662.080000000004
0.0 -10.160000000000018 662.080000000004
0.0 -10.200000000000017 662.080000000004
0.0 -10.200000000000017 662.080000000004
0.0 -10.160000000000018 662.080000000004
0.0 -10.160000000000018 662.080000000004
0.0 -10.180000000000017 662.080000000004
0.0 -10.180000000000017 662.080000000004
0.0 -10.140000000000018 662.080000000004
0.0 -10.140000000000018 662.080000000004
0.0 -10.140000000000018 662.080000000004
0.0 -10.140000000000018 662.080000000004
0.0 -10.10000000000002 662.080000000004
0.0 -10.10000000000002 662.080000000004
0.0 -10.10000000000002 662.080000000004
0.0 -10.10000000000002 662.080000000004
0.0 -10.10000000000002 662.080000000004
0.0 -10.10000000000002 662.080000000004
0.0 -10.120000000000019 662.080000000004
0.0 -10.120000000000019 662.080000000004
0.0 -10.160000000000018 662.080000000004
0.0 -10.160000000000018 662.080000000004
0.0 -10.160000000000018 662.080000000004
0.0 -10.160000000000018 662.080000000004
0.0 -10.160000000000018 662.080000000004
0.0 -10.160000000000018 662.080000000004
0.0 -10.160000000000018 662.080000000004
0.0 -10.160000000000018 662.080000000004
0.0 -10.160000000000018 662.080000000004
0.0 -10.160000000000018 662.080000000004
0.0 -10.160000000000018 662.080000000004
0.0 -10.160000000000018 662.080000000004
0.0 -10.180000000000017 662.080000000004
0.0 -10.180000000000017 662.080000000004
0.0 -10.200000000000017 662.080000000004
0.0 -10.200000000000017 662.080000000004
0.0 -10.180000000000017 662.080000000004
0.0 -10.180000000000017 662.080000000004
0.0 -10.180000000000017 662.080000000004
0.0 -10.180000000000017 662.080000000004
0.0 -10.160000000000018 662.080000000004
0.0 -10.160000000000018 662.080000000004
0.0 -10.120000000000019 662.080000000004
0.0 -10.120000000000019 662.080000000004
0.0 -10.10000000000002 662.080000000004
0.0 -10.10000000000002 662.080000000004
0.0 -10.06000000000002 662.080000000004
0.0 -10.06000000000002 662.080000000004
0.0 -10.04000000000002 662.080000000004
0.0 -10.04000000000002 662.080000000004
-8 4 662.080000000004
-8 4 662.080000000004
-5.01 2.9699999999999953 662.080000000004
-5.01 2.9699999999999953 662.080000000004
10 -8 662.080000000004
10 -8 662.080000000004
24 -6 662.080000000004
24 -6 662.080000000004
24 -10 662.080000000004
24 -10 662.080000000004
23 -9 662.080000000004
23 -9 662.080000000004
4 -6 662.080000000004
4 -6 662.080000000004
4 -10 662.080000000004
4 -10 662.080000000004
3 -9 662.080000000004
3 -9 662.080000000004
