28 7 0
28 27 0
28 14 0
28 14 0
25 9 0
25 29 0
24 8 0
24 28 0
29 6 0
29 26 0
29 3 0
29 23 0
26 6 0
26 26 0
24 5 0
24 25 0
21.049999999999933 20.04999999999986 0
20.67999999999989 19.999999999999844 0
20.67999999999989 19.999999999999844 0
21.169999999999874 21.00999999999999 0
20.009999999999792 19.90999999999983 0
20.009999999999792 19.90999999999983 0
29.41999999999999 19.08000000000017 0
29.41999999999999 19.08000000000017 0
20.00999999999979 19.949999999999836 0
20.00999999999979 19.949999999999836 0
19.999999999999876 20.579999999999846 0
19.999999999999876 20.579999999999846 0
21.16999999999987 6.910000000000002 0
21.16999999999987 26.910000000000004 0
0.9999999999999329 0.599999999999844 0
20.999999999999932 19.999999999999844 0
20.999999999999932 19.999999999999844 0
3.0 3.0000000000000213 0
9.95999999999998 3.0199999999999996 0
21.229999999999723 4.029999999999999 0
21.229999999999723 24.03 0
17.03000000000014 13.99 0
7.970000000000001 7.769999999999984 0
14.96 3.0199999999999796 0
12.96 16.29999999999989 0
9.800000000000004 11.98 0
19.4699999999997 19.20999999999972 0
13.009999999999978 10.970000000000022 0
6.9900000000000215 0.95 0
15.99999999999998 18.21999999999972 0
5.99 5.99 0
11.479999999999947 6.079999999999998 0
16.949999999999992 8.930000000000023 0
8 27 0
5 29 0
-10 12 0
-10 12 0
4 28 0
9 26 0
-8 12 0
-8 12 0
9 23 0
6 26 0
4 25 0
1.8799999999999957 20.879999999999978 0
1.8599999999999939 20.859999999999975 0
1.8399999999999908 20.83999999999997 0
-5.970000000000001 14.99 0
-5.970000000000001 14.99 0
1.7799999999999845 20.779999999999962 0
1.7599999999999818 20.75999999999996 0
1.7199999999999787 20.719999999999953 0
1.609999999999976 20.609999999999935 0
1.579999999999973 20.57999999999993 0
1.5499999999999703 20.549999999999926 0
1.5299999999999672 20.529999999999923 0
1.459999999999964 20.459999999999912 0
1.3899999999999606 20.3899999999999 0
1.33999999999996 20.339999999999893 0
1.2499999999999576 20.24999999999988 0
1.2099999999999527 20.209999999999873 0
1.1799999999999495 20.17999999999987 0
1.1499999999999468 20.149999999999864 0
1.1099999999999421 20.10999999999986 0
1.079999999999941 20.079999999999856 0
1.0499999999999332 20.04999999999986 0
-4.430000000000012 14.03 0
-4.430000000000012 14.03 0
1.1699999999998738 21.00999999999999 0
-1.2434497875801753e-13 0.579999999999844 0
-1.2434497875801753e-13 0.579999999999844 0
7.580000000000009 19.899999999999828 0
1.1699999999998703 26.910000000000004 0
5.850000000000046 13.99 0
1.2299999999997233 24.03 0
-7.01 17.94999999999981 0
-7.01 17.94999999999981 0
0.15000000000011213 11.38999999999997 0
8.96 18.0 0
0.9999999999999398 18.039999999999537 0
1.9700000000000426 7.950000000000001 0
4.99 10.009999999999978 0
3.119999999999976 17.779999999999497 0
3.4100000000000126 4.99 0
8 -6 0
8 -6 0
-5 -20 0
-5 -20 0
10 -8 0
10 -8 0
12 -8 0
12 -8 0
0.10999999999980362 -0.19000000000018602 0
0.10999999999980362 -0.19000000000018602 0
0.05999999999979778 -0.1400000000001782 0
0.05999999999979778 -0.1400000000001782 0
0.009999999999793086 -0.09000000000017039 0
0.009999999999793086 -0.09000000000017039 0
0.009999999999786837 -0.050000000000164135 0
0.009999999999786837 -0.050000000000164135 0
-1.2434497875801753e-13 -19.420000000000154 0
-1.2434497875801753e-13 -19.420000000000154 0
28 -6 0
28 -6 0
21.84999999999999 0.8499999999999746 0
21.829999999999988 0.8299999999999714 0
21.809999999999985 0.8099999999999683 0
14.03 -5.01 0
14.03 -5.01 0
21.709999999999976 0.7099999999999527 0
21.55999999999997 0.5599999999999292 0
21.519999999999964 0.519999999999923 0
21.37999999999996 0.3799999999999011 0
21.32999999999996 0.32999999999989327 0
21.219999999999953 0.21999999999987607 0
21.129999999999942 0.12999999999986356 0
21.069999999999936 0.0699999999998609 0
21.049999999999933 0.0499999999998586 0
0.9199999999999267 -1.5631940186722204e-13 0
0.9199999999999267 -1.5631940186722204e-13 0
20.889999999999922 0.00999999999984368 0
0.8399999999999161 -1.5631940186722204e-13 0
0.8399999999999161 -1.5631940186722204e-13 0
20.80999999999991 0.00999999999984368 0
0.7799999999999099 0.01999999999984368 0
0.6799999999998911 -0.04000000000016257 0
0.6799999999998911 -0.04000000000016257 0
0.659999999999888 -0.020000000000159446 0
0.659999999999888 -0.020000000000159446 0
0.6199999999998818 -1.5631940186722204e-13 0
0.6199999999998818 -1.5631940186722204e-13 0
15.569999999999988 -5.970000000000001 0
15.569999999999988 -5.970000000000001 0
0.6799999999998896 -1.5631940186722204e-13 0
20.67999999999989 -1.5631940186722204e-13 0
0.6799999999998896 -1.5631940186722204e-13 0
20.67999999999989 -1.5631940186722204e-13 0
21.169999999999874 1.0099999999999891 0
20.009999999999792 -0.09000000000017039 0
20.009999999999792 -0.09000000000017039 0
9.419999999999991 -0.9199999999998312 0
29.41999999999999 -0.9199999999998312 0
9.419999999999991 -0.9199999999998312 0
29.41999999999999 -0.9199999999998312 0
20.00999999999979 -0.050000000000164135 0
20.00999999999979 -0.050000000000164135 0
19.199999999999662 0.15999999999984368 0
0.9999999999999316 -1.5631940186722204e-13 0
20.999999999999932 -1.5631940186722204e-13 0
0.9999999999999316 -1.5631940186722204e-13 0
20.999999999999932 -1.5631940186722204e-13 0
12.99 -2.050000000000189 0
12.99 -2.050000000000189 0
2.3099999999999308 0.02999999999984368 0
-5 0 0
-5 0 0
-10 -8 0
-10 -8 0
-8 -8 0
-8 -8 0
-5.970000000000001 -5.01 0
-5.970000000000001 -5.01 0
-4.430000000000012 -5.970000000000001 0
-4.430000000000012 -5.970000000000001 0
-7.01 -2.050000000000189 0
-7.01 -2.050000000000189 0
