0 29 662.3199999999914
20 29 662.3199999999914
13 29 662.3199999999914
13 29 662.3199999999914
26 0 662.3199999999914
26 20 662.3199999999914
24 14 662.3199999999914
24 14 662.3199999999914
24 4 662.3199999999914
4 24 662.3199999999914
24 24 662.3199999999914
12 24 662.3199999999914
12 24 662.3199999999914
28 0 662.3199999999914
28 20 662.3199999999914
24 10 662.3199999999914
24 10 662.3199999999914
29 3 662.3199999999914
9 23 662.3199999999914
29 23 662.3199999999914
23 11 662.3199999999914
23 11 662.3199999999914
20.0 29.0 662.3199999999914
20.0 29.0 662.3199999999914
26.0 20.0 662.3199999999914
26.0 0.0 662.3199999999914
26.0 20.0 662.3199999999914
26.0 0.0 662.3199999999914
20.0 29.0 662.3199999999914
20.0 29.0 662.3199999999914
25.98 20.0 662.3199999999914
25.98 0.0 662.3199999999914
25.98 20.0 662.3199999999914
25.98 0.0 662.3199999999914
25.98 20.0 662.3199999999914
25.98 0.0 662.3199999999914
25.98 20.0 662.3199999999914
25.98 0.0 662.3199999999914
25.94 20.0 662.3199999999914
25.94 0.0 662.3199999999914
25.94 20.0 662.3199999999914
25.94 0.0 662.3199999999914
20.0 29.0 662.3199999999914
20.0 29.0 662.3199999999914
20.0 29.0 662.3199999999914
20.0 29.0 662.3199999999914
27.98 20.0 662.3199999999914
27.98 0.0 662.3199999999914
27.98 20.0 662.3199999999914
27.98 0.0 662.3199999999914
20.0 29.0 662.3199999999914
20.0 29.0 662.3199999999914
20.0 29.0 662.3199999999914
20.0 29.0 662.3199999999914
28.02 20.0 662.3199999999914
28.02 0.0 662.3199999999914
28.02 20.0 662.3199999999914
28.02 0.0 662.3199999999914
25.900000000000002 20.0 662.3199999999914
25.900000000000002 0.0 662.3199999999914
25.900000000000002 20.0 662.3199999999914
25.900000000000002 0.0 662.3199999999914
25.900000000000002 20.0 662.3199999999914
25.900000000000002 0.0 662.3199999999914
25.900000000000002 20.0 662.3199999999914
25.900000000000002 0.0 662.3199999999914
25.900000000000002 20.0 662.3199999999914
25.900000000000002 0.0 662.3199999999914
25.900000000000002 20.0 662.3199999999914
25.900000000000002 0.0 662.3199999999914
25.880000000000003 20.0 662.3199999999914
25.880000000000003 0.0 662.3199999999914
25.880000000000003 20.0 662.3199999999914
25.880000000000003 0.0 662.3199999999914
20.0 29.0 662.3199999999914
20.0 29.0 662.3199999999914
25.880000000000003 20.0 662.3199999999914
25.880000000000003 0.0 662.3199999999914
25.880000000000003 20.0 662.3199999999914
25.880000000000003 0.0 662.3199999999914
28.0 20.0 662.3199999999914
28.0 0.0 662.3199999999914
28.0 20.0 662.3199999999914
28.0 0.0 662.3199999999914
25.860000000000003 20.0 662.3199999999914
25.860000000000003 0.0 662.3199999999914
25.860000000000003 20.0 662.3199999999914
25.860000000000003 0.0 662.3199999999914
25.840000000000003 20.0 662.3199999999914
25.840000000000003 0.0 662.3199999999914
25.840000000000003 20.0 662.3199999999914
25.840000000000003 0.0 662.3199999999914
28.0 20.0 662.3199999999914
28.0 0.0 662.3199999999914
28.0 20.0 662.3199999999914
28.0 0.0 662.3199999999914
25.820000000000004 20.0 662.3199999999914
25.820000000000004 0.0 662.3199999999914
25.820000000000004 20.0 662.3199999999914
25.820000000000004 0.0 662.3199999999914
25.820000000000004 20.0 662.3199999999914
25.820000000000004 0.0 662.3199999999914
25.820000000000004 20.0 662.3199999999914
25.820000000000004 0.0 662.3199999999914
20.0 28.98 662.3199999999914
20.0 28.98 662.3199999999914
25.800000000000004 20.0 662.3199999999914
25.800000000000004 0.0 662.3199999999914
25.800000000000004 20.0 662.3199999999914
25.800000000000004 0.0 662.3199999999914
25.780000000000005 20.0 662.3199999999914
25.780000000000005 0.0 662.3199999999914
25.780000000000005 20.0 662.3199999999914
25.780000000000005 0.0 662.3199999999914
25.780000000000005 20.0 662.3199999999914
25.780000000000005 0.0 662.3199999999914
25.780000000000005 20.0 662.3199999999914
25.780000000000005 0.0 662.3199999999914
28.0 20.0 662.3199999999914
28.0 0.0 662.3199999999914
28.0 20.0 662.3199999999914
28.0 0.0 662.3199999999914
25.780000000000005 20.0 662.3199999999914
25.780000000000005 0.0 662.3199999999914
25.780000000000005 20.0 662.3199999999914
25.780000000000005 0.0 662.3199999999914
20.0 29.0 662.3199999999914
20.0 29.0 662.3199999999914
25.780000000000005 20.0 662.3199999999914
25.780000000000005 0.0 662.3199999999914
25.780000000000005 20.0 662.3199999999914
25.780000000000005 0.0 662.3199999999914
28.0 20.0 662.3199999999914
28.0 0.0 662.3199999999914
28.0 20.0 662.3199999999914
28.0 0.0 662.3199999999914
20.0 29.02 662.3199999999914
20.0 29.02 662.3199999999914
27.98 20.0 662.3199999999914
27.98 0.0 662.3199999999914
27.98 20.0 662.3199999999914
27.98 0.0 662.3199999999914
27.98 20.0 662.3199999999914
27.98 0.0 662.3199999999914
27.98 20.0 662.3199999999914
27.98 0.0 662.3199999999914
28.0 20.0 662.3199999999914
28.0 0.0 662.3199999999914
28.0 20.0 662.3199999999914
28.0 0.0 662.3199999999914
25.740000000000006 20.0 662.3199999999914
25.740000000000006 0.0 662.3199999999914
25.740000000000006 20.0 662.3199999999914
25.740000000000006 0.0 662.3199999999914
25.720000000000006 20.0 662.3199999999914
25.720000000000006 0.0 662.3199999999914
25.720000000000006 20.0 662.3199999999914
25.720000000000006 0.0 662.3199999999914
27.98 20.0 662.3199999999914
27.98 0.0 662.3199999999914
27.98 20.0 662.3199999999914
27.98 0.0 662.3199999999914
25.700000000000006 20.0 662.3199999999914
25.700000000000006 0.0 662.3199999999914
25.700000000000006 20.0 662.3199999999914
25.700000000000006 0.0 662.3199999999914
28.0 20.0 662.3199999999914
28.0 0.0 662.3199999999914
28.0 20.0 662.3199999999914
28.0 0.0 662.3199999999914
25.700000000000006 20.0 662.3199999999914
25.700000000000006 0.0 662.3199999999914
25.700000000000006 20.0 662.3199999999914
25.700000000000006 0.0 662.3199999999914
20.0 29.04 662.3199999999914
20.0 29.04 662.3199999999914
20.0 29.04 662.3199999999914
20.0 29.04 662.3199999999914
20.0 29.04 662.3199999999914
20.0 29.04 662.3199999999914
25.54000000000001 20.0 662.3199999999914
25.54000000000001 0.0 662.3199999999914
25.54000000000001 20.0 662.3199999999914
25.54000000000001 0.0 662.3199999999914
20.0 29.04 662.3199999999914
20.0 29.04 662.3199999999914
25.52000000000001 20.0 662.3199999999914
25.52000000000001 0.0 662.3199999999914
25.52000000000001 20.0 662.3199999999914
25.52000000000001 0.0 662.3199999999914
25.50000000000001 20.0 662.3199999999914
25.50000000000001 0.0 662.3199999999914
25.50000000000001 20.0 662.3199999999914
25.50000000000001 0.0 662.3199999999914
20.0 29.02 662.3199999999914
20.0 29.02 662.3199999999914
25.48000000000001 20.0 662.3199999999914
25.48000000000001 0.0 662.3199999999914
25.48000000000001 20.0 662.3199999999914
25.48000000000001 0.0 662.3199999999914
28.0 20.0 662.3199999999914
28.0 0.0 662.3199999999914
28.0 20.0 662.3199999999914
28.0 0.0 662.3199999999914
28.0 20.0 662.3199999999914
28.0 0.0 662.3199999999914
28.0 20.0 662.3199999999914
28.0 0.0 662.3199999999914
25.46000000000001 20.0 662.3199999999914
25.46000000000001 0.0 662.3199999999914
25.46000000000001 20.0 662.3199999999914
25.46000000000001 0.0 662.3199999999914
20.0 29.0 662.3199999999914
20.0 29.0 662.3199999999914
25.420000000000012 20.0 662.3199999999914
25.420000000000012 0.0 662.3199999999914
25.420000000000012 20.0 662.3199999999914
25.420000000000012 0.0 662.3199999999914
25.380000000000013 20.0 662.3199999999914
25.380000000000013 0.0 662.3199999999914
25.380000000000013 20.0 662.3199999999914
25.380000000000013 0.0 662.3199999999914
25.360000000000014 20.0 662.3199999999914
25.360000000000014 0.0 662.3199999999914
25.360000000000014 20.0 662.3199999999914
25.360000000000014 0.0 662.3199999999914
20.0 29.0 662.3199999999914
20.0 29.0 662.3199999999914
25.360000000000014 20.0 662.3199999999914
25.360000000000014 0.0 662.3199999999914
25.360000000000014 20.0 662.3199999999914
25.360000000000014 0.0 662.3199999999914
20.0 29.0 662.3199999999914
20.0 29.0 662.3199999999914
25.300000000000015 20.0 662.3199999999914
25.300000000000015 0.0 662.3199999999914
25.300000000000015 20.0 662.3199999999914
25.300000000000015 0.0 662.3199999999914
20.0 29.0 662.3199999999914
20.0 29.0 662.3199999999914
28.0 20.0 662.3199999999914
28.0 0.0 662.3199999999914
28.0 20.0 662.3199999999914
28.0 0.0 662.3199999999914
25.280000000000015 20.0 662.3199999999914
25.280000000000015 0.0 662.3199999999914
25.280000000000015 20.0 662.3199999999914
25.280000000000015 0.0 662.3199999999914
25.240000000000016 20.0 662.3199999999914
25.240000000000016 0.0 662.3199999999914
25.240000000000016 20.0 662.3199999999914
25.240000000000016 0.0 662.3199999999914
20.0 29.0 662.3199999999914
20.0 29.0 662.3199999999914
25.220000000000017 20.0 662.3199999999914
25.220000000000017 0.0 662.3199999999914
25.220000000000017 20.0 662.3199999999914
25.220000000000017 0.0 662.3199999999914
20.0 29.0 662.3199999999914
20.0 29.0 662.3199999999914
28.0 20.0 662.3199999999914
28.0 0.0 662.3199999999914
28.0 20.0 662.3199999999914
28.0 0.0 662.3199999999914
28.0 20.0 662.3199999999914
28.0 0.0 662.3199999999914
28.0 20.0 662.3199999999914
28.0 0.0 662.3199999999914
25.160000000000018 20.0 662.3199999999914
25.160000000000018 0.0 662.3199999999914
25.160000000000018 20.0 662.3199999999914
25.160000000000018 0.0 662.3199999999914
25.14000000000002 20.0 662.3199999999914
25.14000000000002 0.0 662.3199999999914
25.14000000000002 20.0 662.3199999999914
25.14000000000002 0.0 662.3199999999914
27.98 20.0 662.3199999999914
27.98 0.0 662.3199999999914
27.98 20.0 662.3199999999914
27.98 0.0 662.3199999999914
25.14000000000002 20.0 662.3199999999914
25.14000000000002 0.0 662.3199999999914
25.14000000000002 20.0 662.3199999999914
25.14000000000002 0.0 662.3199999999914
25.12000000000002 20.0 662.3199999999914
25.12000000000002 0.0 662.3199999999914
25.12000000000002 20.0 662.3199999999914
25.12000000000002 0.0 662.3199999999914
25.12000000000002 20.0 662.3199999999914
25.12000000000002 0.0 662.3199999999914
25.12000000000002 20.0 662.3199999999914
25.12000000000002 0.0 662.3199999999914
20.0 29.099999999999998 662.3199999999914
20.0 29.099999999999998 662.3199999999914
20.0 29.119999999999997 662.3199999999914
20.0 29.119999999999997 662.3199999999914
20.0 29.139999999999997 662.3199999999914
20.0 29.139999999999997 662.3199999999914
24.98000000000002 20.0 662.3199999999914
24.98000000000002 0.0 662.3199999999914
24.98000000000002 20.0 662.3199999999914
24.98000000000002 0.0 662.3199999999914
20.0 29.159999999999997 662.3199999999914
20.0 29.159999999999997 662.3199999999914
20.0 29.159999999999997 662.3199999999914
20.0 29.159999999999997 662.3199999999914
25.02000000000002 20.0 662.3199999999914
25.02000000000002 0.0 662.3199999999914
25.02000000000002 20.0 662.3199999999914
25.02000000000002 0.0 662.3199999999914
25.02000000000002 20.0 662.3199999999914
25.02000000000002 0.0 662.3199999999914
25.02000000000002 20.0 662.3199999999914
25.02000000000002 0.0 662.3199999999914
25.00000000000002 20.0 662.3199999999914
25.00000000000002 0.0 662.3199999999914
25.00000000000002 20.0 662.3199999999914
25.00000000000002 0.0 662.3199999999914
25.00000000000002 20.0 662.3199999999914
25.00000000000002 0.0 662.3199999999914
25.00000000000002 20.0 662.3199999999914
25.00000000000002 0.0 662.3199999999914
24.98000000000002 20.0 662.3199999999914
24.98000000000002 0.0 662.3199999999914
24.98000000000002 20.0 662.3199999999914
24.98000000000002 0.0 662.3199999999914
24.960000000000022 20.0 662.3199999999914
24.960000000000022 0.0 662.3199999999914
24.960000000000022 20.0 662.3199999999914
24.960000000000022 0.0 662.3199999999914
24.940000000000023 20.0 662.3199999999914
24.940000000000023 0.0 662.3199999999914
24.940000000000023 20.0 662.3199999999914
24.940000000000023 0.0 662.3199999999914
24.920000000000023 20.0 662.3199999999914
24.920000000000023 0.0 662.3199999999914
24.920000000000023 20.0 662.3199999999914
24.920000000000023 0.0 662.3199999999914
20.0 29.179999999999996 662.3199999999914
20.0 29.179999999999996 662.3199999999914
20.0 29.179999999999996 662.3199999999914
20.0 29.179999999999996 662.3199999999914
20.0 29.179999999999996 662.3199999999914
20.0 29.179999999999996 662.3199999999914
20.0 29.159999999999997 662.3199999999914
20.0 29.159999999999997 662.3199999999914
20.0 29.179999999999996 662.3199999999914
20.0 29.179999999999996 662.3199999999914
20.0 29.179999999999996 662.3199999999914
20.0 29.179999999999996 662.3199999999914
20.0 29.159999999999997 662.3199999999914
20.0 29.159999999999997 662.3199999999914
20.0 29.159999999999997 662.3199999999914
20.0 29.159999999999997 662.3199999999914
14.99 22.969999999999995 662.3199999999914
14.99 22.969999999999995 662.3199999999914
20.0 29.159999999999997 662.3199999999914
20.0 29.159999999999997 662.3199999999914
20.0 29.159999999999997 662.3199999999914
20.0 29.159999999999997 662.3199999999914
20.0 29.139999999999997 662.3199999999914
20.0 29.139999999999997 662.3199999999914
20.0 29.139999999999997 662.3199999999914
20.0 29.139999999999997 662.3199999999914
20.0 29.159999999999997 662.3199999999914
20.0 29.159999999999997 662.3199999999914
20.0 29.179999999999996 662.3199999999914
20.0 29.179999999999996 662.3199999999914
20.0 29.179999999999996 662.3199999999914
20.0 29.179999999999996 662.3199999999914
28.0 20.0 662.3199999999914
28.0 0.0 662.3199999999914
28.0 20.0 662.3199999999914
28.0 0.0 662.3199999999914
27.98 20.0 662.3199999999914
27.98 0.0 662.3199999999914
27.98 20.0 662.3199999999914
27.98 0.0 662.3199999999914
20.0 29.179999999999996 662.3199999999914
20.0 29.179999999999996 662.3199999999914
28.0 20.0 662.3199999999914
28.0 0.0 662.3199999999914
28.0 20.0 662.3199999999914
28.0 0.0 662.3199999999914
20.0 29.159999999999997 662.3199999999914
20.0 29.159999999999997 662.3199999999914
20.0 29.159999999999997 662.3199999999914
20.0 29.159999999999997 662.3199999999914
28.0 20.0 662.3199999999914
28.0 0.0 662.3199999999914
28.0 20.0 662.3199999999914
28.0 0.0 662.3199999999914
20.0 29.139999999999997 662.3199999999914
20.0 29.139999999999997 662.3199999999914
20.0 29.139999999999997 662.3199999999914
20.0 29.139999999999997 662.3199999999914
28.0 20.0 662.3199999999914
28.0 0.0 662.3199999999914
28.0 20.0 662.3199999999914
28.0 0.0 662.3199999999914
20.0 29.159999999999997 662.3199999999914
20.0 29.159999999999997 662.3199999999914
20.0 29.139999999999997 662.3199999999914
20.0 29.139999999999997 662.3199999999914
20.0 29.139999999999997 662.3199999999914
20.0 29.139999999999997 662.3199999999914
20.0 29.119999999999997 662.3199999999914
20.0 29.119999999999997 662.3199999999914
28.0 20.0 662.3199999999914
28.0 0.0 662.3199999999914
28.0 20.0 662.3199999999914
28.0 0.0 662.3199999999914
20.0 29.139999999999997 662.3199999999914
20.0 29.139999999999997 662.3199999999914
20.0 29.139999999999997 662.3199999999914
20.0 29.139999999999997 662.3199999999914
20.0 29.119999999999997 662.3199999999914
20.0 29.119999999999997 662.3199999999914
20.0 29.099999999999998 662.3199999999914
20.0 29.099999999999998 662.3199999999914
28.0 20.0 662.3199999999914
28.0 0.0 662.3199999999914
28.0 20.0 662.3199999999914
28.0 0.0 662.3199999999914
20.0 29.08 662.3199999999914
20.0 29.08 662.3199999999914
28.0 20.0 662.3199999999914
28.0 0.0 662.3199999999914
28.0 20.0 662.3199999999914
28.0 0.0 662.3199999999914
28.0 20.0 662.3199999999914
28.0 0.0 662.3199999999914
28.0 20.0 662.3199999999914
28.0 0.0 662.3199999999914
20.0 29.06 662.3199999999914
20.0 29.06 662.3199999999914
20.0 29.06 662.3199999999914
20.0 29.06 662.3199999999914
28.0 20.0 662.3199999999914
28.0 0.0 662.3199999999914
28.0 20.0 662.3199999999914
28.0 0.0 662.3199999999914
20.0 29.06 662.3199999999914
20.0 29.06 662.3199999999914
28.0 20.0 662.3199999999914
28.0 0.0 662.3199999999914
28.0 20.0 662.3199999999914
28.0 0.0 662.3199999999914
20.0 29.08 662.3199999999914
20.0 29.08 662.3199999999914
20.0 29.08 662.3199999999914
20.0 29.08 662.3199999999914
20.0 29.08 662.3199999999914
20.0 29.08 662.3199999999914
25.00000000000002 20.0 662.3199999999914
25.00000000000002 0.0 662.3199999999914
25.00000000000002 20.0 662.3199999999914
25.00000000000002 0.0 662.3199999999914
20.0 29.099999999999998 662.3199999999914
20.0 29.099999999999998 662.3199999999914
20.0 29.119999999999997 662.3199999999914
20.0 29.119999999999997 662.3199999999914
20.0 29.119999999999997 662.3199999999914
20.0 29.119999999999997 662.3199999999914
20.0 29.119999999999997 662.3199999999914
20.0 29.119999999999997 662.3199999999914
27.98 20.0 662.3199999999914
27.98 0.0 662.3199999999914
27.98 20.0 662.3199999999914
27.98 0.0 662.3199999999914
25.00000000000002 20.0 662.3199999999914
25.00000000000002 0.0 662.3199999999914
25.00000000000002 20.0 662.3199999999914
25.00000000000002 0.0 662.3199999999914
25.00000000000002 20.0 662.3199999999914
25.00000000000002 0.0 662.3199999999914
25.00000000000002 20.0 662.3199999999914
25.00000000000002 0.0 662.3199999999914
25.00000000000002 20.0 662.3199999999914
25.00000000000002 0.0 662.3199999999914
25.00000000000002 20.0 662.3199999999914
25.00000000000002 0.0 662.3199999999914
20.0 29.139999999999997 662.3199999999914
20.0 29.139999999999997 662.3199999999914
20.0 29.139999999999997 662.3199999999914
20.0 29.139999999999997 662.3199999999914
28.02 20.0 662.3199999999914
28.02 0.0 662.3199999999914
28.02 20.0 662.3199999999914
28.02 0.0 662.3199999999914
20.0 29.159999999999997 662.3199999999914
20.0 29.159999999999997 662.3199999999914
25.00000000000002 20.0 662.3199999999914
25.00000000000002 0.0 662.3199999999914
25.00000000000002 20.0 662.3199999999914
25.00000000000002 0.0 662.3199999999914
24.98000000000002 20.0 662.3199999999914
24.98000000000002 0.0 662.3199999999914
24.98000000000002 20.0 662.3199999999914
24.98000000000002 0.0 662.3199999999914
25.00000000000002 20.0 662.3199999999914
25.00000000000002 0.0 662.3199999999914
25.00000000000002 20.0 662.3199999999914
25.00000000000002 0.0 662.3199999999914
20.0 29.159999999999997 662.3199999999914
20.0 29.159999999999997 662.3199999999914
28.0 20.0 662.3199999999914
28.0 0.0 662.3199999999914
28.0 20.0 662.3199999999914
28.0 0.0 662.3199999999914
20.0 29.179999999999996 662.3199999999914
20.0 29.179999999999996 662.3199999999914
20.0 29.179999999999996 662.3199999999914
20.0 29.179999999999996 662.3199999999914
24.98000000000002 20.0 662.3199999999914
24.98000000000002 0.0 662.3199999999914
24.98000000000002 20.0 662.3199999999914
24.98000000000002 0.0 662.3199999999914
20.0 29.159999999999997 662.3199999999914
20.0 29.159999999999997 662.3199999999914
20.0 29.139999999999997 662.3199999999914
20.0 29.139999999999997 662.3199999999914
28.0 20.0 662.3199999999914
28.0 0.0 662.3199999999914
28.0 20.0 662.3199999999914
28.0 0.0 662.3199999999914
25.00000000000002 20.0 662.3199999999914
25.00000000000002 0.0 662.3199999999914
25.00000000000002 20.0 662.3199999999914
25.00000000000002 0.0 662.3199999999914
20.0 29.179999999999996 662.3199999999914
20.0 29.179999999999996 662.3199999999914
28.0 20.0 662.3199999999914
28.0 0.0 662.3199999999914
28.0 20.0 662.3199999999914
28.0 0.0 662.3199999999914
28.0 20.0 662.3199999999914
28.0 0.0 662.3199999999914
28.0 20.0 662.3199999999914
28.0 0.0 662.3199999999914
20.0 29.179999999999996 662.3199999999914
20.0 29.179999999999996 662.3199999999914
28.0 20.0 662.3199999999914
28.0 0.0 662.3199999999914
28.0 20.0 662.3199999999914
28.0 0.0 662.3199999999914
20.0 29.159999999999997 662.3199999999914
20.0 29.159999999999997 662.3199999999914
20.0 29.159999999999997 662.3199999999914
20.0 29.159999999999997 662.3199999999914
20.0 29.159999999999997 662.3199999999914
20.0 29.159999999999997 662.3199999999914
27.98 20.0 662.3199999999914
27.98 0.0 662.3199999999914
27.98 20.0 662.3199999999914
27.98 0.0 662.3199999999914
20.0 29.159999999999997 662.3199999999914
20.0 29.159999999999997 662.3199999999914
20.0 29.159999999999997 662.3199999999914
20.0 29.159999999999997 662.3199999999914
28.0 20.0 662.3199999999914
28.0 0.0 662.3199999999914
28.0 20.0 662.3199999999914
28.0 0.0 662.3199999999914
20.0 29.179999999999996 662.3199999999914
20.0 29.179999999999996 662.3199999999914
20.0 29.179999999999996 662.3199999999914
20.0 29.179999999999996 662.3199999999914
20.0 29.179999999999996 662.3199999999914
20.0 29.179999999999996 662.3199999999914
20.0 29.179999999999996 662.3199999999914
20.0 29.179999999999996 662.3199999999914
24.960000000000022 20.0 662.3199999999914
24.960000000000022 0.0 662.3199999999914
24.960000000000022 20.0 662.3199999999914
24.960000000000022 0.0 662.3199999999914
24.960000000000022 20.0 662.3199999999914
24.960000000000022 0.0 662.3199999999914
24.960000000000022 20.0 662.3199999999914
24.960000000000022 0.0 662.3199999999914
24.940000000000023 20.0 662.3199999999914
24.940000000000023 0.0 662.3199999999914
24.940000000000023 20.0 662.3199999999914
24.940000000000023 0.0 662.3199999999914
28.0 20.0 662.3199999999914
28.0 0.0 662.3199999999914
28.0 20.0 662.3199999999914
28.0 0.0 662.3199999999914
20.0 29.179999999999996 662.3199999999914
20.0 29.179999999999996 662.3199999999914
24.960000000000022 20.0 662.3199999999914
24.960000000000022 0.0 662.3199999999914
24.960000000000022 20.0 662.3199999999914
24.960000000000022 0.0 662.3199999999914
20.0 29.199999999999996 662.3199999999914
20.0 29.199999999999996 662.3199999999914
28.0 20.0 662.3199999999914
28.0 0.0 662.3199999999914
28.0 20.0 662.3199999999914
28.0 0.0 662.3199999999914
20.0 29.199999999999996 662.3199999999914
20.0 29.199999999999996 662.3199999999914
28.0 20.0 662.3199999999914
28.0 0.0 662.3199999999914
28.0 20.0 662.3199999999914
28.0 0.0 662.3199999999914
20.0 29.199999999999996 662.3199999999914
20.0 29.199999999999996 662.3199999999914
20.0 29.199999999999996 662.3199999999914
20.0 29.199999999999996 662.3199999999914
24.960000000000022 20.0 662.3199999999914
24.960000000000022 0.0 662.3199999999914
24.960000000000022 20.0 662.3199999999914
24.960000000000022 0.0 662.3199999999914
20.0 29.219999999999995 662.3199999999914
20.0 29.219999999999995 662.3199999999914
27.98 20.0 662.3199999999914
27.98 0.0 662.3199999999914
27.98 20.0 662.3199999999914
27.98 0.0 662.3199999999914
24.98000000000002 20.0 662.3199999999914
24.98000000000002 0.0 662.3199999999914
24.98000000000002 20.0 662.3199999999914
24.98000000000002 0.0 662.3199999999914
20.0 29.239999999999995 662.3199999999914
20.0 29.239999999999995 662.3199999999914
20.0 29.259999999999994 662.3199999999914
20.0 29.259999999999994 662.3199999999914
20.0 29.239999999999995 662.3199999999914
20.0 29.239999999999995 662.3199999999914
20.0 29.239999999999995 662.3199999999914
20.0 29.239999999999995 662.3199999999914
28.0 20.0 662.3199999999914
28.0 0.0 662.3199999999914
28.0 20.0 662.3199999999914
28.0 0.0 662.3199999999914
28.0 20.0 662.3199999999914
28.0 0.0 662.3199999999914
28.0 20.0 662.3199999999914
28.0 0.0 662.3199999999914
28.02 20.0 662.3199999999914
28.02 0.0 662.3199999999914
28.02 20.0 662.3199999999914
28.02 0.0 662.3199999999914
20.0 29.259999999999994 662.3199999999914
20.0 29.259999999999994 662.3199999999914
28.0 20.0 662.3199999999914
28.0 0.0 662.3199999999914
28.0 20.0 662.3199999999914
28.0 0.0 662.3199999999914
28.0 20.0 662.3199999999914
28.0 0.0 662.3199999999914
28.0 20.0 662.3199999999914
28.0 0.0 662.3199999999914
20.0 29.239999999999995 662.3199999999914
20.0 29.239999999999995 662.3199999999914
28.0 20.0 662.3199999999914
28.0 0.0 662.3199999999914
28.0 20.0 662.3199999999914
28.0 0.0 662.3199999999914
20.0 29.259999999999994 662.3199999999914
20.0 29.259999999999994 662.3199999999914
20.0 29.259999999999994 662.3199999999914
20.0 29.259999999999994 662.3199999999914
27.98 20.0 662.3199999999914
27.98 0.0 662.3199999999914
27.98 20.0 662.3199999999914
27.98 0.0 662.3199999999914
28.0 20.0 662.3199999999914
28.0 0.0 662.3199999999914
28.0 20.0 662.3199999999914
28.0 0.0 662.3199999999914
20.0 29.279999999999994 662.3199999999914
20.0 29.279999999999994 662.3199999999914
28.0 20.0 662.3199999999914
28.0 0.0 662.3199999999914
28.0 20.0 662.3199999999914
28.0 0.0 662.3199999999914
20.0 29.279999999999994 662.3199999999914
20.0 29.279999999999994 662.3199999999914
28.0 20.0 662.3199999999914
28.0 0.0 662.3199999999914
28.0 20.0 662.3199999999914
28.0 0.0 662.3199999999914
20.0 29.299999999999994 662.3199999999914
20.0 29.299999999999994 662.3199999999914
20.0 29.279999999999994 662.3199999999914
20.0 29.279999999999994 662.3199999999914
20.0 29.279999999999994 662.3199999999914
20.0 29.279999999999994 662.3199999999914
28.0 20.0 662.3199999999914
28.0 0.0 662.3199999999914
28.0 20.0 662.3199999999914
28.0 0.0 662.3199999999914
20.0 29.259999999999994 662.3199999999914
20.0 29.259999999999994 662.3199999999914
20.0 29.259999999999994 662.3199999999914
20.0 29.259999999999994 662.3199999999914
28.0 20.0 662.3199999999914
28.0 0.0 662.3199999999914
28.0 20.0 662.3199999999914
28.0 0.0 662.3199999999914
20.0 29.279999999999994 662.3199999999914
20.0 29.279999999999994 662.3199999999914
28.0 20.0 662.3199999999914
28.0 0.0 662.3199999999914
28.0 20.0 662.3199999999914
28.0 0.0 662.3199999999914
20.0 29.279999999999994 662.3199999999914
20.0 29.279999999999994 662.3199999999914
20.0 29.259999999999994 662.3199999999914
20.0 29.259999999999994 662.3199999999914
20.0 29.259999999999994 662.3199999999914
20.0 29.259999999999994 662.3199999999914
20.0 29.279999999999994 662.3199999999914
20.0 29.279999999999994 662.3199999999914
28.0 20.0 662.3199999999914
28.0 0.0 662.3199999999914
28.0 20.0 662.3199999999914
28.0 0.0 662.3199999999914
20.0 29.279999999999994 662.3199999999914
20.0 29.279999999999994 662.3199999999914
20.0 29.279999999999994 662.3199999999914
20.0 29.279999999999994 662.3199999999914
28.0 20.0 662.3199999999914
28.0 0.0 662.3199999999914
28.0 20.0 662.3199999999914
28.0 0.0 662.3199999999914
28.0 20.0 662.3199999999914
28.0 0.0 662.3199999999914
28.0 20.0 662.3199999999914
28.0 0.0 662.3199999999914
20.0 29.299999999999994 662.3199999999914
20.0 29.299999999999994 662.3199999999914
20.0 29.299999999999994 662.3199999999914
20.0 29.299999999999994 662.3199999999914
20.0 29.299999999999994 662.3199999999914
20.0 29.299999999999994 662.3199999999914
20.0 29.279999999999994 662.3199999999914
20.0 29.279999999999994 662.3199999999914
20.0 29.299999999999994 662.3199999999914
20.0 29.299999999999994 662.3199999999914
20.0 29.279999999999994 662.3199999999914
20.0 29.279999999999994 662.3199999999914
20.0 29.279999999999994 662.3199999999914
20.0 29.279999999999994 662.3199999999914
20.0 29.259999999999994 662.3199999999914
20.0 29.259999999999994 662.3199999999914
28.0 20.0 662.3199999999914
28.0 0.0 662.3199999999914
28.0 20.0 662.3199999999914
28.0 0.0 662.3199999999914
20.0 29.259999999999994 662.3199999999914
20.0 29.259999999999994 662.3199999999914
20.0 29.279999999999994 662.3199999999914
20.0 29.279999999999994 662.3199999999914
28.0 20.0 662.3199999999914
28.0 0.0 662.3199999999914
28.0 20.0 662.3199999999914
28.0 0.0 662.3199999999914
28.0 20.0 662.3199999999914
28.0 0.0 662.3199999999914
28.0 20.0 662.3199999999914
28.0 0.0 662.3199999999914
20.0 29.299999999999994 662.3199999999914
20.0 29.299999999999994 662.3199999999914
28.0 20.0 662.3199999999914
28.0 0.0 662.3199999999914
28.0 20.0 662.3199999999914
28.0 0.0 662.3199999999914
20.0 29.299999999999994 662.3199999999914
20.0 29.299999999999994 662.3199999999914
20.0 29.279999999999994 662.3199999999914
20.0 29.279999999999994 662.3199999999914
28.0 20.0 662.3199999999914
28.0 0.0 662.3199999999914
28.0 20.0 662.3199999999914
28.0 0.0 662.3199999999914
20.0 29.299999999999994 662.3199999999914
20.0 29.299999999999994 662.3199999999914
28.0 20.0 662.3199999999914
28.0 0.0 662.3199999999914
28.0 20.0 662.3199999999914
28.0 0.0 662.3199999999914
20.0 29.319999999999993 662.3199999999914
20.0 29.319999999999993 662.3199999999914
25.00000000000002 20.0 662.3199999999914
25.00000000000002 0.0 662.3199999999914
25.00000000000002 20.0 662.3199999999914
25.00000000000002 0.0 662.3199999999914
28.0 20.0 662.3199999999914
28.0 0.0 662.3199999999914
28.0 20.0 662.3199999999914
28.0 0.0 662.3199999999914
20.0 29.319999999999993 662.3199999999914
20.0 29.319999999999993 662.3199999999914
20.0 29.339999999999993 662.3199999999914
20.0 29.339999999999993 662.3199999999914
25.00000000000002 20.0 662.3199999999914
25.00000000000002 0.0 662.3199999999914
25.00000000000002 20.0 662.3199999999914
25.00000000000002 0.0 662.3199999999914
20.0 29.339999999999993 662.3199999999914
20.0 29.339999999999993 662.3199999999914
25.00000000000002 20.0 662.3199999999914
25.00000000000002 0.0 662.3199999999914
25.00000000000002 20.0 662.3199999999914
25.00000000000002 0.0 662.3199999999914
25.00000000000002 20.0 662.3199999999914
25.00000000000002 0.0 662.3199999999914
25.00000000000002 20.0 662.3199999999914
25.00000000000002 0.0 662.3199999999914
20.0 29.339999999999993 662.3199999999914
20.0 29.339999999999993 662.3199999999914
20.0 29.339999999999993 662.3199999999914
20.0 29.339999999999993 662.3199999999914
20.0 29.339999999999993 662.3199999999914
20.0 29.339999999999993 662.3199999999914
20.0 29.319999999999993 662.3199999999914
20.0 29.319999999999993 662.3199999999914
20.0 29.339999999999993 662.3199999999914
20.0 29.339999999999993 662.3199999999914
20.0 29.339999999999993 662.3199999999914
20.0 29.339999999999993 662.3199999999914
25.00000000000002 20.0 662.3199999999914
25.00000000000002 0.0 662.3199999999914
25.00000000000002 20.0 662.3199999999914
25.00000000000002 0.0 662.3199999999914
25.00000000000002 20.0 662.3199999999914
25.00000000000002 0.0 662.3199999999914
25.00000000000002 20.0 662.3199999999914
25.00000000000002 0.0 662.3199999999914
20.0 29.339999999999993 662.3199999999914
20.0 29.339999999999993 662.3199999999914
20.0 29.319999999999993 662.3199999999914
20.0 29.319999999999993 662.3199999999914
20.0 29.299999999999994 662.3199999999914
20.0 29.299999999999994 662.3199999999914
28.0 20.0 662.3199999999914
28.0 0.0 662.3199999999914
28.0 20.0 662.3199999999914
28.0 0.0 662.3199999999914
20.0 29.279999999999994 662.3199999999914
20.0 29.279999999999994 662.3199999999914
27.98 20.0 662.3199999999914
27.98 0.0 662.3199999999914
27.98 20.0 662.3199999999914
27.98 0.0 662.3199999999914
20.0 29.279999999999994 662.3199999999914
20.0 29.279999999999994 662.3199999999914
27.98 20.0 662.3199999999914
27.98 0.0 662.3199999999914
27.98 20.0 662.3199999999914
27.98 0.0 662.3199999999914
20.0 29.299999999999994 662.3199999999914
20.0 29.299999999999994 662.3199999999914
27.98 20.0 662.3199999999914
27.98 0.0 662.3199999999914
27.98 20.0 662.3199999999914
27.98 0.0 662.3199999999914
20.0 29.279999999999994 662.3199999999914
20.0 29.279999999999994 662.3199999999914
27.98 20.0 662.3199999999914
27.98 0.0 662.3199999999914
27.98 20.0 662.3199999999914
27.98 0.0 662.3199999999914
27.98 20.0 662.3199999999914
27.98 0.0 662.3199999999914
27.98 20.0 662.3199999999914
27.98 0.0 662.3199999999914
20.0 29.319999999999993 662.3199999999914
20.0 29.319999999999993 662.3199999999914
27.96 20.0 662.3199999999914
27.96 0.0 662.3199999999914
27.96 20.0 662.3199999999914
27.96 0.0 662.3199999999914
20.0 29.339999999999993 662.3199999999914
20.0 29.339999999999993 662.3199999999914
20.0 29.359999999999992 662.3199999999914
20.0 29.359999999999992 662.3199999999914
28.0 20.0 662.3199999999914
28.0 0.0 662.3199999999914
28.0 20.0 662.3199999999914
28.0 0.0 662.3199999999914
20.0 29.379999999999992 662.3199999999914
20.0 29.379999999999992 662.3199999999914
20.0 29.379999999999992 662.3199999999914
20.0 29.379999999999992 662.3199999999914
28.0 20.0 662.3199999999914
28.0 0.0 662.3199999999914
28.0 20.0 662.3199999999914
28.0 0.0 662.3199999999914
20.0 29.379999999999992 662.3199999999914
20.0 29.379999999999992 662.3199999999914
28.0 20.0 662.3199999999914
28.0 0.0 662.3199999999914
28.0 20.0 662.3199999999914
28.0 0.0 662.3199999999914
28.02 20.0 662.3199999999914
28.02 0.0 662.3199999999914
28.02 20.0 662.3199999999914
28.02 0.0 662.3199999999914
28.02 20.0 662.3199999999914
28.02 0.0 662.3199999999914
28.02 20.0 662.3199999999914
28.02 0.0 662.3199999999914
28.0 20.0 662.3199999999914
28.0 0.0 662.3199999999914
28.0 20.0 662.3199999999914
28.0 0.0 662.3199999999914
27.98 20.0 662.3199999999914
27.98 0.0 662.3199999999914
27.98 20.0 662.3199999999914
27.98 0.0 662.3199999999914
20.0 29.359999999999992 662.3199999999914
20.0 29.359999999999992 662.3199999999914
20.0 29.359999999999992 662.3199999999914
20.0 29.359999999999992 662.3199999999914
20.0 29.359999999999992 662.3199999999914
20.0 29.359999999999992 662.3199999999914
20.0 29.379999999999992 662.3199999999914
20.0 29.379999999999992 662.3199999999914
27.96 20.0 662.3199999999914
27.96 0.0 662.3199999999914
27.96 20.0 662.3199999999914
27.96 0.0 662.3199999999914
24.960000000000022 20.0 662.3199999999914
24.960000000000022 0.0 662.3199999999914
24.960000000000022 20.0 662.3199999999914
24.960000000000022 0.0 662.3199999999914
27.98 20.0 662.3199999999914
27.98 0.0 662.3199999999914
27.98 20.0 662.3199999999914
27.98 0.0 662.3199999999914
24.940000000000023 20.0 662.3199999999914
24.940000000000023 0.0 662.3199999999914
24.940000000000023 20.0 662.3199999999914
24.940000000000023 0.0 662.3199999999914
24.940000000000023 20.0 662.3199999999914
24.940000000000023 0.0 662.3199999999914
24.940000000000023 20.0 662.3199999999914
24.940000000000023 0.0 662.3199999999914
28.0 20.0 662.3199999999914
28.0 0.0 662.3199999999914
28.0 20.0 662.3199999999914
28.0 0.0 662.3199999999914
28.0 20.0 662.3199999999914
28.0 0.0 662.3199999999914
28.0 20.0 662.3199999999914
28.0 0.0 662.3199999999914
24.940000000000023 20.0 662.3199999999914
24.940000000000023 0.0 662.3199999999914
24.940000000000023 20.0 662.3199999999914
24.940000000000023 0.0 662.3199999999914
24.960000000000022 20.0 662.3199999999914
24.960000000000022 0.0 662.3199999999914
24.960000000000022 20.0 662.3199999999914
24.960000000000022 0.0 662.3199999999914
20.0 29.39999999999999 662.3199999999914
20.0 29.39999999999999 662.3199999999914
20.0 29.41999999999999 662.3199999999914
20.0 29.41999999999999 662.3199999999914
27.98 20.0 662.3199999999914
27.98 0.0 662.3199999999914
27.98 20.0 662.3199999999914
27.98 0.0 662.3199999999914
20.0 29.41999999999999 662.3199999999914
20.0 29.41999999999999 662.3199999999914
27.98 20.0 662.3199999999914
27.98 0.0 662.3199999999914
27.98 20.0 662.3199999999914
27.98 0.0 662.3199999999914
24.960000000000022 20.0 662.3199999999914
24.960000000000022 0.0 662.3199999999914
24.960000000000022 20.0 662.3199999999914
24.960000000000022 0.0 662.3199999999914
27.98 20.0 662.3199999999914
27.98 0.0 662.3199999999914
27.98 20.0 662.3199999999914
27.98 0.0 662.3199999999914
27.98 20.0 662.3199999999914
27.98 0.0 662.3199999999914
27.98 20.0 662.3199999999914
27.98 0.0 662.3199999999914
27.96 20.0 662.3199999999914
27.96 0.0 662.3199999999914
27.96 20.0 662.3199999999914
27.96 0.0 662.3199999999914
20.0 29.41999999999999 662.3199999999914
20.0 29.41999999999999 662.3199999999914
20.0 29.43999999999999 662.3199999999914
20.0 29.43999999999999 662.3199999999914
27.96 20.0 662.3199999999914
27.96 0.0 662.3199999999914
27.96 20.0 662.3199999999914
27.96 0.0 662.3199999999914
27.96 20.0 662.3199999999914
27.96 0.0 662.3199999999914
27.96 20.0 662.3199999999914
27.96 0.0 662.3199999999914
27.98 20.0 662.3199999999914
27.98 0.0 662.3199999999914
27.98 20.0 662.3199999999914
27.98 0.0 662.3199999999914
20.0 29.41999999999999 662.3199999999914
20.0 29.41999999999999 662.3199999999914
20.0 29.41999999999999 662.3199999999914
20.0 29.41999999999999 662.3199999999914
20.0 29.43999999999999 662.3199999999914
20.0 29.43999999999999 662.3199999999914
20.0 29.43999999999999 662.3199999999914
20.0 29.43999999999999 662.3199999999914
20.0 29.45999999999999 662.3199999999914
20.0 29.45999999999999 662.3199999999914
20.0 29.43999999999999 662.3199999999914
20.0 29.43999999999999 662.3199999999914
20.0 29.45999999999999 662.3199999999914
20.0 29.45999999999999 662.3199999999914
20.0 29.45999999999999 662.3199999999914
20.0 29.45999999999999 662.3199999999914
20.0 29.719999999999985 662.3199999999914
20.0 29.719999999999985 662.3199999999914
20.0 29.759999999999984 662.3199999999914
20.0 29.759999999999984 662.3199999999914
20.0 29.759999999999984 662.3199999999914
20.0 29.759999999999984 662.3199999999914
20.0 29.779999999999983 662.3199999999914
20.0 29.779999999999983 662.3199999999914
20.0 29.799999999999983 662.3199999999914
20.0 29.799999999999983 662.3199999999914
20.0 29.799999999999983 662.3199999999914
20.0 29.799999999999983 662.3199999999914
20.0 29.799999999999983 662.3199999999914
20.0 29.799999999999983 662.3199999999914
20.0 29.839999999999982 662.3199999999914
20.0 29.839999999999982 662.3199999999914
20.0 29.819999999999983 662.3199999999914
20.0 29.819999999999983 662.3199999999914
20.0 29.819999999999983 662.3199999999914
20.0 29.819999999999983 662.3199999999914
20.0 29.819999999999983 662.3199999999914
20.0 29.819999999999983 662.3199999999914
20.0 29.819999999999983 662.3199999999914
20.0 29.819999999999983 662.3199999999914
20.0 29.819999999999983 662.3199999999914
20.0 29.819999999999983 662.3199999999914
20.0 29.839999999999982 662.3199999999914
20.0 29.839999999999982 662.3199999999914
20.0 29.839999999999982 662.3199999999914
20.0 29.839999999999982 662.3199999999914
20.0 29.839999999999982 662.3199999999914
20.0 29.839999999999982 662.3199999999914
20.0 29.839999999999982 662.3199999999914
20.0 29.839999999999982 662.3199999999914
20.0 29.839999999999982 662.3199999999914
20.0 29.839999999999982 662.3199999999914
20.0 29.799999999999983 662.3199999999914
20.0 29.799999999999983 662.3199999999914
20.0 29.839999999999982 662.3199999999914
20.0 29.839999999999982 662.3199999999914
20.0 29.819999999999983 662.3199999999914
20.0 29.819999999999983 662.3199999999914
20.0 29.85999999999998 662.3199999999914
20.0 29.85999999999998 662.3199999999914
20.0 29.85999999999998 662.3199999999914
20.0 29.85999999999998 662.3199999999914
20.0 29.89999999999998 662.3199999999914
20.0 29.89999999999998 662.3199999999914
20.0 29.89999999999998 662.3199999999914
20.0 29.89999999999998 662.3199999999914
20.0 29.89999999999998 662.3199999999914
20.0 29.89999999999998 662.3199999999914
20.0 29.87999999999998 662.3199999999914
20.0 29.87999999999998 662.3199999999914
20.0 29.839999999999982 662.3199999999914
20.0 29.839999999999982 662.3199999999914
20.0 29.839999999999982 662.3199999999914
20.0 29.839999999999982 662.3199999999914
20.0 29.839999999999982 662.3199999999914
20.0 29.839999999999982 662.3199999999914
20.0 29.839999999999982 662.3199999999914
20.0 29.839999999999982 662.3199999999914
20.0 29.839999999999982 662.3199999999914
20.0 29.839999999999982 662.3199999999914
20.0 29.839999999999982 662.3199999999914
20.0 29.839999999999982 662.3199999999914
20.0 29.819999999999983 662.3199999999914
20.0 29.819999999999983 662.3199999999914
20.0 29.799999999999983 662.3199999999914
20.0 29.799999999999983 662.3199999999914
20.0 29.819999999999983 662.3199999999914
20.0 29.819999999999983 662.3199999999914
20.0 29.819999999999983 662.3199999999914
20.0 29.819999999999983 662.3199999999914
20.0 29.839999999999982 662.3199999999914
20.0 29.839999999999982 662.3199999999914
20.0 29.87999999999998 662.3199999999914
20.0 29.87999999999998 662.3199999999914
20.0 29.89999999999998 662.3199999999914
20.0 29.89999999999998 662.3199999999914
20.0 29.93999999999998 662.3199999999914
20.0 29.93999999999998 662.3199999999914
20.0 29.95999999999998 662.3199999999914
20.0 29.95999999999998 662.3199999999914
28.0 20.0 662.3199999999914
28.0 0.0 662.3199999999914
28.0 20.0 662.3199999999914
28.0 0.0 662.3199999999914
28.0 20.0 662.3199999999914
28.0 0.0 662.3199999999914
28.0 20.0 662.3199999999914
28.0 0.0 662.3199999999914
4.980000000000022 1.0000000000000007 662.3199999999914
3.929999999999959 7.99 662.3199999999914
4.449999999999969 13.029999999999957 662.3199999999914
12.350000000000014 0.9699999999999989 662.3199999999914
14.009999999999978 18.86999999999951 662.3199999999914
1.5500000000000422 16.049999999999965 662.3199999999914
4.030000000000042 19.009999999999845 662.3199999999914
11.999999999999957 15.999999999999533 662.3199999999914
0.99 13.029999999999957 662.3199999999914
17.989999999999686 10.229999999999974 662.3199999999914
17.019999999999754 0.440000000000155 662.3199999999914
10.01 12.149999999999997 662.3199999999914
14.99 3.0299999999999994 662.3199999999914
6.969999999999937 9.99 662.3199999999914
1.0000000000000007 10.059999999999977 662.3199999999914
7.000000000000021 15.699999999999383 662.3199999999914
18.029999999999536 4.0099999999999785 662.3199999999914
11.99 5.0099999999999785 662.3199999999914
16.00999999999922 12.989999999999958 662.3199999999914
18.019999999999996 15.899999999999535 662.3199999999914
17.159999999999783 18.3599999999999 662.3199999999914
13.0 9.0 662.3199999999914
14.99999999999971 15.999999999999533 662.3199999999914
7.000000000000021 3.9999999999999574 662.3199999999914
9.0 6.999999999999915 662.3199999999914
1.09 2.010000000000021 662.3199999999914
4.0 4.0 662.3199999999914
8.999999999999979 18.019999999999378 662.3199999999914
8.0 0.9400000000000006 662.3199999999914
16.009999999999533 6.9300000000000015 662.3199999999914
9.99 2.010000000000156 662.3199999999914
1.0100000000001554 6.010000000000021 662.3199999999914
18.99999999999953 7.920000000000002 662.3199999999914
-10 12 662.3199999999914
-10 12 662.3199999999914
-7 9 662.3199999999914
-7 9 662.3199999999914
-10 -8 662.3199999999914
-10 -8 662.3199999999914
-7 -11 662.3199999999914
-7 -11 662.3199999999914
-8 -16 662.3199999999914
-8 -16 662.3199999999914
0.0 -11.0 662.3199999999914
0.0 -11.0 662.3199999999914
0.0 -11.0 662.3199999999914
0.0 -11.0 662.3199999999914
0.0 -11.0 662.3199999999914
0.0 -11.0 662.3199999999914
0.0 -11.0 662.3199999999914
0.0 -11.0 662.3199999999914
0.0 -11.0 662.3199999999914
0.0 -11.0 662.3199999999914
0.0 -11.0 662.3199999999914
0.0 -11.0 662.3199999999914
0.0 -11.0 662.3199999999914
0.0 -11.0 662.3199999999914
0.0 -11.02 662.3199999999914
0.0 -11.02 662.3199999999914
0.0 -11.0 662.3199999999914
0.0 -11.0 662.3199999999914
0.0 -10.98 662.3199999999914
0.0 -10.98 662.3199999999914
0.0 -10.96 662.3199999999914
0.0 -10.96 662.3199999999914
0.0 -10.96 662.3199999999914
0.0 -10.96 662.3199999999914
0.0 -10.96 662.3199999999914
0.0 -10.96 662.3199999999914
0.0 -10.96 662.3199999999914
0.0 -10.96 662.3199999999914
0.0 -10.98 662.3199999999914
0.0 -10.98 662.3199999999914
0.0 -11.0 662.3199999999914
0.0 -11.0 662.3199999999914
0.0 -11.0 662.3199999999914
0.0 -11.0 662.3199999999914
0.0 -11.0 662.3199999999914
0.0 -11.0 662.3199999999914
0.0 -11.0 662.3199999999914
0.0 -11.0 662.3199999999914
0.0 -11.0 662.3199999999914
0.0 -11.0 662.3199999999914
0.0 -11.0 662.3199999999914
0.0 -11.0 662.3199999999914
0.0 -10.900000000000002 662.3199999999914
0.0 -10.900000000000002 662.3199999999914
0.0 -10.880000000000003 662.3199999999914
0.0 -10.880000000000003 662.3199999999914
0.0 -10.860000000000003 662.3199999999914
0.0 -10.860000000000003 662.3199999999914
0.0 -10.840000000000003 662.3199999999914
0.0 -10.840000000000003 662.3199999999914
0.0 -10.840000000000003 662.3199999999914
0.0 -10.840000000000003 662.3199999999914
0.0 -10.820000000000004 662.3199999999914
0.0 -10.820000000000004 662.3199999999914
0.0 -10.820000000000004 662.3199999999914
0.0 -10.820000000000004 662.3199999999914
0.0 -10.820000000000004 662.3199999999914
0.0 -10.820000000000004 662.3199999999914
0.0 -10.840000000000003 662.3199999999914
0.0 -10.840000000000003 662.3199999999914
0.0 -10.820000000000004 662.3199999999914
0.0 -10.820000000000004 662.3199999999914
0.0 -10.820000000000004 662.3199999999914
0.0 -10.820000000000004 662.3199999999914
0.0 -10.840000000000003 662.3199999999914
0.0 -10.840000000000003 662.3199999999914
0.0 -10.840000000000003 662.3199999999914
0.0 -10.840000000000003 662.3199999999914
-5.01 -17.030000000000005 662.3199999999914
-5.01 -17.030000000000005 662.3199999999914
0.0 -10.840000000000003 662.3199999999914
0.0 -10.840000000000003 662.3199999999914
0.0 -10.840000000000003 662.3199999999914
0.0 -10.840000000000003 662.3199999999914
0.0 -10.860000000000003 662.3199999999914
0.0 -10.860000000000003 662.3199999999914
0.0 -10.860000000000003 662.3199999999914
0.0 -10.860000000000003 662.3199999999914
0.0 -10.840000000000003 662.3199999999914
0.0 -10.840000000000003 662.3199999999914
0.0 -10.820000000000004 662.3199999999914
0.0 -10.820000000000004 662.3199999999914
0.0 -10.820000000000004 662.3199999999914
0.0 -10.820000000000004 662.3199999999914
0.0 -10.820000000000004 662.3199999999914
0.0 -10.820000000000004 662.3199999999914
0.0 -10.840000000000003 662.3199999999914
0.0 -10.840000000000003 662.3199999999914
0.0 -10.840000000000003 662.3199999999914
0.0 -10.840000000000003 662.3199999999914
0.0 -10.860000000000003 662.3199999999914
0.0 -10.860000000000003 662.3199999999914
0.0 -10.860000000000003 662.3199999999914
0.0 -10.860000000000003 662.3199999999914
0.0 -10.840000000000003 662.3199999999914
0.0 -10.840000000000003 662.3199999999914
0.0 -10.860000000000003 662.3199999999914
0.0 -10.860000000000003 662.3199999999914
0.0 -10.860000000000003 662.3199999999914
0.0 -10.860000000000003 662.3199999999914
0.0 -10.880000000000003 662.3199999999914
0.0 -10.880000000000003 662.3199999999914
0.0 -10.860000000000003 662.3199999999914
0.0 -10.860000000000003 662.3199999999914
0.0 -10.860000000000003 662.3199999999914
0.0 -10.860000000000003 662.3199999999914
0.0 -10.880000000000003 662.3199999999914
0.0 -10.880000000000003 662.3199999999914
0.0 -10.900000000000002 662.3199999999914
0.0 -10.900000000000002 662.3199999999914
0.0 -10.920000000000002 662.3199999999914
0.0 -10.920000000000002 662.3199999999914
0.0 -10.940000000000001 662.3199999999914
0.0 -10.940000000000001 662.3199999999914
0.0 -10.940000000000001 662.3199999999914
0.0 -10.940000000000001 662.3199999999914
0.0 -10.940000000000001 662.3199999999914
0.0 -10.940000000000001 662.3199999999914
0.0 -10.920000000000002 662.3199999999914
0.0 -10.920000000000002 662.3199999999914
0.0 -10.920000000000002 662.3199999999914
0.0 -10.920000000000002 662.3199999999914
0.0 -10.920000000000002 662.3199999999914
0.0 -10.920000000000002 662.3199999999914
0.0 -10.900000000000002 662.3199999999914
0.0 -10.900000000000002 662.3199999999914
0.0 -10.880000000000003 662.3199999999914
0.0 -10.880000000000003 662.3199999999914
0.0 -10.880000000000003 662.3199999999914
0.0 -10.880000000000003 662.3199999999914
0.0 -10.880000000000003 662.3199999999914
0.0 -10.880000000000003 662.3199999999914
0.0 -10.860000000000003 662.3199999999914
0.0 -10.860000000000003 662.3199999999914
0.0 -10.860000000000003 662.3199999999914
0.0 -10.860000000000003 662.3199999999914
0.0 -10.840000000000003 662.3199999999914
0.0 -10.840000000000003 662.3199999999914
0.0 -10.840000000000003 662.3199999999914
0.0 -10.840000000000003 662.3199999999914
0.0 -10.820000000000004 662.3199999999914
0.0 -10.820000000000004 662.3199999999914
0.0 -10.820000000000004 662.3199999999914
0.0 -10.820000000000004 662.3199999999914
0.0 -10.840000000000003 662.3199999999914
0.0 -10.840000000000003 662.3199999999914
0.0 -10.860000000000003 662.3199999999914
0.0 -10.860000000000003 662.3199999999914
0.0 -10.820000000000004 662.3199999999914
0.0 -10.820000000000004 662.3199999999914
0.0 -10.820000000000004 662.3199999999914
0.0 -10.820000000000004 662.3199999999914
0.0 -10.840000000000003 662.3199999999914
0.0 -10.840000000000003 662.3199999999914
0.0 -10.840000000000003 662.3199999999914
0.0 -10.840000000000003 662.3199999999914
0.0 -10.840000000000003 662.3199999999914
0.0 -10.840000000000003 662.3199999999914
0.0 -10.840000000000003 662.3199999999914
0.0 -10.840000000000003 662.3199999999914
0.0 -10.840000000000003 662.3199999999914
0.0 -10.840000000000003 662.3199999999914
0.0 -10.820000000000004 662.3199999999914
0.0 -10.820000000000004 662.3199999999914
0.0 -10.820000000000004 662.3199999999914
0.0 -10.820000000000004 662.3199999999914
0.0 -10.820000000000004 662.3199999999914
0.0 -10.820000000000004 662.3199999999914
0.0 -10.820000000000004 662.3199999999914
0.0 -10.820000000000004 662.3199999999914
0.0 -10.820000000000004 662.3199999999914
0.0 -10.820000000000004 662.3199999999914
0.0 -10.800000000000004 662.3199999999914
0.0 -10.800000000000004 662.3199999999914
0.0 -10.800000000000004 662.3199999999914
0.0 -10.800000000000004 662.3199999999914
0.0 -10.800000000000004 662.3199999999914
0.0 -10.800000000000004 662.3199999999914
0.0 -10.800000000000004 662.3199999999914
0.0 -10.800000000000004 662.3199999999914
0.0 -10.780000000000005 662.3199999999914
0.0 -10.780000000000005 662.3199999999914
0.0 -10.760000000000005 662.3199999999914
0.0 -10.760000000000005 662.3199999999914
0.0 -10.740000000000006 662.3199999999914
0.0 -10.740000000000006 662.3199999999914
0.0 -10.760000000000005 662.3199999999914
0.0 -10.760000000000005 662.3199999999914
0.0 -10.760000000000005 662.3199999999914
0.0 -10.760000000000005 662.3199999999914
0.0 -10.740000000000006 662.3199999999914
0.0 -10.740000000000006 662.3199999999914
0.0 -10.760000000000005 662.3199999999914
0.0 -10.760000000000005 662.3199999999914
0.0 -10.740000000000006 662.3199999999914
0.0 -10.740000000000006 662.3199999999914
0.0 -10.740000000000006 662.3199999999914
0.0 -10.740000000000006 662.3199999999914
0.0 -10.720000000000006 662.3199999999914
0.0 -10.720000000000006 662.3199999999914
0.0 -10.720000000000006 662.3199999999914
0.0 -10.720000000000006 662.3199999999914
0.0 -10.700000000000006 662.3199999999914
0.0 -10.700000000000006 662.3199999999914
0.0 -10.720000000000006 662.3199999999914
0.0 -10.720000000000006 662.3199999999914
0.0 -10.720000000000006 662.3199999999914
0.0 -10.720000000000006 662.3199999999914
0.0 -10.740000000000006 662.3199999999914
0.0 -10.740000000000006 662.3199999999914
0.0 -10.740000000000006 662.3199999999914
0.0 -10.740000000000006 662.3199999999914
0.0 -10.720000000000006 662.3199999999914
0.0 -10.720000000000006 662.3199999999914
0.0 -10.720000000000006 662.3199999999914
0.0 -10.720000000000006 662.3199999999914
0.0 -10.740000000000006 662.3199999999914
0.0 -10.740000000000006 662.3199999999914
0.0 -10.740000000000006 662.3199999999914
0.0 -10.740000000000006 662.3199999999914
0.0 -10.720000000000006 662.3199999999914
0.0 -10.720000000000006 662.3199999999914
0.0 -10.720000000000006 662.3199999999914
0.0 -10.720000000000006 662.3199999999914
0.0 -10.720000000000006 662.3199999999914
0.0 -10.720000000000006 662.3199999999914
0.0 -10.700000000000006 662.3199999999914
0.0 -10.700000000000006 662.3199999999914
0.0 -10.700000000000006 662.3199999999914
0.0 -10.700000000000006 662.3199999999914
0.0 -10.700000000000006 662.3199999999914
0.0 -10.700000000000006 662.3199999999914
0.0 -10.720000000000006 662.3199999999914
0.0 -10.720000000000006 662.3199999999914
0.0 -10.700000000000006 662.3199999999914
0.0 -10.700000000000006 662.3199999999914
0.0 -10.720000000000006 662.3199999999914
0.0 -10.720000000000006 662.3199999999914
0.0 -10.720000000000006 662.3199999999914
0.0 -10.720000000000006 662.3199999999914
0.0 -10.740000000000006 662.3199999999914
0.0 -10.740000000000006 662.3199999999914
0.0 -10.740000000000006 662.3199999999914
0.0 -10.740000000000006 662.3199999999914
0.0 -10.720000000000006 662.3199999999914
0.0 -10.720000000000006 662.3199999999914
0.0 -10.700000000000006 662.3199999999914
0.0 -10.700000000000006 662.3199999999914
0.0 -10.700000000000006 662.3199999999914
0.0 -10.700000000000006 662.3199999999914
0.0 -10.720000000000006 662.3199999999914
0.0 -10.720000000000006 662.3199999999914
0.0 -10.700000000000006 662.3199999999914
0.0 -10.700000000000006 662.3199999999914
0.0 -10.680000000000007 662.3199999999914
0.0 -10.680000000000007 662.3199999999914
0.0 -10.680000000000007 662.3199999999914
0.0 -10.680000000000007 662.3199999999914
0.0 -10.660000000000007 662.3199999999914
0.0 -10.660000000000007 662.3199999999914
0.0 -10.660000000000007 662.3199999999914
0.0 -10.660000000000007 662.3199999999914
0.0 -10.660000000000007 662.3199999999914
0.0 -10.660000000000007 662.3199999999914
0.0 -10.660000000000007 662.3199999999914
0.0 -10.660000000000007 662.3199999999914
0.0 -10.660000000000007 662.3199999999914
0.0 -10.660000000000007 662.3199999999914
0.0 -10.680000000000007 662.3199999999914
0.0 -10.680000000000007 662.3199999999914
0.0 -10.660000000000007 662.3199999999914
0.0 -10.660000000000007 662.3199999999914
0.0 -10.660000000000007 662.3199999999914
0.0 -10.660000000000007 662.3199999999914
0.0 -10.660000000000007 662.3199999999914
0.0 -10.660000000000007 662.3199999999914
0.0 -10.680000000000007 662.3199999999914
0.0 -10.680000000000007 662.3199999999914
0.0 -10.700000000000006 662.3199999999914
0.0 -10.700000000000006 662.3199999999914
0.0 -10.720000000000006 662.3199999999914
0.0 -10.720000000000006 662.3199999999914
0.0 -10.720000000000006 662.3199999999914
0.0 -10.720000000000006 662.3199999999914
0.0 -10.700000000000006 662.3199999999914
0.0 -10.700000000000006 662.3199999999914
0.0 -10.720000000000006 662.3199999999914
0.0 -10.720000000000006 662.3199999999914
0.0 -10.680000000000007 662.3199999999914
0.0 -10.680000000000007 662.3199999999914
0.0 -10.660000000000007 662.3199999999914
0.0 -10.660000000000007 662.3199999999914
0.0 -10.640000000000008 662.3199999999914
0.0 -10.640000000000008 662.3199999999914
0.0 -10.620000000000008 662.3199999999914
0.0 -10.620000000000008 662.3199999999914
0.0 -10.620000000000008 662.3199999999914
0.0 -10.620000000000008 662.3199999999914
0.0 -10.620000000000008 662.3199999999914
0.0 -10.620000000000008 662.3199999999914
0.0 -10.640000000000008 662.3199999999914
0.0 -10.640000000000008 662.3199999999914
0.0 -10.640000000000008 662.3199999999914
0.0 -10.640000000000008 662.3199999999914
0.0 -10.640000000000008 662.3199999999914
0.0 -10.640000000000008 662.3199999999914
0.0 -10.620000000000008 662.3199999999914
0.0 -10.620000000000008 662.3199999999914
0.0 -10.600000000000009 662.3199999999914
0.0 -10.600000000000009 662.3199999999914
0.0 -10.580000000000009 662.3199999999914
0.0 -10.580000000000009 662.3199999999914
0.0 -10.580000000000009 662.3199999999914
0.0 -10.580000000000009 662.3199999999914
0.0 -10.580000000000009 662.3199999999914
0.0 -10.580000000000009 662.3199999999914
0.0 -10.56000000000001 662.3199999999914
0.0 -10.56000000000001 662.3199999999914
0.0 -10.580000000000009 662.3199999999914
0.0 -10.580000000000009 662.3199999999914
0.0 -10.580000000000009 662.3199999999914
0.0 -10.580000000000009 662.3199999999914
0.0 -10.56000000000001 662.3199999999914
0.0 -10.56000000000001 662.3199999999914
0.0 -10.56000000000001 662.3199999999914
0.0 -10.56000000000001 662.3199999999914
0.0 -10.54000000000001 662.3199999999914
0.0 -10.54000000000001 662.3199999999914
0.0 -10.56000000000001 662.3199999999914
0.0 -10.56000000000001 662.3199999999914
0.0 -10.54000000000001 662.3199999999914
0.0 -10.54000000000001 662.3199999999914
0.0 -10.54000000000001 662.3199999999914
0.0 -10.54000000000001 662.3199999999914
0.0 -10.280000000000015 662.3199999999914
0.0 -10.280000000000015 662.3199999999914
0.0 -10.240000000000016 662.3199999999914
0.0 -10.240000000000016 662.3199999999914
0.0 -10.240000000000016 662.3199999999914
0.0 -10.240000000000016 662.3199999999914
0.0 -10.220000000000017 662.3199999999914
0.0 -10.220000000000017 662.3199999999914
0.0 -10.200000000000017 662.3199999999914
0.0 -10.200000000000017 662.3199999999914
0.0 -10.200000000000017 662.3199999999914
0.0 -10.200000000000017 662.3199999999914
0.0 -10.200000000000017 662.3199999999914
0.0 -10.200000000000017 662.3199999999914
0.0 -10.160000000000018 662.3199999999914
0.0 -10.160000000000018 662.3199999999914
0.0 -10.180000000000017 662.3199999999914
0.0 -10.180000000000017 662.3199999999914
0.0 -10.180000000000017 662.3199999999914
0.0 -10.180000000000017 662.3199999999914
0.0 -10.180000000000017 662.3199999999914
0.0 -10.180000000000017 662.3199999999914
0.0 -10.180000000000017 662.3199999999914
0.0 -10.180000000000017 662.3199999999914
0.0 -10.180000000000017 662.3199999999914
0.0 -10.180000000000017 662.3199999999914
0.0 -10.160000000000018 662.3199999999914
0.0 -10.160000000000018 662.3199999999914
0.0 -10.160000000000018 662.3199999999914
0.0 -10.160000000000018 662.3199999999914
0.0 -10.160000000000018 662.3199999999914
0.0 -10.160000000000018 662.3199999999914
0.0 -10.160000000000018 662.3199999999914
0.0 -10.160000000000018 662.3199999999914
0.0 -10.160000000000018 662.3199999999914
0.0 -10.160000000000018 662.3199999999914
0.0 -10.200000000000017 662.3199999999914
0.0 -10.200000000000017 662.3199999999914
0.0 -10.160000000000018 662.3199999999914
0.0 -10.160000000000018 662.3199999999914
0.0 -10.180000000000017 662.3199999999914
0.0 -10.180000000000017 662.3199999999914
0.0 -10.140000000000018 662.3199999999914
0.0 -10.140000000000018 662.3199999999914
0.0 -10.140000000000018 662.3199999999914
0.0 -10.140000000000018 662.3199999999914
0.0 -10.10000000000002 662.3199999999914
0.0 -10.10000000000002 662.3199999999914
0.0 -10.10000000000002 662.3199999999914
0.0 -10.10000000000002 662.3199999999914
0.0 -10.10000000000002 662.3199999999914
0.0 -10.10000000000002 662.3199999999914
0.0 -10.120000000000019 662.3199999999914
0.0 -10.120000000000019 662.3199999999914
0.0 -10.160000000000018 662.3199999999914
0.0 -10.160000000000018 662.3199999999914
0.0 -10.160000000000018 662.3199999999914
0.0 -10.160000000000018 662.3199999999914
0.0 -10.160000000000018 662.3199999999914
0.0 -10.160000000000018 662.3199999999914
0.0 -10.160000000000018 662.3199999999914
0.0 -10.160000000000018 662.3199999999914
0.0 -10.160000000000018 662.3199999999914
0.0 -10.160000000000018 662.3199999999914
0.0 -10.160000000000018 662.3199999999914
0.0 -10.160000000000018 662.3199999999914
0.0 -10.180000000000017 662.3199999999914
0.0 -10.180000000000017 662.3199999999914
0.0 -10.200000000000017 662.3199999999914
0.0 -10.200000000000017 662.3199999999914
0.0 -10.180000000000017 662.3199999999914
0.0 -10.180000000000017 662.3199999999914
0.0 -10.180000000000017 662.3199999999914
0.0 -10.180000000000017 662.3199999999914
0.0 -10.160000000000018 662.3199999999914
0.0 -10.160000000000018 662.3199999999914
0.0 -10.120000000000019 662.3199999999914
0.0 -10.120000000000019 662.3199999999914
0.0 -10.10000000000002 662.3199999999914
0.0 -10.10000000000002 662.3199999999914
0.0 -10.06000000000002 662.3199999999914
0.0 -10.06000000000002 662.3199999999914
0.0 -10.04000000000002 662.3199999999914
0.0 -10.04000000000002 662.3199999999914
-8 4 662.3199999999914
-8 4 662.3199999999914
-5.01 2.9699999999999953 662.3199999999914
-5.01 2.9699999999999953 662.3199999999914
10 -8 662.3199999999914
10 -8 662.3199999999914
24 -6 662.3199999999914
24 -6 662.3199999999914
24 -10 662.3199999999914
24 -10 662.3199999999914
23 -9 662.3199999999914
23 -9 662.3199999999914
4 -6 662.3199999999914
4 -6 662.3199999999914
4 -10 662.3199999999914
4 -10 662.3199999999914
3 -9 662.3199999999914
3 -9 662.3199999999914
