0 29 661.9600000000003
20 29 661.9600000000003
13 29 661.9600000000003
13 29 661.9600000000003
26 0 661.9600000000003
26 20 661.9600000000003
24 14 661.9600000000003
24 14 661.9600000000003
24 4 661.9600000000003
4 24 661.9600000000003
24 24 661.9600000000003
12 24 661.9600000000003
12 24 661.9600000000003
28 0 661.9600000000003
28 20 661.9600000000003
24 10 661.9600000000003
24 10 661.9600000000003
29 3 661.9600000000003
9 23 661.9600000000003
29 23 661.9600000000003
23 11 661.9600000000003
23 11 661.9600000000003
20.0 29.0 661.9600000000003
20.0 29.0 661.9600000000003
26.0 20.0 661.9600000000003
26.0 0.0 661.9600000000003
26.0 20.0 661.9600000000003
26.0 0.0 661.9600000000003
20.0 29.0 661.9600000000003
20.0 29.0 661.9600000000003
25.98 20.0 661.9600000000003
25.98 0.0 661.9600000000003
25.98 20.0 661.9600000000003
25.98 0.0 661.9600000000003
25.98 20.0 661.9600000000003
25.98 0.0 661.9600000000003
25.98 20.0 661.9600000000003
25.98 0.0 661.9600000000003
25.94 20.0 661.9600000000003
25.94 0.0 661.9600000000003
25.94 20.0 661.9600000000003
25.94 0.0 661.9600000000003
20.0 29.0 661.9600000000003
20.0 29.0 661.9600000000003
20.0 29.0 661.9600000000003
20.0 29.0 661.9600000000003
27.98 20.0 661.9600000000003
27.98 0.0 661.9600000000003
27.98 20.0 661.9600000000003
27.98 0.0 661.9600000000003
20.0 29.0 661.9600000000003
20.0 29.0 661.9600000000003
20.0 29.0 661.9600000000003
20.0 29.0 661.9600000000003
28.02 20.0 661.9600000000003
28.02 0.0 661.9600000000003
28.02 20.0 661.9600000000003
28.02 0.0 661.9600000000003
25.900000000000002 20.0 661.9600000000003
25.900000000000002 0.0 661.9600000000003
25.900000000000002 20.0 661.9600000000003
25.900000000000002 0.0 661.9600000000003
25.900000000000002 20.0 661.9600000000003
25.900000000000002 0.0 661.9600000000003
25.900000000000002 20.0 661.9600000000003
25.900000000000002 0.0 661.9600000000003
25.900000000000002 20.0 661.9600000000003
25.900000000000002 0.0 661.9600000000003
25.900000000000002 20.0 661.9600000000003
25.900000000000002 0.0 661.9600000000003
25.880000000000003 20.0 661.9600000000003
25.880000000000003 0.0 661.9600000000003
25.880000000000003 20.0 661.9600000000003
25.880000000000003 0.0 661.9600000000003
20.0 29.0 661.9600000000003
20.0 29.0 661.9600000000003
25.880000000000003 20.0 661.9600000000003
25.880000000000003 0.0 661.9600000000003
25.880000000000003 20.0 661.9600000000003
25.880000000000003 0.0 661.9600000000003
28.0 20.0 661.9600000000003
28.0 0.0 661.9600000000003
28.0 20.0 661.9600000000003
28.0 0.0 661.9600000000003
25.860000000000003 20.0 661.9600000000003
25.860000000000003 0.0 661.9600000000003
25.860000000000003 20.0 661.9600000000003
25.860000000000003 0.0 661.9600000000003
25.840000000000003 20.0 661.9600000000003
25.840000000000003 0.0 661.9600000000003
25.840000000000003 20.0 661.9600000000003
25.840000000000003 0.0 661.9600000000003
28.0 20.0 661.9600000000003
28.0 0.0 661.9600000000003
28.0 20.0 661.9600000000003
28.0 0.0 661.9600000000003
25.820000000000004 20.0 661.9600000000003
25.820000000000004 0.0 661.9600000000003
25.820000000000004 20.0 661.9600000000003
25.820000000000004 0.0 661.9600000000003
25.820000000000004 20.0 661.9600000000003
25.820000000000004 0.0 661.9600000000003
25.820000000000004 20.0 661.9600000000003
25.820000000000004 0.0 661.9600000000003
20.0 28.98 661.9600000000003
20.0 28.98 661.9600000000003
25.800000000000004 20.0 661.9600000000003
25.800000000000004 0.0 661.9600000000003
25.800000000000004 20.0 661.9600000000003
25.800000000000004 0.0 661.9600000000003
25.780000000000005 20.0 661.9600000000003
25.780000000000005 0.0 661.9600000000003
25.780000000000005 20.0 661.9600000000003
25.780000000000005 0.0 661.9600000000003
25.780000000000005 20.0 661.9600000000003
25.780000000000005 0.0 661.9600000000003
25.780000000000005 20.0 661.9600000000003
25.780000000000005 0.0 661.9600000000003
28.0 20.0 661.9600000000003
28.0 0.0 661.9600000000003
28.0 20.0 661.9600000000003
28.0 0.0 661.9600000000003
25.780000000000005 20.0 661.9600000000003
25.780000000000005 0.0 661.9600000000003
25.780000000000005 20.0 661.9600000000003
25.780000000000005 0.0 661.9600000000003
20.0 29.0 661.9600000000003
20.0 29.0 661.9600000000003
25.780000000000005 20.0 661.9600000000003
25.780000000000005 0.0 661.9600000000003
25.780000000000005 20.0 661.9600000000003
25.780000000000005 0.0 661.9600000000003
28.0 20.0 661.9600000000003
28.0 0.0 661.9600000000003
28.0 20.0 661.9600000000003
28.0 0.0 661.9600000000003
20.0 29.02 661.9600000000003
20.0 29.02 661.9600000000003
27.98 20.0 661.9600000000003
27.98 0.0 661.9600000000003
27.98 20.0 661.9600000000003
27.98 0.0 661.9600000000003
27.98 20.0 661.9600000000003
27.98 0.0 661.9600000000003
27.98 20.0 661.9600000000003
27.98 0.0 661.9600000000003
28.0 20.0 661.9600000000003
28.0 0.0 661.9600000000003
28.0 20.0 661.9600000000003
28.0 0.0 661.9600000000003
25.740000000000006 20.0 661.9600000000003
25.740000000000006 0.0 661.9600000000003
25.740000000000006 20.0 661.9600000000003
25.740000000000006 0.0 661.9600000000003
25.720000000000006 20.0 661.9600000000003
25.720000000000006 0.0 661.9600000000003
25.720000000000006 20.0 661.9600000000003
25.720000000000006 0.0 661.9600000000003
27.98 20.0 661.9600000000003
27.98 0.0 661.9600000000003
27.98 20.0 661.9600000000003
27.98 0.0 661.9600000000003
25.700000000000006 20.0 661.9600000000003
25.700000000000006 0.0 661.9600000000003
25.700000000000006 20.0 661.9600000000003
25.700000000000006 0.0 661.9600000000003
28.0 20.0 661.9600000000003
28.0 0.0 661.9600000000003
28.0 20.0 661.9600000000003
28.0 0.0 661.9600000000003
25.700000000000006 20.0 661.9600000000003
25.700000000000006 0.0 661.9600000000003
25.700000000000006 20.0 661.9600000000003
25.700000000000006 0.0 661.9600000000003
20.0 29.04 661.9600000000003
20.0 29.04 661.9600000000003
20.0 29.04 661.9600000000003
20.0 29.04 661.9600000000003
20.0 29.04 661.9600000000003
20.0 29.04 661.9600000000003
25.54000000000001 20.0 661.9600000000003
25.54000000000001 0.0 661.9600000000003
25.54000000000001 20.0 661.9600000000003
25.54000000000001 0.0 661.9600000000003
20.0 29.04 661.9600000000003
20.0 29.04 661.9600000000003
25.52000000000001 20.0 661.9600000000003
25.52000000000001 0.0 661.9600000000003
25.52000000000001 20.0 661.9600000000003
25.52000000000001 0.0 661.9600000000003
25.50000000000001 20.0 661.9600000000003
25.50000000000001 0.0 661.9600000000003
25.50000000000001 20.0 661.9600000000003
25.50000000000001 0.0 661.9600000000003
20.0 29.02 661.9600000000003
20.0 29.02 661.9600000000003
25.48000000000001 20.0 661.9600000000003
25.48000000000001 0.0 661.9600000000003
25.48000000000001 20.0 661.9600000000003
25.48000000000001 0.0 661.9600000000003
28.0 20.0 661.9600000000003
28.0 0.0 661.9600000000003
28.0 20.0 661.9600000000003
28.0 0.0 661.9600000000003
28.0 20.0 661.9600000000003
28.0 0.0 661.9600000000003
28.0 20.0 661.9600000000003
28.0 0.0 661.9600000000003
25.46000000000001 20.0 661.9600000000003
25.46000000000001 0.0 661.9600000000003
25.46000000000001 20.0 661.9600000000003
25.46000000000001 0.0 661.9600000000003
20.0 29.0 661.9600000000003
20.0 29.0 661.9600000000003
25.420000000000012 20.0 661.9600000000003
25.420000000000012 0.0 661.9600000000003
25.420000000000012 20.0 661.9600000000003
25.420000000000012 0.0 661.9600000000003
25.380000000000013 20.0 661.9600000000003
25.380000000000013 0.0 661.9600000000003
25.380000000000013 20.0 661.9600000000003
25.380000000000013 0.0 661.9600000000003
25.360000000000014 20.0 661.9600000000003
25.360000000000014 0.0 661.9600000000003
25.360000000000014 20.0 661.9600000000003
25.360000000000014 0.0 661.9600000000003
20.0 29.0 661.9600000000003
20.0 29.0 661.9600000000003
25.360000000000014 20.0 661.9600000000003
25.360000000000014 0.0 661.9600000000003
25.360000000000014 20.0 661.9600000000003
25.360000000000014 0.0 661.9600000000003
20.0 29.0 661.9600000000003
20.0 29.0 661.9600000000003
25.300000000000015 20.0 661.9600000000003
25.300000000000015 0.0 661.9600000000003
25.300000000000015 20.0 661.9600000000003
25.300000000000015 0.0 661.9600000000003
20.0 29.0 661.9600000000003
20.0 29.0 661.9600000000003
28.0 20.0 661.9600000000003
28.0 0.0 661.9600000000003
28.0 20.0 661.9600000000003
28.0 0.0 661.9600000000003
25.280000000000015 20.0 661.9600000000003
25.280000000000015 0.0 661.9600000000003
25.280000000000015 20.0 661.9600000000003
25.280000000000015 0.0 661.9600000000003
25.240000000000016 20.0 661.9600000000003
25.240000000000016 0.0 661.9600000000003
25.240000000000016 20.0 661.9600000000003
25.240000000000016 0.0 661.9600000000003
20.0 29.0 661.9600000000003
20.0 29.0 661.9600000000003
25.220000000000017 20.0 661.9600000000003
25.220000000000017 0.0 661.9600000000003
25.220000000000017 20.0 661.9600000000003
25.220000000000017 0.0 661.9600000000003
20.0 29.0 661.9600000000003
20.0 29.0 661.9600000000003
28.0 20.0 661.9600000000003
28.0 0.0 661.9600000000003
28.0 20.0 661.9600000000003
28.0 0.0 661.9600000000003
28.0 20.0 661.9600000000003
28.0 0.0 661.9600000000003
28.0 20.0 661.9600000000003
28.0 0.0 661.9600000000003
25.160000000000018 20.0 661.9600000000003
25.160000000000018 0.0 661.9600000000003
25.160000000000018 20.0 661.9600000000003
25.160000000000018 0.0 661.9600000000003
25.14000000000002 20.0 661.9600000000003
25.14000000000002 0.0 661.9600000000003
25.14000000000002 20.0 661.9600000000003
25.14000000000002 0.0 661.9600000000003
27.98 20.0 661.9600000000003
27.98 0.0 661.9600000000003
27.98 20.0 661.9600000000003
27.98 0.0 661.9600000000003
25.14000000000002 20.0 661.9600000000003
25.14000000000002 0.0 661.9600000000003
25.14000000000002 20.0 661.9600000000003
25.14000000000002 0.0 661.9600000000003
25.12000000000002 20.0 661.9600000000003
25.12000000000002 0.0 661.9600000000003
25.12000000000002 20.0 661.9600000000003
25.12000000000002 0.0 661.9600000000003
25.12000000000002 20.0 661.9600000000003
25.12000000000002 0.0 661.9600000000003
25.12000000000002 20.0 661.9600000000003
25.12000000000002 0.0 661.9600000000003
20.0 29.099999999999998 661.9600000000003
20.0 29.099999999999998 661.9600000000003
20.0 29.119999999999997 661.9600000000003
20.0 29.119999999999997 661.9600000000003
20.0 29.139999999999997 661.9600000000003
20.0 29.139999999999997 661.9600000000003
24.98000000000002 20.0 661.9600000000003
24.98000000000002 0.0 661.9600000000003
24.98000000000002 20.0 661.9600000000003
24.98000000000002 0.0 661.9600000000003
20.0 29.159999999999997 661.9600000000003
20.0 29.159999999999997 661.9600000000003
20.0 29.159999999999997 661.9600000000003
20.0 29.159999999999997 661.9600000000003
25.02000000000002 20.0 661.9600000000003
25.02000000000002 0.0 661.9600000000003
25.02000000000002 20.0 661.9600000000003
25.02000000000002 0.0 661.9600000000003
25.02000000000002 20.0 661.9600000000003
25.02000000000002 0.0 661.9600000000003
25.02000000000002 20.0 661.9600000000003
25.02000000000002 0.0 661.9600000000003
25.00000000000002 20.0 661.9600000000003
25.00000000000002 0.0 661.9600000000003
25.00000000000002 20.0 661.9600000000003
25.00000000000002 0.0 661.9600000000003
25.00000000000002 20.0 661.9600000000003
25.00000000000002 0.0 661.9600000000003
25.00000000000002 20.0 661.9600000000003
25.00000000000002 0.0 661.9600000000003
24.98000000000002 20.0 661.9600000000003
24.98000000000002 0.0 661.9600000000003
24.98000000000002 20.0 661.9600000000003
24.98000000000002 0.0 661.9600000000003
24.960000000000022 20.0 661.9600000000003
24.960000000000022 0.0 661.9600000000003
24.960000000000022 20.0 661.9600000000003
24.960000000000022 0.0 661.9600000000003
24.940000000000023 20.0 661.9600000000003
24.940000000000023 0.0 661.9600000000003
24.940000000000023 20.0 661.9600000000003
24.940000000000023 0.0 661.9600000000003
24.920000000000023 20.0 661.9600000000003
24.920000000000023 0.0 661.9600000000003
24.920000000000023 20.0 661.9600000000003
24.920000000000023 0.0 661.9600000000003
20.0 29.179999999999996 661.9600000000003
20.0 29.179999999999996 661.9600000000003
20.0 29.179999999999996 661.9600000000003
20.0 29.179999999999996 661.9600000000003
20.0 29.179999999999996 661.9600000000003
20.0 29.179999999999996 661.9600000000003
20.0 29.159999999999997 661.9600000000003
20.0 29.159999999999997 661.9600000000003
20.0 29.179999999999996 661.9600000000003
20.0 29.179999999999996 661.9600000000003
20.0 29.179999999999996 661.9600000000003
20.0 29.179999999999996 661.9600000000003
20.0 29.159999999999997 661.9600000000003
20.0 29.159999999999997 661.9600000000003
20.0 29.159999999999997 661.9600000000003
20.0 29.159999999999997 661.9600000000003
14.99 22.969999999999995 661.9600000000003
14.99 22.969999999999995 661.9600000000003
20.0 29.159999999999997 661.9600000000003
20.0 29.159999999999997 661.9600000000003
20.0 29.159999999999997 661.9600000000003
20.0 29.159999999999997 661.9600000000003
20.0 29.139999999999997 661.9600000000003
20.0 29.139999999999997 661.9600000000003
20.0 29.139999999999997 661.9600000000003
20.0 29.139999999999997 661.9600000000003
20.0 29.159999999999997 661.9600000000003
20.0 29.159999999999997 661.9600000000003
20.0 29.179999999999996 661.9600000000003
20.0 29.179999999999996 661.9600000000003
20.0 29.179999999999996 661.9600000000003
20.0 29.179999999999996 661.9600000000003
28.0 20.0 661.9600000000003
28.0 0.0 661.9600000000003
28.0 20.0 661.9600000000003
28.0 0.0 661.9600000000003
27.98 20.0 661.9600000000003
27.98 0.0 661.9600000000003
27.98 20.0 661.9600000000003
27.98 0.0 661.9600000000003
20.0 29.179999999999996 661.9600000000003
20.0 29.179999999999996 661.9600000000003
28.0 20.0 661.9600000000003
28.0 0.0 661.9600000000003
28.0 20.0 661.9600000000003
28.0 0.0 661.9600000000003
20.0 29.159999999999997 661.9600000000003
20.0 29.159999999999997 661.9600000000003
20.0 29.159999999999997 661.9600000000003
20.0 29.159999999999997 661.9600000000003
28.0 20.0 661.9600000000003
28.0 0.0 661.9600000000003
28.0 20.0 661.9600000000003
28.0 0.0 661.9600000000003
20.0 29.139999999999997 661.9600000000003
20.0 29.139999999999997 661.9600000000003
20.0 29.139999999999997 661.9600000000003
20.0 29.139999999999997 661.9600000000003
28.0 20.0 661.9600000000003
28.0 0.0 661.9600000000003
28.0 20.0 661.9600000000003
28.0 0.0 661.9600000000003
20.0 29.159999999999997 661.9600000000003
20.0 29.159999999999997 661.9600000000003
20.0 29.139999999999997 661.9600000000003
20.0 29.139999999999997 661.9600000000003
20.0 29.139999999999997 661.9600000000003
20.0 29.139999999999997 661.9600000000003
20.0 29.119999999999997 661.9600000000003
20.0 29.119999999999997 661.9600000000003
28.0 20.0 661.9600000000003
28.0 0.0 661.9600000000003
28.0 20.0 661.9600000000003
28.0 0.0 661.9600000000003
20.0 29.139999999999997 661.9600000000003
20.0 29.139999999999997 661.9600000000003
20.0 29.139999999999997 661.9600000000003
20.0 29.139999999999997 661.9600000000003
20.0 29.119999999999997 661.9600000000003
20.0 29.119999999999997 661.9600000000003
20.0 29.099999999999998 661.9600000000003
20.0 29.099999999999998 661.9600000000003
28.0 20.0 661.9600000000003
28.0 0.0 661.9600000000003
28.0 20.0 661.9600000000003
28.0 0.0 661.9600000000003
20.0 29.08 661.9600000000003
20.0 29.08 661.9600000000003
28.0 20.0 661.9600000000003
28.0 0.0 661.9600000000003
28.0 20.0 661.9600000000003
28.0 0.0 661.9600000000003
28.0 20.0 661.9600000000003
28.0 0.0 661.9600000000003
28.0 20.0 661.9600000000003
28.0 0.0 661.9600000000003
20.0 29.06 661.9600000000003
20.0 29.06 661.9600000000003
20.0 29.06 661.9600000000003
20.0 29.06 661.9600000000003
28.0 20.0 661.9600000000003
28.0 0.0 661.9600000000003
28.0 20.0 661.9600000000003
28.0 0.0 661.9600000000003
20.0 29.06 661.9600000000003
20.0 29.06 661.9600000000003
28.0 20.0 661.9600000000003
28.0 0.0 661.9600000000003
28.0 20.0 661.9600000000003
28.0 0.0 661.9600000000003
20.0 29.08 661.9600000000003
20.0 29.08 661.9600000000003
20.0 29.08 661.9600000000003
20.0 29.08 661.9600000000003
20.0 29.08 661.9600000000003
20.0 29.08 661.9600000000003
25.00000000000002 20.0 661.9600000000003
25.00000000000002 0.0 661.9600000000003
25.00000000000002 20.0 661.9600000000003
25.00000000000002 0.0 661.9600000000003
20.0 29.099999999999998 661.9600000000003
20.0 29.099999999999998 661.9600000000003
20.0 29.119999999999997 661.9600000000003
20.0 29.119999999999997 661.9600000000003
20.0 29.119999999999997 661.9600000000003
20.0 29.119999999999997 661.9600000000003
20.0 29.119999999999997 661.9600000000003
20.0 29.119999999999997 661.9600000000003
27.98 20.0 661.9600000000003
27.98 0.0 661.9600000000003
27.98 20.0 661.9600000000003
27.98 0.0 661.9600000000003
25.00000000000002 20.0 661.9600000000003
25.00000000000002 0.0 661.9600000000003
25.00000000000002 20.0 661.9600000000003
25.00000000000002 0.0 661.9600000000003
25.00000000000002 20.0 661.9600000000003
25.00000000000002 0.0 661.9600000000003
25.00000000000002 20.0 661.9600000000003
25.00000000000002 0.0 661.9600000000003
25.00000000000002 20.0 661.9600000000003
25.00000000000002 0.0 661.9600000000003
25.00000000000002 20.0 661.9600000000003
25.00000000000002 0.0 661.9600000000003
20.0 29.139999999999997 661.9600000000003
20.0 29.139999999999997 661.9600000000003
20.0 29.139999999999997 661.9600000000003
20.0 29.139999999999997 661.9600000000003
28.02 20.0 661.9600000000003
28.02 0.0 661.9600000000003
28.02 20.0 661.9600000000003
28.02 0.0 661.9600000000003
20.0 29.159999999999997 661.9600000000003
20.0 29.159999999999997 661.9600000000003
25.00000000000002 20.0 661.9600000000003
25.00000000000002 0.0 661.9600000000003
25.00000000000002 20.0 661.9600000000003
25.00000000000002 0.0 661.9600000000003
24.98000000000002 20.0 661.9600000000003
24.98000000000002 0.0 661.9600000000003
24.98000000000002 20.0 661.9600000000003
24.98000000000002 0.0 661.9600000000003
25.00000000000002 20.0 661.9600000000003
25.00000000000002 0.0 661.9600000000003
25.00000000000002 20.0 661.9600000000003
25.00000000000002 0.0 661.9600000000003
20.0 29.159999999999997 661.9600000000003
20.0 29.159999999999997 661.9600000000003
28.0 20.0 661.9600000000003
28.0 0.0 661.9600000000003
28.0 20.0 661.9600000000003
28.0 0.0 661.9600000000003
20.0 29.179999999999996 661.9600000000003
20.0 29.179999999999996 661.9600000000003
20.0 29.179999999999996 661.9600000000003
20.0 29.179999999999996 661.9600000000003
24.98000000000002 20.0 661.9600000000003
24.98000000000002 0.0 661.9600000000003
24.98000000000002 20.0 661.9600000000003
24.98000000000002 0.0 661.9600000000003
20.0 29.159999999999997 661.9600000000003
20.0 29.159999999999997 661.9600000000003
20.0 29.139999999999997 661.9600000000003
20.0 29.139999999999997 661.9600000000003
28.0 20.0 661.9600000000003
28.0 0.0 661.9600000000003
28.0 20.0 661.9600000000003
28.0 0.0 661.9600000000003
25.00000000000002 20.0 661.9600000000003
25.00000000000002 0.0 661.9600000000003
25.00000000000002 20.0 661.9600000000003
25.00000000000002 0.0 661.9600000000003
20.0 29.179999999999996 661.9600000000003
20.0 29.179999999999996 661.9600000000003
28.0 20.0 661.9600000000003
28.0 0.0 661.9600000000003
28.0 20.0 661.9600000000003
28.0 0.0 661.9600000000003
28.0 20.0 661.9600000000003
28.0 0.0 661.9600000000003
28.0 20.0 661.9600000000003
28.0 0.0 661.9600000000003
20.0 29.179999999999996 661.9600000000003
20.0 29.179999999999996 661.9600000000003
28.0 20.0 661.9600000000003
28.0 0.0 661.9600000000003
28.0 20.0 661.9600000000003
28.0 0.0 661.9600000000003
20.0 29.159999999999997 661.9600000000003
20.0 29.159999999999997 661.9600000000003
20.0 29.159999999999997 661.9600000000003
20.0 29.159999999999997 661.9600000000003
20.0 29.159999999999997 661.9600000000003
20.0 29.159999999999997 661.9600000000003
27.98 20.0 661.9600000000003
27.98 0.0 661.9600000000003
27.98 20.0 661.9600000000003
27.98 0.0 661.9600000000003
20.0 29.159999999999997 661.9600000000003
20.0 29.159999999999997 661.9600000000003
20.0 29.159999999999997 661.9600000000003
20.0 29.159999999999997 661.9600000000003
28.0 20.0 661.9600000000003
28.0 0.0 661.9600000000003
28.0 20.0 661.9600000000003
28.0 0.0 661.9600000000003
20.0 29.179999999999996 661.9600000000003
20.0 29.179999999999996 661.9600000000003
20.0 29.179999999999996 661.9600000000003
20.0 29.179999999999996 661.9600000000003
20.0 29.179999999999996 661.9600000000003
20.0 29.179999999999996 661.9600000000003
20.0 29.179999999999996 661.9600000000003
20.0 29.179999999999996 661.9600000000003
24.960000000000022 20.0 661.9600000000003
24.960000000000022 0.0 661.9600000000003
24.960000000000022 20.0 661.9600000000003
24.960000000000022 0.0 661.9600000000003
24.960000000000022 20.0 661.9600000000003
24.960000000000022 0.0 661.9600000000003
24.960000000000022 20.0 661.9600000000003
24.960000000000022 0.0 661.9600000000003
24.940000000000023 20.0 661.9600000000003
24.940000000000023 0.0 661.9600000000003
24.940000000000023 20.0 661.9600000000003
24.940000000000023 0.0 661.9600000000003
28.0 20.0 661.9600000000003
28.0 0.0 661.9600000000003
28.0 20.0 661.9600000000003
28.0 0.0 661.9600000000003
20.0 29.179999999999996 661.9600000000003
20.0 29.179999999999996 661.9600000000003
24.960000000000022 20.0 661.9600000000003
24.960000000000022 0.0 661.9600000000003
24.960000000000022 20.0 661.9600000000003
24.960000000000022 0.0 661.9600000000003
20.0 29.199999999999996 661.9600000000003
20.0 29.199999999999996 661.9600000000003
28.0 20.0 661.9600000000003
28.0 0.0 661.9600000000003
28.0 20.0 661.9600000000003
28.0 0.0 661.9600000000003
20.0 29.199999999999996 661.9600000000003
20.0 29.199999999999996 661.9600000000003
28.0 20.0 661.9600000000003
28.0 0.0 661.9600000000003
28.0 20.0 661.9600000000003
28.0 0.0 661.9600000000003
20.0 29.199999999999996 661.9600000000003
20.0 29.199999999999996 661.9600000000003
20.0 29.199999999999996 661.9600000000003
20.0 29.199999999999996 661.9600000000003
24.960000000000022 20.0 661.9600000000003
24.960000000000022 0.0 661.9600000000003
24.960000000000022 20.0 661.9600000000003
24.960000000000022 0.0 661.9600000000003
20.0 29.219999999999995 661.9600000000003
20.0 29.219999999999995 661.9600000000003
27.98 20.0 661.9600000000003
27.98 0.0 661.9600000000003
27.98 20.0 661.9600000000003
27.98 0.0 661.9600000000003
24.98000000000002 20.0 661.9600000000003
24.98000000000002 0.0 661.9600000000003
24.98000000000002 20.0 661.9600000000003
24.98000000000002 0.0 661.9600000000003
20.0 29.239999999999995 661.9600000000003
20.0 29.239999999999995 661.9600000000003
20.0 29.259999999999994 661.9600000000003
20.0 29.259999999999994 661.9600000000003
20.0 29.239999999999995 661.9600000000003
20.0 29.239999999999995 661.9600000000003
20.0 29.239999999999995 661.9600000000003
20.0 29.239999999999995 661.9600000000003
28.0 20.0 661.9600000000003
28.0 0.0 661.9600000000003
28.0 20.0 661.9600000000003
28.0 0.0 661.9600000000003
28.0 20.0 661.9600000000003
28.0 0.0 661.9600000000003
28.0 20.0 661.9600000000003
28.0 0.0 661.9600000000003
28.02 20.0 661.9600000000003
28.02 0.0 661.9600000000003
28.02 20.0 661.9600000000003
28.02 0.0 661.9600000000003
20.0 29.259999999999994 661.9600000000003
20.0 29.259999999999994 661.9600000000003
28.0 20.0 661.9600000000003
28.0 0.0 661.9600000000003
28.0 20.0 661.9600000000003
28.0 0.0 661.9600000000003
28.0 20.0 661.9600000000003
28.0 0.0 661.9600000000003
28.0 20.0 661.9600000000003
28.0 0.0 661.9600000000003
20.0 29.239999999999995 661.9600000000003
20.0 29.239999999999995 661.9600000000003
28.0 20.0 661.9600000000003
28.0 0.0 661.9600000000003
28.0 20.0 661.9600000000003
28.0 0.0 661.9600000000003
20.0 29.259999999999994 661.9600000000003
20.0 29.259999999999994 661.9600000000003
20.0 29.259999999999994 661.9600000000003
20.0 29.259999999999994 661.9600000000003
27.98 20.0 661.9600000000003
27.98 0.0 661.9600000000003
27.98 20.0 661.9600000000003
27.98 0.0 661.9600000000003
28.0 20.0 661.9600000000003
28.0 0.0 661.9600000000003
28.0 20.0 661.9600000000003
28.0 0.0 661.9600000000003
20.0 29.279999999999994 661.9600000000003
20.0 29.279999999999994 661.9600000000003
28.0 20.0 661.9600000000003
28.0 0.0 661.9600000000003
28.0 20.0 661.9600000000003
28.0 0.0 661.9600000000003
20.0 29.279999999999994 661.9600000000003
20.0 29.279999999999994 661.9600000000003
28.0 20.0 661.9600000000003
28.0 0.0 661.9600000000003
28.0 20.0 661.9600000000003
28.0 0.0 661.9600000000003
20.0 29.299999999999994 661.9600000000003
20.0 29.299999999999994 661.9600000000003
20.0 29.279999999999994 661.9600000000003
20.0 29.279999999999994 661.9600000000003
20.0 29.279999999999994 661.9600000000003
20.0 29.279999999999994 661.9600000000003
28.0 20.0 661.9600000000003
28.0 0.0 661.9600000000003
28.0 20.0 661.9600000000003
28.0 0.0 661.9600000000003
20.0 29.259999999999994 661.9600000000003
20.0 29.259999999999994 661.9600000000003
20.0 29.259999999999994 661.9600000000003
20.0 29.259999999999994 661.9600000000003
28.0 20.0 661.9600000000003
28.0 0.0 661.9600000000003
28.0 20.0 661.9600000000003
28.0 0.0 661.9600000000003
20.0 29.279999999999994 661.9600000000003
20.0 29.279999999999994 661.9600000000003
28.0 20.0 661.9600000000003
28.0 0.0 661.9600000000003
28.0 20.0 661.9600000000003
28.0 0.0 661.9600000000003
20.0 29.279999999999994 661.9600000000003
20.0 29.279999999999994 661.9600000000003
20.0 29.259999999999994 661.9600000000003
20.0 29.259999999999994 661.9600000000003
20.0 29.259999999999994 661.9600000000003
20.0 29.259999999999994 661.9600000000003
20.0 29.279999999999994 661.9600000000003
20.0 29.279999999999994 661.9600000000003
28.0 20.0 661.9600000000003
28.0 0.0 661.9600000000003
28.0 20.0 661.9600000000003
28.0 0.0 661.9600000000003
20.0 29.279999999999994 661.9600000000003
20.0 29.279999999999994 661.9600000000003
20.0 29.279999999999994 661.9600000000003
20.0 29.279999999999994 661.9600000000003
28.0 20.0 661.9600000000003
28.0 0.0 661.9600000000003
28.0 20.0 661.9600000000003
28.0 0.0 661.9600000000003
28.0 20.0 661.9600000000003
28.0 0.0 661.9600000000003
28.0 20.0 661.9600000000003
28.0 0.0 661.9600000000003
20.0 29.299999999999994 661.9600000000003
20.0 29.299999999999994 661.9600000000003
20.0 29.299999999999994 661.9600000000003
20.0 29.299999999999994 661.9600000000003
20.0 29.299999999999994 661.9600000000003
20.0 29.299999999999994 661.9600000000003
20.0 29.279999999999994 661.9600000000003
20.0 29.279999999999994 661.9600000000003
20.0 29.299999999999994 661.9600000000003
20.0 29.299999999999994 661.9600000000003
20.0 29.279999999999994 661.9600000000003
20.0 29.279999999999994 661.9600000000003
20.0 29.279999999999994 661.9600000000003
20.0 29.279999999999994 661.9600000000003
20.0 29.259999999999994 661.9600000000003
20.0 29.259999999999994 661.9600000000003
28.0 20.0 661.9600000000003
28.0 0.0 661.9600000000003
28.0 20.0 661.9600000000003
28.0 0.0 661.9600000000003
20.0 29.259999999999994 661.9600000000003
20.0 29.259999999999994 661.9600000000003
20.0 29.279999999999994 661.9600000000003
20.0 29.279999999999994 661.9600000000003
28.0 20.0 661.9600000000003
28.0 0.0 661.9600000000003
28.0 20.0 661.9600000000003
28.0 0.0 661.9600000000003
28.0 20.0 661.9600000000003
28.0 0.0 661.9600000000003
28.0 20.0 661.9600000000003
28.0 0.0 661.9600000000003
20.0 29.299999999999994 661.9600000000003
20.0 29.299999999999994 661.9600000000003
28.0 20.0 661.9600000000003
28.0 0.0 661.9600000000003
28.0 20.0 661.9600000000003
28.0 0.0 661.9600000000003
20.0 29.299999999999994 661.9600000000003
20.0 29.299999999999994 661.9600000000003
20.0 29.279999999999994 661.9600000000003
20.0 29.279999999999994 661.9600000000003
28.0 20.0 661.9600000000003
28.0 0.0 661.9600000000003
28.0 20.0 661.9600000000003
28.0 0.0 661.9600000000003
20.0 29.299999999999994 661.9600000000003
20.0 29.299999999999994 661.9600000000003
28.0 20.0 661.9600000000003
28.0 0.0 661.9600000000003
28.0 20.0 661.9600000000003
28.0 0.0 661.9600000000003
20.0 29.319999999999993 661.9600000000003
20.0 29.319999999999993 661.9600000000003
25.00000000000002 20.0 661.9600000000003
25.00000000000002 0.0 661.9600000000003
25.00000000000002 20.0 661.9600000000003
25.00000000000002 0.0 661.9600000000003
28.0 20.0 661.9600000000003
28.0 0.0 661.9600000000003
28.0 20.0 661.9600000000003
28.0 0.0 661.9600000000003
20.0 29.319999999999993 661.9600000000003
20.0 29.319999999999993 661.9600000000003
20.0 29.339999999999993 661.9600000000003
20.0 29.339999999999993 661.9600000000003
25.00000000000002 20.0 661.9600000000003
25.00000000000002 0.0 661.9600000000003
25.00000000000002 20.0 661.9600000000003
25.00000000000002 0.0 661.9600000000003
20.0 29.339999999999993 661.9600000000003
20.0 29.339999999999993 661.9600000000003
25.00000000000002 20.0 661.9600000000003
25.00000000000002 0.0 661.9600000000003
25.00000000000002 20.0 661.9600000000003
25.00000000000002 0.0 661.9600000000003
25.00000000000002 20.0 661.9600000000003
25.00000000000002 0.0 661.9600000000003
25.00000000000002 20.0 661.9600000000003
25.00000000000002 0.0 661.9600000000003
20.0 29.339999999999993 661.9600000000003
20.0 29.339999999999993 661.9600000000003
20.0 29.339999999999993 661.9600000000003
20.0 29.339999999999993 661.9600000000003
20.0 29.339999999999993 661.9600000000003
20.0 29.339999999999993 661.9600000000003
20.0 29.319999999999993 661.9600000000003
20.0 29.319999999999993 661.9600000000003
20.0 29.339999999999993 661.9600000000003
20.0 29.339999999999993 661.9600000000003
20.0 29.339999999999993 661.9600000000003
20.0 29.339999999999993 661.9600000000003
25.00000000000002 20.0 661.9600000000003
25.00000000000002 0.0 661.9600000000003
25.00000000000002 20.0 661.9600000000003
25.00000000000002 0.0 661.9600000000003
25.00000000000002 20.0 661.9600000000003
25.00000000000002 0.0 661.9600000000003
25.00000000000002 20.0 661.9600000000003
25.00000000000002 0.0 661.9600000000003
20.0 29.339999999999993 661.9600000000003
20.0 29.339999999999993 661.9600000000003
20.0 29.319999999999993 661.9600000000003
20.0 29.319999999999993 661.9600000000003
20.0 29.299999999999994 661.9600000000003
20.0 29.299999999999994 661.9600000000003
28.0 20.0 661.9600000000003
28.0 0.0 661.9600000000003
28.0 20.0 661.9600000000003
28.0 0.0 661.9600000000003
20.0 29.279999999999994 661.9600000000003
20.0 29.279999999999994 661.9600000000003
27.98 20.0 661.9600000000003
27.98 0.0 661.9600000000003
27.98 20.0 661.9600000000003
27.98 0.0 661.9600000000003
20.0 29.279999999999994 661.9600000000003
20.0 29.279999999999994 661.9600000000003
27.98 20.0 661.9600000000003
27.98 0.0 661.9600000000003
27.98 20.0 661.9600000000003
27.98 0.0 661.9600000000003
20.0 29.299999999999994 661.9600000000003
20.0 29.299999999999994 661.9600000000003
27.98 20.0 661.9600000000003
27.98 0.0 661.9600000000003
27.98 20.0 661.9600000000003
27.98 0.0 661.9600000000003
20.0 29.279999999999994 661.9600000000003
20.0 29.279999999999994 661.9600000000003
27.98 20.0 661.9600000000003
27.98 0.0 661.9600000000003
27.98 20.0 661.9600000000003
27.98 0.0 661.9600000000003
27.98 20.0 661.9600000000003
27.98 0.0 661.9600000000003
27.98 20.0 661.9600000000003
27.98 0.0 661.9600000000003
20.0 29.319999999999993 661.9600000000003
20.0 29.319999999999993 661.9600000000003
27.96 20.0 661.9600000000003
27.96 0.0 661.9600000000003
27.96 20.0 661.9600000000003
27.96 0.0 661.9600000000003
20.0 29.339999999999993 661.9600000000003
20.0 29.339999999999993 661.9600000000003
20.0 29.359999999999992 661.9600000000003
20.0 29.359999999999992 661.9600000000003
28.0 20.0 661.9600000000003
28.0 0.0 661.9600000000003
28.0 20.0 661.9600000000003
28.0 0.0 661.9600000000003
20.0 29.379999999999992 661.9600000000003
20.0 29.379999999999992 661.9600000000003
20.0 29.379999999999992 661.9600000000003
20.0 29.379999999999992 661.9600000000003
28.0 20.0 661.9600000000003
28.0 0.0 661.9600000000003
28.0 20.0 661.9600000000003
28.0 0.0 661.9600000000003
20.0 29.379999999999992 661.9600000000003
20.0 29.379999999999992 661.9600000000003
28.0 20.0 661.9600000000003
28.0 0.0 661.9600000000003
28.0 20.0 661.9600000000003
28.0 0.0 661.9600000000003
28.02 20.0 661.9600000000003
28.02 0.0 661.9600000000003
28.02 20.0 661.9600000000003
28.02 0.0 661.9600000000003
28.02 20.0 661.9600000000003
28.02 0.0 661.9600000000003
28.02 20.0 661.9600000000003
28.02 0.0 661.9600000000003
28.0 20.0 661.9600000000003
28.0 0.0 661.9600000000003
28.0 20.0 661.9600000000003
28.0 0.0 661.9600000000003
27.98 20.0 661.9600000000003
27.98 0.0 661.9600000000003
27.98 20.0 661.9600000000003
27.98 0.0 661.9600000000003
20.0 29.359999999999992 661.9600000000003
20.0 29.359999999999992 661.9600000000003
20.0 29.359999999999992 661.9600000000003
20.0 29.359999999999992 661.9600000000003
20.0 29.359999999999992 661.9600000000003
20.0 29.359999999999992 661.9600000000003
20.0 29.379999999999992 661.9600000000003
20.0 29.379999999999992 661.9600000000003
27.96 20.0 661.9600000000003
27.96 0.0 661.9600000000003
27.96 20.0 661.9600000000003
27.96 0.0 661.9600000000003
24.960000000000022 20.0 661.9600000000003
24.960000000000022 0.0 661.9600000000003
24.960000000000022 20.0 661.9600000000003
24.960000000000022 0.0 661.9600000000003
27.98 20.0 661.9600000000003
27.98 0.0 661.9600000000003
27.98 20.0 661.9600000000003
27.98 0.0 661.9600000000003
24.940000000000023 20.0 661.9600000000003
24.940000000000023 0.0 661.9600000000003
24.940000000000023 20.0 661.9600000000003
24.940000000000023 0.0 661.9600000000003
24.940000000000023 20.0 661.9600000000003
24.940000000000023 0.0 661.9600000000003
24.940000000000023 20.0 661.9600000000003
24.940000000000023 0.0 661.9600000000003
28.0 20.0 661.9600000000003
28.0 0.0 661.9600000000003
28.0 20.0 661.9600000000003
28.0 0.0 661.9600000000003
28.0 20.0 661.9600000000003
28.0 0.0 661.9600000000003
28.0 20.0 661.9600000000003
28.0 0.0 661.9600000000003
24.940000000000023 20.0 661.9600000000003
24.940000000000023 0.0 661.9600000000003
24.940000000000023 20.0 661.9600000000003
24.940000000000023 0.0 661.9600000000003
24.960000000000022 20.0 661.9600000000003
24.960000000000022 0.0 661.9600000000003
24.960000000000022 20.0 661.9600000000003
24.960000000000022 0.0 661.9600000000003
20.0 29.39999999999999 661.9600000000003
20.0 29.39999999999999 661.9600000000003
20.0 29.41999999999999 661.9600000000003
20.0 29.41999999999999 661.9600000000003
27.98 20.0 661.9600000000003
27.98 0.0 661.9600000000003
27.98 20.0 661.9600000000003
27.98 0.0 661.9600000000003
20.0 29.41999999999999 661.9600000000003
20.0 29.41999999999999 661.9600000000003
27.98 20.0 661.9600000000003
27.98 0.0 661.9600000000003
27.98 20.0 661.9600000000003
27.98 0.0 661.9600000000003
24.960000000000022 20.0 661.9600000000003
24.960000000000022 0.0 661.9600000000003
24.960000000000022 20.0 661.9600000000003
24.960000000000022 0.0 661.9600000000003
27.98 20.0 661.9600000000003
27.98 0.0 661.9600000000003
27.98 20.0 661.9600000000003
27.98 0.0 661.9600000000003
27.98 20.0 661.9600000000003
27.98 0.0 661.9600000000003
27.98 20.0 661.9600000000003
27.98 0.0 661.9600000000003
27.96 20.0 661.9600000000003
27.96 0.0 661.9600000000003
27.96 20.0 661.9600000000003
27.96 0.0 661.9600000000003
20.0 29.41999999999999 661.9600000000003
20.0 29.41999999999999 661.9600000000003
20.0 29.43999999999999 661.9600000000003
20.0 29.43999999999999 661.9600000000003
27.96 20.0 661.9600000000003
27.96 0.0 661.9600000000003
27.96 20.0 661.9600000000003
27.96 0.0 661.9600000000003
27.96 20.0 661.9600000000003
27.96 0.0 661.9600000000003
27.96 20.0 661.9600000000003
27.96 0.0 661.9600000000003
27.98 20.0 661.9600000000003
27.98 0.0 661.9600000000003
27.98 20.0 661.9600000000003
27.98 0.0 661.9600000000003
20.0 29.41999999999999 661.9600000000003
20.0 29.41999999999999 661.9600000000003
20.0 29.41999999999999 661.9600000000003
20.0 29.41999999999999 661.9600000000003
20.0 29.43999999999999 661.9600000000003
20.0 29.43999999999999 661.9600000000003
20.0 29.43999999999999 661.9600000000003
20.0 29.43999999999999 661.9600000000003
20.0 29.45999999999999 661.9600000000003
20.0 29.45999999999999 661.9600000000003
20.0 29.43999999999999 661.9600000000003
20.0 29.43999999999999 661.9600000000003
20.0 29.45999999999999 661.9600000000003
20.0 29.45999999999999 661.9600000000003
20.0 29.45999999999999 661.9600000000003
20.0 29.45999999999999 661.9600000000003
20.0 29.719999999999985 661.9600000000003
20.0 29.719999999999985 661.9600000000003
20.0 29.759999999999984 661.9600000000003
20.0 29.759999999999984 661.9600000000003
20.0 29.759999999999984 661.9600000000003
20.0 29.759999999999984 661.9600000000003
20.0 29.779999999999983 661.9600000000003
20.0 29.779999999999983 661.9600000000003
20.0 29.799999999999983 661.9600000000003
20.0 29.799999999999983 661.9600000000003
20.0 29.799999999999983 661.9600000000003
20.0 29.799999999999983 661.9600000000003
20.0 29.799999999999983 661.9600000000003
20.0 29.799999999999983 661.9600000000003
20.0 29.839999999999982 661.9600000000003
20.0 29.839999999999982 661.9600000000003
20.0 29.819999999999983 661.9600000000003
20.0 29.819999999999983 661.9600000000003
20.0 29.819999999999983 661.9600000000003
20.0 29.819999999999983 661.9600000000003
20.0 29.819999999999983 661.9600000000003
20.0 29.819999999999983 661.9600000000003
20.0 29.819999999999983 661.9600000000003
20.0 29.819999999999983 661.9600000000003
20.0 29.819999999999983 661.9600000000003
20.0 29.819999999999983 661.9600000000003
20.0 29.839999999999982 661.9600000000003
20.0 29.839999999999982 661.9600000000003
20.0 29.839999999999982 661.9600000000003
20.0 29.839999999999982 661.9600000000003
20.0 29.839999999999982 661.9600000000003
20.0 29.839999999999982 661.9600000000003
20.0 29.839999999999982 661.9600000000003
20.0 29.839999999999982 661.9600000000003
20.0 29.839999999999982 661.9600000000003
20.0 29.839999999999982 661.9600000000003
20.0 29.799999999999983 661.9600000000003
20.0 29.799999999999983 661.9600000000003
20.0 29.839999999999982 661.9600000000003
20.0 29.839999999999982 661.9600000000003
20.0 29.819999999999983 661.9600000000003
20.0 29.819999999999983 661.9600000000003
20.0 29.85999999999998 661.9600000000003
20.0 29.85999999999998 661.9600000000003
20.0 29.85999999999998 661.9600000000003
20.0 29.85999999999998 661.9600000000003
20.0 29.89999999999998 661.9600000000003
20.0 29.89999999999998 661.9600000000003
20.0 29.89999999999998 661.9600000000003
20.0 29.89999999999998 661.9600000000003
20.0 29.89999999999998 661.9600000000003
20.0 29.89999999999998 661.9600000000003
20.0 29.87999999999998 661.9600000000003
20.0 29.87999999999998 661.9600000000003
20.0 29.839999999999982 661.9600000000003
20.0 29.839999999999982 661.9600000000003
20.0 29.839999999999982 661.9600000000003
20.0 29.839999999999982 661.9600000000003
20.0 29.839999999999982 661.9600000000003
20.0 29.839999999999982 661.9600000000003
20.0 29.839999999999982 661.9600000000003
20.0 29.839999999999982 661.9600000000003
20.0 29.839999999999982 661.9600000000003
20.0 29.839999999999982 661.9600000000003
20.0 29.839999999999982 661.9600000000003
20.0 29.839999999999982 661.9600000000003
20.0 29.819999999999983 661.9600000000003
20.0 29.819999999999983 661.9600000000003
20.0 29.799999999999983 661.9600000000003
20.0 29.799999999999983 661.9600000000003
20.0 29.819999999999983 661.9600000000003
20.0 29.819999999999983 661.9600000000003
20.0 29.819999999999983 661.9600000000003
20.0 29.819999999999983 661.9600000000003
20.0 29.839999999999982 661.9600000000003
20.0 29.839999999999982 661.9600000000003
20.0 29.87999999999998 661.9600000000003
20.0 29.87999999999998 661.9600000000003
20.0 29.89999999999998 661.9600000000003
20.0 29.89999999999998 661.9600000000003
20.0 29.93999999999998 661.9600000000003
20.0 29.93999999999998 661.9600000000003
20.0 29.95999999999998 661.9600000000003
20.0 29.95999999999998 661.9600000000003
28.0 20.0 661.9600000000003
28.0 0.0 661.9600000000003
28.0 20.0 661.9600000000003
28.0 0.0 661.9600000000003
28.0 20.0 661.9600000000003
28.0 0.0 661.9600000000003
28.0 20.0 661.9600000000003
28.0 0.0 661.9600000000003
15.989999999999533 6.950000000000001 661.9600000000003
4.5699999999999665 12.989999999999958 661.9600000000003
1.0300000000001555 6.010000000000021 661.9600000000003
14.920000000000002 3.0 661.9600000000003
16.98999999999975 0.510000000000155 661.9600000000003
17.12999999999978 18.3699999999999 661.9600000000003
13.02 9.0 661.9600000000003
12.029999999999957 16.009999999999533 661.9600000000003
8.979999999999979 18.019999999999378 661.9600000000003
17.999999999999687 10.339999999999971 661.9600000000003
3.980000000000043 18.999999999999844 661.9600000000003
1.0 2.0000000000000213 661.9600000000003
7.030000000000021 15.549999999999386 661.9600000000003
13.96999999999998 18.949999999999523 661.9600000000003
19.009999999999533 7.970000000000001 661.9600000000003
17.979999999999528 3.9999999999999787 661.9600000000003
1.0 12.999999999999957 661.9600000000003
3.9700000000000006 3.99 661.9600000000003
0.9900000000000007 10.009999999999978 661.9600000000003
17.999999999999993 15.939999999999534 661.9600000000003
12.270000000000016 0.9899999999999989 661.9600000000003
8.98 7.039999999999914 661.9600000000003
10.0 2.0000000000001563 661.9600000000003
14.97999999999971 15.999999999999533 661.9600000000003
7.970000000000001 1.0100000000000007 661.9600000000003
1.5800000000000423 16.01999999999996 661.9600000000003
6.9900000000000215 4.009999999999957 661.9600000000003
6.999999999999936 9.940000000000001 661.9600000000003
15.98999999999922 12.989999999999958 661.9600000000003
12.0 4.999999999999979 661.9600000000003
4.980000000000022 0.9800000000000006 661.9600000000003
4.009999999999957 7.99 661.9600000000003
10.0 12.159999999999997 661.9600000000003
-10 12 661.9600000000003
-10 12 661.9600000000003
-7 9 661.9600000000003
-7 9 661.9600000000003
-10 -8 661.9600000000003
-10 -8 661.9600000000003
-7 -11 661.9600000000003
-7 -11 661.9600000000003
-8 -16 661.9600000000003
-8 -16 661.9600000000003
0.0 -11.0 661.9600000000003
0.0 -11.0 661.9600000000003
0.0 -11.0 661.9600000000003
0.0 -11.0 661.9600000000003
0.0 -11.0 661.9600000000003
0.0 -11.0 661.9600000000003
0.0 -11.0 661.9600000000003
0.0 -11.0 661.9600000000003
0.0 -11.0 661.9600000000003
0.0 -11.0 661.9600000000003
0.0 -11.0 661.9600000000003
0.0 -11.0 661.9600000000003
0.0 -11.0 661.9600000000003
0.0 -11.0 661.9600000000003
0.0 -11.02 661.9600000000003
0.0 -11.02 661.9600000000003
0.0 -11.0 661.9600000000003
0.0 -11.0 661.9600000000003
0.0 -10.98 661.9600000000003
0.0 -10.98 661.9600000000003
0.0 -10.96 661.9600000000003
0.0 -10.96 661.9600000000003
0.0 -10.96 661.9600000000003
0.0 -10.96 661.9600000000003
0.0 -10.96 661.9600000000003
0.0 -10.96 661.9600000000003
0.0 -10.96 661.9600000000003
0.0 -10.96 661.9600000000003
0.0 -10.98 661.9600000000003
0.0 -10.98 661.9600000000003
0.0 -11.0 661.9600000000003
0.0 -11.0 661.9600000000003
0.0 -11.0 661.9600000000003
0.0 -11.0 661.9600000000003
0.0 -11.0 661.9600000000003
0.0 -11.0 661.9600000000003
0.0 -11.0 661.9600000000003
0.0 -11.0 661.9600000000003
0.0 -11.0 661.9600000000003
0.0 -11.0 661.9600000000003
0.0 -11.0 661.9600000000003
0.0 -11.0 661.9600000000003
0.0 -10.900000000000002 661.9600000000003
0.0 -10.900000000000002 661.9600000000003
0.0 -10.880000000000003 661.9600000000003
0.0 -10.880000000000003 661.9600000000003
0.0 -10.860000000000003 661.9600000000003
0.0 -10.860000000000003 661.9600000000003
0.0 -10.840000000000003 661.9600000000003
0.0 -10.840000000000003 661.9600000000003
0.0 -10.840000000000003 661.9600000000003
0.0 -10.840000000000003 661.9600000000003
0.0 -10.820000000000004 661.9600000000003
0.0 -10.820000000000004 661.9600000000003
0.0 -10.820000000000004 661.9600000000003
0.0 -10.820000000000004 661.9600000000003
0.0 -10.820000000000004 661.9600000000003
0.0 -10.820000000000004 661.9600000000003
0.0 -10.840000000000003 661.9600000000003
0.0 -10.840000000000003 661.9600000000003
0.0 -10.820000000000004 661.9600000000003
0.0 -10.820000000000004 661.9600000000003
0.0 -10.820000000000004 661.9600000000003
0.0 -10.820000000000004 661.9600000000003
0.0 -10.840000000000003 661.9600000000003
0.0 -10.840000000000003 661.9600000000003
0.0 -10.840000000000003 661.9600000000003
0.0 -10.840000000000003 661.9600000000003
-5.01 -17.030000000000005 661.9600000000003
-5.01 -17.030000000000005 661.9600000000003
0.0 -10.840000000000003 661.9600000000003
0.0 -10.840000000000003 661.9600000000003
0.0 -10.840000000000003 661.9600000000003
0.0 -10.840000000000003 661.9600000000003
0.0 -10.860000000000003 661.9600000000003
0.0 -10.860000000000003 661.9600000000003
0.0 -10.860000000000003 661.9600000000003
0.0 -10.860000000000003 661.9600000000003
0.0 -10.840000000000003 661.9600000000003
0.0 -10.840000000000003 661.9600000000003
0.0 -10.820000000000004 661.9600000000003
0.0 -10.820000000000004 661.9600000000003
0.0 -10.820000000000004 661.9600000000003
0.0 -10.820000000000004 661.9600000000003
0.0 -10.820000000000004 661.9600000000003
0.0 -10.820000000000004 661.9600000000003
0.0 -10.840000000000003 661.9600000000003
0.0 -10.840000000000003 661.9600000000003
0.0 -10.840000000000003 661.9600000000003
0.0 -10.840000000000003 661.9600000000003
0.0 -10.860000000000003 661.9600000000003
0.0 -10.860000000000003 661.9600000000003
0.0 -10.860000000000003 661.9600000000003
0.0 -10.860000000000003 661.9600000000003
0.0 -10.840000000000003 661.9600000000003
0.0 -10.840000000000003 661.9600000000003
0.0 -10.860000000000003 661.9600000000003
0.0 -10.860000000000003 661.9600000000003
0.0 -10.860000000000003 661.9600000000003
0.0 -10.860000000000003 661.9600000000003
0.0 -10.880000000000003 661.9600000000003
0.0 -10.880000000000003 661.9600000000003
0.0 -10.860000000000003 661.9600000000003
0.0 -10.860000000000003 661.9600000000003
0.0 -10.860000000000003 661.9600000000003
0.0 -10.860000000000003 661.9600000000003
0.0 -10.880000000000003 661.9600000000003
0.0 -10.880000000000003 661.9600000000003
0.0 -10.900000000000002 661.9600000000003
0.0 -10.900000000000002 661.9600000000003
0.0 -10.920000000000002 661.9600000000003
0.0 -10.920000000000002 661.9600000000003
0.0 -10.940000000000001 661.9600000000003
0.0 -10.940000000000001 661.9600000000003
0.0 -10.940000000000001 661.9600000000003
0.0 -10.940000000000001 661.9600000000003
0.0 -10.940000000000001 661.9600000000003
0.0 -10.940000000000001 661.9600000000003
0.0 -10.920000000000002 661.9600000000003
0.0 -10.920000000000002 661.9600000000003
0.0 -10.920000000000002 661.9600000000003
0.0 -10.920000000000002 661.9600000000003
0.0 -10.920000000000002 661.9600000000003
0.0 -10.920000000000002 661.9600000000003
0.0 -10.900000000000002 661.9600000000003
0.0 -10.900000000000002 661.9600000000003
0.0 -10.880000000000003 661.9600000000003
0.0 -10.880000000000003 661.9600000000003
0.0 -10.880000000000003 661.9600000000003
0.0 -10.880000000000003 661.9600000000003
0.0 -10.880000000000003 661.9600000000003
0.0 -10.880000000000003 661.9600000000003
0.0 -10.860000000000003 661.9600000000003
0.0 -10.860000000000003 661.9600000000003
0.0 -10.860000000000003 661.9600000000003
0.0 -10.860000000000003 661.9600000000003
0.0 -10.840000000000003 661.9600000000003
0.0 -10.840000000000003 661.9600000000003
0.0 -10.840000000000003 661.9600000000003
0.0 -10.840000000000003 661.9600000000003
0.0 -10.820000000000004 661.9600000000003
0.0 -10.820000000000004 661.9600000000003
0.0 -10.820000000000004 661.9600000000003
0.0 -10.820000000000004 661.9600000000003
0.0 -10.840000000000003 661.9600000000003
0.0 -10.840000000000003 661.9600000000003
0.0 -10.860000000000003 661.9600000000003
0.0 -10.860000000000003 661.9600000000003
0.0 -10.820000000000004 661.9600000000003
0.0 -10.820000000000004 661.9600000000003
0.0 -10.820000000000004 661.9600000000003
0.0 -10.820000000000004 661.9600000000003
0.0 -10.840000000000003 661.9600000000003
0.0 -10.840000000000003 661.9600000000003
0.0 -10.840000000000003 661.9600000000003
0.0 -10.840000000000003 661.9600000000003
0.0 -10.840000000000003 661.9600000000003
0.0 -10.840000000000003 661.9600000000003
0.0 -10.840000000000003 661.9600000000003
0.0 -10.840000000000003 661.9600000000003
0.0 -10.840000000000003 661.9600000000003
0.0 -10.840000000000003 661.9600000000003
0.0 -10.820000000000004 661.9600000000003
0.0 -10.820000000000004 661.9600000000003
0.0 -10.820000000000004 661.9600000000003
0.0 -10.820000000000004 661.9600000000003
0.0 -10.820000000000004 661.9600000000003
0.0 -10.820000000000004 661.9600000000003
0.0 -10.820000000000004 661.9600000000003
0.0 -10.820000000000004 661.9600000000003
0.0 -10.820000000000004 661.9600000000003
0.0 -10.820000000000004 661.9600000000003
0.0 -10.800000000000004 661.9600000000003
0.0 -10.800000000000004 661.9600000000003
0.0 -10.800000000000004 661.9600000000003
0.0 -10.800000000000004 661.9600000000003
0.0 -10.800000000000004 661.9600000000003
0.0 -10.800000000000004 661.9600000000003
0.0 -10.800000000000004 661.9600000000003
0.0 -10.800000000000004 661.9600000000003
0.0 -10.780000000000005 661.9600000000003
0.0 -10.780000000000005 661.9600000000003
0.0 -10.760000000000005 661.9600000000003
0.0 -10.760000000000005 661.9600000000003
0.0 -10.740000000000006 661.9600000000003
0.0 -10.740000000000006 661.9600000000003
0.0 -10.760000000000005 661.9600000000003
0.0 -10.760000000000005 661.9600000000003
0.0 -10.760000000000005 661.9600000000003
0.0 -10.760000000000005 661.9600000000003
0.0 -10.740000000000006 661.9600000000003
0.0 -10.740000000000006 661.9600000000003
0.0 -10.760000000000005 661.9600000000003
0.0 -10.760000000000005 661.9600000000003
0.0 -10.740000000000006 661.9600000000003
0.0 -10.740000000000006 661.9600000000003
0.0 -10.740000000000006 661.9600000000003
0.0 -10.740000000000006 661.9600000000003
0.0 -10.720000000000006 661.9600000000003
0.0 -10.720000000000006 661.9600000000003
0.0 -10.720000000000006 661.9600000000003
0.0 -10.720000000000006 661.9600000000003
0.0 -10.700000000000006 661.9600000000003
0.0 -10.700000000000006 661.9600000000003
0.0 -10.720000000000006 661.9600000000003
0.0 -10.720000000000006 661.9600000000003
0.0 -10.720000000000006 661.9600000000003
0.0 -10.720000000000006 661.9600000000003
0.0 -10.740000000000006 661.9600000000003
0.0 -10.740000000000006 661.9600000000003
0.0 -10.740000000000006 661.9600000000003
0.0 -10.740000000000006 661.9600000000003
0.0 -10.720000000000006 661.9600000000003
0.0 -10.720000000000006 661.9600000000003
0.0 -10.720000000000006 661.9600000000003
0.0 -10.720000000000006 661.9600000000003
0.0 -10.740000000000006 661.9600000000003
0.0 -10.740000000000006 661.9600000000003
0.0 -10.740000000000006 661.9600000000003
0.0 -10.740000000000006 661.9600000000003
0.0 -10.720000000000006 661.9600000000003
0.0 -10.720000000000006 661.9600000000003
0.0 -10.720000000000006 661.9600000000003
0.0 -10.720000000000006 661.9600000000003
0.0 -10.720000000000006 661.9600000000003
0.0 -10.720000000000006 661.9600000000003
0.0 -10.700000000000006 661.9600000000003
0.0 -10.700000000000006 661.9600000000003
0.0 -10.700000000000006 661.9600000000003
0.0 -10.700000000000006 661.9600000000003
0.0 -10.700000000000006 661.9600000000003
0.0 -10.700000000000006 661.9600000000003
0.0 -10.720000000000006 661.9600000000003
0.0 -10.720000000000006 661.9600000000003
0.0 -10.700000000000006 661.9600000000003
0.0 -10.700000000000006 661.9600000000003
0.0 -10.720000000000006 661.9600000000003
0.0 -10.720000000000006 661.9600000000003
0.0 -10.720000000000006 661.9600000000003
0.0 -10.720000000000006 661.9600000000003
0.0 -10.740000000000006 661.9600000000003
0.0 -10.740000000000006 661.9600000000003
0.0 -10.740000000000006 661.9600000000003
0.0 -10.740000000000006 661.9600000000003
0.0 -10.720000000000006 661.9600000000003
0.0 -10.720000000000006 661.9600000000003
0.0 -10.700000000000006 661.9600000000003
0.0 -10.700000000000006 661.9600000000003
0.0 -10.700000000000006 661.9600000000003
0.0 -10.700000000000006 661.9600000000003
0.0 -10.720000000000006 661.9600000000003
0.0 -10.720000000000006 661.9600000000003
0.0 -10.700000000000006 661.9600000000003
0.0 -10.700000000000006 661.9600000000003
0.0 -10.680000000000007 661.9600000000003
0.0 -10.680000000000007 661.9600000000003
0.0 -10.680000000000007 661.9600000000003
0.0 -10.680000000000007 661.9600000000003
0.0 -10.660000000000007 661.9600000000003
0.0 -10.660000000000007 661.9600000000003
0.0 -10.660000000000007 661.9600000000003
0.0 -10.660000000000007 661.9600000000003
0.0 -10.660000000000007 661.9600000000003
0.0 -10.660000000000007 661.9600000000003
0.0 -10.660000000000007 661.9600000000003
0.0 -10.660000000000007 661.9600000000003
0.0 -10.660000000000007 661.9600000000003
0.0 -10.660000000000007 661.9600000000003
0.0 -10.680000000000007 661.9600000000003
0.0 -10.680000000000007 661.9600000000003
0.0 -10.660000000000007 661.9600000000003
0.0 -10.660000000000007 661.9600000000003
0.0 -10.660000000000007 661.9600000000003
0.0 -10.660000000000007 661.9600000000003
0.0 -10.660000000000007 661.9600000000003
0.0 -10.660000000000007 661.9600000000003
0.0 -10.680000000000007 661.9600000000003
0.0 -10.680000000000007 661.9600000000003
0.0 -10.700000000000006 661.9600000000003
0.0 -10.700000000000006 661.9600000000003
0.0 -10.720000000000006 661.9600000000003
0.0 -10.720000000000006 661.9600000000003
0.0 -10.720000000000006 661.9600000000003
0.0 -10.720000000000006 661.9600000000003
0.0 -10.700000000000006 661.9600000000003
0.0 -10.700000000000006 661.9600000000003
0.0 -10.720000000000006 661.9600000000003
0.0 -10.720000000000006 661.9600000000003
0.0 -10.680000000000007 661.9600000000003
0.0 -10.680000000000007 661.9600000000003
0.0 -10.660000000000007 661.9600000000003
0.0 -10.660000000000007 661.9600000000003
0.0 -10.640000000000008 661.9600000000003
0.0 -10.640000000000008 661.9600000000003
0.0 -10.620000000000008 661.9600000000003
0.0 -10.620000000000008 661.9600000000003
0.0 -10.620000000000008 661.9600000000003
0.0 -10.620000000000008 661.9600000000003
0.0 -10.620000000000008 661.9600000000003
0.0 -10.620000000000008 661.9600000000003
0.0 -10.640000000000008 661.9600000000003
0.0 -10.640000000000008 661.9600000000003
0.0 -10.640000000000008 661.9600000000003
0.0 -10.640000000000008 661.9600000000003
0.0 -10.640000000000008 661.9600000000003
0.0 -10.640000000000008 661.9600000000003
0.0 -10.620000000000008 661.9600000000003
0.0 -10.620000000000008 661.9600000000003
0.0 -10.600000000000009 661.9600000000003
0.0 -10.600000000000009 661.9600000000003
0.0 -10.580000000000009 661.9600000000003
0.0 -10.580000000000009 661.9600000000003
0.0 -10.580000000000009 661.9600000000003
0.0 -10.580000000000009 661.9600000000003
0.0 -10.580000000000009 661.9600000000003
0.0 -10.580000000000009 661.9600000000003
0.0 -10.56000000000001 661.9600000000003
0.0 -10.56000000000001 661.9600000000003
0.0 -10.580000000000009 661.9600000000003
0.0 -10.580000000000009 661.9600000000003
0.0 -10.580000000000009 661.9600000000003
0.0 -10.580000000000009 661.9600000000003
0.0 -10.56000000000001 661.9600000000003
0.0 -10.56000000000001 661.9600000000003
0.0 -10.56000000000001 661.9600000000003
0.0 -10.56000000000001 661.9600000000003
0.0 -10.54000000000001 661.9600000000003
0.0 -10.54000000000001 661.9600000000003
0.0 -10.56000000000001 661.9600000000003
0.0 -10.56000000000001 661.9600000000003
0.0 -10.54000000000001 661.9600000000003
0.0 -10.54000000000001 661.9600000000003
0.0 -10.54000000000001 661.9600000000003
0.0 -10.54000000000001 661.9600000000003
0.0 -10.280000000000015 661.9600000000003
0.0 -10.280000000000015 661.9600000000003
0.0 -10.240000000000016 661.9600000000003
0.0 -10.240000000000016 661.9600000000003
0.0 -10.240000000000016 661.9600000000003
0.0 -10.240000000000016 661.9600000000003
0.0 -10.220000000000017 661.9600000000003
0.0 -10.220000000000017 661.9600000000003
0.0 -10.200000000000017 661.9600000000003
0.0 -10.200000000000017 661.9600000000003
0.0 -10.200000000000017 661.9600000000003
0.0 -10.200000000000017 661.9600000000003
0.0 -10.200000000000017 661.9600000000003
0.0 -10.200000000000017 661.9600000000003
0.0 -10.160000000000018 661.9600000000003
0.0 -10.160000000000018 661.9600000000003
0.0 -10.180000000000017 661.9600000000003
0.0 -10.180000000000017 661.9600000000003
0.0 -10.180000000000017 661.9600000000003
0.0 -10.180000000000017 661.9600000000003
0.0 -10.180000000000017 661.9600000000003
0.0 -10.180000000000017 661.9600000000003
0.0 -10.180000000000017 661.9600000000003
0.0 -10.180000000000017 661.9600000000003
0.0 -10.180000000000017 661.9600000000003
0.0 -10.180000000000017 661.9600000000003
0.0 -10.160000000000018 661.9600000000003
0.0 -10.160000000000018 661.9600000000003
0.0 -10.160000000000018 661.9600000000003
0.0 -10.160000000000018 661.9600000000003
0.0 -10.160000000000018 661.9600000000003
0.0 -10.160000000000018 661.9600000000003
0.0 -10.160000000000018 661.9600000000003
0.0 -10.160000000000018 661.9600000000003
0.0 -10.160000000000018 661.9600000000003
0.0 -10.160000000000018 661.9600000000003
0.0 -10.200000000000017 661.9600000000003
0.0 -10.200000000000017 661.9600000000003
0.0 -10.160000000000018 661.9600000000003
0.0 -10.160000000000018 661.9600000000003
0.0 -10.180000000000017 661.9600000000003
0.0 -10.180000000000017 661.9600000000003
0.0 -10.140000000000018 661.9600000000003
0.0 -10.140000000000018 661.9600000000003
0.0 -10.140000000000018 661.9600000000003
0.0 -10.140000000000018 661.9600000000003
0.0 -10.10000000000002 661.9600000000003
0.0 -10.10000000000002 661.9600000000003
0.0 -10.10000000000002 661.9600000000003
0.0 -10.10000000000002 661.9600000000003
0.0 -10.10000000000002 661.9600000000003
0.0 -10.10000000000002 661.9600000000003
0.0 -10.120000000000019 661.9600000000003
0.0 -10.120000000000019 661.9600000000003
0.0 -10.160000000000018 661.9600000000003
0.0 -10.160000000000018 661.9600000000003
0.0 -10.160000000000018 661.9600000000003
0.0 -10.160000000000018 661.9600000000003
0.0 -10.160000000000018 661.9600000000003
0.0 -10.160000000000018 661.9600000000003
0.0 -10.160000000000018 661.9600000000003
0.0 -10.160000000000018 661.9600000000003
0.0 -10.160000000000018 661.9600000000003
0.0 -10.160000000000018 661.9600000000003
0.0 -10.160000000000018 661.9600000000003
0.0 -10.160000000000018 661.9600000000003
0.0 -10.180000000000017 661.9600000000003
0.0 -10.180000000000017 661.9600000000003
0.0 -10.200000000000017 661.9600000000003
0.0 -10.200000000000017 661.9600000000003
0.0 -10.180000000000017 661.9600000000003
0.0 -10.180000000000017 661.9600000000003
0.0 -10.180000000000017 661.9600000000003
0.0 -10.180000000000017 661.9600000000003
0.0 -10.160000000000018 661.9600000000003
0.0 -10.160000000000018 661.9600000000003
0.0 -10.120000000000019 661.9600000000003
0.0 -10.120000000000019 661.9600000000003
0.0 -10.10000000000002 661.9600000000003
0.0 -10.10000000000002 661.9600000000003
0.0 -10.06000000000002 661.9600000000003
0.0 -10.06000000000002 661.9600000000003
0.0 -10.04000000000002 661.9600000000003
0.0 -10.04000000000002 661.9600000000003
-8 4 661.9600000000003
-8 4 661.9600000000003
-5.01 2.9699999999999953 661.9600000000003
-5.01 2.9699999999999953 661.9600000000003
10 -8 661.9600000000003
10 -8 661.9600000000003
24 -6 661.9600000000003
24 -6 661.9600000000003
24 -10 661.9600000000003
24 -10 661.9600000000003
23 -9 661.9600000000003
23 -9 661.9600000000003
4 -6 661.9600000000003
4 -6 661.9600000000003
4 -10 661.9600000000003
4 -10 661.9600000000003
3 -9 661.9600000000003
3 -9 661.9600000000003
