28 7 0
28 27 0
28 14 0
28 14 0
25 9 0
25 29 0
24 8 0
24 28 0
29 6 0
29 26 0
29 3 0
29 23 0
26 6 0
26 26 0
24 5 0
24 25 0
21.889999999999983 6.9300000000000015 0
21.889999999999983 26.93 0
27.910000000000004 20.889999999999983 0
21.879999999999985 21.01999999999999 0
22.839999999999975 3.960000000000001 0
22.839999999999975 23.96 0
29.04 18.100000000000016 0
29.04 18.100000000000016 0
13.089999999999998 17.01 0
9.99 11.97 0
21.449999999999964 20.44999999999991 0
9.219999999999995 3.0 0
7.98 7.059999999999999 0
7.98 1.0 0
15.089999999999998 19.729999999999958 0
6.02 5.860000000000003 0
16.99 9.590000000000009 0
12.0 11.800000000000004 0
22.089999999999996 20.589999999999936 0
3.910000000000002 5.029999999999999 0
9.649999999999986 6.0699999999999985 0
15.339999999999993 14.0 0
2.9400000000000013 3.1200000000000188 0
8 27 0
5 29 0
-10 12 0
-10 12 0
4 28 0
9 26 0
-8 12 0
-8 12 0
-7 17 0
-7 17 0
9 23 0
6 26 0
4 25 0
1.8799999999999957 20.879999999999978 0
1.8599999999999939 20.859999999999975 0
1.8399999999999908 20.83999999999997 0
-5.970000000000001 14.99 0
-5.970000000000001 14.99 0
1.7799999999999845 20.779999999999962 0
1.7599999999999818 20.75999999999996 0
1.7199999999999787 20.719999999999953 0
1.609999999999976 20.609999999999935 0
1.579999999999973 20.57999999999993 0
1.5499999999999703 20.549999999999926 0
1.8899999999999828 26.93 0
1.5299999999999672 20.529999999999923 0
7.910000000000002 20.889999999999983 0
-4.860000000000003 13.98 0
-4.860000000000003 13.98 0
1.8799999999999848 21.01999999999999 0
2.839999999999975 23.96 0
1.459999999999964 20.459999999999912 0
1.4499999999999638 20.44999999999991 0
4.98 9.159999999999997 0
-2.7500000000000497 10.089999999999998 0
-2.7500000000000497 10.089999999999998 0
7.300000000000015 14.0 0
3.400000000000013 8.02 0
8.840000000000003 18.0 0
2.089999999999998 20.589999999999936 0
8 -6 0
8 -6 0
-5 -20 0
-5 -20 0
10 -8 0
10 -8 0
12 -8 0
12 -8 0
17.24999999999995 -9.910000000000002 0
-2.7500000000000497 -9.910000000000002 0
17.24999999999995 -9.910000000000002 0
-2.7500000000000497 -9.910000000000002 0
28 -6 0
28 -6 0
13 -3 0
13 -3 0
21.84999999999999 0.8499999999999746 0
21.829999999999988 0.8299999999999714 0
21.809999999999985 0.8099999999999683 0
14.03 -5.01 0
14.03 -5.01 0
21.709999999999976 0.7099999999999527 0
21.55999999999997 0.5599999999999292 0
21.519999999999964 0.519999999999923 0
27.910000000000004 0.8899999999999828 0
15.139999999999997 -6.02 0
15.139999999999997 -6.02 0
21.879999999999985 1.0199999999999891 0
9.04 -1.8999999999999844 0
29.04 -1.8999999999999844 0
9.04 -1.8999999999999844 0
29.04 -1.8999999999999844 0
21.449999999999964 0.44999999999991047 0
14.99 0.7500000000000004 0
22.089999999999996 0.5899999999999359 0
-5 0 0
-5 0 0
-10 -8 0
-10 -8 0
-8 -8 0
-8 -8 0
-7 -3 0
-7 -3 0
-5.970000000000001 -5.01 0
-5.970000000000001 -5.01 0
-4.860000000000003 -6.02 0
-4.860000000000003 -6.02 0
