28 7 0
28 27 0
28 14 0
28 14 0
25 9 0
25 29 0
24 8 0
24 28 0
29 6 0
29 26 0
29 3 0
29 23 0
26 6 0
26 26 0
24 5 0
24 25 0
20.67999999999989 19.999999999999844 0
20.67999999999989 19.999999999999844 0
21.169999999999874 21.00999999999999 0
20.009999999999792 19.90999999999983 0
20.009999999999792 19.90999999999983 0
19.379999999999686 19.119999999999706 0
21.149999999999867 6.9300000000000015 0
21.149999999999867 26.93 0
20.00999999999979 19.949999999999836 0
20.00999999999979 19.949999999999836 0
29.429999999999993 19.15000000000018 0
29.429999999999993 19.15000000000018 0
19.999999999999876 20.719999999999843 0
19.999999999999876 20.719999999999843 0
7.000000000000021 1.0 0
16.00999999999998 18.00999999999969 0
3.0 3.020000000000021 0
11.569999999999945 5.99 0
16.97000000000013 13.97 0
10.009999999999978 2.99 0
21.029999999999934 20.029999999999855 0
13.009999999999978 10.990000000000022 0
21.109999999999943 20.04999999999985 0
9.750000000000005 11.99 0
12.950000000000001 16.069999999999855 0
8.0 7.759999999999984 0
16.99 8.790000000000026 0
21.14999999999971 4.089999999999998 0
21.14999999999971 24.089999999999996 0
14.99 3.0699999999999785 0
6.049999999999999 6.01 0
1.009999999999933 0.669999999999844 0
8 27 0
5 29 0
-10 12 0
-10 12 0
4 28 0
9 26 0
-8 12 0
-8 12 0
9 23 0
6 26 0
4 25 0
1.8799999999999957 20.879999999999978 0
1.8599999999999939 20.859999999999975 0
1.8399999999999908 20.83999999999997 0
-5.970000000000001 14.99 0
-5.970000000000001 14.99 0
1.7799999999999845 20.779999999999962 0
1.7599999999999818 20.75999999999996 0
1.7199999999999787 20.719999999999953 0
1.609999999999976 20.609999999999935 0
1.579999999999973 20.57999999999993 0
1.5499999999999703 20.549999999999926 0
1.5299999999999672 20.529999999999923 0
1.459999999999964 20.459999999999912 0
1.3899999999999606 20.3899999999999 0
1.33999999999996 20.339999999999893 0
1.2499999999999576 20.24999999999988 0
1.2099999999999527 20.209999999999873 0
1.1799999999999495 20.17999999999987 0
1.1499999999999468 20.149999999999864 0
1.1099999999999421 20.10999999999986 0
-4.430000000000012 14.03 0
-4.430000000000012 14.03 0
1.1699999999998738 21.00999999999999 0
1.1499999999998671 26.93 0
-1.2434497875801753e-13 0.7199999999998441 0
-1.2434497875801753e-13 0.7199999999998441 0
0.9299999999999398 17.909999999999517 0
1.0299999999999332 20.029999999999855 0
7.54000000000001 19.799999999999812 0
-6.99 18.04999999999981 0
-6.99 18.04999999999981 0
0.2500000000001122 11.40999999999997 0
1.9500000000000426 7.99 0
1.109999999999941 20.04999999999985 0
3.0499999999999776 17.629999999999473 0
4.99 10.049999999999978 0
1.1499999999997108 24.089999999999996 0
5.830000000000046 14.03 0
9.02 17.959999999999994 0
3.430000000000012 4.99 0
8 -6 0
8 -6 0
-5 -20 0
-5 -20 0
10 -8 0
10 -8 0
12 -8 0
12 -8 0
0.10999999999980362 -0.19000000000018602 0
0.10999999999980362 -0.19000000000018602 0
0.05999999999979778 -0.1400000000001782 0
0.05999999999979778 -0.1400000000001782 0
0.009999999999793086 -0.09000000000017039 0
0.009999999999793086 -0.09000000000017039 0
0.009999999999786837 -0.050000000000164135 0
0.009999999999786837 -0.050000000000164135 0
-1.2434497875801753e-13 -19.280000000000157 0
-1.2434497875801753e-13 -19.280000000000157 0
28 -6 0
28 -6 0
21.84999999999999 0.8499999999999746 0
21.829999999999988 0.8299999999999714 0
21.809999999999985 0.8099999999999683 0
14.03 -5.01 0
14.03 -5.01 0
21.709999999999976 0.7099999999999527 0
21.55999999999997 0.5599999999999292 0
21.519999999999964 0.519999999999923 0
21.37999999999996 0.3799999999999011 0
21.32999999999996 0.32999999999989327 0
21.219999999999953 0.21999999999987607 0
21.129999999999942 0.12999999999986356 0
21.069999999999936 0.0699999999998609 0
0.9199999999999267 -1.5631940186722204e-13 0
0.9199999999999267 -1.5631940186722204e-13 0
20.889999999999922 0.00999999999984368 0
0.8399999999999161 -1.5631940186722204e-13 0
0.8399999999999161 -1.5631940186722204e-13 0
20.80999999999991 0.00999999999984368 0
0.7799999999999099 0.01999999999984368 0
0.6799999999998911 -0.04000000000016257 0
0.6799999999998911 -0.04000000000016257 0
0.659999999999888 -0.020000000000159446 0
0.659999999999888 -0.020000000000159446 0
0.6199999999998818 -1.5631940186722204e-13 0
0.6199999999998818 -1.5631940186722204e-13 0
15.569999999999988 -5.970000000000001 0
15.569999999999988 -5.970000000000001 0
0.6799999999998896 -1.5631940186722204e-13 0
20.67999999999989 -1.5631940186722204e-13 0
0.6799999999998896 -1.5631940186722204e-13 0
20.67999999999989 -1.5631940186722204e-13 0
21.169999999999874 1.0099999999999891 0
20.009999999999792 -0.09000000000017039 0
20.009999999999792 -0.09000000000017039 0
1.0099999999999316 0.00999999999984368 0
20.00999999999979 -0.050000000000164135 0
20.00999999999979 -0.050000000000164135 0
9.42999999999999 -0.8499999999998202 0
29.429999999999993 -0.8499999999998202 0
9.42999999999999 -0.8499999999998202 0
29.429999999999993 -0.8499999999998202 0
2.439999999999928 0.03999999999984368 0
21.029999999999934 0.029999999999855476 0
13.01 -1.9500000000001911 0
13.01 -1.9500000000001911 0
21.109999999999943 0.0499999999998515 0
18.959999999999624 0.11999999999984366 0
-5 0 0
-5 0 0
-10 -8 0
-10 -8 0
-8 -8 0
-8 -8 0
-5.970000000000001 -5.01 0
-5.970000000000001 -5.01 0
-4.430000000000012 -5.970000000000001 0
-4.430000000000012 -5.970000000000001 0
-6.99 -1.9500000000001911 0
-6.99 -1.9500000000001911 0
