0 29 660.1799999999981
20 29 660.1799999999981
13 29 660.1799999999981
13 29 660.1799999999981
26 0 660.1799999999981
26 20 660.1799999999981
24 14 660.1799999999981
24 14 660.1799999999981
24 4 660.1799999999981
4 24 660.1799999999981
24 24 660.1799999999981
12 24 660.1799999999981
12 24 660.1799999999981
28 0 660.1799999999981
28 20 660.1799999999981
24 10 660.1799999999981
24 10 660.1799999999981
29 3 660.1799999999981
9 23 660.1799999999981
29 23 660.1799999999981
23 11 660.1799999999981
23 11 660.1799999999981
20.0 29.0 660.1799999999981
20.0 29.0 660.1799999999981
26.0 20.0 660.1799999999981
26.0 0.0 660.1799999999981
26.0 20.0 660.1799999999981
26.0 0.0 660.1799999999981
20.0 29.0 660.1799999999981
20.0 29.0 660.1799999999981
25.98 20.0 660.1799999999981
25.98 0.0 660.1799999999981
25.98 20.0 660.1799999999981
25.98 0.0 660.1799999999981
25.98 20.0 660.1799999999981
25.98 0.0 660.1799999999981
25.98 20.0 660.1799999999981
25.98 0.0 660.1799999999981
25.94 20.0 660.1799999999981
25.94 0.0 660.1799999999981
25.94 20.0 660.1799999999981
25.94 0.0 660.1799999999981
20.0 29.0 660.1799999999981
20.0 29.0 660.1799999999981
20.0 29.0 660.1799999999981
20.0 29.0 660.1799999999981
27.98 20.0 660.1799999999981
27.98 0.0 660.1799999999981
27.98 20.0 660.1799999999981
27.98 0.0 660.1799999999981
20.0 29.0 660.1799999999981
20.0 29.0 660.1799999999981
20.0 29.0 660.1799999999981
20.0 29.0 660.1799999999981
28.02 20.0 660.1799999999981
28.02 0.0 660.1799999999981
28.02 20.0 660.1799999999981
28.02 0.0 660.1799999999981
25.900000000000002 20.0 660.1799999999981
25.900000000000002 0.0 660.1799999999981
25.900000000000002 20.0 660.1799999999981
25.900000000000002 0.0 660.1799999999981
25.900000000000002 20.0 660.1799999999981
25.900000000000002 0.0 660.1799999999981
25.900000000000002 20.0 660.1799999999981
25.900000000000002 0.0 660.1799999999981
25.900000000000002 20.0 660.1799999999981
25.900000000000002 0.0 660.1799999999981
25.900000000000002 20.0 660.1799999999981
25.900000000000002 0.0 660.1799999999981
25.880000000000003 20.0 660.1799999999981
25.880000000000003 0.0 660.1799999999981
25.880000000000003 20.0 660.1799999999981
25.880000000000003 0.0 660.1799999999981
20.0 29.0 660.1799999999981
20.0 29.0 660.1799999999981
25.880000000000003 20.0 660.1799999999981
25.880000000000003 0.0 660.1799999999981
25.880000000000003 20.0 660.1799999999981
25.880000000000003 0.0 660.1799999999981
28.0 20.0 660.1799999999981
28.0 0.0 660.1799999999981
28.0 20.0 660.1799999999981
28.0 0.0 660.1799999999981
25.860000000000003 20.0 660.1799999999981
25.860000000000003 0.0 660.1799999999981
25.860000000000003 20.0 660.1799999999981
25.860000000000003 0.0 660.1799999999981
25.840000000000003 20.0 660.1799999999981
25.840000000000003 0.0 660.1799999999981
25.840000000000003 20.0 660.1799999999981
25.840000000000003 0.0 660.1799999999981
28.0 20.0 660.1799999999981
28.0 0.0 660.1799999999981
28.0 20.0 660.1799999999981
28.0 0.0 660.1799999999981
25.820000000000004 20.0 660.1799999999981
25.820000000000004 0.0 660.1799999999981
25.820000000000004 20.0 660.1799999999981
25.820000000000004 0.0 660.1799999999981
25.820000000000004 20.0 660.1799999999981
25.820000000000004 0.0 660.1799999999981
25.820000000000004 20.0 660.1799999999981
25.820000000000004 0.0 660.1799999999981
20.0 28.98 660.1799999999981
20.0 28.98 660.1799999999981
25.800000000000004 20.0 660.1799999999981
25.800000000000004 0.0 660.1799999999981
25.800000000000004 20.0 660.1799999999981
25.800000000000004 0.0 660.1799999999981
25.780000000000005 20.0 660.1799999999981
25.780000000000005 0.0 660.1799999999981
25.780000000000005 20.0 660.1799999999981
25.780000000000005 0.0 660.1799999999981
25.780000000000005 20.0 660.1799999999981
25.780000000000005 0.0 660.1799999999981
25.780000000000005 20.0 660.1799999999981
25.780000000000005 0.0 660.1799999999981
28.0 20.0 660.1799999999981
28.0 0.0 660.1799999999981
28.0 20.0 660.1799999999981
28.0 0.0 660.1799999999981
25.780000000000005 20.0 660.1799999999981
25.780000000000005 0.0 660.1799999999981
25.780000000000005 20.0 660.1799999999981
25.780000000000005 0.0 660.1799999999981
20.0 29.0 660.1799999999981
20.0 29.0 660.1799999999981
25.780000000000005 20.0 660.1799999999981
25.780000000000005 0.0 660.1799999999981
25.780000000000005 20.0 660.1799999999981
25.780000000000005 0.0 660.1799999999981
28.0 20.0 660.1799999999981
28.0 0.0 660.1799999999981
28.0 20.0 660.1799999999981
28.0 0.0 660.1799999999981
20.0 29.02 660.1799999999981
20.0 29.02 660.1799999999981
27.98 20.0 660.1799999999981
27.98 0.0 660.1799999999981
27.98 20.0 660.1799999999981
27.98 0.0 660.1799999999981
27.98 20.0 660.1799999999981
27.98 0.0 660.1799999999981
27.98 20.0 660.1799999999981
27.98 0.0 660.1799999999981
28.0 20.0 660.1799999999981
28.0 0.0 660.1799999999981
28.0 20.0 660.1799999999981
28.0 0.0 660.1799999999981
25.740000000000006 20.0 660.1799999999981
25.740000000000006 0.0 660.1799999999981
25.740000000000006 20.0 660.1799999999981
25.740000000000006 0.0 660.1799999999981
25.720000000000006 20.0 660.1799999999981
25.720000000000006 0.0 660.1799999999981
25.720000000000006 20.0 660.1799999999981
25.720000000000006 0.0 660.1799999999981
27.98 20.0 660.1799999999981
27.98 0.0 660.1799999999981
27.98 20.0 660.1799999999981
27.98 0.0 660.1799999999981
25.700000000000006 20.0 660.1799999999981
25.700000000000006 0.0 660.1799999999981
25.700000000000006 20.0 660.1799999999981
25.700000000000006 0.0 660.1799999999981
28.0 20.0 660.1799999999981
28.0 0.0 660.1799999999981
28.0 20.0 660.1799999999981
28.0 0.0 660.1799999999981
25.700000000000006 20.0 660.1799999999981
25.700000000000006 0.0 660.1799999999981
25.700000000000006 20.0 660.1799999999981
25.700000000000006 0.0 660.1799999999981
20.0 29.04 660.1799999999981
20.0 29.04 660.1799999999981
20.0 29.04 660.1799999999981
20.0 29.04 660.1799999999981
20.0 29.04 660.1799999999981
20.0 29.04 660.1799999999981
25.54000000000001 20.0 660.1799999999981
25.54000000000001 0.0 660.1799999999981
25.54000000000001 20.0 660.1799999999981
25.54000000000001 0.0 660.1799999999981
20.0 29.04 660.1799999999981
20.0 29.04 660.1799999999981
25.52000000000001 20.0 660.1799999999981
25.52000000000001 0.0 660.1799999999981
25.52000000000001 20.0 660.1799999999981
25.52000000000001 0.0 660.1799999999981
25.50000000000001 20.0 660.1799999999981
25.50000000000001 0.0 660.1799999999981
25.50000000000001 20.0 660.1799999999981
25.50000000000001 0.0 660.1799999999981
20.0 29.02 660.1799999999981
20.0 29.02 660.1799999999981
25.48000000000001 20.0 660.1799999999981
25.48000000000001 0.0 660.1799999999981
25.48000000000001 20.0 660.1799999999981
25.48000000000001 0.0 660.1799999999981
28.0 20.0 660.1799999999981
28.0 0.0 660.1799999999981
28.0 20.0 660.1799999999981
28.0 0.0 660.1799999999981
28.0 20.0 660.1799999999981
28.0 0.0 660.1799999999981
28.0 20.0 660.1799999999981
28.0 0.0 660.1799999999981
25.46000000000001 20.0 660.1799999999981
25.46000000000001 0.0 660.1799999999981
25.46000000000001 20.0 660.1799999999981
25.46000000000001 0.0 660.1799999999981
20.0 29.0 660.1799999999981
20.0 29.0 660.1799999999981
25.420000000000012 20.0 660.1799999999981
25.420000000000012 0.0 660.1799999999981
25.420000000000012 20.0 660.1799999999981
25.420000000000012 0.0 660.1799999999981
25.380000000000013 20.0 660.1799999999981
25.380000000000013 0.0 660.1799999999981
25.380000000000013 20.0 660.1799999999981
25.380000000000013 0.0 660.1799999999981
25.360000000000014 20.0 660.1799999999981
25.360000000000014 0.0 660.1799999999981
25.360000000000014 20.0 660.1799999999981
25.360000000000014 0.0 660.1799999999981
20.0 29.0 660.1799999999981
20.0 29.0 660.1799999999981
25.360000000000014 20.0 660.1799999999981
25.360000000000014 0.0 660.1799999999981
25.360000000000014 20.0 660.1799999999981
25.360000000000014 0.0 660.1799999999981
20.0 29.0 660.1799999999981
20.0 29.0 660.1799999999981
25.300000000000015 20.0 660.1799999999981
25.300000000000015 0.0 660.1799999999981
25.300000000000015 20.0 660.1799999999981
25.300000000000015 0.0 660.1799999999981
20.0 29.0 660.1799999999981
20.0 29.0 660.1799999999981
28.0 20.0 660.1799999999981
28.0 0.0 660.1799999999981
28.0 20.0 660.1799999999981
28.0 0.0 660.1799999999981
25.280000000000015 20.0 660.1799999999981
25.280000000000015 0.0 660.1799999999981
25.280000000000015 20.0 660.1799999999981
25.280000000000015 0.0 660.1799999999981
25.240000000000016 20.0 660.1799999999981
25.240000000000016 0.0 660.1799999999981
25.240000000000016 20.0 660.1799999999981
25.240000000000016 0.0 660.1799999999981
20.0 29.0 660.1799999999981
20.0 29.0 660.1799999999981
25.220000000000017 20.0 660.1799999999981
25.220000000000017 0.0 660.1799999999981
25.220000000000017 20.0 660.1799999999981
25.220000000000017 0.0 660.1799999999981
20.0 29.0 660.1799999999981
20.0 29.0 660.1799999999981
28.0 20.0 660.1799999999981
28.0 0.0 660.1799999999981
28.0 20.0 660.1799999999981
28.0 0.0 660.1799999999981
28.0 20.0 660.1799999999981
28.0 0.0 660.1799999999981
28.0 20.0 660.1799999999981
28.0 0.0 660.1799999999981
25.160000000000018 20.0 660.1799999999981
25.160000000000018 0.0 660.1799999999981
25.160000000000018 20.0 660.1799999999981
25.160000000000018 0.0 660.1799999999981
25.14000000000002 20.0 660.1799999999981
25.14000000000002 0.0 660.1799999999981
25.14000000000002 20.0 660.1799999999981
25.14000000000002 0.0 660.1799999999981
27.98 20.0 660.1799999999981
27.98 0.0 660.1799999999981
27.98 20.0 660.1799999999981
27.98 0.0 660.1799999999981
25.14000000000002 20.0 660.1799999999981
25.14000000000002 0.0 660.1799999999981
25.14000000000002 20.0 660.1799999999981
25.14000000000002 0.0 660.1799999999981
25.12000000000002 20.0 660.1799999999981
25.12000000000002 0.0 660.1799999999981
25.12000000000002 20.0 660.1799999999981
25.12000000000002 0.0 660.1799999999981
25.12000000000002 20.0 660.1799999999981
25.12000000000002 0.0 660.1799999999981
25.12000000000002 20.0 660.1799999999981
25.12000000000002 0.0 660.1799999999981
20.0 29.099999999999998 660.1799999999981
20.0 29.099999999999998 660.1799999999981
20.0 29.119999999999997 660.1799999999981
20.0 29.119999999999997 660.1799999999981
20.0 29.139999999999997 660.1799999999981
20.0 29.139999999999997 660.1799999999981
24.98000000000002 20.0 660.1799999999981
24.98000000000002 0.0 660.1799999999981
24.98000000000002 20.0 660.1799999999981
24.98000000000002 0.0 660.1799999999981
20.0 29.159999999999997 660.1799999999981
20.0 29.159999999999997 660.1799999999981
20.0 29.159999999999997 660.1799999999981
20.0 29.159999999999997 660.1799999999981
25.02000000000002 20.0 660.1799999999981
25.02000000000002 0.0 660.1799999999981
25.02000000000002 20.0 660.1799999999981
25.02000000000002 0.0 660.1799999999981
25.02000000000002 20.0 660.1799999999981
25.02000000000002 0.0 660.1799999999981
25.02000000000002 20.0 660.1799999999981
25.02000000000002 0.0 660.1799999999981
25.00000000000002 20.0 660.1799999999981
25.00000000000002 0.0 660.1799999999981
25.00000000000002 20.0 660.1799999999981
25.00000000000002 0.0 660.1799999999981
25.00000000000002 20.0 660.1799999999981
25.00000000000002 0.0 660.1799999999981
25.00000000000002 20.0 660.1799999999981
25.00000000000002 0.0 660.1799999999981
24.98000000000002 20.0 660.1799999999981
24.98000000000002 0.0 660.1799999999981
24.98000000000002 20.0 660.1799999999981
24.98000000000002 0.0 660.1799999999981
24.960000000000022 20.0 660.1799999999981
24.960000000000022 0.0 660.1799999999981
24.960000000000022 20.0 660.1799999999981
24.960000000000022 0.0 660.1799999999981
24.940000000000023 20.0 660.1799999999981
24.940000000000023 0.0 660.1799999999981
24.940000000000023 20.0 660.1799999999981
24.940000000000023 0.0 660.1799999999981
24.920000000000023 20.0 660.1799999999981
24.920000000000023 0.0 660.1799999999981
24.920000000000023 20.0 660.1799999999981
24.920000000000023 0.0 660.1799999999981
20.0 29.179999999999996 660.1799999999981
20.0 29.179999999999996 660.1799999999981
20.0 29.179999999999996 660.1799999999981
20.0 29.179999999999996 660.1799999999981
20.0 29.179999999999996 660.1799999999981
20.0 29.179999999999996 660.1799999999981
20.0 29.159999999999997 660.1799999999981
20.0 29.159999999999997 660.1799999999981
20.0 29.179999999999996 660.1799999999981
20.0 29.179999999999996 660.1799999999981
20.0 29.179999999999996 660.1799999999981
20.0 29.179999999999996 660.1799999999981
20.0 29.159999999999997 660.1799999999981
20.0 29.159999999999997 660.1799999999981
20.0 29.159999999999997 660.1799999999981
20.0 29.159999999999997 660.1799999999981
14.99 22.969999999999995 660.1799999999981
14.99 22.969999999999995 660.1799999999981
20.0 29.159999999999997 660.1799999999981
20.0 29.159999999999997 660.1799999999981
20.0 29.159999999999997 660.1799999999981
20.0 29.159999999999997 660.1799999999981
20.0 29.139999999999997 660.1799999999981
20.0 29.139999999999997 660.1799999999981
20.0 29.139999999999997 660.1799999999981
20.0 29.139999999999997 660.1799999999981
20.0 29.159999999999997 660.1799999999981
20.0 29.159999999999997 660.1799999999981
20.0 29.179999999999996 660.1799999999981
20.0 29.179999999999996 660.1799999999981
20.0 29.179999999999996 660.1799999999981
20.0 29.179999999999996 660.1799999999981
28.0 20.0 660.1799999999981
28.0 0.0 660.1799999999981
28.0 20.0 660.1799999999981
28.0 0.0 660.1799999999981
27.98 20.0 660.1799999999981
27.98 0.0 660.1799999999981
27.98 20.0 660.1799999999981
27.98 0.0 660.1799999999981
20.0 29.179999999999996 660.1799999999981
20.0 29.179999999999996 660.1799999999981
28.0 20.0 660.1799999999981
28.0 0.0 660.1799999999981
28.0 20.0 660.1799999999981
28.0 0.0 660.1799999999981
20.0 29.159999999999997 660.1799999999981
20.0 29.159999999999997 660.1799999999981
20.0 29.159999999999997 660.1799999999981
20.0 29.159999999999997 660.1799999999981
28.0 20.0 660.1799999999981
28.0 0.0 660.1799999999981
28.0 20.0 660.1799999999981
28.0 0.0 660.1799999999981
20.0 29.139999999999997 660.1799999999981
20.0 29.139999999999997 660.1799999999981
20.0 29.139999999999997 660.1799999999981
20.0 29.139999999999997 660.1799999999981
28.0 20.0 660.1799999999981
28.0 0.0 660.1799999999981
28.0 20.0 660.1799999999981
28.0 0.0 660.1799999999981
20.0 29.159999999999997 660.1799999999981
20.0 29.159999999999997 660.1799999999981
20.0 29.139999999999997 660.1799999999981
20.0 29.139999999999997 660.1799999999981
20.0 29.139999999999997 660.1799999999981
20.0 29.139999999999997 660.1799999999981
20.0 29.119999999999997 660.1799999999981
20.0 29.119999999999997 660.1799999999981
28.0 20.0 660.1799999999981
28.0 0.0 660.1799999999981
28.0 20.0 660.1799999999981
28.0 0.0 660.1799999999981
20.0 29.139999999999997 660.1799999999981
20.0 29.139999999999997 660.1799999999981
20.0 29.139999999999997 660.1799999999981
20.0 29.139999999999997 660.1799999999981
20.0 29.119999999999997 660.1799999999981
20.0 29.119999999999997 660.1799999999981
20.0 29.099999999999998 660.1799999999981
20.0 29.099999999999998 660.1799999999981
28.0 20.0 660.1799999999981
28.0 0.0 660.1799999999981
28.0 20.0 660.1799999999981
28.0 0.0 660.1799999999981
20.0 29.08 660.1799999999981
20.0 29.08 660.1799999999981
28.0 20.0 660.1799999999981
28.0 0.0 660.1799999999981
28.0 20.0 660.1799999999981
28.0 0.0 660.1799999999981
28.0 20.0 660.1799999999981
28.0 0.0 660.1799999999981
28.0 20.0 660.1799999999981
28.0 0.0 660.1799999999981
20.0 29.06 660.1799999999981
20.0 29.06 660.1799999999981
20.0 29.06 660.1799999999981
20.0 29.06 660.1799999999981
28.0 20.0 660.1799999999981
28.0 0.0 660.1799999999981
28.0 20.0 660.1799999999981
28.0 0.0 660.1799999999981
20.0 29.06 660.1799999999981
20.0 29.06 660.1799999999981
28.0 20.0 660.1799999999981
28.0 0.0 660.1799999999981
28.0 20.0 660.1799999999981
28.0 0.0 660.1799999999981
20.0 29.08 660.1799999999981
20.0 29.08 660.1799999999981
20.0 29.08 660.1799999999981
20.0 29.08 660.1799999999981
20.0 29.08 660.1799999999981
20.0 29.08 660.1799999999981
25.00000000000002 20.0 660.1799999999981
25.00000000000002 0.0 660.1799999999981
25.00000000000002 20.0 660.1799999999981
25.00000000000002 0.0 660.1799999999981
20.0 29.099999999999998 660.1799999999981
20.0 29.099999999999998 660.1799999999981
20.0 29.119999999999997 660.1799999999981
20.0 29.119999999999997 660.1799999999981
20.0 29.119999999999997 660.1799999999981
20.0 29.119999999999997 660.1799999999981
20.0 29.119999999999997 660.1799999999981
20.0 29.119999999999997 660.1799999999981
27.98 20.0 660.1799999999981
27.98 0.0 660.1799999999981
27.98 20.0 660.1799999999981
27.98 0.0 660.1799999999981
25.00000000000002 20.0 660.1799999999981
25.00000000000002 0.0 660.1799999999981
25.00000000000002 20.0 660.1799999999981
25.00000000000002 0.0 660.1799999999981
25.00000000000002 20.0 660.1799999999981
25.00000000000002 0.0 660.1799999999981
25.00000000000002 20.0 660.1799999999981
25.00000000000002 0.0 660.1799999999981
25.00000000000002 20.0 660.1799999999981
25.00000000000002 0.0 660.1799999999981
25.00000000000002 20.0 660.1799999999981
25.00000000000002 0.0 660.1799999999981
20.0 29.139999999999997 660.1799999999981
20.0 29.139999999999997 660.1799999999981
20.0 29.139999999999997 660.1799999999981
20.0 29.139999999999997 660.1799999999981
28.02 20.0 660.1799999999981
28.02 0.0 660.1799999999981
28.02 20.0 660.1799999999981
28.02 0.0 660.1799999999981
20.0 29.159999999999997 660.1799999999981
20.0 29.159999999999997 660.1799999999981
25.00000000000002 20.0 660.1799999999981
25.00000000000002 0.0 660.1799999999981
25.00000000000002 20.0 660.1799999999981
25.00000000000002 0.0 660.1799999999981
24.98000000000002 20.0 660.1799999999981
24.98000000000002 0.0 660.1799999999981
24.98000000000002 20.0 660.1799999999981
24.98000000000002 0.0 660.1799999999981
25.00000000000002 20.0 660.1799999999981
25.00000000000002 0.0 660.1799999999981
25.00000000000002 20.0 660.1799999999981
25.00000000000002 0.0 660.1799999999981
20.0 29.159999999999997 660.1799999999981
20.0 29.159999999999997 660.1799999999981
28.0 20.0 660.1799999999981
28.0 0.0 660.1799999999981
28.0 20.0 660.1799999999981
28.0 0.0 660.1799999999981
20.0 29.179999999999996 660.1799999999981
20.0 29.179999999999996 660.1799999999981
20.0 29.179999999999996 660.1799999999981
20.0 29.179999999999996 660.1799999999981
24.98000000000002 20.0 660.1799999999981
24.98000000000002 0.0 660.1799999999981
24.98000000000002 20.0 660.1799999999981
24.98000000000002 0.0 660.1799999999981
20.0 29.159999999999997 660.1799999999981
20.0 29.159999999999997 660.1799999999981
20.0 29.139999999999997 660.1799999999981
20.0 29.139999999999997 660.1799999999981
28.0 20.0 660.1799999999981
28.0 0.0 660.1799999999981
28.0 20.0 660.1799999999981
28.0 0.0 660.1799999999981
25.00000000000002 20.0 660.1799999999981
25.00000000000002 0.0 660.1799999999981
25.00000000000002 20.0 660.1799999999981
25.00000000000002 0.0 660.1799999999981
20.0 29.179999999999996 660.1799999999981
20.0 29.179999999999996 660.1799999999981
28.0 20.0 660.1799999999981
28.0 0.0 660.1799999999981
28.0 20.0 660.1799999999981
28.0 0.0 660.1799999999981
28.0 20.0 660.1799999999981
28.0 0.0 660.1799999999981
28.0 20.0 660.1799999999981
28.0 0.0 660.1799999999981
20.0 29.179999999999996 660.1799999999981
20.0 29.179999999999996 660.1799999999981
28.0 20.0 660.1799999999981
28.0 0.0 660.1799999999981
28.0 20.0 660.1799999999981
28.0 0.0 660.1799999999981
20.0 29.159999999999997 660.1799999999981
20.0 29.159999999999997 660.1799999999981
20.0 29.159999999999997 660.1799999999981
20.0 29.159999999999997 660.1799999999981
20.0 29.159999999999997 660.1799999999981
20.0 29.159999999999997 660.1799999999981
27.98 20.0 660.1799999999981
27.98 0.0 660.1799999999981
27.98 20.0 660.1799999999981
27.98 0.0 660.1799999999981
20.0 29.159999999999997 660.1799999999981
20.0 29.159999999999997 660.1799999999981
20.0 29.159999999999997 660.1799999999981
20.0 29.159999999999997 660.1799999999981
28.0 20.0 660.1799999999981
28.0 0.0 660.1799999999981
28.0 20.0 660.1799999999981
28.0 0.0 660.1799999999981
20.0 29.179999999999996 660.1799999999981
20.0 29.179999999999996 660.1799999999981
20.0 29.179999999999996 660.1799999999981
20.0 29.179999999999996 660.1799999999981
20.0 29.179999999999996 660.1799999999981
20.0 29.179999999999996 660.1799999999981
20.0 29.179999999999996 660.1799999999981
20.0 29.179999999999996 660.1799999999981
24.960000000000022 20.0 660.1799999999981
24.960000000000022 0.0 660.1799999999981
24.960000000000022 20.0 660.1799999999981
24.960000000000022 0.0 660.1799999999981
24.960000000000022 20.0 660.1799999999981
24.960000000000022 0.0 660.1799999999981
24.960000000000022 20.0 660.1799999999981
24.960000000000022 0.0 660.1799999999981
24.940000000000023 20.0 660.1799999999981
24.940000000000023 0.0 660.1799999999981
24.940000000000023 20.0 660.1799999999981
24.940000000000023 0.0 660.1799999999981
28.0 20.0 660.1799999999981
28.0 0.0 660.1799999999981
28.0 20.0 660.1799999999981
28.0 0.0 660.1799999999981
20.0 29.179999999999996 660.1799999999981
20.0 29.179999999999996 660.1799999999981
24.960000000000022 20.0 660.1799999999981
24.960000000000022 0.0 660.1799999999981
24.960000000000022 20.0 660.1799999999981
24.960000000000022 0.0 660.1799999999981
20.0 29.199999999999996 660.1799999999981
20.0 29.199999999999996 660.1799999999981
28.0 20.0 660.1799999999981
28.0 0.0 660.1799999999981
28.0 20.0 660.1799999999981
28.0 0.0 660.1799999999981
20.0 29.199999999999996 660.1799999999981
20.0 29.199999999999996 660.1799999999981
28.0 20.0 660.1799999999981
28.0 0.0 660.1799999999981
28.0 20.0 660.1799999999981
28.0 0.0 660.1799999999981
20.0 29.199999999999996 660.1799999999981
20.0 29.199999999999996 660.1799999999981
20.0 29.199999999999996 660.1799999999981
20.0 29.199999999999996 660.1799999999981
24.960000000000022 20.0 660.1799999999981
24.960000000000022 0.0 660.1799999999981
24.960000000000022 20.0 660.1799999999981
24.960000000000022 0.0 660.1799999999981
20.0 29.219999999999995 660.1799999999981
20.0 29.219999999999995 660.1799999999981
27.98 20.0 660.1799999999981
27.98 0.0 660.1799999999981
27.98 20.0 660.1799999999981
27.98 0.0 660.1799999999981
24.98000000000002 20.0 660.1799999999981
24.98000000000002 0.0 660.1799999999981
24.98000000000002 20.0 660.1799999999981
24.98000000000002 0.0 660.1799999999981
20.0 29.239999999999995 660.1799999999981
20.0 29.239999999999995 660.1799999999981
20.0 29.259999999999994 660.1799999999981
20.0 29.259999999999994 660.1799999999981
20.0 29.239999999999995 660.1799999999981
20.0 29.239999999999995 660.1799999999981
20.0 29.239999999999995 660.1799999999981
20.0 29.239999999999995 660.1799999999981
28.0 20.0 660.1799999999981
28.0 0.0 660.1799999999981
28.0 20.0 660.1799999999981
28.0 0.0 660.1799999999981
28.0 20.0 660.1799999999981
28.0 0.0 660.1799999999981
28.0 20.0 660.1799999999981
28.0 0.0 660.1799999999981
28.02 20.0 660.1799999999981
28.02 0.0 660.1799999999981
28.02 20.0 660.1799999999981
28.02 0.0 660.1799999999981
20.0 29.259999999999994 660.1799999999981
20.0 29.259999999999994 660.1799999999981
28.0 20.0 660.1799999999981
28.0 0.0 660.1799999999981
28.0 20.0 660.1799999999981
28.0 0.0 660.1799999999981
28.0 20.0 660.1799999999981
28.0 0.0 660.1799999999981
28.0 20.0 660.1799999999981
28.0 0.0 660.1799999999981
20.0 29.239999999999995 660.1799999999981
20.0 29.239999999999995 660.1799999999981
28.0 20.0 660.1799999999981
28.0 0.0 660.1799999999981
28.0 20.0 660.1799999999981
28.0 0.0 660.1799999999981
20.0 29.259999999999994 660.1799999999981
20.0 29.259999999999994 660.1799999999981
20.0 29.259999999999994 660.1799999999981
20.0 29.259999999999994 660.1799999999981
27.98 20.0 660.1799999999981
27.98 0.0 660.1799999999981
27.98 20.0 660.1799999999981
27.98 0.0 660.1799999999981
28.0 20.0 660.1799999999981
28.0 0.0 660.1799999999981
28.0 20.0 660.1799999999981
28.0 0.0 660.1799999999981
20.0 29.279999999999994 660.1799999999981
20.0 29.279999999999994 660.1799999999981
28.0 20.0 660.1799999999981
28.0 0.0 660.1799999999981
28.0 20.0 660.1799999999981
28.0 0.0 660.1799999999981
20.0 29.279999999999994 660.1799999999981
20.0 29.279999999999994 660.1799999999981
28.0 20.0 660.1799999999981
28.0 0.0 660.1799999999981
28.0 20.0 660.1799999999981
28.0 0.0 660.1799999999981
20.0 29.299999999999994 660.1799999999981
20.0 29.299999999999994 660.1799999999981
20.0 29.279999999999994 660.1799999999981
20.0 29.279999999999994 660.1799999999981
20.0 29.279999999999994 660.1799999999981
20.0 29.279999999999994 660.1799999999981
28.0 20.0 660.1799999999981
28.0 0.0 660.1799999999981
28.0 20.0 660.1799999999981
28.0 0.0 660.1799999999981
20.0 29.259999999999994 660.1799999999981
20.0 29.259999999999994 660.1799999999981
20.0 29.259999999999994 660.1799999999981
20.0 29.259999999999994 660.1799999999981
28.0 20.0 660.1799999999981
28.0 0.0 660.1799999999981
28.0 20.0 660.1799999999981
28.0 0.0 660.1799999999981
20.0 29.279999999999994 660.1799999999981
20.0 29.279999999999994 660.1799999999981
28.0 20.0 660.1799999999981
28.0 0.0 660.1799999999981
28.0 20.0 660.1799999999981
28.0 0.0 660.1799999999981
20.0 29.279999999999994 660.1799999999981
20.0 29.279999999999994 660.1799999999981
20.0 29.259999999999994 660.1799999999981
20.0 29.259999999999994 660.1799999999981
20.0 29.259999999999994 660.1799999999981
20.0 29.259999999999994 660.1799999999981
20.0 29.279999999999994 660.1799999999981
20.0 29.279999999999994 660.1799999999981
28.0 20.0 660.1799999999981
28.0 0.0 660.1799999999981
28.0 20.0 660.1799999999981
28.0 0.0 660.1799999999981
20.0 29.279999999999994 660.1799999999981
20.0 29.279999999999994 660.1799999999981
20.0 29.279999999999994 660.1799999999981
20.0 29.279999999999994 660.1799999999981
28.0 20.0 660.1799999999981
28.0 0.0 660.1799999999981
28.0 20.0 660.1799999999981
28.0 0.0 660.1799999999981
28.0 20.0 660.1799999999981
28.0 0.0 660.1799999999981
28.0 20.0 660.1799999999981
28.0 0.0 660.1799999999981
20.0 29.299999999999994 660.1799999999981
20.0 29.299999999999994 660.1799999999981
20.0 29.299999999999994 660.1799999999981
20.0 29.299999999999994 660.1799999999981
20.0 29.299999999999994 660.1799999999981
20.0 29.299999999999994 660.1799999999981
20.0 29.279999999999994 660.1799999999981
20.0 29.279999999999994 660.1799999999981
20.0 29.299999999999994 660.1799999999981
20.0 29.299999999999994 660.1799999999981
20.0 29.279999999999994 660.1799999999981
20.0 29.279999999999994 660.1799999999981
20.0 29.279999999999994 660.1799999999981
20.0 29.279999999999994 660.1799999999981
20.0 29.259999999999994 660.1799999999981
20.0 29.259999999999994 660.1799999999981
28.0 20.0 660.1799999999981
28.0 0.0 660.1799999999981
28.0 20.0 660.1799999999981
28.0 0.0 660.1799999999981
20.0 29.259999999999994 660.1799999999981
20.0 29.259999999999994 660.1799999999981
20.0 29.279999999999994 660.1799999999981
20.0 29.279999999999994 660.1799999999981
28.0 20.0 660.1799999999981
28.0 0.0 660.1799999999981
28.0 20.0 660.1799999999981
28.0 0.0 660.1799999999981
28.0 20.0 660.1799999999981
28.0 0.0 660.1799999999981
28.0 20.0 660.1799999999981
28.0 0.0 660.1799999999981
20.0 29.299999999999994 660.1799999999981
20.0 29.299999999999994 660.1799999999981
28.0 20.0 660.1799999999981
28.0 0.0 660.1799999999981
28.0 20.0 660.1799999999981
28.0 0.0 660.1799999999981
20.0 29.299999999999994 660.1799999999981
20.0 29.299999999999994 660.1799999999981
20.0 29.279999999999994 660.1799999999981
20.0 29.279999999999994 660.1799999999981
28.0 20.0 660.1799999999981
28.0 0.0 660.1799999999981
28.0 20.0 660.1799999999981
28.0 0.0 660.1799999999981
20.0 29.299999999999994 660.1799999999981
20.0 29.299999999999994 660.1799999999981
28.0 20.0 660.1799999999981
28.0 0.0 660.1799999999981
28.0 20.0 660.1799999999981
28.0 0.0 660.1799999999981
20.0 29.319999999999993 660.1799999999981
20.0 29.319999999999993 660.1799999999981
25.00000000000002 20.0 660.1799999999981
25.00000000000002 0.0 660.1799999999981
25.00000000000002 20.0 660.1799999999981
25.00000000000002 0.0 660.1799999999981
28.0 20.0 660.1799999999981
28.0 0.0 660.1799999999981
28.0 20.0 660.1799999999981
28.0 0.0 660.1799999999981
20.0 29.319999999999993 660.1799999999981
20.0 29.319999999999993 660.1799999999981
20.0 29.339999999999993 660.1799999999981
20.0 29.339999999999993 660.1799999999981
25.00000000000002 20.0 660.1799999999981
25.00000000000002 0.0 660.1799999999981
25.00000000000002 20.0 660.1799999999981
25.00000000000002 0.0 660.1799999999981
20.0 29.339999999999993 660.1799999999981
20.0 29.339999999999993 660.1799999999981
25.00000000000002 20.0 660.1799999999981
25.00000000000002 0.0 660.1799999999981
25.00000000000002 20.0 660.1799999999981
25.00000000000002 0.0 660.1799999999981
25.00000000000002 20.0 660.1799999999981
25.00000000000002 0.0 660.1799999999981
25.00000000000002 20.0 660.1799999999981
25.00000000000002 0.0 660.1799999999981
20.0 29.339999999999993 660.1799999999981
20.0 29.339999999999993 660.1799999999981
20.0 29.339999999999993 660.1799999999981
20.0 29.339999999999993 660.1799999999981
20.0 29.339999999999993 660.1799999999981
20.0 29.339999999999993 660.1799999999981
20.0 29.319999999999993 660.1799999999981
20.0 29.319999999999993 660.1799999999981
20.0 29.339999999999993 660.1799999999981
20.0 29.339999999999993 660.1799999999981
20.0 29.339999999999993 660.1799999999981
20.0 29.339999999999993 660.1799999999981
25.00000000000002 20.0 660.1799999999981
25.00000000000002 0.0 660.1799999999981
25.00000000000002 20.0 660.1799999999981
25.00000000000002 0.0 660.1799999999981
25.00000000000002 20.0 660.1799999999981
25.00000000000002 0.0 660.1799999999981
25.00000000000002 20.0 660.1799999999981
25.00000000000002 0.0 660.1799999999981
20.0 29.339999999999993 660.1799999999981
20.0 29.339999999999993 660.1799999999981
20.0 29.319999999999993 660.1799999999981
20.0 29.319999999999993 660.1799999999981
20.0 29.299999999999994 660.1799999999981
20.0 29.299999999999994 660.1799999999981
28.0 20.0 660.1799999999981
28.0 0.0 660.1799999999981
28.0 20.0 660.1799999999981
28.0 0.0 660.1799999999981
20.0 29.279999999999994 660.1799999999981
20.0 29.279999999999994 660.1799999999981
27.98 20.0 660.1799999999981
27.98 0.0 660.1799999999981
27.98 20.0 660.1799999999981
27.98 0.0 660.1799999999981
20.0 29.279999999999994 660.1799999999981
20.0 29.279999999999994 660.1799999999981
27.98 20.0 660.1799999999981
27.98 0.0 660.1799999999981
27.98 20.0 660.1799999999981
27.98 0.0 660.1799999999981
20.0 29.299999999999994 660.1799999999981
20.0 29.299999999999994 660.1799999999981
27.98 20.0 660.1799999999981
27.98 0.0 660.1799999999981
27.98 20.0 660.1799999999981
27.98 0.0 660.1799999999981
20.0 29.279999999999994 660.1799999999981
20.0 29.279999999999994 660.1799999999981
27.98 20.0 660.1799999999981
27.98 0.0 660.1799999999981
27.98 20.0 660.1799999999981
27.98 0.0 660.1799999999981
27.98 20.0 660.1799999999981
27.98 0.0 660.1799999999981
27.98 20.0 660.1799999999981
27.98 0.0 660.1799999999981
20.0 29.319999999999993 660.1799999999981
20.0 29.319999999999993 660.1799999999981
27.96 20.0 660.1799999999981
27.96 0.0 660.1799999999981
27.96 20.0 660.1799999999981
27.96 0.0 660.1799999999981
20.0 29.339999999999993 660.1799999999981
20.0 29.339999999999993 660.1799999999981
20.0 29.359999999999992 660.1799999999981
20.0 29.359999999999992 660.1799999999981
28.0 20.0 660.1799999999981
28.0 0.0 660.1799999999981
28.0 20.0 660.1799999999981
28.0 0.0 660.1799999999981
20.0 29.379999999999992 660.1799999999981
20.0 29.379999999999992 660.1799999999981
20.0 29.379999999999992 660.1799999999981
20.0 29.379999999999992 660.1799999999981
28.0 20.0 660.1799999999981
28.0 0.0 660.1799999999981
28.0 20.0 660.1799999999981
28.0 0.0 660.1799999999981
20.0 29.379999999999992 660.1799999999981
20.0 29.379999999999992 660.1799999999981
28.0 20.0 660.1799999999981
28.0 0.0 660.1799999999981
28.0 20.0 660.1799999999981
28.0 0.0 660.1799999999981
28.02 20.0 660.1799999999981
28.02 0.0 660.1799999999981
28.02 20.0 660.1799999999981
28.02 0.0 660.1799999999981
28.02 20.0 660.1799999999981
28.02 0.0 660.1799999999981
28.02 20.0 660.1799999999981
28.02 0.0 660.1799999999981
28.0 20.0 660.1799999999981
28.0 0.0 660.1799999999981
28.0 20.0 660.1799999999981
28.0 0.0 660.1799999999981
27.98 20.0 660.1799999999981
27.98 0.0 660.1799999999981
27.98 20.0 660.1799999999981
27.98 0.0 660.1799999999981
20.0 29.359999999999992 660.1799999999981
20.0 29.359999999999992 660.1799999999981
20.0 29.359999999999992 660.1799999999981
20.0 29.359999999999992 660.1799999999981
20.0 29.359999999999992 660.1799999999981
20.0 29.359999999999992 660.1799999999981
20.0 29.379999999999992 660.1799999999981
20.0 29.379999999999992 660.1799999999981
27.96 20.0 660.1799999999981
27.96 0.0 660.1799999999981
27.96 20.0 660.1799999999981
27.96 0.0 660.1799999999981
24.960000000000022 20.0 660.1799999999981
24.960000000000022 0.0 660.1799999999981
24.960000000000022 20.0 660.1799999999981
24.960000000000022 0.0 660.1799999999981
27.98 20.0 660.1799999999981
27.98 0.0 660.1799999999981
27.98 20.0 660.1799999999981
27.98 0.0 660.1799999999981
24.940000000000023 20.0 660.1799999999981
24.940000000000023 0.0 660.1799999999981
24.940000000000023 20.0 660.1799999999981
24.940000000000023 0.0 660.1799999999981
24.940000000000023 20.0 660.1799999999981
24.940000000000023 0.0 660.1799999999981
24.940000000000023 20.0 660.1799999999981
24.940000000000023 0.0 660.1799999999981
28.0 20.0 660.1799999999981
28.0 0.0 660.1799999999981
28.0 20.0 660.1799999999981
28.0 0.0 660.1799999999981
28.0 20.0 660.1799999999981
28.0 0.0 660.1799999999981
28.0 20.0 660.1799999999981
28.0 0.0 660.1799999999981
24.940000000000023 20.0 660.1799999999981
24.940000000000023 0.0 660.1799999999981
24.940000000000023 20.0 660.1799999999981
24.940000000000023 0.0 660.1799999999981
24.960000000000022 20.0 660.1799999999981
24.960000000000022 0.0 660.1799999999981
24.960000000000022 20.0 660.1799999999981
24.960000000000022 0.0 660.1799999999981
20.0 29.39999999999999 660.1799999999981
20.0 29.39999999999999 660.1799999999981
20.0 29.41999999999999 660.1799999999981
20.0 29.41999999999999 660.1799999999981
27.98 20.0 660.1799999999981
27.98 0.0 660.1799999999981
27.98 20.0 660.1799999999981
27.98 0.0 660.1799999999981
20.0 29.41999999999999 660.1799999999981
20.0 29.41999999999999 660.1799999999981
27.98 20.0 660.1799999999981
27.98 0.0 660.1799999999981
27.98 20.0 660.1799999999981
27.98 0.0 660.1799999999981
24.960000000000022 20.0 660.1799999999981
24.960000000000022 0.0 660.1799999999981
24.960000000000022 20.0 660.1799999999981
24.960000000000022 0.0 660.1799999999981
27.98 20.0 660.1799999999981
27.98 0.0 660.1799999999981
27.98 20.0 660.1799999999981
27.98 0.0 660.1799999999981
27.98 20.0 660.1799999999981
27.98 0.0 660.1799999999981
27.98 20.0 660.1799999999981
27.98 0.0 660.1799999999981
27.96 20.0 660.1799999999981
27.96 0.0 660.1799999999981
27.96 20.0 660.1799999999981
27.96 0.0 660.1799999999981
20.0 29.41999999999999 660.1799999999981
20.0 29.41999999999999 660.1799999999981
20.0 29.43999999999999 660.1799999999981
20.0 29.43999999999999 660.1799999999981
27.96 20.0 660.1799999999981
27.96 0.0 660.1799999999981
27.96 20.0 660.1799999999981
27.96 0.0 660.1799999999981
27.96 20.0 660.1799999999981
27.96 0.0 660.1799999999981
27.96 20.0 660.1799999999981
27.96 0.0 660.1799999999981
27.98 20.0 660.1799999999981
27.98 0.0 660.1799999999981
27.98 20.0 660.1799999999981
27.98 0.0 660.1799999999981
20.0 29.41999999999999 660.1799999999981
20.0 29.41999999999999 660.1799999999981
20.0 29.41999999999999 660.1799999999981
20.0 29.41999999999999 660.1799999999981
20.0 29.43999999999999 660.1799999999981
20.0 29.43999999999999 660.1799999999981
20.0 29.43999999999999 660.1799999999981
20.0 29.43999999999999 660.1799999999981
20.0 29.45999999999999 660.1799999999981
20.0 29.45999999999999 660.1799999999981
20.0 29.43999999999999 660.1799999999981
20.0 29.43999999999999 660.1799999999981
20.0 29.45999999999999 660.1799999999981
20.0 29.45999999999999 660.1799999999981
20.0 29.45999999999999 660.1799999999981
20.0 29.45999999999999 660.1799999999981
20.0 29.719999999999985 660.1799999999981
20.0 29.719999999999985 660.1799999999981
20.0 29.759999999999984 660.1799999999981
20.0 29.759999999999984 660.1799999999981
20.0 29.759999999999984 660.1799999999981
20.0 29.759999999999984 660.1799999999981
20.0 29.779999999999983 660.1799999999981
20.0 29.779999999999983 660.1799999999981
20.0 29.799999999999983 660.1799999999981
20.0 29.799999999999983 660.1799999999981
20.0 29.799999999999983 660.1799999999981
20.0 29.799999999999983 660.1799999999981
20.0 29.799999999999983 660.1799999999981
20.0 29.799999999999983 660.1799999999981
20.0 29.839999999999982 660.1799999999981
20.0 29.839999999999982 660.1799999999981
20.0 29.819999999999983 660.1799999999981
20.0 29.819999999999983 660.1799999999981
20.0 29.819999999999983 660.1799999999981
20.0 29.819999999999983 660.1799999999981
20.0 29.819999999999983 660.1799999999981
20.0 29.819999999999983 660.1799999999981
20.0 29.819999999999983 660.1799999999981
20.0 29.819999999999983 660.1799999999981
20.0 29.819999999999983 660.1799999999981
20.0 29.819999999999983 660.1799999999981
20.0 29.839999999999982 660.1799999999981
20.0 29.839999999999982 660.1799999999981
20.0 29.839999999999982 660.1799999999981
20.0 29.839999999999982 660.1799999999981
20.0 29.839999999999982 660.1799999999981
20.0 29.839999999999982 660.1799999999981
20.0 29.839999999999982 660.1799999999981
20.0 29.839999999999982 660.1799999999981
20.0 29.839999999999982 660.1799999999981
20.0 29.839999999999982 660.1799999999981
20.0 29.799999999999983 660.1799999999981
20.0 29.799999999999983 660.1799999999981
20.0 29.839999999999982 660.1799999999981
20.0 29.839999999999982 660.1799999999981
20.0 29.819999999999983 660.1799999999981
20.0 29.819999999999983 660.1799999999981
20.0 29.85999999999998 660.1799999999981
20.0 29.85999999999998 660.1799999999981
20.0 29.85999999999998 660.1799999999981
20.0 29.85999999999998 660.1799999999981
20.0 29.89999999999998 660.1799999999981
20.0 29.89999999999998 660.1799999999981
20.0 29.89999999999998 660.1799999999981
20.0 29.89999999999998 660.1799999999981
20.0 29.89999999999998 660.1799999999981
20.0 29.89999999999998 660.1799999999981
20.0 29.87999999999998 660.1799999999981
20.0 29.87999999999998 660.1799999999981
20.0 29.839999999999982 660.1799999999981
20.0 29.839999999999982 660.1799999999981
20.0 29.839999999999982 660.1799999999981
20.0 29.839999999999982 660.1799999999981
20.0 29.839999999999982 660.1799999999981
20.0 29.839999999999982 660.1799999999981
20.0 29.839999999999982 660.1799999999981
20.0 29.839999999999982 660.1799999999981
20.0 29.839999999999982 660.1799999999981
20.0 29.839999999999982 660.1799999999981
20.0 29.839999999999982 660.1799999999981
20.0 29.839999999999982 660.1799999999981
20.0 29.819999999999983 660.1799999999981
20.0 29.819999999999983 660.1799999999981
20.0 29.799999999999983 660.1799999999981
20.0 29.799999999999983 660.1799999999981
20.0 29.819999999999983 660.1799999999981
20.0 29.819999999999983 660.1799999999981
20.0 29.819999999999983 660.1799999999981
20.0 29.819999999999983 660.1799999999981
20.0 29.839999999999982 660.1799999999981
20.0 29.839999999999982 660.1799999999981
20.0 29.87999999999998 660.1799999999981
20.0 29.87999999999998 660.1799999999981
20.0 29.89999999999998 660.1799999999981
20.0 29.89999999999998 660.1799999999981
20.0 29.93999999999998 660.1799999999981
20.0 29.93999999999998 660.1799999999981
20.0 29.95999999999998 660.1799999999981
20.0 29.95999999999998 660.1799999999981
28.0 20.0 660.1799999999981
28.0 0.0 660.1799999999981
28.0 20.0 660.1799999999981
28.0 0.0 660.1799999999981
28.0 20.0 660.1799999999981
28.0 0.0 660.1799999999981
28.0 20.0 660.1799999999981
28.0 0.0 660.1799999999981
13.789999999999983 18.98999999999953 660.1799999999981
8.0 0.9600000000000006 660.1799999999981
18.029999999999998 15.989999999999533 660.1799999999981
4.0 4.0 660.1799999999981
18.969999999999526 7.9300000000000015 660.1799999999981
17.999999999999687 10.179999999999975 660.1799999999981
15.0 3.039999999999999 660.1799999999981
9.029999999999978 18.009999999999376 660.1799999999981
4.009999999999957 8.01 660.1799999999981
11.999999999999957 15.919999999999535 660.1799999999981
1.7600000000000424 16.039999999999964 660.1799999999981
5.010000000000021 0.9700000000000006 660.1799999999981
4.010000000000042 18.989999999999842 660.1799999999981
7.000000000000021 15.279999999999392 660.1799999999981
16.009999999999533 6.970000000000001 660.1799999999981
12.0 5.059999999999977 660.1799999999981
15.889999999999223 13.009999999999957 660.1799999999981
18.009999999999533 3.9699999999999793 660.1799999999981
9.99 2.070000000000155 660.1799999999981
17.079999999999764 0.540000000000155 660.1799999999981
1.05 13.009999999999957 660.1799999999981
0.9900000000000007 9.96999999999998 660.1799999999981
7.000000000000021 3.9999999999999574 660.1799999999981
7.019999999999936 10.0 660.1799999999981
1.0000000000001554 5.960000000000022 660.1799999999981
9.98 12.0 660.1799999999981
16.99999999999976 18.079999999999856 660.1799999999981
12.08000000000002 0.9999999999999989 660.1799999999981
12.98 9.0 660.1799999999981
4.249999999999973 12.989999999999958 660.1799999999981
9.04 6.999999999999915 660.1799999999981
14.97999999999971 15.999999999999533 660.1799999999981
1.0 1.9400000000000213 660.1799999999981
-10 12 660.1799999999981
-10 12 660.1799999999981
-7 9 660.1799999999981
-7 9 660.1799999999981
-10 -8 660.1799999999981
-10 -8 660.1799999999981
-7 -11 660.1799999999981
-7 -11 660.1799999999981
-8 -16 660.1799999999981
-8 -16 660.1799999999981
0.0 -11.0 660.1799999999981
0.0 -11.0 660.1799999999981
0.0 -11.0 660.1799999999981
0.0 -11.0 660.1799999999981
0.0 -11.0 660.1799999999981
0.0 -11.0 660.1799999999981
0.0 -11.0 660.1799999999981
0.0 -11.0 660.1799999999981
0.0 -11.0 660.1799999999981
0.0 -11.0 660.1799999999981
0.0 -11.0 660.1799999999981
0.0 -11.0 660.1799999999981
0.0 -11.0 660.1799999999981
0.0 -11.0 660.1799999999981
0.0 -11.02 660.1799999999981
0.0 -11.02 660.1799999999981
0.0 -11.0 660.1799999999981
0.0 -11.0 660.1799999999981
0.0 -10.98 660.1799999999981
0.0 -10.98 660.1799999999981
0.0 -10.96 660.1799999999981
0.0 -10.96 660.1799999999981
0.0 -10.96 660.1799999999981
0.0 -10.96 660.1799999999981
0.0 -10.96 660.1799999999981
0.0 -10.96 660.1799999999981
0.0 -10.96 660.1799999999981
0.0 -10.96 660.1799999999981
0.0 -10.98 660.1799999999981
0.0 -10.98 660.1799999999981
0.0 -11.0 660.1799999999981
0.0 -11.0 660.1799999999981
0.0 -11.0 660.1799999999981
0.0 -11.0 660.1799999999981
0.0 -11.0 660.1799999999981
0.0 -11.0 660.1799999999981
0.0 -11.0 660.1799999999981
0.0 -11.0 660.1799999999981
0.0 -11.0 660.1799999999981
0.0 -11.0 660.1799999999981
0.0 -11.0 660.1799999999981
0.0 -11.0 660.1799999999981
0.0 -10.900000000000002 660.1799999999981
0.0 -10.900000000000002 660.1799999999981
0.0 -10.880000000000003 660.1799999999981
0.0 -10.880000000000003 660.1799999999981
0.0 -10.860000000000003 660.1799999999981
0.0 -10.860000000000003 660.1799999999981
0.0 -10.840000000000003 660.1799999999981
0.0 -10.840000000000003 660.1799999999981
0.0 -10.840000000000003 660.1799999999981
0.0 -10.840000000000003 660.1799999999981
0.0 -10.820000000000004 660.1799999999981
0.0 -10.820000000000004 660.1799999999981
0.0 -10.820000000000004 660.1799999999981
0.0 -10.820000000000004 660.1799999999981
0.0 -10.820000000000004 660.1799999999981
0.0 -10.820000000000004 660.1799999999981
0.0 -10.840000000000003 660.1799999999981
0.0 -10.840000000000003 660.1799999999981
0.0 -10.820000000000004 660.1799999999981
0.0 -10.820000000000004 660.1799999999981
0.0 -10.820000000000004 660.1799999999981
0.0 -10.820000000000004 660.1799999999981
0.0 -10.840000000000003 660.1799999999981
0.0 -10.840000000000003 660.1799999999981
0.0 -10.840000000000003 660.1799999999981
0.0 -10.840000000000003 660.1799999999981
-5.01 -17.030000000000005 660.1799999999981
-5.01 -17.030000000000005 660.1799999999981
0.0 -10.840000000000003 660.1799999999981
0.0 -10.840000000000003 660.1799999999981
0.0 -10.840000000000003 660.1799999999981
0.0 -10.840000000000003 660.1799999999981
0.0 -10.860000000000003 660.1799999999981
0.0 -10.860000000000003 660.1799999999981
0.0 -10.860000000000003 660.1799999999981
0.0 -10.860000000000003 660.1799999999981
0.0 -10.840000000000003 660.1799999999981
0.0 -10.840000000000003 660.1799999999981
0.0 -10.820000000000004 660.1799999999981
0.0 -10.820000000000004 660.1799999999981
0.0 -10.820000000000004 660.1799999999981
0.0 -10.820000000000004 660.1799999999981
0.0 -10.820000000000004 660.1799999999981
0.0 -10.820000000000004 660.1799999999981
0.0 -10.840000000000003 660.1799999999981
0.0 -10.840000000000003 660.1799999999981
0.0 -10.840000000000003 660.1799999999981
0.0 -10.840000000000003 660.1799999999981
0.0 -10.860000000000003 660.1799999999981
0.0 -10.860000000000003 660.1799999999981
0.0 -10.860000000000003 660.1799999999981
0.0 -10.860000000000003 660.1799999999981
0.0 -10.840000000000003 660.1799999999981
0.0 -10.840000000000003 660.1799999999981
0.0 -10.860000000000003 660.1799999999981
0.0 -10.860000000000003 660.1799999999981
0.0 -10.860000000000003 660.1799999999981
0.0 -10.860000000000003 660.1799999999981
0.0 -10.880000000000003 660.1799999999981
0.0 -10.880000000000003 660.1799999999981
0.0 -10.860000000000003 660.1799999999981
0.0 -10.860000000000003 660.1799999999981
0.0 -10.860000000000003 660.1799999999981
0.0 -10.860000000000003 660.1799999999981
0.0 -10.880000000000003 660.1799999999981
0.0 -10.880000000000003 660.1799999999981
0.0 -10.900000000000002 660.1799999999981
0.0 -10.900000000000002 660.1799999999981
0.0 -10.920000000000002 660.1799999999981
0.0 -10.920000000000002 660.1799999999981
0.0 -10.940000000000001 660.1799999999981
0.0 -10.940000000000001 660.1799999999981
0.0 -10.940000000000001 660.1799999999981
0.0 -10.940000000000001 660.1799999999981
0.0 -10.940000000000001 660.1799999999981
0.0 -10.940000000000001 660.1799999999981
0.0 -10.920000000000002 660.1799999999981
0.0 -10.920000000000002 660.1799999999981
0.0 -10.920000000000002 660.1799999999981
0.0 -10.920000000000002 660.1799999999981
0.0 -10.920000000000002 660.1799999999981
0.0 -10.920000000000002 660.1799999999981
0.0 -10.900000000000002 660.1799999999981
0.0 -10.900000000000002 660.1799999999981
0.0 -10.880000000000003 660.1799999999981
0.0 -10.880000000000003 660.1799999999981
0.0 -10.880000000000003 660.1799999999981
0.0 -10.880000000000003 660.1799999999981
0.0 -10.880000000000003 660.1799999999981
0.0 -10.880000000000003 660.1799999999981
0.0 -10.860000000000003 660.1799999999981
0.0 -10.860000000000003 660.1799999999981
0.0 -10.860000000000003 660.1799999999981
0.0 -10.860000000000003 660.1799999999981
0.0 -10.840000000000003 660.1799999999981
0.0 -10.840000000000003 660.1799999999981
0.0 -10.840000000000003 660.1799999999981
0.0 -10.840000000000003 660.1799999999981
0.0 -10.820000000000004 660.1799999999981
0.0 -10.820000000000004 660.1799999999981
0.0 -10.820000000000004 660.1799999999981
0.0 -10.820000000000004 660.1799999999981
0.0 -10.840000000000003 660.1799999999981
0.0 -10.840000000000003 660.1799999999981
0.0 -10.860000000000003 660.1799999999981
0.0 -10.860000000000003 660.1799999999981
0.0 -10.820000000000004 660.1799999999981
0.0 -10.820000000000004 660.1799999999981
0.0 -10.820000000000004 660.1799999999981
0.0 -10.820000000000004 660.1799999999981
0.0 -10.840000000000003 660.1799999999981
0.0 -10.840000000000003 660.1799999999981
0.0 -10.840000000000003 660.1799999999981
0.0 -10.840000000000003 660.1799999999981
0.0 -10.840000000000003 660.1799999999981
0.0 -10.840000000000003 660.1799999999981
0.0 -10.840000000000003 660.1799999999981
0.0 -10.840000000000003 660.1799999999981
0.0 -10.840000000000003 660.1799999999981
0.0 -10.840000000000003 660.1799999999981
0.0 -10.820000000000004 660.1799999999981
0.0 -10.820000000000004 660.1799999999981
0.0 -10.820000000000004 660.1799999999981
0.0 -10.820000000000004 660.1799999999981
0.0 -10.820000000000004 660.1799999999981
0.0 -10.820000000000004 660.1799999999981
0.0 -10.820000000000004 660.1799999999981
0.0 -10.820000000000004 660.1799999999981
0.0 -10.820000000000004 660.1799999999981
0.0 -10.820000000000004 660.1799999999981
0.0 -10.800000000000004 660.1799999999981
0.0 -10.800000000000004 660.1799999999981
0.0 -10.800000000000004 660.1799999999981
0.0 -10.800000000000004 660.1799999999981
0.0 -10.800000000000004 660.1799999999981
0.0 -10.800000000000004 660.1799999999981
0.0 -10.800000000000004 660.1799999999981
0.0 -10.800000000000004 660.1799999999981
0.0 -10.780000000000005 660.1799999999981
0.0 -10.780000000000005 660.1799999999981
0.0 -10.760000000000005 660.1799999999981
0.0 -10.760000000000005 660.1799999999981
0.0 -10.740000000000006 660.1799999999981
0.0 -10.740000000000006 660.1799999999981
0.0 -10.760000000000005 660.1799999999981
0.0 -10.760000000000005 660.1799999999981
0.0 -10.760000000000005 660.1799999999981
0.0 -10.760000000000005 660.1799999999981
0.0 -10.740000000000006 660.1799999999981
0.0 -10.740000000000006 660.1799999999981
0.0 -10.760000000000005 660.1799999999981
0.0 -10.760000000000005 660.1799999999981
0.0 -10.740000000000006 660.1799999999981
0.0 -10.740000000000006 660.1799999999981
0.0 -10.740000000000006 660.1799999999981
0.0 -10.740000000000006 660.1799999999981
0.0 -10.720000000000006 660.1799999999981
0.0 -10.720000000000006 660.1799999999981
0.0 -10.720000000000006 660.1799999999981
0.0 -10.720000000000006 660.1799999999981
0.0 -10.700000000000006 660.1799999999981
0.0 -10.700000000000006 660.1799999999981
0.0 -10.720000000000006 660.1799999999981
0.0 -10.720000000000006 660.1799999999981
0.0 -10.720000000000006 660.1799999999981
0.0 -10.720000000000006 660.1799999999981
0.0 -10.740000000000006 660.1799999999981
0.0 -10.740000000000006 660.1799999999981
0.0 -10.740000000000006 660.1799999999981
0.0 -10.740000000000006 660.1799999999981
0.0 -10.720000000000006 660.1799999999981
0.0 -10.720000000000006 660.1799999999981
0.0 -10.720000000000006 660.1799999999981
0.0 -10.720000000000006 660.1799999999981
0.0 -10.740000000000006 660.1799999999981
0.0 -10.740000000000006 660.1799999999981
0.0 -10.740000000000006 660.1799999999981
0.0 -10.740000000000006 660.1799999999981
0.0 -10.720000000000006 660.1799999999981
0.0 -10.720000000000006 660.1799999999981
0.0 -10.720000000000006 660.1799999999981
0.0 -10.720000000000006 660.1799999999981
0.0 -10.720000000000006 660.1799999999981
0.0 -10.720000000000006 660.1799999999981
0.0 -10.700000000000006 660.1799999999981
0.0 -10.700000000000006 660.1799999999981
0.0 -10.700000000000006 660.1799999999981
0.0 -10.700000000000006 660.1799999999981
0.0 -10.700000000000006 660.1799999999981
0.0 -10.700000000000006 660.1799999999981
0.0 -10.720000000000006 660.1799999999981
0.0 -10.720000000000006 660.1799999999981
0.0 -10.700000000000006 660.1799999999981
0.0 -10.700000000000006 660.1799999999981
0.0 -10.720000000000006 660.1799999999981
0.0 -10.720000000000006 660.1799999999981
0.0 -10.720000000000006 660.1799999999981
0.0 -10.720000000000006 660.1799999999981
0.0 -10.740000000000006 660.1799999999981
0.0 -10.740000000000006 660.1799999999981
0.0 -10.740000000000006 660.1799999999981
0.0 -10.740000000000006 660.1799999999981
0.0 -10.720000000000006 660.1799999999981
0.0 -10.720000000000006 660.1799999999981
0.0 -10.700000000000006 660.1799999999981
0.0 -10.700000000000006 660.1799999999981
0.0 -10.700000000000006 660.1799999999981
0.0 -10.700000000000006 660.1799999999981
0.0 -10.720000000000006 660.1799999999981
0.0 -10.720000000000006 660.1799999999981
0.0 -10.700000000000006 660.1799999999981
0.0 -10.700000000000006 660.1799999999981
0.0 -10.680000000000007 660.1799999999981
0.0 -10.680000000000007 660.1799999999981
0.0 -10.680000000000007 660.1799999999981
0.0 -10.680000000000007 660.1799999999981
0.0 -10.660000000000007 660.1799999999981
0.0 -10.660000000000007 660.1799999999981
0.0 -10.660000000000007 660.1799999999981
0.0 -10.660000000000007 660.1799999999981
0.0 -10.660000000000007 660.1799999999981
0.0 -10.660000000000007 660.1799999999981
0.0 -10.660000000000007 660.1799999999981
0.0 -10.660000000000007 660.1799999999981
0.0 -10.660000000000007 660.1799999999981
0.0 -10.660000000000007 660.1799999999981
0.0 -10.680000000000007 660.1799999999981
0.0 -10.680000000000007 660.1799999999981
0.0 -10.660000000000007 660.1799999999981
0.0 -10.660000000000007 660.1799999999981
0.0 -10.660000000000007 660.1799999999981
0.0 -10.660000000000007 660.1799999999981
0.0 -10.660000000000007 660.1799999999981
0.0 -10.660000000000007 660.1799999999981
0.0 -10.680000000000007 660.1799999999981
0.0 -10.680000000000007 660.1799999999981
0.0 -10.700000000000006 660.1799999999981
0.0 -10.700000000000006 660.1799999999981
0.0 -10.720000000000006 660.1799999999981
0.0 -10.720000000000006 660.1799999999981
0.0 -10.720000000000006 660.1799999999981
0.0 -10.720000000000006 660.1799999999981
0.0 -10.700000000000006 660.1799999999981
0.0 -10.700000000000006 660.1799999999981
0.0 -10.720000000000006 660.1799999999981
0.0 -10.720000000000006 660.1799999999981
0.0 -10.680000000000007 660.1799999999981
0.0 -10.680000000000007 660.1799999999981
0.0 -10.660000000000007 660.1799999999981
0.0 -10.660000000000007 660.1799999999981
0.0 -10.640000000000008 660.1799999999981
0.0 -10.640000000000008 660.1799999999981
0.0 -10.620000000000008 660.1799999999981
0.0 -10.620000000000008 660.1799999999981
0.0 -10.620000000000008 660.1799999999981
0.0 -10.620000000000008 660.1799999999981
0.0 -10.620000000000008 660.1799999999981
0.0 -10.620000000000008 660.1799999999981
0.0 -10.640000000000008 660.1799999999981
0.0 -10.640000000000008 660.1799999999981
0.0 -10.640000000000008 660.1799999999981
0.0 -10.640000000000008 660.1799999999981
0.0 -10.640000000000008 660.1799999999981
0.0 -10.640000000000008 660.1799999999981
0.0 -10.620000000000008 660.1799999999981
0.0 -10.620000000000008 660.1799999999981
0.0 -10.600000000000009 660.1799999999981
0.0 -10.600000000000009 660.1799999999981
0.0 -10.580000000000009 660.1799999999981
0.0 -10.580000000000009 660.1799999999981
0.0 -10.580000000000009 660.1799999999981
0.0 -10.580000000000009 660.1799999999981
0.0 -10.580000000000009 660.1799999999981
0.0 -10.580000000000009 660.1799999999981
0.0 -10.56000000000001 660.1799999999981
0.0 -10.56000000000001 660.1799999999981
0.0 -10.580000000000009 660.1799999999981
0.0 -10.580000000000009 660.1799999999981
0.0 -10.580000000000009 660.1799999999981
0.0 -10.580000000000009 660.1799999999981
0.0 -10.56000000000001 660.1799999999981
0.0 -10.56000000000001 660.1799999999981
0.0 -10.56000000000001 660.1799999999981
0.0 -10.56000000000001 660.1799999999981
0.0 -10.54000000000001 660.1799999999981
0.0 -10.54000000000001 660.1799999999981
0.0 -10.56000000000001 660.1799999999981
0.0 -10.56000000000001 660.1799999999981
0.0 -10.54000000000001 660.1799999999981
0.0 -10.54000000000001 660.1799999999981
0.0 -10.54000000000001 660.1799999999981
0.0 -10.54000000000001 660.1799999999981
0.0 -10.280000000000015 660.1799999999981
0.0 -10.280000000000015 660.1799999999981
0.0 -10.240000000000016 660.1799999999981
0.0 -10.240000000000016 660.1799999999981
0.0 -10.240000000000016 660.1799999999981
0.0 -10.240000000000016 660.1799999999981
0.0 -10.220000000000017 660.1799999999981
0.0 -10.220000000000017 660.1799999999981
0.0 -10.200000000000017 660.1799999999981
0.0 -10.200000000000017 660.1799999999981
0.0 -10.200000000000017 660.1799999999981
0.0 -10.200000000000017 660.1799999999981
0.0 -10.200000000000017 660.1799999999981
0.0 -10.200000000000017 660.1799999999981
0.0 -10.160000000000018 660.1799999999981
0.0 -10.160000000000018 660.1799999999981
0.0 -10.180000000000017 660.1799999999981
0.0 -10.180000000000017 660.1799999999981
0.0 -10.180000000000017 660.1799999999981
0.0 -10.180000000000017 660.1799999999981
0.0 -10.180000000000017 660.1799999999981
0.0 -10.180000000000017 660.1799999999981
0.0 -10.180000000000017 660.1799999999981
0.0 -10.180000000000017 660.1799999999981
0.0 -10.180000000000017 660.1799999999981
0.0 -10.180000000000017 660.1799999999981
0.0 -10.160000000000018 660.1799999999981
0.0 -10.160000000000018 660.1799999999981
0.0 -10.160000000000018 660.1799999999981
0.0 -10.160000000000018 660.1799999999981
0.0 -10.160000000000018 660.1799999999981
0.0 -10.160000000000018 660.1799999999981
0.0 -10.160000000000018 660.1799999999981
0.0 -10.160000000000018 660.1799999999981
0.0 -10.160000000000018 660.1799999999981
0.0 -10.160000000000018 660.1799999999981
0.0 -10.200000000000017 660.1799999999981
0.0 -10.200000000000017 660.1799999999981
0.0 -10.160000000000018 660.1799999999981
0.0 -10.160000000000018 660.1799999999981
0.0 -10.180000000000017 660.1799999999981
0.0 -10.180000000000017 660.1799999999981
0.0 -10.140000000000018 660.1799999999981
0.0 -10.140000000000018 660.1799999999981
0.0 -10.140000000000018 660.1799999999981
0.0 -10.140000000000018 660.1799999999981
0.0 -10.10000000000002 660.1799999999981
0.0 -10.10000000000002 660.1799999999981
0.0 -10.10000000000002 660.1799999999981
0.0 -10.10000000000002 660.1799999999981
0.0 -10.10000000000002 660.1799999999981
0.0 -10.10000000000002 660.1799999999981
0.0 -10.120000000000019 660.1799999999981
0.0 -10.120000000000019 660.1799999999981
0.0 -10.160000000000018 660.1799999999981
0.0 -10.160000000000018 660.1799999999981
0.0 -10.160000000000018 660.1799999999981
0.0 -10.160000000000018 660.1799999999981
0.0 -10.160000000000018 660.1799999999981
0.0 -10.160000000000018 660.1799999999981
0.0 -10.160000000000018 660.1799999999981
0.0 -10.160000000000018 660.1799999999981
0.0 -10.160000000000018 660.1799999999981
0.0 -10.160000000000018 660.1799999999981
0.0 -10.160000000000018 660.1799999999981
0.0 -10.160000000000018 660.1799999999981
0.0 -10.180000000000017 660.1799999999981
0.0 -10.180000000000017 660.1799999999981
0.0 -10.200000000000017 660.1799999999981
0.0 -10.200000000000017 660.1799999999981
0.0 -10.180000000000017 660.1799999999981
0.0 -10.180000000000017 660.1799999999981
0.0 -10.180000000000017 660.1799999999981
0.0 -10.180000000000017 660.1799999999981
0.0 -10.160000000000018 660.1799999999981
0.0 -10.160000000000018 660.1799999999981
0.0 -10.120000000000019 660.1799999999981
0.0 -10.120000000000019 660.1799999999981
0.0 -10.10000000000002 660.1799999999981
0.0 -10.10000000000002 660.1799999999981
0.0 -10.06000000000002 660.1799999999981
0.0 -10.06000000000002 660.1799999999981
0.0 -10.04000000000002 660.1799999999981
0.0 -10.04000000000002 660.1799999999981
-8 4 660.1799999999981
-8 4 660.1799999999981
-5.01 2.9699999999999953 660.1799999999981
-5.01 2.9699999999999953 660.1799999999981
10 -8 660.1799999999981
10 -8 660.1799999999981
24 -6 660.1799999999981
24 -6 660.1799999999981
24 -10 660.1799999999981
24 -10 660.1799999999981
23 -9 660.1799999999981
23 -9 660.1799999999981
4 -6 660.1799999999981
4 -6 660.1799999999981
4 -10 660.1799999999981
4 -10 660.1799999999981
3 -9 660.1799999999981
3 -9 660.1799999999981
