0 29 659.1600000000025
20 29 659.1600000000025
13 29 659.1600000000025
13 29 659.1600000000025
26 0 659.1600000000025
26 20 659.1600000000025
24 14 659.1600000000025
24 14 659.1600000000025
24 4 659.1600000000025
4 24 659.1600000000025
24 24 659.1600000000025
12 24 659.1600000000025
12 24 659.1600000000025
28 0 659.1600000000025
28 20 659.1600000000025
24 10 659.1600000000025
24 10 659.1600000000025
29 3 659.1600000000025
9 23 659.1600000000025
29 23 659.1600000000025
23 11 659.1600000000025
23 11 659.1600000000025
20.0 29.0 659.1600000000025
20.0 29.0 659.1600000000025
26.0 20.0 659.1600000000025
26.0 0.0 659.1600000000025
26.0 20.0 659.1600000000025
26.0 0.0 659.1600000000025
20.0 29.0 659.1600000000025
20.0 29.0 659.1600000000025
25.98 20.0 659.1600000000025
25.98 0.0 659.1600000000025
25.98 20.0 659.1600000000025
25.98 0.0 659.1600000000025
25.98 20.0 659.1600000000025
25.98 0.0 659.1600000000025
25.98 20.0 659.1600000000025
25.98 0.0 659.1600000000025
25.94 20.0 659.1600000000025
25.94 0.0 659.1600000000025
25.94 20.0 659.1600000000025
25.94 0.0 659.1600000000025
20.0 29.0 659.1600000000025
20.0 29.0 659.1600000000025
20.0 29.0 659.1600000000025
20.0 29.0 659.1600000000025
27.98 20.0 659.1600000000025
27.98 0.0 659.1600000000025
27.98 20.0 659.1600000000025
27.98 0.0 659.1600000000025
20.0 29.0 659.1600000000025
20.0 29.0 659.1600000000025
20.0 29.0 659.1600000000025
20.0 29.0 659.1600000000025
28.02 20.0 659.1600000000025
28.02 0.0 659.1600000000025
28.02 20.0 659.1600000000025
28.02 0.0 659.1600000000025
25.900000000000002 20.0 659.1600000000025
25.900000000000002 0.0 659.1600000000025
25.900000000000002 20.0 659.1600000000025
25.900000000000002 0.0 659.1600000000025
25.900000000000002 20.0 659.1600000000025
25.900000000000002 0.0 659.1600000000025
25.900000000000002 20.0 659.1600000000025
25.900000000000002 0.0 659.1600000000025
25.900000000000002 20.0 659.1600000000025
25.900000000000002 0.0 659.1600000000025
25.900000000000002 20.0 659.1600000000025
25.900000000000002 0.0 659.1600000000025
25.880000000000003 20.0 659.1600000000025
25.880000000000003 0.0 659.1600000000025
25.880000000000003 20.0 659.1600000000025
25.880000000000003 0.0 659.1600000000025
20.0 29.0 659.1600000000025
20.0 29.0 659.1600000000025
25.880000000000003 20.0 659.1600000000025
25.880000000000003 0.0 659.1600000000025
25.880000000000003 20.0 659.1600000000025
25.880000000000003 0.0 659.1600000000025
28.0 20.0 659.1600000000025
28.0 0.0 659.1600000000025
28.0 20.0 659.1600000000025
28.0 0.0 659.1600000000025
25.860000000000003 20.0 659.1600000000025
25.860000000000003 0.0 659.1600000000025
25.860000000000003 20.0 659.1600000000025
25.860000000000003 0.0 659.1600000000025
25.840000000000003 20.0 659.1600000000025
25.840000000000003 0.0 659.1600000000025
25.840000000000003 20.0 659.1600000000025
25.840000000000003 0.0 659.1600000000025
28.0 20.0 659.1600000000025
28.0 0.0 659.1600000000025
28.0 20.0 659.1600000000025
28.0 0.0 659.1600000000025
25.820000000000004 20.0 659.1600000000025
25.820000000000004 0.0 659.1600000000025
25.820000000000004 20.0 659.1600000000025
25.820000000000004 0.0 659.1600000000025
25.820000000000004 20.0 659.1600000000025
25.820000000000004 0.0 659.1600000000025
25.820000000000004 20.0 659.1600000000025
25.820000000000004 0.0 659.1600000000025
20.0 28.98 659.1600000000025
20.0 28.98 659.1600000000025
25.800000000000004 20.0 659.1600000000025
25.800000000000004 0.0 659.1600000000025
25.800000000000004 20.0 659.1600000000025
25.800000000000004 0.0 659.1600000000025
25.780000000000005 20.0 659.1600000000025
25.780000000000005 0.0 659.1600000000025
25.780000000000005 20.0 659.1600000000025
25.780000000000005 0.0 659.1600000000025
25.780000000000005 20.0 659.1600000000025
25.780000000000005 0.0 659.1600000000025
25.780000000000005 20.0 659.1600000000025
25.780000000000005 0.0 659.1600000000025
28.0 20.0 659.1600000000025
28.0 0.0 659.1600000000025
28.0 20.0 659.1600000000025
28.0 0.0 659.1600000000025
25.780000000000005 20.0 659.1600000000025
25.780000000000005 0.0 659.1600000000025
25.780000000000005 20.0 659.1600000000025
25.780000000000005 0.0 659.1600000000025
20.0 29.0 659.1600000000025
20.0 29.0 659.1600000000025
25.780000000000005 20.0 659.1600000000025
25.780000000000005 0.0 659.1600000000025
25.780000000000005 20.0 659.1600000000025
25.780000000000005 0.0 659.1600000000025
28.0 20.0 659.1600000000025
28.0 0.0 659.1600000000025
28.0 20.0 659.1600000000025
28.0 0.0 659.1600000000025
20.0 29.02 659.1600000000025
20.0 29.02 659.1600000000025
27.98 20.0 659.1600000000025
27.98 0.0 659.1600000000025
27.98 20.0 659.1600000000025
27.98 0.0 659.1600000000025
27.98 20.0 659.1600000000025
27.98 0.0 659.1600000000025
27.98 20.0 659.1600000000025
27.98 0.0 659.1600000000025
28.0 20.0 659.1600000000025
28.0 0.0 659.1600000000025
28.0 20.0 659.1600000000025
28.0 0.0 659.1600000000025
25.740000000000006 20.0 659.1600000000025
25.740000000000006 0.0 659.1600000000025
25.740000000000006 20.0 659.1600000000025
25.740000000000006 0.0 659.1600000000025
25.720000000000006 20.0 659.1600000000025
25.720000000000006 0.0 659.1600000000025
25.720000000000006 20.0 659.1600000000025
25.720000000000006 0.0 659.1600000000025
27.98 20.0 659.1600000000025
27.98 0.0 659.1600000000025
27.98 20.0 659.1600000000025
27.98 0.0 659.1600000000025
25.700000000000006 20.0 659.1600000000025
25.700000000000006 0.0 659.1600000000025
25.700000000000006 20.0 659.1600000000025
25.700000000000006 0.0 659.1600000000025
28.0 20.0 659.1600000000025
28.0 0.0 659.1600000000025
28.0 20.0 659.1600000000025
28.0 0.0 659.1600000000025
25.700000000000006 20.0 659.1600000000025
25.700000000000006 0.0 659.1600000000025
25.700000000000006 20.0 659.1600000000025
25.700000000000006 0.0 659.1600000000025
20.0 29.04 659.1600000000025
20.0 29.04 659.1600000000025
20.0 29.04 659.1600000000025
20.0 29.04 659.1600000000025
20.0 29.04 659.1600000000025
20.0 29.04 659.1600000000025
25.54000000000001 20.0 659.1600000000025
25.54000000000001 0.0 659.1600000000025
25.54000000000001 20.0 659.1600000000025
25.54000000000001 0.0 659.1600000000025
20.0 29.04 659.1600000000025
20.0 29.04 659.1600000000025
25.52000000000001 20.0 659.1600000000025
25.52000000000001 0.0 659.1600000000025
25.52000000000001 20.0 659.1600000000025
25.52000000000001 0.0 659.1600000000025
25.50000000000001 20.0 659.1600000000025
25.50000000000001 0.0 659.1600000000025
25.50000000000001 20.0 659.1600000000025
25.50000000000001 0.0 659.1600000000025
20.0 29.02 659.1600000000025
20.0 29.02 659.1600000000025
25.48000000000001 20.0 659.1600000000025
25.48000000000001 0.0 659.1600000000025
25.48000000000001 20.0 659.1600000000025
25.48000000000001 0.0 659.1600000000025
28.0 20.0 659.1600000000025
28.0 0.0 659.1600000000025
28.0 20.0 659.1600000000025
28.0 0.0 659.1600000000025
28.0 20.0 659.1600000000025
28.0 0.0 659.1600000000025
28.0 20.0 659.1600000000025
28.0 0.0 659.1600000000025
25.46000000000001 20.0 659.1600000000025
25.46000000000001 0.0 659.1600000000025
25.46000000000001 20.0 659.1600000000025
25.46000000000001 0.0 659.1600000000025
20.0 29.0 659.1600000000025
20.0 29.0 659.1600000000025
25.420000000000012 20.0 659.1600000000025
25.420000000000012 0.0 659.1600000000025
25.420000000000012 20.0 659.1600000000025
25.420000000000012 0.0 659.1600000000025
25.380000000000013 20.0 659.1600000000025
25.380000000000013 0.0 659.1600000000025
25.380000000000013 20.0 659.1600000000025
25.380000000000013 0.0 659.1600000000025
25.360000000000014 20.0 659.1600000000025
25.360000000000014 0.0 659.1600000000025
25.360000000000014 20.0 659.1600000000025
25.360000000000014 0.0 659.1600000000025
20.0 29.0 659.1600000000025
20.0 29.0 659.1600000000025
25.360000000000014 20.0 659.1600000000025
25.360000000000014 0.0 659.1600000000025
25.360000000000014 20.0 659.1600000000025
25.360000000000014 0.0 659.1600000000025
20.0 29.0 659.1600000000025
20.0 29.0 659.1600000000025
25.300000000000015 20.0 659.1600000000025
25.300000000000015 0.0 659.1600000000025
25.300000000000015 20.0 659.1600000000025
25.300000000000015 0.0 659.1600000000025
20.0 29.0 659.1600000000025
20.0 29.0 659.1600000000025
28.0 20.0 659.1600000000025
28.0 0.0 659.1600000000025
28.0 20.0 659.1600000000025
28.0 0.0 659.1600000000025
25.280000000000015 20.0 659.1600000000025
25.280000000000015 0.0 659.1600000000025
25.280000000000015 20.0 659.1600000000025
25.280000000000015 0.0 659.1600000000025
25.240000000000016 20.0 659.1600000000025
25.240000000000016 0.0 659.1600000000025
25.240000000000016 20.0 659.1600000000025
25.240000000000016 0.0 659.1600000000025
20.0 29.0 659.1600000000025
20.0 29.0 659.1600000000025
25.220000000000017 20.0 659.1600000000025
25.220000000000017 0.0 659.1600000000025
25.220000000000017 20.0 659.1600000000025
25.220000000000017 0.0 659.1600000000025
20.0 29.0 659.1600000000025
20.0 29.0 659.1600000000025
28.0 20.0 659.1600000000025
28.0 0.0 659.1600000000025
28.0 20.0 659.1600000000025
28.0 0.0 659.1600000000025
28.0 20.0 659.1600000000025
28.0 0.0 659.1600000000025
28.0 20.0 659.1600000000025
28.0 0.0 659.1600000000025
25.160000000000018 20.0 659.1600000000025
25.160000000000018 0.0 659.1600000000025
25.160000000000018 20.0 659.1600000000025
25.160000000000018 0.0 659.1600000000025
25.14000000000002 20.0 659.1600000000025
25.14000000000002 0.0 659.1600000000025
25.14000000000002 20.0 659.1600000000025
25.14000000000002 0.0 659.1600000000025
27.98 20.0 659.1600000000025
27.98 0.0 659.1600000000025
27.98 20.0 659.1600000000025
27.98 0.0 659.1600000000025
25.14000000000002 20.0 659.1600000000025
25.14000000000002 0.0 659.1600000000025
25.14000000000002 20.0 659.1600000000025
25.14000000000002 0.0 659.1600000000025
25.12000000000002 20.0 659.1600000000025
25.12000000000002 0.0 659.1600000000025
25.12000000000002 20.0 659.1600000000025
25.12000000000002 0.0 659.1600000000025
25.12000000000002 20.0 659.1600000000025
25.12000000000002 0.0 659.1600000000025
25.12000000000002 20.0 659.1600000000025
25.12000000000002 0.0 659.1600000000025
20.0 29.099999999999998 659.1600000000025
20.0 29.099999999999998 659.1600000000025
20.0 29.119999999999997 659.1600000000025
20.0 29.119999999999997 659.1600000000025
20.0 29.139999999999997 659.1600000000025
20.0 29.139999999999997 659.1600000000025
24.98000000000002 20.0 659.1600000000025
24.98000000000002 0.0 659.1600000000025
24.98000000000002 20.0 659.1600000000025
24.98000000000002 0.0 659.1600000000025
20.0 29.159999999999997 659.1600000000025
20.0 29.159999999999997 659.1600000000025
20.0 29.159999999999997 659.1600000000025
20.0 29.159999999999997 659.1600000000025
25.02000000000002 20.0 659.1600000000025
25.02000000000002 0.0 659.1600000000025
25.02000000000002 20.0 659.1600000000025
25.02000000000002 0.0 659.1600000000025
25.02000000000002 20.0 659.1600000000025
25.02000000000002 0.0 659.1600000000025
25.02000000000002 20.0 659.1600000000025
25.02000000000002 0.0 659.1600000000025
25.00000000000002 20.0 659.1600000000025
25.00000000000002 0.0 659.1600000000025
25.00000000000002 20.0 659.1600000000025
25.00000000000002 0.0 659.1600000000025
25.00000000000002 20.0 659.1600000000025
25.00000000000002 0.0 659.1600000000025
25.00000000000002 20.0 659.1600000000025
25.00000000000002 0.0 659.1600000000025
24.98000000000002 20.0 659.1600000000025
24.98000000000002 0.0 659.1600000000025
24.98000000000002 20.0 659.1600000000025
24.98000000000002 0.0 659.1600000000025
24.960000000000022 20.0 659.1600000000025
24.960000000000022 0.0 659.1600000000025
24.960000000000022 20.0 659.1600000000025
24.960000000000022 0.0 659.1600000000025
24.940000000000023 20.0 659.1600000000025
24.940000000000023 0.0 659.1600000000025
24.940000000000023 20.0 659.1600000000025
24.940000000000023 0.0 659.1600000000025
24.920000000000023 20.0 659.1600000000025
24.920000000000023 0.0 659.1600000000025
24.920000000000023 20.0 659.1600000000025
24.920000000000023 0.0 659.1600000000025
20.0 29.179999999999996 659.1600000000025
20.0 29.179999999999996 659.1600000000025
20.0 29.179999999999996 659.1600000000025
20.0 29.179999999999996 659.1600000000025
20.0 29.179999999999996 659.1600000000025
20.0 29.179999999999996 659.1600000000025
20.0 29.159999999999997 659.1600000000025
20.0 29.159999999999997 659.1600000000025
20.0 29.179999999999996 659.1600000000025
20.0 29.179999999999996 659.1600000000025
20.0 29.179999999999996 659.1600000000025
20.0 29.179999999999996 659.1600000000025
20.0 29.159999999999997 659.1600000000025
20.0 29.159999999999997 659.1600000000025
20.0 29.159999999999997 659.1600000000025
20.0 29.159999999999997 659.1600000000025
14.99 22.969999999999995 659.1600000000025
14.99 22.969999999999995 659.1600000000025
20.0 29.159999999999997 659.1600000000025
20.0 29.159999999999997 659.1600000000025
20.0 29.159999999999997 659.1600000000025
20.0 29.159999999999997 659.1600000000025
20.0 29.139999999999997 659.1600000000025
20.0 29.139999999999997 659.1600000000025
20.0 29.139999999999997 659.1600000000025
20.0 29.139999999999997 659.1600000000025
20.0 29.159999999999997 659.1600000000025
20.0 29.159999999999997 659.1600000000025
20.0 29.179999999999996 659.1600000000025
20.0 29.179999999999996 659.1600000000025
20.0 29.179999999999996 659.1600000000025
20.0 29.179999999999996 659.1600000000025
28.0 20.0 659.1600000000025
28.0 0.0 659.1600000000025
28.0 20.0 659.1600000000025
28.0 0.0 659.1600000000025
27.98 20.0 659.1600000000025
27.98 0.0 659.1600000000025
27.98 20.0 659.1600000000025
27.98 0.0 659.1600000000025
20.0 29.179999999999996 659.1600000000025
20.0 29.179999999999996 659.1600000000025
28.0 20.0 659.1600000000025
28.0 0.0 659.1600000000025
28.0 20.0 659.1600000000025
28.0 0.0 659.1600000000025
20.0 29.159999999999997 659.1600000000025
20.0 29.159999999999997 659.1600000000025
20.0 29.159999999999997 659.1600000000025
20.0 29.159999999999997 659.1600000000025
28.0 20.0 659.1600000000025
28.0 0.0 659.1600000000025
28.0 20.0 659.1600000000025
28.0 0.0 659.1600000000025
20.0 29.139999999999997 659.1600000000025
20.0 29.139999999999997 659.1600000000025
20.0 29.139999999999997 659.1600000000025
20.0 29.139999999999997 659.1600000000025
28.0 20.0 659.1600000000025
28.0 0.0 659.1600000000025
28.0 20.0 659.1600000000025
28.0 0.0 659.1600000000025
20.0 29.159999999999997 659.1600000000025
20.0 29.159999999999997 659.1600000000025
20.0 29.139999999999997 659.1600000000025
20.0 29.139999999999997 659.1600000000025
20.0 29.139999999999997 659.1600000000025
20.0 29.139999999999997 659.1600000000025
20.0 29.119999999999997 659.1600000000025
20.0 29.119999999999997 659.1600000000025
28.0 20.0 659.1600000000025
28.0 0.0 659.1600000000025
28.0 20.0 659.1600000000025
28.0 0.0 659.1600000000025
20.0 29.139999999999997 659.1600000000025
20.0 29.139999999999997 659.1600000000025
20.0 29.139999999999997 659.1600000000025
20.0 29.139999999999997 659.1600000000025
20.0 29.119999999999997 659.1600000000025
20.0 29.119999999999997 659.1600000000025
20.0 29.099999999999998 659.1600000000025
20.0 29.099999999999998 659.1600000000025
28.0 20.0 659.1600000000025
28.0 0.0 659.1600000000025
28.0 20.0 659.1600000000025
28.0 0.0 659.1600000000025
20.0 29.08 659.1600000000025
20.0 29.08 659.1600000000025
28.0 20.0 659.1600000000025
28.0 0.0 659.1600000000025
28.0 20.0 659.1600000000025
28.0 0.0 659.1600000000025
28.0 20.0 659.1600000000025
28.0 0.0 659.1600000000025
28.0 20.0 659.1600000000025
28.0 0.0 659.1600000000025
20.0 29.06 659.1600000000025
20.0 29.06 659.1600000000025
20.0 29.06 659.1600000000025
20.0 29.06 659.1600000000025
28.0 20.0 659.1600000000025
28.0 0.0 659.1600000000025
28.0 20.0 659.1600000000025
28.0 0.0 659.1600000000025
20.0 29.06 659.1600000000025
20.0 29.06 659.1600000000025
28.0 20.0 659.1600000000025
28.0 0.0 659.1600000000025
28.0 20.0 659.1600000000025
28.0 0.0 659.1600000000025
20.0 29.08 659.1600000000025
20.0 29.08 659.1600000000025
20.0 29.08 659.1600000000025
20.0 29.08 659.1600000000025
20.0 29.08 659.1600000000025
20.0 29.08 659.1600000000025
25.00000000000002 20.0 659.1600000000025
25.00000000000002 0.0 659.1600000000025
25.00000000000002 20.0 659.1600000000025
25.00000000000002 0.0 659.1600000000025
20.0 29.099999999999998 659.1600000000025
20.0 29.099999999999998 659.1600000000025
20.0 29.119999999999997 659.1600000000025
20.0 29.119999999999997 659.1600000000025
20.0 29.119999999999997 659.1600000000025
20.0 29.119999999999997 659.1600000000025
20.0 29.119999999999997 659.1600000000025
20.0 29.119999999999997 659.1600000000025
27.98 20.0 659.1600000000025
27.98 0.0 659.1600000000025
27.98 20.0 659.1600000000025
27.98 0.0 659.1600000000025
25.00000000000002 20.0 659.1600000000025
25.00000000000002 0.0 659.1600000000025
25.00000000000002 20.0 659.1600000000025
25.00000000000002 0.0 659.1600000000025
25.00000000000002 20.0 659.1600000000025
25.00000000000002 0.0 659.1600000000025
25.00000000000002 20.0 659.1600000000025
25.00000000000002 0.0 659.1600000000025
25.00000000000002 20.0 659.1600000000025
25.00000000000002 0.0 659.1600000000025
25.00000000000002 20.0 659.1600000000025
25.00000000000002 0.0 659.1600000000025
20.0 29.139999999999997 659.1600000000025
20.0 29.139999999999997 659.1600000000025
20.0 29.139999999999997 659.1600000000025
20.0 29.139999999999997 659.1600000000025
28.02 20.0 659.1600000000025
28.02 0.0 659.1600000000025
28.02 20.0 659.1600000000025
28.02 0.0 659.1600000000025
20.0 29.159999999999997 659.1600000000025
20.0 29.159999999999997 659.1600000000025
25.00000000000002 20.0 659.1600000000025
25.00000000000002 0.0 659.1600000000025
25.00000000000002 20.0 659.1600000000025
25.00000000000002 0.0 659.1600000000025
24.98000000000002 20.0 659.1600000000025
24.98000000000002 0.0 659.1600000000025
24.98000000000002 20.0 659.1600000000025
24.98000000000002 0.0 659.1600000000025
25.00000000000002 20.0 659.1600000000025
25.00000000000002 0.0 659.1600000000025
25.00000000000002 20.0 659.1600000000025
25.00000000000002 0.0 659.1600000000025
20.0 29.159999999999997 659.1600000000025
20.0 29.159999999999997 659.1600000000025
28.0 20.0 659.1600000000025
28.0 0.0 659.1600000000025
28.0 20.0 659.1600000000025
28.0 0.0 659.1600000000025
20.0 29.179999999999996 659.1600000000025
20.0 29.179999999999996 659.1600000000025
20.0 29.179999999999996 659.1600000000025
20.0 29.179999999999996 659.1600000000025
24.98000000000002 20.0 659.1600000000025
24.98000000000002 0.0 659.1600000000025
24.98000000000002 20.0 659.1600000000025
24.98000000000002 0.0 659.1600000000025
20.0 29.159999999999997 659.1600000000025
20.0 29.159999999999997 659.1600000000025
20.0 29.139999999999997 659.1600000000025
20.0 29.139999999999997 659.1600000000025
28.0 20.0 659.1600000000025
28.0 0.0 659.1600000000025
28.0 20.0 659.1600000000025
28.0 0.0 659.1600000000025
25.00000000000002 20.0 659.1600000000025
25.00000000000002 0.0 659.1600000000025
25.00000000000002 20.0 659.1600000000025
25.00000000000002 0.0 659.1600000000025
20.0 29.179999999999996 659.1600000000025
20.0 29.179999999999996 659.1600000000025
28.0 20.0 659.1600000000025
28.0 0.0 659.1600000000025
28.0 20.0 659.1600000000025
28.0 0.0 659.1600000000025
28.0 20.0 659.1600000000025
28.0 0.0 659.1600000000025
28.0 20.0 659.1600000000025
28.0 0.0 659.1600000000025
20.0 29.179999999999996 659.1600000000025
20.0 29.179999999999996 659.1600000000025
28.0 20.0 659.1600000000025
28.0 0.0 659.1600000000025
28.0 20.0 659.1600000000025
28.0 0.0 659.1600000000025
20.0 29.159999999999997 659.1600000000025
20.0 29.159999999999997 659.1600000000025
20.0 29.159999999999997 659.1600000000025
20.0 29.159999999999997 659.1600000000025
20.0 29.159999999999997 659.1600000000025
20.0 29.159999999999997 659.1600000000025
27.98 20.0 659.1600000000025
27.98 0.0 659.1600000000025
27.98 20.0 659.1600000000025
27.98 0.0 659.1600000000025
20.0 29.159999999999997 659.1600000000025
20.0 29.159999999999997 659.1600000000025
20.0 29.159999999999997 659.1600000000025
20.0 29.159999999999997 659.1600000000025
28.0 20.0 659.1600000000025
28.0 0.0 659.1600000000025
28.0 20.0 659.1600000000025
28.0 0.0 659.1600000000025
20.0 29.179999999999996 659.1600000000025
20.0 29.179999999999996 659.1600000000025
20.0 29.179999999999996 659.1600000000025
20.0 29.179999999999996 659.1600000000025
20.0 29.179999999999996 659.1600000000025
20.0 29.179999999999996 659.1600000000025
20.0 29.179999999999996 659.1600000000025
20.0 29.179999999999996 659.1600000000025
24.960000000000022 20.0 659.1600000000025
24.960000000000022 0.0 659.1600000000025
24.960000000000022 20.0 659.1600000000025
24.960000000000022 0.0 659.1600000000025
24.960000000000022 20.0 659.1600000000025
24.960000000000022 0.0 659.1600000000025
24.960000000000022 20.0 659.1600000000025
24.960000000000022 0.0 659.1600000000025
24.940000000000023 20.0 659.1600000000025
24.940000000000023 0.0 659.1600000000025
24.940000000000023 20.0 659.1600000000025
24.940000000000023 0.0 659.1600000000025
28.0 20.0 659.1600000000025
28.0 0.0 659.1600000000025
28.0 20.0 659.1600000000025
28.0 0.0 659.1600000000025
20.0 29.179999999999996 659.1600000000025
20.0 29.179999999999996 659.1600000000025
24.960000000000022 20.0 659.1600000000025
24.960000000000022 0.0 659.1600000000025
24.960000000000022 20.0 659.1600000000025
24.960000000000022 0.0 659.1600000000025
20.0 29.199999999999996 659.1600000000025
20.0 29.199999999999996 659.1600000000025
28.0 20.0 659.1600000000025
28.0 0.0 659.1600000000025
28.0 20.0 659.1600000000025
28.0 0.0 659.1600000000025
20.0 29.199999999999996 659.1600000000025
20.0 29.199999999999996 659.1600000000025
28.0 20.0 659.1600000000025
28.0 0.0 659.1600000000025
28.0 20.0 659.1600000000025
28.0 0.0 659.1600000000025
20.0 29.199999999999996 659.1600000000025
20.0 29.199999999999996 659.1600000000025
20.0 29.199999999999996 659.1600000000025
20.0 29.199999999999996 659.1600000000025
24.960000000000022 20.0 659.1600000000025
24.960000000000022 0.0 659.1600000000025
24.960000000000022 20.0 659.1600000000025
24.960000000000022 0.0 659.1600000000025
20.0 29.219999999999995 659.1600000000025
20.0 29.219999999999995 659.1600000000025
27.98 20.0 659.1600000000025
27.98 0.0 659.1600000000025
27.98 20.0 659.1600000000025
27.98 0.0 659.1600000000025
24.98000000000002 20.0 659.1600000000025
24.98000000000002 0.0 659.1600000000025
24.98000000000002 20.0 659.1600000000025
24.98000000000002 0.0 659.1600000000025
20.0 29.239999999999995 659.1600000000025
20.0 29.239999999999995 659.1600000000025
20.0 29.259999999999994 659.1600000000025
20.0 29.259999999999994 659.1600000000025
20.0 29.239999999999995 659.1600000000025
20.0 29.239999999999995 659.1600000000025
20.0 29.239999999999995 659.1600000000025
20.0 29.239999999999995 659.1600000000025
28.0 20.0 659.1600000000025
28.0 0.0 659.1600000000025
28.0 20.0 659.1600000000025
28.0 0.0 659.1600000000025
28.0 20.0 659.1600000000025
28.0 0.0 659.1600000000025
28.0 20.0 659.1600000000025
28.0 0.0 659.1600000000025
28.02 20.0 659.1600000000025
28.02 0.0 659.1600000000025
28.02 20.0 659.1600000000025
28.02 0.0 659.1600000000025
20.0 29.259999999999994 659.1600000000025
20.0 29.259999999999994 659.1600000000025
28.0 20.0 659.1600000000025
28.0 0.0 659.1600000000025
28.0 20.0 659.1600000000025
28.0 0.0 659.1600000000025
28.0 20.0 659.1600000000025
28.0 0.0 659.1600000000025
28.0 20.0 659.1600000000025
28.0 0.0 659.1600000000025
20.0 29.239999999999995 659.1600000000025
20.0 29.239999999999995 659.1600000000025
28.0 20.0 659.1600000000025
28.0 0.0 659.1600000000025
28.0 20.0 659.1600000000025
28.0 0.0 659.1600000000025
20.0 29.259999999999994 659.1600000000025
20.0 29.259999999999994 659.1600000000025
20.0 29.259999999999994 659.1600000000025
20.0 29.259999999999994 659.1600000000025
27.98 20.0 659.1600000000025
27.98 0.0 659.1600000000025
27.98 20.0 659.1600000000025
27.98 0.0 659.1600000000025
28.0 20.0 659.1600000000025
28.0 0.0 659.1600000000025
28.0 20.0 659.1600000000025
28.0 0.0 659.1600000000025
20.0 29.279999999999994 659.1600000000025
20.0 29.279999999999994 659.1600000000025
28.0 20.0 659.1600000000025
28.0 0.0 659.1600000000025
28.0 20.0 659.1600000000025
28.0 0.0 659.1600000000025
20.0 29.279999999999994 659.1600000000025
20.0 29.279999999999994 659.1600000000025
28.0 20.0 659.1600000000025
28.0 0.0 659.1600000000025
28.0 20.0 659.1600000000025
28.0 0.0 659.1600000000025
20.0 29.299999999999994 659.1600000000025
20.0 29.299999999999994 659.1600000000025
20.0 29.279999999999994 659.1600000000025
20.0 29.279999999999994 659.1600000000025
20.0 29.279999999999994 659.1600000000025
20.0 29.279999999999994 659.1600000000025
28.0 20.0 659.1600000000025
28.0 0.0 659.1600000000025
28.0 20.0 659.1600000000025
28.0 0.0 659.1600000000025
20.0 29.259999999999994 659.1600000000025
20.0 29.259999999999994 659.1600000000025
20.0 29.259999999999994 659.1600000000025
20.0 29.259999999999994 659.1600000000025
28.0 20.0 659.1600000000025
28.0 0.0 659.1600000000025
28.0 20.0 659.1600000000025
28.0 0.0 659.1600000000025
20.0 29.279999999999994 659.1600000000025
20.0 29.279999999999994 659.1600000000025
28.0 20.0 659.1600000000025
28.0 0.0 659.1600000000025
28.0 20.0 659.1600000000025
28.0 0.0 659.1600000000025
20.0 29.279999999999994 659.1600000000025
20.0 29.279999999999994 659.1600000000025
20.0 29.259999999999994 659.1600000000025
20.0 29.259999999999994 659.1600000000025
20.0 29.259999999999994 659.1600000000025
20.0 29.259999999999994 659.1600000000025
20.0 29.279999999999994 659.1600000000025
20.0 29.279999999999994 659.1600000000025
28.0 20.0 659.1600000000025
28.0 0.0 659.1600000000025
28.0 20.0 659.1600000000025
28.0 0.0 659.1600000000025
20.0 29.279999999999994 659.1600000000025
20.0 29.279999999999994 659.1600000000025
20.0 29.279999999999994 659.1600000000025
20.0 29.279999999999994 659.1600000000025
28.0 20.0 659.1600000000025
28.0 0.0 659.1600000000025
28.0 20.0 659.1600000000025
28.0 0.0 659.1600000000025
28.0 20.0 659.1600000000025
28.0 0.0 659.1600000000025
28.0 20.0 659.1600000000025
28.0 0.0 659.1600000000025
20.0 29.299999999999994 659.1600000000025
20.0 29.299999999999994 659.1600000000025
20.0 29.299999999999994 659.1600000000025
20.0 29.299999999999994 659.1600000000025
20.0 29.299999999999994 659.1600000000025
20.0 29.299999999999994 659.1600000000025
20.0 29.279999999999994 659.1600000000025
20.0 29.279999999999994 659.1600000000025
20.0 29.299999999999994 659.1600000000025
20.0 29.299999999999994 659.1600000000025
20.0 29.279999999999994 659.1600000000025
20.0 29.279999999999994 659.1600000000025
20.0 29.279999999999994 659.1600000000025
20.0 29.279999999999994 659.1600000000025
20.0 29.259999999999994 659.1600000000025
20.0 29.259999999999994 659.1600000000025
28.0 20.0 659.1600000000025
28.0 0.0 659.1600000000025
28.0 20.0 659.1600000000025
28.0 0.0 659.1600000000025
20.0 29.259999999999994 659.1600000000025
20.0 29.259999999999994 659.1600000000025
20.0 29.279999999999994 659.1600000000025
20.0 29.279999999999994 659.1600000000025
28.0 20.0 659.1600000000025
28.0 0.0 659.1600000000025
28.0 20.0 659.1600000000025
28.0 0.0 659.1600000000025
28.0 20.0 659.1600000000025
28.0 0.0 659.1600000000025
28.0 20.0 659.1600000000025
28.0 0.0 659.1600000000025
20.0 29.299999999999994 659.1600000000025
20.0 29.299999999999994 659.1600000000025
28.0 20.0 659.1600000000025
28.0 0.0 659.1600000000025
28.0 20.0 659.1600000000025
28.0 0.0 659.1600000000025
20.0 29.299999999999994 659.1600000000025
20.0 29.299999999999994 659.1600000000025
20.0 29.279999999999994 659.1600000000025
20.0 29.279999999999994 659.1600000000025
28.0 20.0 659.1600000000025
28.0 0.0 659.1600000000025
28.0 20.0 659.1600000000025
28.0 0.0 659.1600000000025
20.0 29.299999999999994 659.1600000000025
20.0 29.299999999999994 659.1600000000025
28.0 20.0 659.1600000000025
28.0 0.0 659.1600000000025
28.0 20.0 659.1600000000025
28.0 0.0 659.1600000000025
20.0 29.319999999999993 659.1600000000025
20.0 29.319999999999993 659.1600000000025
25.00000000000002 20.0 659.1600000000025
25.00000000000002 0.0 659.1600000000025
25.00000000000002 20.0 659.1600000000025
25.00000000000002 0.0 659.1600000000025
28.0 20.0 659.1600000000025
28.0 0.0 659.1600000000025
28.0 20.0 659.1600000000025
28.0 0.0 659.1600000000025
20.0 29.319999999999993 659.1600000000025
20.0 29.319999999999993 659.1600000000025
20.0 29.339999999999993 659.1600000000025
20.0 29.339999999999993 659.1600000000025
25.00000000000002 20.0 659.1600000000025
25.00000000000002 0.0 659.1600000000025
25.00000000000002 20.0 659.1600000000025
25.00000000000002 0.0 659.1600000000025
20.0 29.339999999999993 659.1600000000025
20.0 29.339999999999993 659.1600000000025
25.00000000000002 20.0 659.1600000000025
25.00000000000002 0.0 659.1600000000025
25.00000000000002 20.0 659.1600000000025
25.00000000000002 0.0 659.1600000000025
25.00000000000002 20.0 659.1600000000025
25.00000000000002 0.0 659.1600000000025
25.00000000000002 20.0 659.1600000000025
25.00000000000002 0.0 659.1600000000025
20.0 29.339999999999993 659.1600000000025
20.0 29.339999999999993 659.1600000000025
20.0 29.339999999999993 659.1600000000025
20.0 29.339999999999993 659.1600000000025
20.0 29.339999999999993 659.1600000000025
20.0 29.339999999999993 659.1600000000025
20.0 29.319999999999993 659.1600000000025
20.0 29.319999999999993 659.1600000000025
20.0 29.339999999999993 659.1600000000025
20.0 29.339999999999993 659.1600000000025
20.0 29.339999999999993 659.1600000000025
20.0 29.339999999999993 659.1600000000025
25.00000000000002 20.0 659.1600000000025
25.00000000000002 0.0 659.1600000000025
25.00000000000002 20.0 659.1600000000025
25.00000000000002 0.0 659.1600000000025
25.00000000000002 20.0 659.1600000000025
25.00000000000002 0.0 659.1600000000025
25.00000000000002 20.0 659.1600000000025
25.00000000000002 0.0 659.1600000000025
20.0 29.339999999999993 659.1600000000025
20.0 29.339999999999993 659.1600000000025
20.0 29.319999999999993 659.1600000000025
20.0 29.319999999999993 659.1600000000025
20.0 29.299999999999994 659.1600000000025
20.0 29.299999999999994 659.1600000000025
28.0 20.0 659.1600000000025
28.0 0.0 659.1600000000025
28.0 20.0 659.1600000000025
28.0 0.0 659.1600000000025
20.0 29.279999999999994 659.1600000000025
20.0 29.279999999999994 659.1600000000025
27.98 20.0 659.1600000000025
27.98 0.0 659.1600000000025
27.98 20.0 659.1600000000025
27.98 0.0 659.1600000000025
20.0 29.279999999999994 659.1600000000025
20.0 29.279999999999994 659.1600000000025
27.98 20.0 659.1600000000025
27.98 0.0 659.1600000000025
27.98 20.0 659.1600000000025
27.98 0.0 659.1600000000025
20.0 29.299999999999994 659.1600000000025
20.0 29.299999999999994 659.1600000000025
27.98 20.0 659.1600000000025
27.98 0.0 659.1600000000025
27.98 20.0 659.1600000000025
27.98 0.0 659.1600000000025
20.0 29.279999999999994 659.1600000000025
20.0 29.279999999999994 659.1600000000025
27.98 20.0 659.1600000000025
27.98 0.0 659.1600000000025
27.98 20.0 659.1600000000025
27.98 0.0 659.1600000000025
27.98 20.0 659.1600000000025
27.98 0.0 659.1600000000025
27.98 20.0 659.1600000000025
27.98 0.0 659.1600000000025
20.0 29.319999999999993 659.1600000000025
20.0 29.319999999999993 659.1600000000025
27.96 20.0 659.1600000000025
27.96 0.0 659.1600000000025
27.96 20.0 659.1600000000025
27.96 0.0 659.1600000000025
20.0 29.339999999999993 659.1600000000025
20.0 29.339999999999993 659.1600000000025
20.0 29.359999999999992 659.1600000000025
20.0 29.359999999999992 659.1600000000025
28.0 20.0 659.1600000000025
28.0 0.0 659.1600000000025
28.0 20.0 659.1600000000025
28.0 0.0 659.1600000000025
20.0 29.379999999999992 659.1600000000025
20.0 29.379999999999992 659.1600000000025
20.0 29.379999999999992 659.1600000000025
20.0 29.379999999999992 659.1600000000025
28.0 20.0 659.1600000000025
28.0 0.0 659.1600000000025
28.0 20.0 659.1600000000025
28.0 0.0 659.1600000000025
20.0 29.379999999999992 659.1600000000025
20.0 29.379999999999992 659.1600000000025
28.0 20.0 659.1600000000025
28.0 0.0 659.1600000000025
28.0 20.0 659.1600000000025
28.0 0.0 659.1600000000025
28.02 20.0 659.1600000000025
28.02 0.0 659.1600000000025
28.02 20.0 659.1600000000025
28.02 0.0 659.1600000000025
28.02 20.0 659.1600000000025
28.02 0.0 659.1600000000025
28.02 20.0 659.1600000000025
28.02 0.0 659.1600000000025
28.0 20.0 659.1600000000025
28.0 0.0 659.1600000000025
28.0 20.0 659.1600000000025
28.0 0.0 659.1600000000025
27.98 20.0 659.1600000000025
27.98 0.0 659.1600000000025
27.98 20.0 659.1600000000025
27.98 0.0 659.1600000000025
20.0 29.359999999999992 659.1600000000025
20.0 29.359999999999992 659.1600000000025
20.0 29.359999999999992 659.1600000000025
20.0 29.359999999999992 659.1600000000025
20.0 29.359999999999992 659.1600000000025
20.0 29.359999999999992 659.1600000000025
20.0 29.379999999999992 659.1600000000025
20.0 29.379999999999992 659.1600000000025
27.96 20.0 659.1600000000025
27.96 0.0 659.1600000000025
27.96 20.0 659.1600000000025
27.96 0.0 659.1600000000025
24.960000000000022 20.0 659.1600000000025
24.960000000000022 0.0 659.1600000000025
24.960000000000022 20.0 659.1600000000025
24.960000000000022 0.0 659.1600000000025
27.98 20.0 659.1600000000025
27.98 0.0 659.1600000000025
27.98 20.0 659.1600000000025
27.98 0.0 659.1600000000025
24.940000000000023 20.0 659.1600000000025
24.940000000000023 0.0 659.1600000000025
24.940000000000023 20.0 659.1600000000025
24.940000000000023 0.0 659.1600000000025
24.940000000000023 20.0 659.1600000000025
24.940000000000023 0.0 659.1600000000025
24.940000000000023 20.0 659.1600000000025
24.940000000000023 0.0 659.1600000000025
28.0 20.0 659.1600000000025
28.0 0.0 659.1600000000025
28.0 20.0 659.1600000000025
28.0 0.0 659.1600000000025
28.0 20.0 659.1600000000025
28.0 0.0 659.1600000000025
28.0 20.0 659.1600000000025
28.0 0.0 659.1600000000025
24.940000000000023 20.0 659.1600000000025
24.940000000000023 0.0 659.1600000000025
24.940000000000023 20.0 659.1600000000025
24.940000000000023 0.0 659.1600000000025
24.960000000000022 20.0 659.1600000000025
24.960000000000022 0.0 659.1600000000025
24.960000000000022 20.0 659.1600000000025
24.960000000000022 0.0 659.1600000000025
20.0 29.39999999999999 659.1600000000025
20.0 29.39999999999999 659.1600000000025
20.0 29.41999999999999 659.1600000000025
20.0 29.41999999999999 659.1600000000025
27.98 20.0 659.1600000000025
27.98 0.0 659.1600000000025
27.98 20.0 659.1600000000025
27.98 0.0 659.1600000000025
20.0 29.41999999999999 659.1600000000025
20.0 29.41999999999999 659.1600000000025
27.98 20.0 659.1600000000025
27.98 0.0 659.1600000000025
27.98 20.0 659.1600000000025
27.98 0.0 659.1600000000025
24.960000000000022 20.0 659.1600000000025
24.960000000000022 0.0 659.1600000000025
24.960000000000022 20.0 659.1600000000025
24.960000000000022 0.0 659.1600000000025
27.98 20.0 659.1600000000025
27.98 0.0 659.1600000000025
27.98 20.0 659.1600000000025
27.98 0.0 659.1600000000025
27.98 20.0 659.1600000000025
27.98 0.0 659.1600000000025
27.98 20.0 659.1600000000025
27.98 0.0 659.1600000000025
27.96 20.0 659.1600000000025
27.96 0.0 659.1600000000025
27.96 20.0 659.1600000000025
27.96 0.0 659.1600000000025
20.0 29.41999999999999 659.1600000000025
20.0 29.41999999999999 659.1600000000025
20.0 29.43999999999999 659.1600000000025
20.0 29.43999999999999 659.1600000000025
27.96 20.0 659.1600000000025
27.96 0.0 659.1600000000025
27.96 20.0 659.1600000000025
27.96 0.0 659.1600000000025
27.96 20.0 659.1600000000025
27.96 0.0 659.1600000000025
27.96 20.0 659.1600000000025
27.96 0.0 659.1600000000025
27.98 20.0 659.1600000000025
27.98 0.0 659.1600000000025
27.98 20.0 659.1600000000025
27.98 0.0 659.1600000000025
20.0 29.41999999999999 659.1600000000025
20.0 29.41999999999999 659.1600000000025
20.0 29.41999999999999 659.1600000000025
20.0 29.41999999999999 659.1600000000025
20.0 29.43999999999999 659.1600000000025
20.0 29.43999999999999 659.1600000000025
20.0 29.43999999999999 659.1600000000025
20.0 29.43999999999999 659.1600000000025
20.0 29.45999999999999 659.1600000000025
20.0 29.45999999999999 659.1600000000025
20.0 29.43999999999999 659.1600000000025
20.0 29.43999999999999 659.1600000000025
20.0 29.45999999999999 659.1600000000025
20.0 29.45999999999999 659.1600000000025
20.0 29.45999999999999 659.1600000000025
20.0 29.45999999999999 659.1600000000025
20.0 29.719999999999985 659.1600000000025
20.0 29.719999999999985 659.1600000000025
20.0 29.759999999999984 659.1600000000025
20.0 29.759999999999984 659.1600000000025
20.0 29.759999999999984 659.1600000000025
20.0 29.759999999999984 659.1600000000025
20.0 29.779999999999983 659.1600000000025
20.0 29.779999999999983 659.1600000000025
20.0 29.799999999999983 659.1600000000025
20.0 29.799999999999983 659.1600000000025
20.0 29.799999999999983 659.1600000000025
20.0 29.799999999999983 659.1600000000025
20.0 29.799999999999983 659.1600000000025
20.0 29.799999999999983 659.1600000000025
20.0 29.839999999999982 659.1600000000025
20.0 29.839999999999982 659.1600000000025
20.0 29.819999999999983 659.1600000000025
20.0 29.819999999999983 659.1600000000025
20.0 29.819999999999983 659.1600000000025
20.0 29.819999999999983 659.1600000000025
20.0 29.819999999999983 659.1600000000025
20.0 29.819999999999983 659.1600000000025
20.0 29.819999999999983 659.1600000000025
20.0 29.819999999999983 659.1600000000025
20.0 29.819999999999983 659.1600000000025
20.0 29.819999999999983 659.1600000000025
20.0 29.839999999999982 659.1600000000025
20.0 29.839999999999982 659.1600000000025
20.0 29.839999999999982 659.1600000000025
20.0 29.839999999999982 659.1600000000025
20.0 29.839999999999982 659.1600000000025
20.0 29.839999999999982 659.1600000000025
20.0 29.839999999999982 659.1600000000025
20.0 29.839999999999982 659.1600000000025
20.0 29.839999999999982 659.1600000000025
20.0 29.839999999999982 659.1600000000025
20.0 29.799999999999983 659.1600000000025
20.0 29.799999999999983 659.1600000000025
20.0 29.839999999999982 659.1600000000025
20.0 29.839999999999982 659.1600000000025
20.0 29.819999999999983 659.1600000000025
20.0 29.819999999999983 659.1600000000025
20.0 29.85999999999998 659.1600000000025
20.0 29.85999999999998 659.1600000000025
20.0 29.85999999999998 659.1600000000025
20.0 29.85999999999998 659.1600000000025
20.0 29.89999999999998 659.1600000000025
20.0 29.89999999999998 659.1600000000025
20.0 29.89999999999998 659.1600000000025
20.0 29.89999999999998 659.1600000000025
20.0 29.89999999999998 659.1600000000025
20.0 29.89999999999998 659.1600000000025
20.0 29.87999999999998 659.1600000000025
20.0 29.87999999999998 659.1600000000025
20.0 29.839999999999982 659.1600000000025
20.0 29.839999999999982 659.1600000000025
20.0 29.839999999999982 659.1600000000025
20.0 29.839999999999982 659.1600000000025
20.0 29.839999999999982 659.1600000000025
20.0 29.839999999999982 659.1600000000025
20.0 29.839999999999982 659.1600000000025
20.0 29.839999999999982 659.1600000000025
20.0 29.839999999999982 659.1600000000025
20.0 29.839999999999982 659.1600000000025
20.0 29.839999999999982 659.1600000000025
20.0 29.839999999999982 659.1600000000025
20.0 29.819999999999983 659.1600000000025
20.0 29.819999999999983 659.1600000000025
20.0 29.799999999999983 659.1600000000025
20.0 29.799999999999983 659.1600000000025
20.0 29.819999999999983 659.1600000000025
20.0 29.819999999999983 659.1600000000025
20.0 29.819999999999983 659.1600000000025
20.0 29.819999999999983 659.1600000000025
20.0 29.839999999999982 659.1600000000025
20.0 29.839999999999982 659.1600000000025
20.0 29.87999999999998 659.1600000000025
20.0 29.87999999999998 659.1600000000025
20.0 29.89999999999998 659.1600000000025
20.0 29.89999999999998 659.1600000000025
20.0 29.93999999999998 659.1600000000025
20.0 29.93999999999998 659.1600000000025
20.0 29.95999999999998 659.1600000000025
20.0 29.95999999999998 659.1600000000025
28.0 20.0 659.1600000000025
28.0 0.0 659.1600000000025
28.0 20.0 659.1600000000025
28.0 0.0 659.1600000000025
28.0 20.0 659.1600000000025
28.0 0.0 659.1600000000025
28.0 20.0 659.1600000000025
28.0 0.0 659.1600000000025
11.99 4.989999999999979 659.1600000000025
17.019999999999754 0.48000000000015497 659.1600000000025
3.990000000000043 18.989999999999842 659.1600000000025
1.03 1.8700000000000212 659.1600000000025
14.99999999999971 15.959999999999534 659.1600000000025
18.009999999999994 15.709999999999539 659.1600000000025
6.9799999999999365 10.02 659.1600000000025
15.949999999999221 12.989999999999958 659.1600000000025
8.94999999999998 18.049999999999383 659.1600000000025
7.99 1.0100000000000007 659.1600000000025
17.969999999999683 10.149999999999975 659.1600000000025
3.989999999999979 13.009999999999957 659.1600000000025
17.00999999999976 18.02999999999985 659.1600000000025
18.019999999999534 3.9999999999999787 659.1600000000025
1.0 12.999999999999957 659.1600000000025
4.129999999999955 7.99 659.1600000000025
9.99 2.0500000000001553 659.1600000000025
7.010000000000021 4.109999999999955 659.1600000000025
13.379999999999992 18.99999999999953 659.1600000000025
5.000000000000021 1.0200000000000007 659.1600000000025
15.969999999999533 7.01 659.1600000000025
19.009999999999533 7.970000000000001 659.1600000000025
6.980000000000022 14.999999999999398 659.1600000000025
12.99 8.99 659.1600000000025
3.9800000000000004 3.960000000000001 659.1600000000025
10.0 12.239999999999995 659.1600000000025
12.09000000000002 0.9899999999999989 659.1600000000025
1.0300000000001555 5.9900000000000215 659.1600000000025
1.6700000000000423 16.029999999999962 659.1600000000025
1.0100000000000007 9.96999999999998 659.1600000000025
15.0 2.9800000000000004 659.1600000000025
11.999999999999957 15.999999999999533 659.1600000000025
8.98 7.0599999999999135 659.1600000000025
-10 12 659.1600000000025
-10 12 659.1600000000025
-7 9 659.1600000000025
-7 9 659.1600000000025
-10 -8 659.1600000000025
-10 -8 659.1600000000025
-7 -11 659.1600000000025
-7 -11 659.1600000000025
-8 -16 659.1600000000025
-8 -16 659.1600000000025
0.0 -11.0 659.1600000000025
0.0 -11.0 659.1600000000025
0.0 -11.0 659.1600000000025
0.0 -11.0 659.1600000000025
0.0 -11.0 659.1600000000025
0.0 -11.0 659.1600000000025
0.0 -11.0 659.1600000000025
0.0 -11.0 659.1600000000025
0.0 -11.0 659.1600000000025
0.0 -11.0 659.1600000000025
0.0 -11.0 659.1600000000025
0.0 -11.0 659.1600000000025
0.0 -11.0 659.1600000000025
0.0 -11.0 659.1600000000025
0.0 -11.02 659.1600000000025
0.0 -11.02 659.1600000000025
0.0 -11.0 659.1600000000025
0.0 -11.0 659.1600000000025
0.0 -10.98 659.1600000000025
0.0 -10.98 659.1600000000025
0.0 -10.96 659.1600000000025
0.0 -10.96 659.1600000000025
0.0 -10.96 659.1600000000025
0.0 -10.96 659.1600000000025
0.0 -10.96 659.1600000000025
0.0 -10.96 659.1600000000025
0.0 -10.96 659.1600000000025
0.0 -10.96 659.1600000000025
0.0 -10.98 659.1600000000025
0.0 -10.98 659.1600000000025
0.0 -11.0 659.1600000000025
0.0 -11.0 659.1600000000025
0.0 -11.0 659.1600000000025
0.0 -11.0 659.1600000000025
0.0 -11.0 659.1600000000025
0.0 -11.0 659.1600000000025
0.0 -11.0 659.1600000000025
0.0 -11.0 659.1600000000025
0.0 -11.0 659.1600000000025
0.0 -11.0 659.1600000000025
0.0 -11.0 659.1600000000025
0.0 -11.0 659.1600000000025
0.0 -10.900000000000002 659.1600000000025
0.0 -10.900000000000002 659.1600000000025
0.0 -10.880000000000003 659.1600000000025
0.0 -10.880000000000003 659.1600000000025
0.0 -10.860000000000003 659.1600000000025
0.0 -10.860000000000003 659.1600000000025
0.0 -10.840000000000003 659.1600000000025
0.0 -10.840000000000003 659.1600000000025
0.0 -10.840000000000003 659.1600000000025
0.0 -10.840000000000003 659.1600000000025
0.0 -10.820000000000004 659.1600000000025
0.0 -10.820000000000004 659.1600000000025
0.0 -10.820000000000004 659.1600000000025
0.0 -10.820000000000004 659.1600000000025
0.0 -10.820000000000004 659.1600000000025
0.0 -10.820000000000004 659.1600000000025
0.0 -10.840000000000003 659.1600000000025
0.0 -10.840000000000003 659.1600000000025
0.0 -10.820000000000004 659.1600000000025
0.0 -10.820000000000004 659.1600000000025
0.0 -10.820000000000004 659.1600000000025
0.0 -10.820000000000004 659.1600000000025
0.0 -10.840000000000003 659.1600000000025
0.0 -10.840000000000003 659.1600000000025
0.0 -10.840000000000003 659.1600000000025
0.0 -10.840000000000003 659.1600000000025
-5.01 -17.030000000000005 659.1600000000025
-5.01 -17.030000000000005 659.1600000000025
0.0 -10.840000000000003 659.1600000000025
0.0 -10.840000000000003 659.1600000000025
0.0 -10.840000000000003 659.1600000000025
0.0 -10.840000000000003 659.1600000000025
0.0 -10.860000000000003 659.1600000000025
0.0 -10.860000000000003 659.1600000000025
0.0 -10.860000000000003 659.1600000000025
0.0 -10.860000000000003 659.1600000000025
0.0 -10.840000000000003 659.1600000000025
0.0 -10.840000000000003 659.1600000000025
0.0 -10.820000000000004 659.1600000000025
0.0 -10.820000000000004 659.1600000000025
0.0 -10.820000000000004 659.1600000000025
0.0 -10.820000000000004 659.1600000000025
0.0 -10.820000000000004 659.1600000000025
0.0 -10.820000000000004 659.1600000000025
0.0 -10.840000000000003 659.1600000000025
0.0 -10.840000000000003 659.1600000000025
0.0 -10.840000000000003 659.1600000000025
0.0 -10.840000000000003 659.1600000000025
0.0 -10.860000000000003 659.1600000000025
0.0 -10.860000000000003 659.1600000000025
0.0 -10.860000000000003 659.1600000000025
0.0 -10.860000000000003 659.1600000000025
0.0 -10.840000000000003 659.1600000000025
0.0 -10.840000000000003 659.1600000000025
0.0 -10.860000000000003 659.1600000000025
0.0 -10.860000000000003 659.1600000000025
0.0 -10.860000000000003 659.1600000000025
0.0 -10.860000000000003 659.1600000000025
0.0 -10.880000000000003 659.1600000000025
0.0 -10.880000000000003 659.1600000000025
0.0 -10.860000000000003 659.1600000000025
0.0 -10.860000000000003 659.1600000000025
0.0 -10.860000000000003 659.1600000000025
0.0 -10.860000000000003 659.1600000000025
0.0 -10.880000000000003 659.1600000000025
0.0 -10.880000000000003 659.1600000000025
0.0 -10.900000000000002 659.1600000000025
0.0 -10.900000000000002 659.1600000000025
0.0 -10.920000000000002 659.1600000000025
0.0 -10.920000000000002 659.1600000000025
0.0 -10.940000000000001 659.1600000000025
0.0 -10.940000000000001 659.1600000000025
0.0 -10.940000000000001 659.1600000000025
0.0 -10.940000000000001 659.1600000000025
0.0 -10.940000000000001 659.1600000000025
0.0 -10.940000000000001 659.1600000000025
0.0 -10.920000000000002 659.1600000000025
0.0 -10.920000000000002 659.1600000000025
0.0 -10.920000000000002 659.1600000000025
0.0 -10.920000000000002 659.1600000000025
0.0 -10.920000000000002 659.1600000000025
0.0 -10.920000000000002 659.1600000000025
0.0 -10.900000000000002 659.1600000000025
0.0 -10.900000000000002 659.1600000000025
0.0 -10.880000000000003 659.1600000000025
0.0 -10.880000000000003 659.1600000000025
0.0 -10.880000000000003 659.1600000000025
0.0 -10.880000000000003 659.1600000000025
0.0 -10.880000000000003 659.1600000000025
0.0 -10.880000000000003 659.1600000000025
0.0 -10.860000000000003 659.1600000000025
0.0 -10.860000000000003 659.1600000000025
0.0 -10.860000000000003 659.1600000000025
0.0 -10.860000000000003 659.1600000000025
0.0 -10.840000000000003 659.1600000000025
0.0 -10.840000000000003 659.1600000000025
0.0 -10.840000000000003 659.1600000000025
0.0 -10.840000000000003 659.1600000000025
0.0 -10.820000000000004 659.1600000000025
0.0 -10.820000000000004 659.1600000000025
0.0 -10.820000000000004 659.1600000000025
0.0 -10.820000000000004 659.1600000000025
0.0 -10.840000000000003 659.1600000000025
0.0 -10.840000000000003 659.1600000000025
0.0 -10.860000000000003 659.1600000000025
0.0 -10.860000000000003 659.1600000000025
0.0 -10.820000000000004 659.1600000000025
0.0 -10.820000000000004 659.1600000000025
0.0 -10.820000000000004 659.1600000000025
0.0 -10.820000000000004 659.1600000000025
0.0 -10.840000000000003 659.1600000000025
0.0 -10.840000000000003 659.1600000000025
0.0 -10.840000000000003 659.1600000000025
0.0 -10.840000000000003 659.1600000000025
0.0 -10.840000000000003 659.1600000000025
0.0 -10.840000000000003 659.1600000000025
0.0 -10.840000000000003 659.1600000000025
0.0 -10.840000000000003 659.1600000000025
0.0 -10.840000000000003 659.1600000000025
0.0 -10.840000000000003 659.1600000000025
0.0 -10.820000000000004 659.1600000000025
0.0 -10.820000000000004 659.1600000000025
0.0 -10.820000000000004 659.1600000000025
0.0 -10.820000000000004 659.1600000000025
0.0 -10.820000000000004 659.1600000000025
0.0 -10.820000000000004 659.1600000000025
0.0 -10.820000000000004 659.1600000000025
0.0 -10.820000000000004 659.1600000000025
0.0 -10.820000000000004 659.1600000000025
0.0 -10.820000000000004 659.1600000000025
0.0 -10.800000000000004 659.1600000000025
0.0 -10.800000000000004 659.1600000000025
0.0 -10.800000000000004 659.1600000000025
0.0 -10.800000000000004 659.1600000000025
0.0 -10.800000000000004 659.1600000000025
0.0 -10.800000000000004 659.1600000000025
0.0 -10.800000000000004 659.1600000000025
0.0 -10.800000000000004 659.1600000000025
0.0 -10.780000000000005 659.1600000000025
0.0 -10.780000000000005 659.1600000000025
0.0 -10.760000000000005 659.1600000000025
0.0 -10.760000000000005 659.1600000000025
0.0 -10.740000000000006 659.1600000000025
0.0 -10.740000000000006 659.1600000000025
0.0 -10.760000000000005 659.1600000000025
0.0 -10.760000000000005 659.1600000000025
0.0 -10.760000000000005 659.1600000000025
0.0 -10.760000000000005 659.1600000000025
0.0 -10.740000000000006 659.1600000000025
0.0 -10.740000000000006 659.1600000000025
0.0 -10.760000000000005 659.1600000000025
0.0 -10.760000000000005 659.1600000000025
0.0 -10.740000000000006 659.1600000000025
0.0 -10.740000000000006 659.1600000000025
0.0 -10.740000000000006 659.1600000000025
0.0 -10.740000000000006 659.1600000000025
0.0 -10.720000000000006 659.1600000000025
0.0 -10.720000000000006 659.1600000000025
0.0 -10.720000000000006 659.1600000000025
0.0 -10.720000000000006 659.1600000000025
0.0 -10.700000000000006 659.1600000000025
0.0 -10.700000000000006 659.1600000000025
0.0 -10.720000000000006 659.1600000000025
0.0 -10.720000000000006 659.1600000000025
0.0 -10.720000000000006 659.1600000000025
0.0 -10.720000000000006 659.1600000000025
0.0 -10.740000000000006 659.1600000000025
0.0 -10.740000000000006 659.1600000000025
0.0 -10.740000000000006 659.1600000000025
0.0 -10.740000000000006 659.1600000000025
0.0 -10.720000000000006 659.1600000000025
0.0 -10.720000000000006 659.1600000000025
0.0 -10.720000000000006 659.1600000000025
0.0 -10.720000000000006 659.1600000000025
0.0 -10.740000000000006 659.1600000000025
0.0 -10.740000000000006 659.1600000000025
0.0 -10.740000000000006 659.1600000000025
0.0 -10.740000000000006 659.1600000000025
0.0 -10.720000000000006 659.1600000000025
0.0 -10.720000000000006 659.1600000000025
0.0 -10.720000000000006 659.1600000000025
0.0 -10.720000000000006 659.1600000000025
0.0 -10.720000000000006 659.1600000000025
0.0 -10.720000000000006 659.1600000000025
0.0 -10.700000000000006 659.1600000000025
0.0 -10.700000000000006 659.1600000000025
0.0 -10.700000000000006 659.1600000000025
0.0 -10.700000000000006 659.1600000000025
0.0 -10.700000000000006 659.1600000000025
0.0 -10.700000000000006 659.1600000000025
0.0 -10.720000000000006 659.1600000000025
0.0 -10.720000000000006 659.1600000000025
0.0 -10.700000000000006 659.1600000000025
0.0 -10.700000000000006 659.1600000000025
0.0 -10.720000000000006 659.1600000000025
0.0 -10.720000000000006 659.1600000000025
0.0 -10.720000000000006 659.1600000000025
0.0 -10.720000000000006 659.1600000000025
0.0 -10.740000000000006 659.1600000000025
0.0 -10.740000000000006 659.1600000000025
0.0 -10.740000000000006 659.1600000000025
0.0 -10.740000000000006 659.1600000000025
0.0 -10.720000000000006 659.1600000000025
0.0 -10.720000000000006 659.1600000000025
0.0 -10.700000000000006 659.1600000000025
0.0 -10.700000000000006 659.1600000000025
0.0 -10.700000000000006 659.1600000000025
0.0 -10.700000000000006 659.1600000000025
0.0 -10.720000000000006 659.1600000000025
0.0 -10.720000000000006 659.1600000000025
0.0 -10.700000000000006 659.1600000000025
0.0 -10.700000000000006 659.1600000000025
0.0 -10.680000000000007 659.1600000000025
0.0 -10.680000000000007 659.1600000000025
0.0 -10.680000000000007 659.1600000000025
0.0 -10.680000000000007 659.1600000000025
0.0 -10.660000000000007 659.1600000000025
0.0 -10.660000000000007 659.1600000000025
0.0 -10.660000000000007 659.1600000000025
0.0 -10.660000000000007 659.1600000000025
0.0 -10.660000000000007 659.1600000000025
0.0 -10.660000000000007 659.1600000000025
0.0 -10.660000000000007 659.1600000000025
0.0 -10.660000000000007 659.1600000000025
0.0 -10.660000000000007 659.1600000000025
0.0 -10.660000000000007 659.1600000000025
0.0 -10.680000000000007 659.1600000000025
0.0 -10.680000000000007 659.1600000000025
0.0 -10.660000000000007 659.1600000000025
0.0 -10.660000000000007 659.1600000000025
0.0 -10.660000000000007 659.1600000000025
0.0 -10.660000000000007 659.1600000000025
0.0 -10.660000000000007 659.1600000000025
0.0 -10.660000000000007 659.1600000000025
0.0 -10.680000000000007 659.1600000000025
0.0 -10.680000000000007 659.1600000000025
0.0 -10.700000000000006 659.1600000000025
0.0 -10.700000000000006 659.1600000000025
0.0 -10.720000000000006 659.1600000000025
0.0 -10.720000000000006 659.1600000000025
0.0 -10.720000000000006 659.1600000000025
0.0 -10.720000000000006 659.1600000000025
0.0 -10.700000000000006 659.1600000000025
0.0 -10.700000000000006 659.1600000000025
0.0 -10.720000000000006 659.1600000000025
0.0 -10.720000000000006 659.1600000000025
0.0 -10.680000000000007 659.1600000000025
0.0 -10.680000000000007 659.1600000000025
0.0 -10.660000000000007 659.1600000000025
0.0 -10.660000000000007 659.1600000000025
0.0 -10.640000000000008 659.1600000000025
0.0 -10.640000000000008 659.1600000000025
0.0 -10.620000000000008 659.1600000000025
0.0 -10.620000000000008 659.1600000000025
0.0 -10.620000000000008 659.1600000000025
0.0 -10.620000000000008 659.1600000000025
0.0 -10.620000000000008 659.1600000000025
0.0 -10.620000000000008 659.1600000000025
0.0 -10.640000000000008 659.1600000000025
0.0 -10.640000000000008 659.1600000000025
0.0 -10.640000000000008 659.1600000000025
0.0 -10.640000000000008 659.1600000000025
0.0 -10.640000000000008 659.1600000000025
0.0 -10.640000000000008 659.1600000000025
0.0 -10.620000000000008 659.1600000000025
0.0 -10.620000000000008 659.1600000000025
0.0 -10.600000000000009 659.1600000000025
0.0 -10.600000000000009 659.1600000000025
0.0 -10.580000000000009 659.1600000000025
0.0 -10.580000000000009 659.1600000000025
0.0 -10.580000000000009 659.1600000000025
0.0 -10.580000000000009 659.1600000000025
0.0 -10.580000000000009 659.1600000000025
0.0 -10.580000000000009 659.1600000000025
0.0 -10.56000000000001 659.1600000000025
0.0 -10.56000000000001 659.1600000000025
0.0 -10.580000000000009 659.1600000000025
0.0 -10.580000000000009 659.1600000000025
0.0 -10.580000000000009 659.1600000000025
0.0 -10.580000000000009 659.1600000000025
0.0 -10.56000000000001 659.1600000000025
0.0 -10.56000000000001 659.1600000000025
0.0 -10.56000000000001 659.1600000000025
0.0 -10.56000000000001 659.1600000000025
0.0 -10.54000000000001 659.1600000000025
0.0 -10.54000000000001 659.1600000000025
0.0 -10.56000000000001 659.1600000000025
0.0 -10.56000000000001 659.1600000000025
0.0 -10.54000000000001 659.1600000000025
0.0 -10.54000000000001 659.1600000000025
0.0 -10.54000000000001 659.1600000000025
0.0 -10.54000000000001 659.1600000000025
0.0 -10.280000000000015 659.1600000000025
0.0 -10.280000000000015 659.1600000000025
0.0 -10.240000000000016 659.1600000000025
0.0 -10.240000000000016 659.1600000000025
0.0 -10.240000000000016 659.1600000000025
0.0 -10.240000000000016 659.1600000000025
0.0 -10.220000000000017 659.1600000000025
0.0 -10.220000000000017 659.1600000000025
0.0 -10.200000000000017 659.1600000000025
0.0 -10.200000000000017 659.1600000000025
0.0 -10.200000000000017 659.1600000000025
0.0 -10.200000000000017 659.1600000000025
0.0 -10.200000000000017 659.1600000000025
0.0 -10.200000000000017 659.1600000000025
0.0 -10.160000000000018 659.1600000000025
0.0 -10.160000000000018 659.1600000000025
0.0 -10.180000000000017 659.1600000000025
0.0 -10.180000000000017 659.1600000000025
0.0 -10.180000000000017 659.1600000000025
0.0 -10.180000000000017 659.1600000000025
0.0 -10.180000000000017 659.1600000000025
0.0 -10.180000000000017 659.1600000000025
0.0 -10.180000000000017 659.1600000000025
0.0 -10.180000000000017 659.1600000000025
0.0 -10.180000000000017 659.1600000000025
0.0 -10.180000000000017 659.1600000000025
0.0 -10.160000000000018 659.1600000000025
0.0 -10.160000000000018 659.1600000000025
0.0 -10.160000000000018 659.1600000000025
0.0 -10.160000000000018 659.1600000000025
0.0 -10.160000000000018 659.1600000000025
0.0 -10.160000000000018 659.1600000000025
0.0 -10.160000000000018 659.1600000000025
0.0 -10.160000000000018 659.1600000000025
0.0 -10.160000000000018 659.1600000000025
0.0 -10.160000000000018 659.1600000000025
0.0 -10.200000000000017 659.1600000000025
0.0 -10.200000000000017 659.1600000000025
0.0 -10.160000000000018 659.1600000000025
0.0 -10.160000000000018 659.1600000000025
0.0 -10.180000000000017 659.1600000000025
0.0 -10.180000000000017 659.1600000000025
0.0 -10.140000000000018 659.1600000000025
0.0 -10.140000000000018 659.1600000000025
0.0 -10.140000000000018 659.1600000000025
0.0 -10.140000000000018 659.1600000000025
0.0 -10.10000000000002 659.1600000000025
0.0 -10.10000000000002 659.1600000000025
0.0 -10.10000000000002 659.1600000000025
0.0 -10.10000000000002 659.1600000000025
0.0 -10.10000000000002 659.1600000000025
0.0 -10.10000000000002 659.1600000000025
0.0 -10.120000000000019 659.1600000000025
0.0 -10.120000000000019 659.1600000000025
0.0 -10.160000000000018 659.1600000000025
0.0 -10.160000000000018 659.1600000000025
0.0 -10.160000000000018 659.1600000000025
0.0 -10.160000000000018 659.1600000000025
0.0 -10.160000000000018 659.1600000000025
0.0 -10.160000000000018 659.1600000000025
0.0 -10.160000000000018 659.1600000000025
0.0 -10.160000000000018 659.1600000000025
0.0 -10.160000000000018 659.1600000000025
0.0 -10.160000000000018 659.1600000000025
0.0 -10.160000000000018 659.1600000000025
0.0 -10.160000000000018 659.1600000000025
0.0 -10.180000000000017 659.1600000000025
0.0 -10.180000000000017 659.1600000000025
0.0 -10.200000000000017 659.1600000000025
0.0 -10.200000000000017 659.1600000000025
0.0 -10.180000000000017 659.1600000000025
0.0 -10.180000000000017 659.1600000000025
0.0 -10.180000000000017 659.1600000000025
0.0 -10.180000000000017 659.1600000000025
0.0 -10.160000000000018 659.1600000000025
0.0 -10.160000000000018 659.1600000000025
0.0 -10.120000000000019 659.1600000000025
0.0 -10.120000000000019 659.1600000000025
0.0 -10.10000000000002 659.1600000000025
0.0 -10.10000000000002 659.1600000000025
0.0 -10.06000000000002 659.1600000000025
0.0 -10.06000000000002 659.1600000000025
0.0 -10.04000000000002 659.1600000000025
0.0 -10.04000000000002 659.1600000000025
-8 4 659.1600000000025
-8 4 659.1600000000025
-5.01 2.9699999999999953 659.1600000000025
-5.01 2.9699999999999953 659.1600000000025
10 -8 659.1600000000025
10 -8 659.1600000000025
24 -6 659.1600000000025
24 -6 659.1600000000025
24 -10 659.1600000000025
24 -10 659.1600000000025
23 -9 659.1600000000025
23 -9 659.1600000000025
4 -6 659.1600000000025
4 -6 659.1600000000025
4 -10 659.1600000000025
4 -10 659.1600000000025
3 -9 659.1600000000025
3 -9 659.1600000000025
