28 7 0
28 27 0
28 14 0
28 14 0
25 9 0
25 29 0
24 8 0
24 28 0
29 6 0
29 26 0
29 3 0
29 23 0
26 6 0
26 26 0
24 5 0
24 25 0
20.67999999999989 19.999999999999844 0
20.67999999999989 19.999999999999844 0
21.169999999999874 21.00999999999999 0
29.489999999999988 19.2700000000002 0
29.489999999999988 19.2700000000002 0
20.939999999999678 4.039999999999999 0
20.939999999999678 24.04 0
22.639999999999922 19.999999999999844 0
22.639999999999922 19.999999999999844 0
21.009999999999845 6.950000000000001 0
21.009999999999845 26.950000000000003 0
19.189999999999657 18.969999999999683 0
10.009999999999978 2.9700000000000006 0
1.009999999999933 0.8899999999998442 0
15.98999999999998 18.0699999999997 0
3.5000000000000107 4.98 0
2.99 2.9900000000000215 0
6.01 5.950000000000001 0
19.999999999999876 20.919999999999845 0
19.999999999999876 20.919999999999845 0
16.990000000000133 13.99 0
13.019999999999978 10.920000000000023 0
8.0 7.839999999999982 0
9.780000000000005 12.0 0
15.0 3.0199999999999796 0
11.569999999999945 6.129999999999997 0
6.970000000000022 1.01 0
17.030000000000005 8.830000000000025 0
12.950000000000001 16.009999999999845 0
8 27 0
5 29 0
-10 12 0
-10 12 0
4 28 0
9 26 0
-8 12 0
-8 12 0
9 23 0
6 26 0
4 25 0
1.8799999999999957 20.879999999999978 0
1.8599999999999939 20.859999999999975 0
1.8399999999999908 20.83999999999997 0
-5.970000000000001 14.99 0
-5.970000000000001 14.99 0
1.7799999999999845 20.779999999999962 0
1.7599999999999818 20.75999999999996 0
1.7199999999999787 20.719999999999953 0
1.609999999999976 20.609999999999935 0
1.579999999999973 20.57999999999993 0
1.5499999999999703 20.549999999999926 0
1.5299999999999672 20.529999999999923 0
1.459999999999964 20.459999999999912 0
1.3899999999999606 20.3899999999999 0
1.33999999999996 20.339999999999893 0
1.2499999999999576 20.24999999999988 0
1.2099999999999527 20.209999999999873 0
1.1799999999999495 20.17999999999987 0
1.1499999999999468 20.149999999999864 0
1.1099999999999421 20.10999999999986 0
-4.430000000000012 14.03 0
-4.430000000000012 14.03 0
1.1699999999998738 21.00999999999999 0
0.009999999999786837 19.989999999999842 0
1.0099999999999332 19.98999999999985 0
1.179999999999941 19.97999999999984 0
0.939999999999678 24.04 0
7.5100000000000104 19.64999999999979 0
0.9599999999999398 17.85999999999951 0
1.0099999999998452 26.950000000000003 0
0.009999999999793943 19.90999999999983 0
1.9900000000000426 7.970000000000001 0
0.31000000000011224 11.569999999999967 0
4.98 10.039999999999978 0
-1.2434497875801753e-13 0.9199999999998443 0
-1.2434497875801753e-13 0.9199999999998443 0
-7.01 18.24999999999984 0
-7.01 18.24999999999984 0
8.99 17.80999999999997 0
3.079999999999977 17.519999999999456 0
5.760000000000048 14.02 0
8 -6 0
8 -6 0
-5 -20 0
-5 -20 0
10 -8 0
10 -8 0
12 -8 0
12 -8 0
0.10999999999980362 -0.19000000000018602 0
0.10999999999980362 -0.19000000000018602 0
0.05999999999979778 -0.1400000000001782 0
0.05999999999979778 -0.1400000000001782 0
-1.2434497875801753e-13 -19.080000000000155 0
-1.2434497875801753e-13 -19.080000000000155 0
28 -6 0
28 -6 0
21.84999999999999 0.8499999999999746 0
21.829999999999988 0.8299999999999714 0
21.809999999999985 0.8099999999999683 0
14.03 -5.01 0
14.03 -5.01 0
21.709999999999976 0.7099999999999527 0
21.55999999999997 0.5599999999999292 0
21.519999999999964 0.519999999999923 0
21.37999999999996 0.3799999999999011 0
21.32999999999996 0.32999999999989327 0
21.219999999999953 0.21999999999987607 0
21.129999999999942 0.12999999999986356 0
21.069999999999936 0.0699999999998609 0
0.9199999999999267 -1.5631940186722204e-13 0
0.9199999999999267 -1.5631940186722204e-13 0
20.889999999999922 0.00999999999984368 0
0.8399999999999161 -1.5631940186722204e-13 0
0.8399999999999161 -1.5631940186722204e-13 0
20.80999999999991 0.00999999999984368 0
0.7799999999999099 0.01999999999984368 0
0.6799999999998911 -0.04000000000016257 0
0.6799999999998911 -0.04000000000016257 0
0.659999999999888 -0.020000000000159446 0
0.659999999999888 -0.020000000000159446 0
0.6199999999998818 -1.5631940186722204e-13 0
0.6199999999998818 -1.5631940186722204e-13 0
15.569999999999988 -5.970000000000001 0
15.569999999999988 -5.970000000000001 0
0.6799999999998896 -1.5631940186722204e-13 0
20.67999999999989 -1.5631940186722204e-13 0
0.6799999999998896 -1.5631940186722204e-13 0
20.67999999999989 -1.5631940186722204e-13 0
21.169999999999874 1.0099999999999891 0
1.0099999999999316 0.00999999999984368 0
9.48999999999999 -0.7299999999998015 0
29.489999999999988 -0.7299999999998015 0
9.48999999999999 -0.7299999999998015 0
29.489999999999988 -0.7299999999998015 0
2.6399999999999237 -1.5631940186722204e-13 0
22.639999999999922 -1.5631940186722204e-13 0
2.6399999999999237 -1.5631940186722204e-13 0
22.639999999999922 -1.5631940186722204e-13 0
18.92999999999962 0.3299999999998438 0
12.99 -1.7500000000001599 0
12.99 -1.7500000000001599 0
-5 0 0
-5 0 0
-10 -8 0
-10 -8 0
-8 -8 0
-8 -8 0
-5.970000000000001 -5.01 0
-5.970000000000001 -5.01 0
-4.430000000000012 -5.970000000000001 0
-4.430000000000012 -5.970000000000001 0
-7.01 -1.7500000000001599 0
-7.01 -1.7500000000001599 0
