0 29 658.3000000000011
20 29 658.3000000000011
13 29 658.3000000000011
13 29 658.3000000000011
26 0 658.3000000000011
26 20 658.3000000000011
24 14 658.3000000000011
24 14 658.3000000000011
24 4 658.3000000000011
4 24 658.3000000000011
24 24 658.3000000000011
12 24 658.3000000000011
12 24 658.3000000000011
28 0 658.3000000000011
28 20 658.3000000000011
24 10 658.3000000000011
24 10 658.3000000000011
29 3 658.3000000000011
9 23 658.3000000000011
29 23 658.3000000000011
23 11 658.3000000000011
23 11 658.3000000000011
20.0 29.0 658.3000000000011
20.0 29.0 658.3000000000011
26.0 20.0 658.3000000000011
26.0 0.0 658.3000000000011
26.0 20.0 658.3000000000011
26.0 0.0 658.3000000000011
20.0 29.0 658.3000000000011
20.0 29.0 658.3000000000011
25.98 20.0 658.3000000000011
25.98 0.0 658.3000000000011
25.98 20.0 658.3000000000011
25.98 0.0 658.3000000000011
25.98 20.0 658.3000000000011
25.98 0.0 658.3000000000011
25.98 20.0 658.3000000000011
25.98 0.0 658.3000000000011
25.94 20.0 658.3000000000011
25.94 0.0 658.3000000000011
25.94 20.0 658.3000000000011
25.94 0.0 658.3000000000011
20.0 29.0 658.3000000000011
20.0 29.0 658.3000000000011
20.0 29.0 658.3000000000011
20.0 29.0 658.3000000000011
27.98 20.0 658.3000000000011
27.98 0.0 658.3000000000011
27.98 20.0 658.3000000000011
27.98 0.0 658.3000000000011
20.0 29.0 658.3000000000011
20.0 29.0 658.3000000000011
20.0 29.0 658.3000000000011
20.0 29.0 658.3000000000011
28.02 20.0 658.3000000000011
28.02 0.0 658.3000000000011
28.02 20.0 658.3000000000011
28.02 0.0 658.3000000000011
25.900000000000002 20.0 658.3000000000011
25.900000000000002 0.0 658.3000000000011
25.900000000000002 20.0 658.3000000000011
25.900000000000002 0.0 658.3000000000011
25.900000000000002 20.0 658.3000000000011
25.900000000000002 0.0 658.3000000000011
25.900000000000002 20.0 658.3000000000011
25.900000000000002 0.0 658.3000000000011
25.900000000000002 20.0 658.3000000000011
25.900000000000002 0.0 658.3000000000011
25.900000000000002 20.0 658.3000000000011
25.900000000000002 0.0 658.3000000000011
25.880000000000003 20.0 658.3000000000011
25.880000000000003 0.0 658.3000000000011
25.880000000000003 20.0 658.3000000000011
25.880000000000003 0.0 658.3000000000011
20.0 29.0 658.3000000000011
20.0 29.0 658.3000000000011
25.880000000000003 20.0 658.3000000000011
25.880000000000003 0.0 658.3000000000011
25.880000000000003 20.0 658.3000000000011
25.880000000000003 0.0 658.3000000000011
28.0 20.0 658.3000000000011
28.0 0.0 658.3000000000011
28.0 20.0 658.3000000000011
28.0 0.0 658.3000000000011
25.860000000000003 20.0 658.3000000000011
25.860000000000003 0.0 658.3000000000011
25.860000000000003 20.0 658.3000000000011
25.860000000000003 0.0 658.3000000000011
25.840000000000003 20.0 658.3000000000011
25.840000000000003 0.0 658.3000000000011
25.840000000000003 20.0 658.3000000000011
25.840000000000003 0.0 658.3000000000011
28.0 20.0 658.3000000000011
28.0 0.0 658.3000000000011
28.0 20.0 658.3000000000011
28.0 0.0 658.3000000000011
25.820000000000004 20.0 658.3000000000011
25.820000000000004 0.0 658.3000000000011
25.820000000000004 20.0 658.3000000000011
25.820000000000004 0.0 658.3000000000011
25.820000000000004 20.0 658.3000000000011
25.820000000000004 0.0 658.3000000000011
25.820000000000004 20.0 658.3000000000011
25.820000000000004 0.0 658.3000000000011
20.0 28.98 658.3000000000011
20.0 28.98 658.3000000000011
25.800000000000004 20.0 658.3000000000011
25.800000000000004 0.0 658.3000000000011
25.800000000000004 20.0 658.3000000000011
25.800000000000004 0.0 658.3000000000011
25.780000000000005 20.0 658.3000000000011
25.780000000000005 0.0 658.3000000000011
25.780000000000005 20.0 658.3000000000011
25.780000000000005 0.0 658.3000000000011
25.780000000000005 20.0 658.3000000000011
25.780000000000005 0.0 658.3000000000011
25.780000000000005 20.0 658.3000000000011
25.780000000000005 0.0 658.3000000000011
28.0 20.0 658.3000000000011
28.0 0.0 658.3000000000011
28.0 20.0 658.3000000000011
28.0 0.0 658.3000000000011
25.780000000000005 20.0 658.3000000000011
25.780000000000005 0.0 658.3000000000011
25.780000000000005 20.0 658.3000000000011
25.780000000000005 0.0 658.3000000000011
20.0 29.0 658.3000000000011
20.0 29.0 658.3000000000011
25.780000000000005 20.0 658.3000000000011
25.780000000000005 0.0 658.3000000000011
25.780000000000005 20.0 658.3000000000011
25.780000000000005 0.0 658.3000000000011
28.0 20.0 658.3000000000011
28.0 0.0 658.3000000000011
28.0 20.0 658.3000000000011
28.0 0.0 658.3000000000011
20.0 29.02 658.3000000000011
20.0 29.02 658.3000000000011
27.98 20.0 658.3000000000011
27.98 0.0 658.3000000000011
27.98 20.0 658.3000000000011
27.98 0.0 658.3000000000011
27.98 20.0 658.3000000000011
27.98 0.0 658.3000000000011
27.98 20.0 658.3000000000011
27.98 0.0 658.3000000000011
28.0 20.0 658.3000000000011
28.0 0.0 658.3000000000011
28.0 20.0 658.3000000000011
28.0 0.0 658.3000000000011
25.740000000000006 20.0 658.3000000000011
25.740000000000006 0.0 658.3000000000011
25.740000000000006 20.0 658.3000000000011
25.740000000000006 0.0 658.3000000000011
25.720000000000006 20.0 658.3000000000011
25.720000000000006 0.0 658.3000000000011
25.720000000000006 20.0 658.3000000000011
25.720000000000006 0.0 658.3000000000011
27.98 20.0 658.3000000000011
27.98 0.0 658.3000000000011
27.98 20.0 658.3000000000011
27.98 0.0 658.3000000000011
25.700000000000006 20.0 658.3000000000011
25.700000000000006 0.0 658.3000000000011
25.700000000000006 20.0 658.3000000000011
25.700000000000006 0.0 658.3000000000011
28.0 20.0 658.3000000000011
28.0 0.0 658.3000000000011
28.0 20.0 658.3000000000011
28.0 0.0 658.3000000000011
25.700000000000006 20.0 658.3000000000011
25.700000000000006 0.0 658.3000000000011
25.700000000000006 20.0 658.3000000000011
25.700000000000006 0.0 658.3000000000011
20.0 29.04 658.3000000000011
20.0 29.04 658.3000000000011
20.0 29.04 658.3000000000011
20.0 29.04 658.3000000000011
20.0 29.04 658.3000000000011
20.0 29.04 658.3000000000011
25.54000000000001 20.0 658.3000000000011
25.54000000000001 0.0 658.3000000000011
25.54000000000001 20.0 658.3000000000011
25.54000000000001 0.0 658.3000000000011
20.0 29.04 658.3000000000011
20.0 29.04 658.3000000000011
25.52000000000001 20.0 658.3000000000011
25.52000000000001 0.0 658.3000000000011
25.52000000000001 20.0 658.3000000000011
25.52000000000001 0.0 658.3000000000011
25.50000000000001 20.0 658.3000000000011
25.50000000000001 0.0 658.3000000000011
25.50000000000001 20.0 658.3000000000011
25.50000000000001 0.0 658.3000000000011
20.0 29.02 658.3000000000011
20.0 29.02 658.3000000000011
25.48000000000001 20.0 658.3000000000011
25.48000000000001 0.0 658.3000000000011
25.48000000000001 20.0 658.3000000000011
25.48000000000001 0.0 658.3000000000011
28.0 20.0 658.3000000000011
28.0 0.0 658.3000000000011
28.0 20.0 658.3000000000011
28.0 0.0 658.3000000000011
28.0 20.0 658.3000000000011
28.0 0.0 658.3000000000011
28.0 20.0 658.3000000000011
28.0 0.0 658.3000000000011
25.46000000000001 20.0 658.3000000000011
25.46000000000001 0.0 658.3000000000011
25.46000000000001 20.0 658.3000000000011
25.46000000000001 0.0 658.3000000000011
20.0 29.0 658.3000000000011
20.0 29.0 658.3000000000011
25.420000000000012 20.0 658.3000000000011
25.420000000000012 0.0 658.3000000000011
25.420000000000012 20.0 658.3000000000011
25.420000000000012 0.0 658.3000000000011
25.380000000000013 20.0 658.3000000000011
25.380000000000013 0.0 658.3000000000011
25.380000000000013 20.0 658.3000000000011
25.380000000000013 0.0 658.3000000000011
25.360000000000014 20.0 658.3000000000011
25.360000000000014 0.0 658.3000000000011
25.360000000000014 20.0 658.3000000000011
25.360000000000014 0.0 658.3000000000011
20.0 29.0 658.3000000000011
20.0 29.0 658.3000000000011
25.360000000000014 20.0 658.3000000000011
25.360000000000014 0.0 658.3000000000011
25.360000000000014 20.0 658.3000000000011
25.360000000000014 0.0 658.3000000000011
20.0 29.0 658.3000000000011
20.0 29.0 658.3000000000011
25.300000000000015 20.0 658.3000000000011
25.300000000000015 0.0 658.3000000000011
25.300000000000015 20.0 658.3000000000011
25.300000000000015 0.0 658.3000000000011
20.0 29.0 658.3000000000011
20.0 29.0 658.3000000000011
28.0 20.0 658.3000000000011
28.0 0.0 658.3000000000011
28.0 20.0 658.3000000000011
28.0 0.0 658.3000000000011
25.280000000000015 20.0 658.3000000000011
25.280000000000015 0.0 658.3000000000011
25.280000000000015 20.0 658.3000000000011
25.280000000000015 0.0 658.3000000000011
25.240000000000016 20.0 658.3000000000011
25.240000000000016 0.0 658.3000000000011
25.240000000000016 20.0 658.3000000000011
25.240000000000016 0.0 658.3000000000011
20.0 29.0 658.3000000000011
20.0 29.0 658.3000000000011
25.220000000000017 20.0 658.3000000000011
25.220000000000017 0.0 658.3000000000011
25.220000000000017 20.0 658.3000000000011
25.220000000000017 0.0 658.3000000000011
20.0 29.0 658.3000000000011
20.0 29.0 658.3000000000011
28.0 20.0 658.3000000000011
28.0 0.0 658.3000000000011
28.0 20.0 658.3000000000011
28.0 0.0 658.3000000000011
28.0 20.0 658.3000000000011
28.0 0.0 658.3000000000011
28.0 20.0 658.3000000000011
28.0 0.0 658.3000000000011
25.160000000000018 20.0 658.3000000000011
25.160000000000018 0.0 658.3000000000011
25.160000000000018 20.0 658.3000000000011
25.160000000000018 0.0 658.3000000000011
25.14000000000002 20.0 658.3000000000011
25.14000000000002 0.0 658.3000000000011
25.14000000000002 20.0 658.3000000000011
25.14000000000002 0.0 658.3000000000011
27.98 20.0 658.3000000000011
27.98 0.0 658.3000000000011
27.98 20.0 658.3000000000011
27.98 0.0 658.3000000000011
25.14000000000002 20.0 658.3000000000011
25.14000000000002 0.0 658.3000000000011
25.14000000000002 20.0 658.3000000000011
25.14000000000002 0.0 658.3000000000011
25.12000000000002 20.0 658.3000000000011
25.12000000000002 0.0 658.3000000000011
25.12000000000002 20.0 658.3000000000011
25.12000000000002 0.0 658.3000000000011
25.12000000000002 20.0 658.3000000000011
25.12000000000002 0.0 658.3000000000011
25.12000000000002 20.0 658.3000000000011
25.12000000000002 0.0 658.3000000000011
20.0 29.099999999999998 658.3000000000011
20.0 29.099999999999998 658.3000000000011
20.0 29.119999999999997 658.3000000000011
20.0 29.119999999999997 658.3000000000011
20.0 29.139999999999997 658.3000000000011
20.0 29.139999999999997 658.3000000000011
24.98000000000002 20.0 658.3000000000011
24.98000000000002 0.0 658.3000000000011
24.98000000000002 20.0 658.3000000000011
24.98000000000002 0.0 658.3000000000011
20.0 29.159999999999997 658.3000000000011
20.0 29.159999999999997 658.3000000000011
20.0 29.159999999999997 658.3000000000011
20.0 29.159999999999997 658.3000000000011
25.02000000000002 20.0 658.3000000000011
25.02000000000002 0.0 658.3000000000011
25.02000000000002 20.0 658.3000000000011
25.02000000000002 0.0 658.3000000000011
25.02000000000002 20.0 658.3000000000011
25.02000000000002 0.0 658.3000000000011
25.02000000000002 20.0 658.3000000000011
25.02000000000002 0.0 658.3000000000011
25.00000000000002 20.0 658.3000000000011
25.00000000000002 0.0 658.3000000000011
25.00000000000002 20.0 658.3000000000011
25.00000000000002 0.0 658.3000000000011
25.00000000000002 20.0 658.3000000000011
25.00000000000002 0.0 658.3000000000011
25.00000000000002 20.0 658.3000000000011
25.00000000000002 0.0 658.3000000000011
24.98000000000002 20.0 658.3000000000011
24.98000000000002 0.0 658.3000000000011
24.98000000000002 20.0 658.3000000000011
24.98000000000002 0.0 658.3000000000011
24.960000000000022 20.0 658.3000000000011
24.960000000000022 0.0 658.3000000000011
24.960000000000022 20.0 658.3000000000011
24.960000000000022 0.0 658.3000000000011
24.940000000000023 20.0 658.3000000000011
24.940000000000023 0.0 658.3000000000011
24.940000000000023 20.0 658.3000000000011
24.940000000000023 0.0 658.3000000000011
24.920000000000023 20.0 658.3000000000011
24.920000000000023 0.0 658.3000000000011
24.920000000000023 20.0 658.3000000000011
24.920000000000023 0.0 658.3000000000011
20.0 29.179999999999996 658.3000000000011
20.0 29.179999999999996 658.3000000000011
20.0 29.179999999999996 658.3000000000011
20.0 29.179999999999996 658.3000000000011
20.0 29.179999999999996 658.3000000000011
20.0 29.179999999999996 658.3000000000011
20.0 29.159999999999997 658.3000000000011
20.0 29.159999999999997 658.3000000000011
20.0 29.179999999999996 658.3000000000011
20.0 29.179999999999996 658.3000000000011
20.0 29.179999999999996 658.3000000000011
20.0 29.179999999999996 658.3000000000011
20.0 29.159999999999997 658.3000000000011
20.0 29.159999999999997 658.3000000000011
20.0 29.159999999999997 658.3000000000011
20.0 29.159999999999997 658.3000000000011
14.99 22.969999999999995 658.3000000000011
14.99 22.969999999999995 658.3000000000011
20.0 29.159999999999997 658.3000000000011
20.0 29.159999999999997 658.3000000000011
20.0 29.159999999999997 658.3000000000011
20.0 29.159999999999997 658.3000000000011
20.0 29.139999999999997 658.3000000000011
20.0 29.139999999999997 658.3000000000011
20.0 29.139999999999997 658.3000000000011
20.0 29.139999999999997 658.3000000000011
20.0 29.159999999999997 658.3000000000011
20.0 29.159999999999997 658.3000000000011
20.0 29.179999999999996 658.3000000000011
20.0 29.179999999999996 658.3000000000011
20.0 29.179999999999996 658.3000000000011
20.0 29.179999999999996 658.3000000000011
28.0 20.0 658.3000000000011
28.0 0.0 658.3000000000011
28.0 20.0 658.3000000000011
28.0 0.0 658.3000000000011
27.98 20.0 658.3000000000011
27.98 0.0 658.3000000000011
27.98 20.0 658.3000000000011
27.98 0.0 658.3000000000011
20.0 29.179999999999996 658.3000000000011
20.0 29.179999999999996 658.3000000000011
28.0 20.0 658.3000000000011
28.0 0.0 658.3000000000011
28.0 20.0 658.3000000000011
28.0 0.0 658.3000000000011
20.0 29.159999999999997 658.3000000000011
20.0 29.159999999999997 658.3000000000011
20.0 29.159999999999997 658.3000000000011
20.0 29.159999999999997 658.3000000000011
28.0 20.0 658.3000000000011
28.0 0.0 658.3000000000011
28.0 20.0 658.3000000000011
28.0 0.0 658.3000000000011
20.0 29.139999999999997 658.3000000000011
20.0 29.139999999999997 658.3000000000011
20.0 29.139999999999997 658.3000000000011
20.0 29.139999999999997 658.3000000000011
28.0 20.0 658.3000000000011
28.0 0.0 658.3000000000011
28.0 20.0 658.3000000000011
28.0 0.0 658.3000000000011
20.0 29.159999999999997 658.3000000000011
20.0 29.159999999999997 658.3000000000011
20.0 29.139999999999997 658.3000000000011
20.0 29.139999999999997 658.3000000000011
20.0 29.139999999999997 658.3000000000011
20.0 29.139999999999997 658.3000000000011
20.0 29.119999999999997 658.3000000000011
20.0 29.119999999999997 658.3000000000011
28.0 20.0 658.3000000000011
28.0 0.0 658.3000000000011
28.0 20.0 658.3000000000011
28.0 0.0 658.3000000000011
20.0 29.139999999999997 658.3000000000011
20.0 29.139999999999997 658.3000000000011
20.0 29.139999999999997 658.3000000000011
20.0 29.139999999999997 658.3000000000011
20.0 29.119999999999997 658.3000000000011
20.0 29.119999999999997 658.3000000000011
20.0 29.099999999999998 658.3000000000011
20.0 29.099999999999998 658.3000000000011
28.0 20.0 658.3000000000011
28.0 0.0 658.3000000000011
28.0 20.0 658.3000000000011
28.0 0.0 658.3000000000011
20.0 29.08 658.3000000000011
20.0 29.08 658.3000000000011
28.0 20.0 658.3000000000011
28.0 0.0 658.3000000000011
28.0 20.0 658.3000000000011
28.0 0.0 658.3000000000011
28.0 20.0 658.3000000000011
28.0 0.0 658.3000000000011
28.0 20.0 658.3000000000011
28.0 0.0 658.3000000000011
20.0 29.06 658.3000000000011
20.0 29.06 658.3000000000011
20.0 29.06 658.3000000000011
20.0 29.06 658.3000000000011
28.0 20.0 658.3000000000011
28.0 0.0 658.3000000000011
28.0 20.0 658.3000000000011
28.0 0.0 658.3000000000011
20.0 29.06 658.3000000000011
20.0 29.06 658.3000000000011
28.0 20.0 658.3000000000011
28.0 0.0 658.3000000000011
28.0 20.0 658.3000000000011
28.0 0.0 658.3000000000011
20.0 29.08 658.3000000000011
20.0 29.08 658.3000000000011
20.0 29.08 658.3000000000011
20.0 29.08 658.3000000000011
20.0 29.08 658.3000000000011
20.0 29.08 658.3000000000011
25.00000000000002 20.0 658.3000000000011
25.00000000000002 0.0 658.3000000000011
25.00000000000002 20.0 658.3000000000011
25.00000000000002 0.0 658.3000000000011
20.0 29.099999999999998 658.3000000000011
20.0 29.099999999999998 658.3000000000011
20.0 29.119999999999997 658.3000000000011
20.0 29.119999999999997 658.3000000000011
20.0 29.119999999999997 658.3000000000011
20.0 29.119999999999997 658.3000000000011
20.0 29.119999999999997 658.3000000000011
20.0 29.119999999999997 658.3000000000011
27.98 20.0 658.3000000000011
27.98 0.0 658.3000000000011
27.98 20.0 658.3000000000011
27.98 0.0 658.3000000000011
25.00000000000002 20.0 658.3000000000011
25.00000000000002 0.0 658.3000000000011
25.00000000000002 20.0 658.3000000000011
25.00000000000002 0.0 658.3000000000011
25.00000000000002 20.0 658.3000000000011
25.00000000000002 0.0 658.3000000000011
25.00000000000002 20.0 658.3000000000011
25.00000000000002 0.0 658.3000000000011
25.00000000000002 20.0 658.3000000000011
25.00000000000002 0.0 658.3000000000011
25.00000000000002 20.0 658.3000000000011
25.00000000000002 0.0 658.3000000000011
20.0 29.139999999999997 658.3000000000011
20.0 29.139999999999997 658.3000000000011
20.0 29.139999999999997 658.3000000000011
20.0 29.139999999999997 658.3000000000011
28.02 20.0 658.3000000000011
28.02 0.0 658.3000000000011
28.02 20.0 658.3000000000011
28.02 0.0 658.3000000000011
20.0 29.159999999999997 658.3000000000011
20.0 29.159999999999997 658.3000000000011
25.00000000000002 20.0 658.3000000000011
25.00000000000002 0.0 658.3000000000011
25.00000000000002 20.0 658.3000000000011
25.00000000000002 0.0 658.3000000000011
24.98000000000002 20.0 658.3000000000011
24.98000000000002 0.0 658.3000000000011
24.98000000000002 20.0 658.3000000000011
24.98000000000002 0.0 658.3000000000011
25.00000000000002 20.0 658.3000000000011
25.00000000000002 0.0 658.3000000000011
25.00000000000002 20.0 658.3000000000011
25.00000000000002 0.0 658.3000000000011
20.0 29.159999999999997 658.3000000000011
20.0 29.159999999999997 658.3000000000011
28.0 20.0 658.3000000000011
28.0 0.0 658.3000000000011
28.0 20.0 658.3000000000011
28.0 0.0 658.3000000000011
20.0 29.179999999999996 658.3000000000011
20.0 29.179999999999996 658.3000000000011
20.0 29.179999999999996 658.3000000000011
20.0 29.179999999999996 658.3000000000011
24.98000000000002 20.0 658.3000000000011
24.98000000000002 0.0 658.3000000000011
24.98000000000002 20.0 658.3000000000011
24.98000000000002 0.0 658.3000000000011
20.0 29.159999999999997 658.3000000000011
20.0 29.159999999999997 658.3000000000011
20.0 29.139999999999997 658.3000000000011
20.0 29.139999999999997 658.3000000000011
28.0 20.0 658.3000000000011
28.0 0.0 658.3000000000011
28.0 20.0 658.3000000000011
28.0 0.0 658.3000000000011
25.00000000000002 20.0 658.3000000000011
25.00000000000002 0.0 658.3000000000011
25.00000000000002 20.0 658.3000000000011
25.00000000000002 0.0 658.3000000000011
20.0 29.179999999999996 658.3000000000011
20.0 29.179999999999996 658.3000000000011
28.0 20.0 658.3000000000011
28.0 0.0 658.3000000000011
28.0 20.0 658.3000000000011
28.0 0.0 658.3000000000011
28.0 20.0 658.3000000000011
28.0 0.0 658.3000000000011
28.0 20.0 658.3000000000011
28.0 0.0 658.3000000000011
20.0 29.179999999999996 658.3000000000011
20.0 29.179999999999996 658.3000000000011
28.0 20.0 658.3000000000011
28.0 0.0 658.3000000000011
28.0 20.0 658.3000000000011
28.0 0.0 658.3000000000011
20.0 29.159999999999997 658.3000000000011
20.0 29.159999999999997 658.3000000000011
20.0 29.159999999999997 658.3000000000011
20.0 29.159999999999997 658.3000000000011
20.0 29.159999999999997 658.3000000000011
20.0 29.159999999999997 658.3000000000011
27.98 20.0 658.3000000000011
27.98 0.0 658.3000000000011
27.98 20.0 658.3000000000011
27.98 0.0 658.3000000000011
20.0 29.159999999999997 658.3000000000011
20.0 29.159999999999997 658.3000000000011
20.0 29.159999999999997 658.3000000000011
20.0 29.159999999999997 658.3000000000011
28.0 20.0 658.3000000000011
28.0 0.0 658.3000000000011
28.0 20.0 658.3000000000011
28.0 0.0 658.3000000000011
20.0 29.179999999999996 658.3000000000011
20.0 29.179999999999996 658.3000000000011
20.0 29.179999999999996 658.3000000000011
20.0 29.179999999999996 658.3000000000011
20.0 29.179999999999996 658.3000000000011
20.0 29.179999999999996 658.3000000000011
20.0 29.179999999999996 658.3000000000011
20.0 29.179999999999996 658.3000000000011
24.960000000000022 20.0 658.3000000000011
24.960000000000022 0.0 658.3000000000011
24.960000000000022 20.0 658.3000000000011
24.960000000000022 0.0 658.3000000000011
24.960000000000022 20.0 658.3000000000011
24.960000000000022 0.0 658.3000000000011
24.960000000000022 20.0 658.3000000000011
24.960000000000022 0.0 658.3000000000011
24.940000000000023 20.0 658.3000000000011
24.940000000000023 0.0 658.3000000000011
24.940000000000023 20.0 658.3000000000011
24.940000000000023 0.0 658.3000000000011
28.0 20.0 658.3000000000011
28.0 0.0 658.3000000000011
28.0 20.0 658.3000000000011
28.0 0.0 658.3000000000011
20.0 29.179999999999996 658.3000000000011
20.0 29.179999999999996 658.3000000000011
24.960000000000022 20.0 658.3000000000011
24.960000000000022 0.0 658.3000000000011
24.960000000000022 20.0 658.3000000000011
24.960000000000022 0.0 658.3000000000011
20.0 29.199999999999996 658.3000000000011
20.0 29.199999999999996 658.3000000000011
28.0 20.0 658.3000000000011
28.0 0.0 658.3000000000011
28.0 20.0 658.3000000000011
28.0 0.0 658.3000000000011
20.0 29.199999999999996 658.3000000000011
20.0 29.199999999999996 658.3000000000011
28.0 20.0 658.3000000000011
28.0 0.0 658.3000000000011
28.0 20.0 658.3000000000011
28.0 0.0 658.3000000000011
20.0 29.199999999999996 658.3000000000011
20.0 29.199999999999996 658.3000000000011
20.0 29.199999999999996 658.3000000000011
20.0 29.199999999999996 658.3000000000011
24.960000000000022 20.0 658.3000000000011
24.960000000000022 0.0 658.3000000000011
24.960000000000022 20.0 658.3000000000011
24.960000000000022 0.0 658.3000000000011
20.0 29.219999999999995 658.3000000000011
20.0 29.219999999999995 658.3000000000011
27.98 20.0 658.3000000000011
27.98 0.0 658.3000000000011
27.98 20.0 658.3000000000011
27.98 0.0 658.3000000000011
24.98000000000002 20.0 658.3000000000011
24.98000000000002 0.0 658.3000000000011
24.98000000000002 20.0 658.3000000000011
24.98000000000002 0.0 658.3000000000011
20.0 29.239999999999995 658.3000000000011
20.0 29.239999999999995 658.3000000000011
20.0 29.259999999999994 658.3000000000011
20.0 29.259999999999994 658.3000000000011
20.0 29.239999999999995 658.3000000000011
20.0 29.239999999999995 658.3000000000011
20.0 29.239999999999995 658.3000000000011
20.0 29.239999999999995 658.3000000000011
28.0 20.0 658.3000000000011
28.0 0.0 658.3000000000011
28.0 20.0 658.3000000000011
28.0 0.0 658.3000000000011
28.0 20.0 658.3000000000011
28.0 0.0 658.3000000000011
28.0 20.0 658.3000000000011
28.0 0.0 658.3000000000011
28.02 20.0 658.3000000000011
28.02 0.0 658.3000000000011
28.02 20.0 658.3000000000011
28.02 0.0 658.3000000000011
20.0 29.259999999999994 658.3000000000011
20.0 29.259999999999994 658.3000000000011
28.0 20.0 658.3000000000011
28.0 0.0 658.3000000000011
28.0 20.0 658.3000000000011
28.0 0.0 658.3000000000011
28.0 20.0 658.3000000000011
28.0 0.0 658.3000000000011
28.0 20.0 658.3000000000011
28.0 0.0 658.3000000000011
20.0 29.239999999999995 658.3000000000011
20.0 29.239999999999995 658.3000000000011
28.0 20.0 658.3000000000011
28.0 0.0 658.3000000000011
28.0 20.0 658.3000000000011
28.0 0.0 658.3000000000011
20.0 29.259999999999994 658.3000000000011
20.0 29.259999999999994 658.3000000000011
20.0 29.259999999999994 658.3000000000011
20.0 29.259999999999994 658.3000000000011
27.98 20.0 658.3000000000011
27.98 0.0 658.3000000000011
27.98 20.0 658.3000000000011
27.98 0.0 658.3000000000011
28.0 20.0 658.3000000000011
28.0 0.0 658.3000000000011
28.0 20.0 658.3000000000011
28.0 0.0 658.3000000000011
20.0 29.279999999999994 658.3000000000011
20.0 29.279999999999994 658.3000000000011
28.0 20.0 658.3000000000011
28.0 0.0 658.3000000000011
28.0 20.0 658.3000000000011
28.0 0.0 658.3000000000011
20.0 29.279999999999994 658.3000000000011
20.0 29.279999999999994 658.3000000000011
28.0 20.0 658.3000000000011
28.0 0.0 658.3000000000011
28.0 20.0 658.3000000000011
28.0 0.0 658.3000000000011
20.0 29.299999999999994 658.3000000000011
20.0 29.299999999999994 658.3000000000011
20.0 29.279999999999994 658.3000000000011
20.0 29.279999999999994 658.3000000000011
20.0 29.279999999999994 658.3000000000011
20.0 29.279999999999994 658.3000000000011
28.0 20.0 658.3000000000011
28.0 0.0 658.3000000000011
28.0 20.0 658.3000000000011
28.0 0.0 658.3000000000011
20.0 29.259999999999994 658.3000000000011
20.0 29.259999999999994 658.3000000000011
20.0 29.259999999999994 658.3000000000011
20.0 29.259999999999994 658.3000000000011
28.0 20.0 658.3000000000011
28.0 0.0 658.3000000000011
28.0 20.0 658.3000000000011
28.0 0.0 658.3000000000011
20.0 29.279999999999994 658.3000000000011
20.0 29.279999999999994 658.3000000000011
28.0 20.0 658.3000000000011
28.0 0.0 658.3000000000011
28.0 20.0 658.3000000000011
28.0 0.0 658.3000000000011
20.0 29.279999999999994 658.3000000000011
20.0 29.279999999999994 658.3000000000011
20.0 29.259999999999994 658.3000000000011
20.0 29.259999999999994 658.3000000000011
20.0 29.259999999999994 658.3000000000011
20.0 29.259999999999994 658.3000000000011
20.0 29.279999999999994 658.3000000000011
20.0 29.279999999999994 658.3000000000011
28.0 20.0 658.3000000000011
28.0 0.0 658.3000000000011
28.0 20.0 658.3000000000011
28.0 0.0 658.3000000000011
20.0 29.279999999999994 658.3000000000011
20.0 29.279999999999994 658.3000000000011
20.0 29.279999999999994 658.3000000000011
20.0 29.279999999999994 658.3000000000011
28.0 20.0 658.3000000000011
28.0 0.0 658.3000000000011
28.0 20.0 658.3000000000011
28.0 0.0 658.3000000000011
28.0 20.0 658.3000000000011
28.0 0.0 658.3000000000011
28.0 20.0 658.3000000000011
28.0 0.0 658.3000000000011
20.0 29.299999999999994 658.3000000000011
20.0 29.299999999999994 658.3000000000011
20.0 29.299999999999994 658.3000000000011
20.0 29.299999999999994 658.3000000000011
20.0 29.299999999999994 658.3000000000011
20.0 29.299999999999994 658.3000000000011
20.0 29.279999999999994 658.3000000000011
20.0 29.279999999999994 658.3000000000011
20.0 29.299999999999994 658.3000000000011
20.0 29.299999999999994 658.3000000000011
20.0 29.279999999999994 658.3000000000011
20.0 29.279999999999994 658.3000000000011
20.0 29.279999999999994 658.3000000000011
20.0 29.279999999999994 658.3000000000011
20.0 29.259999999999994 658.3000000000011
20.0 29.259999999999994 658.3000000000011
28.0 20.0 658.3000000000011
28.0 0.0 658.3000000000011
28.0 20.0 658.3000000000011
28.0 0.0 658.3000000000011
20.0 29.259999999999994 658.3000000000011
20.0 29.259999999999994 658.3000000000011
20.0 29.279999999999994 658.3000000000011
20.0 29.279999999999994 658.3000000000011
28.0 20.0 658.3000000000011
28.0 0.0 658.3000000000011
28.0 20.0 658.3000000000011
28.0 0.0 658.3000000000011
28.0 20.0 658.3000000000011
28.0 0.0 658.3000000000011
28.0 20.0 658.3000000000011
28.0 0.0 658.3000000000011
20.0 29.299999999999994 658.3000000000011
20.0 29.299999999999994 658.3000000000011
28.0 20.0 658.3000000000011
28.0 0.0 658.3000000000011
28.0 20.0 658.3000000000011
28.0 0.0 658.3000000000011
20.0 29.299999999999994 658.3000000000011
20.0 29.299999999999994 658.3000000000011
20.0 29.279999999999994 658.3000000000011
20.0 29.279999999999994 658.3000000000011
28.0 20.0 658.3000000000011
28.0 0.0 658.3000000000011
28.0 20.0 658.3000000000011
28.0 0.0 658.3000000000011
20.0 29.299999999999994 658.3000000000011
20.0 29.299999999999994 658.3000000000011
28.0 20.0 658.3000000000011
28.0 0.0 658.3000000000011
28.0 20.0 658.3000000000011
28.0 0.0 658.3000000000011
20.0 29.319999999999993 658.3000000000011
20.0 29.319999999999993 658.3000000000011
25.00000000000002 20.0 658.3000000000011
25.00000000000002 0.0 658.3000000000011
25.00000000000002 20.0 658.3000000000011
25.00000000000002 0.0 658.3000000000011
28.0 20.0 658.3000000000011
28.0 0.0 658.3000000000011
28.0 20.0 658.3000000000011
28.0 0.0 658.3000000000011
20.0 29.319999999999993 658.3000000000011
20.0 29.319999999999993 658.3000000000011
20.0 29.339999999999993 658.3000000000011
20.0 29.339999999999993 658.3000000000011
25.00000000000002 20.0 658.3000000000011
25.00000000000002 0.0 658.3000000000011
25.00000000000002 20.0 658.3000000000011
25.00000000000002 0.0 658.3000000000011
20.0 29.339999999999993 658.3000000000011
20.0 29.339999999999993 658.3000000000011
25.00000000000002 20.0 658.3000000000011
25.00000000000002 0.0 658.3000000000011
25.00000000000002 20.0 658.3000000000011
25.00000000000002 0.0 658.3000000000011
25.00000000000002 20.0 658.3000000000011
25.00000000000002 0.0 658.3000000000011
25.00000000000002 20.0 658.3000000000011
25.00000000000002 0.0 658.3000000000011
20.0 29.339999999999993 658.3000000000011
20.0 29.339999999999993 658.3000000000011
20.0 29.339999999999993 658.3000000000011
20.0 29.339999999999993 658.3000000000011
20.0 29.339999999999993 658.3000000000011
20.0 29.339999999999993 658.3000000000011
20.0 29.319999999999993 658.3000000000011
20.0 29.319999999999993 658.3000000000011
20.0 29.339999999999993 658.3000000000011
20.0 29.339999999999993 658.3000000000011
20.0 29.339999999999993 658.3000000000011
20.0 29.339999999999993 658.3000000000011
25.00000000000002 20.0 658.3000000000011
25.00000000000002 0.0 658.3000000000011
25.00000000000002 20.0 658.3000000000011
25.00000000000002 0.0 658.3000000000011
25.00000000000002 20.0 658.3000000000011
25.00000000000002 0.0 658.3000000000011
25.00000000000002 20.0 658.3000000000011
25.00000000000002 0.0 658.3000000000011
20.0 29.339999999999993 658.3000000000011
20.0 29.339999999999993 658.3000000000011
20.0 29.319999999999993 658.3000000000011
20.0 29.319999999999993 658.3000000000011
20.0 29.299999999999994 658.3000000000011
20.0 29.299999999999994 658.3000000000011
28.0 20.0 658.3000000000011
28.0 0.0 658.3000000000011
28.0 20.0 658.3000000000011
28.0 0.0 658.3000000000011
20.0 29.279999999999994 658.3000000000011
20.0 29.279999999999994 658.3000000000011
27.98 20.0 658.3000000000011
27.98 0.0 658.3000000000011
27.98 20.0 658.3000000000011
27.98 0.0 658.3000000000011
20.0 29.279999999999994 658.3000000000011
20.0 29.279999999999994 658.3000000000011
27.98 20.0 658.3000000000011
27.98 0.0 658.3000000000011
27.98 20.0 658.3000000000011
27.98 0.0 658.3000000000011
20.0 29.299999999999994 658.3000000000011
20.0 29.299999999999994 658.3000000000011
27.98 20.0 658.3000000000011
27.98 0.0 658.3000000000011
27.98 20.0 658.3000000000011
27.98 0.0 658.3000000000011
20.0 29.279999999999994 658.3000000000011
20.0 29.279999999999994 658.3000000000011
27.98 20.0 658.3000000000011
27.98 0.0 658.3000000000011
27.98 20.0 658.3000000000011
27.98 0.0 658.3000000000011
27.98 20.0 658.3000000000011
27.98 0.0 658.3000000000011
27.98 20.0 658.3000000000011
27.98 0.0 658.3000000000011
20.0 29.319999999999993 658.3000000000011
20.0 29.319999999999993 658.3000000000011
27.96 20.0 658.3000000000011
27.96 0.0 658.3000000000011
27.96 20.0 658.3000000000011
27.96 0.0 658.3000000000011
20.0 29.339999999999993 658.3000000000011
20.0 29.339999999999993 658.3000000000011
20.0 29.359999999999992 658.3000000000011
20.0 29.359999999999992 658.3000000000011
28.0 20.0 658.3000000000011
28.0 0.0 658.3000000000011
28.0 20.0 658.3000000000011
28.0 0.0 658.3000000000011
20.0 29.379999999999992 658.3000000000011
20.0 29.379999999999992 658.3000000000011
20.0 29.379999999999992 658.3000000000011
20.0 29.379999999999992 658.3000000000011
28.0 20.0 658.3000000000011
28.0 0.0 658.3000000000011
28.0 20.0 658.3000000000011
28.0 0.0 658.3000000000011
20.0 29.379999999999992 658.3000000000011
20.0 29.379999999999992 658.3000000000011
28.0 20.0 658.3000000000011
28.0 0.0 658.3000000000011
28.0 20.0 658.3000000000011
28.0 0.0 658.3000000000011
28.02 20.0 658.3000000000011
28.02 0.0 658.3000000000011
28.02 20.0 658.3000000000011
28.02 0.0 658.3000000000011
28.02 20.0 658.3000000000011
28.02 0.0 658.3000000000011
28.02 20.0 658.3000000000011
28.02 0.0 658.3000000000011
28.0 20.0 658.3000000000011
28.0 0.0 658.3000000000011
28.0 20.0 658.3000000000011
28.0 0.0 658.3000000000011
27.98 20.0 658.3000000000011
27.98 0.0 658.3000000000011
27.98 20.0 658.3000000000011
27.98 0.0 658.3000000000011
20.0 29.359999999999992 658.3000000000011
20.0 29.359999999999992 658.3000000000011
20.0 29.359999999999992 658.3000000000011
20.0 29.359999999999992 658.3000000000011
20.0 29.359999999999992 658.3000000000011
20.0 29.359999999999992 658.3000000000011
20.0 29.379999999999992 658.3000000000011
20.0 29.379999999999992 658.3000000000011
27.96 20.0 658.3000000000011
27.96 0.0 658.3000000000011
27.96 20.0 658.3000000000011
27.96 0.0 658.3000000000011
24.960000000000022 20.0 658.3000000000011
24.960000000000022 0.0 658.3000000000011
24.960000000000022 20.0 658.3000000000011
24.960000000000022 0.0 658.3000000000011
27.98 20.0 658.3000000000011
27.98 0.0 658.3000000000011
27.98 20.0 658.3000000000011
27.98 0.0 658.3000000000011
24.940000000000023 20.0 658.3000000000011
24.940000000000023 0.0 658.3000000000011
24.940000000000023 20.0 658.3000000000011
24.940000000000023 0.0 658.3000000000011
24.940000000000023 20.0 658.3000000000011
24.940000000000023 0.0 658.3000000000011
24.940000000000023 20.0 658.3000000000011
24.940000000000023 0.0 658.3000000000011
28.0 20.0 658.3000000000011
28.0 0.0 658.3000000000011
28.0 20.0 658.3000000000011
28.0 0.0 658.3000000000011
28.0 20.0 658.3000000000011
28.0 0.0 658.3000000000011
28.0 20.0 658.3000000000011
28.0 0.0 658.3000000000011
24.940000000000023 20.0 658.3000000000011
24.940000000000023 0.0 658.3000000000011
24.940000000000023 20.0 658.3000000000011
24.940000000000023 0.0 658.3000000000011
24.960000000000022 20.0 658.3000000000011
24.960000000000022 0.0 658.3000000000011
24.960000000000022 20.0 658.3000000000011
24.960000000000022 0.0 658.3000000000011
20.0 29.39999999999999 658.3000000000011
20.0 29.39999999999999 658.3000000000011
20.0 29.41999999999999 658.3000000000011
20.0 29.41999999999999 658.3000000000011
27.98 20.0 658.3000000000011
27.98 0.0 658.3000000000011
27.98 20.0 658.3000000000011
27.98 0.0 658.3000000000011
20.0 29.41999999999999 658.3000000000011
20.0 29.41999999999999 658.3000000000011
27.98 20.0 658.3000000000011
27.98 0.0 658.3000000000011
27.98 20.0 658.3000000000011
27.98 0.0 658.3000000000011
24.960000000000022 20.0 658.3000000000011
24.960000000000022 0.0 658.3000000000011
24.960000000000022 20.0 658.3000000000011
24.960000000000022 0.0 658.3000000000011
27.98 20.0 658.3000000000011
27.98 0.0 658.3000000000011
27.98 20.0 658.3000000000011
27.98 0.0 658.3000000000011
27.98 20.0 658.3000000000011
27.98 0.0 658.3000000000011
27.98 20.0 658.3000000000011
27.98 0.0 658.3000000000011
27.96 20.0 658.3000000000011
27.96 0.0 658.3000000000011
27.96 20.0 658.3000000000011
27.96 0.0 658.3000000000011
20.0 29.41999999999999 658.3000000000011
20.0 29.41999999999999 658.3000000000011
20.0 29.43999999999999 658.3000000000011
20.0 29.43999999999999 658.3000000000011
27.96 20.0 658.3000000000011
27.96 0.0 658.3000000000011
27.96 20.0 658.3000000000011
27.96 0.0 658.3000000000011
27.96 20.0 658.3000000000011
27.96 0.0 658.3000000000011
27.96 20.0 658.3000000000011
27.96 0.0 658.3000000000011
27.98 20.0 658.3000000000011
27.98 0.0 658.3000000000011
27.98 20.0 658.3000000000011
27.98 0.0 658.3000000000011
20.0 29.41999999999999 658.3000000000011
20.0 29.41999999999999 658.3000000000011
20.0 29.41999999999999 658.3000000000011
20.0 29.41999999999999 658.3000000000011
20.0 29.43999999999999 658.3000000000011
20.0 29.43999999999999 658.3000000000011
20.0 29.43999999999999 658.3000000000011
20.0 29.43999999999999 658.3000000000011
20.0 29.45999999999999 658.3000000000011
20.0 29.45999999999999 658.3000000000011
20.0 29.43999999999999 658.3000000000011
20.0 29.43999999999999 658.3000000000011
20.0 29.45999999999999 658.3000000000011
20.0 29.45999999999999 658.3000000000011
20.0 29.45999999999999 658.3000000000011
20.0 29.45999999999999 658.3000000000011
20.0 29.719999999999985 658.3000000000011
20.0 29.719999999999985 658.3000000000011
20.0 29.759999999999984 658.3000000000011
20.0 29.759999999999984 658.3000000000011
20.0 29.759999999999984 658.3000000000011
20.0 29.759999999999984 658.3000000000011
20.0 29.779999999999983 658.3000000000011
20.0 29.779999999999983 658.3000000000011
20.0 29.799999999999983 658.3000000000011
20.0 29.799999999999983 658.3000000000011
20.0 29.799999999999983 658.3000000000011
20.0 29.799999999999983 658.3000000000011
20.0 29.799999999999983 658.3000000000011
20.0 29.799999999999983 658.3000000000011
20.0 29.839999999999982 658.3000000000011
20.0 29.839999999999982 658.3000000000011
20.0 29.819999999999983 658.3000000000011
20.0 29.819999999999983 658.3000000000011
20.0 29.819999999999983 658.3000000000011
20.0 29.819999999999983 658.3000000000011
20.0 29.819999999999983 658.3000000000011
20.0 29.819999999999983 658.3000000000011
20.0 29.819999999999983 658.3000000000011
20.0 29.819999999999983 658.3000000000011
20.0 29.819999999999983 658.3000000000011
20.0 29.819999999999983 658.3000000000011
20.0 29.839999999999982 658.3000000000011
20.0 29.839999999999982 658.3000000000011
20.0 29.839999999999982 658.3000000000011
20.0 29.839999999999982 658.3000000000011
20.0 29.839999999999982 658.3000000000011
20.0 29.839999999999982 658.3000000000011
20.0 29.839999999999982 658.3000000000011
20.0 29.839999999999982 658.3000000000011
20.0 29.839999999999982 658.3000000000011
20.0 29.839999999999982 658.3000000000011
20.0 29.799999999999983 658.3000000000011
20.0 29.799999999999983 658.3000000000011
20.0 29.839999999999982 658.3000000000011
20.0 29.839999999999982 658.3000000000011
20.0 29.819999999999983 658.3000000000011
20.0 29.819999999999983 658.3000000000011
20.0 29.85999999999998 658.3000000000011
20.0 29.85999999999998 658.3000000000011
20.0 29.85999999999998 658.3000000000011
20.0 29.85999999999998 658.3000000000011
20.0 29.89999999999998 658.3000000000011
20.0 29.89999999999998 658.3000000000011
20.0 29.89999999999998 658.3000000000011
20.0 29.89999999999998 658.3000000000011
20.0 29.89999999999998 658.3000000000011
20.0 29.89999999999998 658.3000000000011
20.0 29.87999999999998 658.3000000000011
20.0 29.87999999999998 658.3000000000011
20.0 29.839999999999982 658.3000000000011
20.0 29.839999999999982 658.3000000000011
20.0 29.839999999999982 658.3000000000011
20.0 29.839999999999982 658.3000000000011
20.0 29.839999999999982 658.3000000000011
20.0 29.839999999999982 658.3000000000011
20.0 29.839999999999982 658.3000000000011
20.0 29.839999999999982 658.3000000000011
20.0 29.839999999999982 658.3000000000011
20.0 29.839999999999982 658.3000000000011
20.0 29.839999999999982 658.3000000000011
20.0 29.839999999999982 658.3000000000011
20.0 29.819999999999983 658.3000000000011
20.0 29.819999999999983 658.3000000000011
20.0 29.799999999999983 658.3000000000011
20.0 29.799999999999983 658.3000000000011
20.0 29.819999999999983 658.3000000000011
20.0 29.819999999999983 658.3000000000011
20.0 29.819999999999983 658.3000000000011
20.0 29.819999999999983 658.3000000000011
20.0 29.839999999999982 658.3000000000011
20.0 29.839999999999982 658.3000000000011
20.0 29.87999999999998 658.3000000000011
20.0 29.87999999999998 658.3000000000011
20.0 29.89999999999998 658.3000000000011
20.0 29.89999999999998 658.3000000000011
20.0 29.93999999999998 658.3000000000011
20.0 29.93999999999998 658.3000000000011
20.0 29.95999999999998 658.3000000000011
20.0 29.95999999999998 658.3000000000011
28.0 20.0 658.3000000000011
28.0 0.0 658.3000000000011
28.0 20.0 658.3000000000011
28.0 0.0 658.3000000000011
28.0 20.0 658.3000000000011
28.0 0.0 658.3000000000011
28.0 20.0 658.3000000000011
28.0 0.0 658.3000000000011
12.019999999999957 15.999999999999533 658.3000000000011
18.00999999999969 10.069999999999977 658.3000000000011
1.01 1.9700000000000213 658.3000000000011
18.130000000000013 15.68999999999954 658.3000000000011
0.99 12.989999999999958 658.3000000000011
16.99999999999976 17.999999999999844 658.3000000000011
3.99 3.99 658.3000000000011
1.7700000000000424 16.00999999999996 658.3000000000011
17.99999999999953 3.9999999999999787 658.3000000000011
9.99 2.0300000000001557 658.3000000000011
15.99999999999922 12.999999999999957 658.3000000000011
1.0000000000001554 6.000000000000021 658.3000000000011
3.9899999999999576 7.99 658.3000000000011
17.019999999999754 0.48000000000015497 658.3000000000011
13.169999999999996 19.009999999999533 658.3000000000011
9.019999999999978 18.019999999999378 658.3000000000011
19.009999999999533 7.970000000000001 658.3000000000011
4.1499999999999755 13.009999999999957 658.3000000000011
5.010000000000021 1.0500000000000007 658.3000000000011
7.970000000000001 0.9700000000000006 658.3000000000011
9.01 7.0099999999999145 658.3000000000011
1.0100000000000007 10.089999999999977 658.3000000000011
3.940000000000044 18.999999999999844 658.3000000000011
15.00999999999971 15.989999999999533 658.3000000000011
15.999999999999533 7.0 658.3000000000011
7.009999999999936 9.99 658.3000000000011
12.06000000000002 1.019999999999999 658.3000000000011
13.0 9.159999999999997 658.3000000000011
7.000000000000021 4.059999999999956 658.3000000000011
15.0 3.0 658.3000000000011
10.01 12.309999999999993 658.3000000000011
12.01 4.989999999999979 658.3000000000011
6.9900000000000215 14.989999999999398 658.3000000000011
-10 12 658.3000000000011
-10 12 658.3000000000011
-7 9 658.3000000000011
-7 9 658.3000000000011
-10 -8 658.3000000000011
-10 -8 658.3000000000011
-7 -11 658.3000000000011
-7 -11 658.3000000000011
-8 -16 658.3000000000011
-8 -16 658.3000000000011
0.0 -11.0 658.3000000000011
0.0 -11.0 658.3000000000011
0.0 -11.0 658.3000000000011
0.0 -11.0 658.3000000000011
0.0 -11.0 658.3000000000011
0.0 -11.0 658.3000000000011
0.0 -11.0 658.3000000000011
0.0 -11.0 658.3000000000011
0.0 -11.0 658.3000000000011
0.0 -11.0 658.3000000000011
0.0 -11.0 658.3000000000011
0.0 -11.0 658.3000000000011
0.0 -11.0 658.3000000000011
0.0 -11.0 658.3000000000011
0.0 -11.02 658.3000000000011
0.0 -11.02 658.3000000000011
0.0 -11.0 658.3000000000011
0.0 -11.0 658.3000000000011
0.0 -10.98 658.3000000000011
0.0 -10.98 658.3000000000011
0.0 -10.96 658.3000000000011
0.0 -10.96 658.3000000000011
0.0 -10.96 658.3000000000011
0.0 -10.96 658.3000000000011
0.0 -10.96 658.3000000000011
0.0 -10.96 658.3000000000011
0.0 -10.96 658.3000000000011
0.0 -10.96 658.3000000000011
0.0 -10.98 658.3000000000011
0.0 -10.98 658.3000000000011
0.0 -11.0 658.3000000000011
0.0 -11.0 658.3000000000011
0.0 -11.0 658.3000000000011
0.0 -11.0 658.3000000000011
0.0 -11.0 658.3000000000011
0.0 -11.0 658.3000000000011
0.0 -11.0 658.3000000000011
0.0 -11.0 658.3000000000011
0.0 -11.0 658.3000000000011
0.0 -11.0 658.3000000000011
0.0 -11.0 658.3000000000011
0.0 -11.0 658.3000000000011
0.0 -10.900000000000002 658.3000000000011
0.0 -10.900000000000002 658.3000000000011
0.0 -10.880000000000003 658.3000000000011
0.0 -10.880000000000003 658.3000000000011
0.0 -10.860000000000003 658.3000000000011
0.0 -10.860000000000003 658.3000000000011
0.0 -10.840000000000003 658.3000000000011
0.0 -10.840000000000003 658.3000000000011
0.0 -10.840000000000003 658.3000000000011
0.0 -10.840000000000003 658.3000000000011
0.0 -10.820000000000004 658.3000000000011
0.0 -10.820000000000004 658.3000000000011
0.0 -10.820000000000004 658.3000000000011
0.0 -10.820000000000004 658.3000000000011
0.0 -10.820000000000004 658.3000000000011
0.0 -10.820000000000004 658.3000000000011
0.0 -10.840000000000003 658.3000000000011
0.0 -10.840000000000003 658.3000000000011
0.0 -10.820000000000004 658.3000000000011
0.0 -10.820000000000004 658.3000000000011
0.0 -10.820000000000004 658.3000000000011
0.0 -10.820000000000004 658.3000000000011
0.0 -10.840000000000003 658.3000000000011
0.0 -10.840000000000003 658.3000000000011
0.0 -10.840000000000003 658.3000000000011
0.0 -10.840000000000003 658.3000000000011
-5.01 -17.030000000000005 658.3000000000011
-5.01 -17.030000000000005 658.3000000000011
0.0 -10.840000000000003 658.3000000000011
0.0 -10.840000000000003 658.3000000000011
0.0 -10.840000000000003 658.3000000000011
0.0 -10.840000000000003 658.3000000000011
0.0 -10.860000000000003 658.3000000000011
0.0 -10.860000000000003 658.3000000000011
0.0 -10.860000000000003 658.3000000000011
0.0 -10.860000000000003 658.3000000000011
0.0 -10.840000000000003 658.3000000000011
0.0 -10.840000000000003 658.3000000000011
0.0 -10.820000000000004 658.3000000000011
0.0 -10.820000000000004 658.3000000000011
0.0 -10.820000000000004 658.3000000000011
0.0 -10.820000000000004 658.3000000000011
0.0 -10.820000000000004 658.3000000000011
0.0 -10.820000000000004 658.3000000000011
0.0 -10.840000000000003 658.3000000000011
0.0 -10.840000000000003 658.3000000000011
0.0 -10.840000000000003 658.3000000000011
0.0 -10.840000000000003 658.3000000000011
0.0 -10.860000000000003 658.3000000000011
0.0 -10.860000000000003 658.3000000000011
0.0 -10.860000000000003 658.3000000000011
0.0 -10.860000000000003 658.3000000000011
0.0 -10.840000000000003 658.3000000000011
0.0 -10.840000000000003 658.3000000000011
0.0 -10.860000000000003 658.3000000000011
0.0 -10.860000000000003 658.3000000000011
0.0 -10.860000000000003 658.3000000000011
0.0 -10.860000000000003 658.3000000000011
0.0 -10.880000000000003 658.3000000000011
0.0 -10.880000000000003 658.3000000000011
0.0 -10.860000000000003 658.3000000000011
0.0 -10.860000000000003 658.3000000000011
0.0 -10.860000000000003 658.3000000000011
0.0 -10.860000000000003 658.3000000000011
0.0 -10.880000000000003 658.3000000000011
0.0 -10.880000000000003 658.3000000000011
0.0 -10.900000000000002 658.3000000000011
0.0 -10.900000000000002 658.3000000000011
0.0 -10.920000000000002 658.3000000000011
0.0 -10.920000000000002 658.3000000000011
0.0 -10.940000000000001 658.3000000000011
0.0 -10.940000000000001 658.3000000000011
0.0 -10.940000000000001 658.3000000000011
0.0 -10.940000000000001 658.3000000000011
0.0 -10.940000000000001 658.3000000000011
0.0 -10.940000000000001 658.3000000000011
0.0 -10.920000000000002 658.3000000000011
0.0 -10.920000000000002 658.3000000000011
0.0 -10.920000000000002 658.3000000000011
0.0 -10.920000000000002 658.3000000000011
0.0 -10.920000000000002 658.3000000000011
0.0 -10.920000000000002 658.3000000000011
0.0 -10.900000000000002 658.3000000000011
0.0 -10.900000000000002 658.3000000000011
0.0 -10.880000000000003 658.3000000000011
0.0 -10.880000000000003 658.3000000000011
0.0 -10.880000000000003 658.3000000000011
0.0 -10.880000000000003 658.3000000000011
0.0 -10.880000000000003 658.3000000000011
0.0 -10.880000000000003 658.3000000000011
0.0 -10.860000000000003 658.3000000000011
0.0 -10.860000000000003 658.3000000000011
0.0 -10.860000000000003 658.3000000000011
0.0 -10.860000000000003 658.3000000000011
0.0 -10.840000000000003 658.3000000000011
0.0 -10.840000000000003 658.3000000000011
0.0 -10.840000000000003 658.3000000000011
0.0 -10.840000000000003 658.3000000000011
0.0 -10.820000000000004 658.3000000000011
0.0 -10.820000000000004 658.3000000000011
0.0 -10.820000000000004 658.3000000000011
0.0 -10.820000000000004 658.3000000000011
0.0 -10.840000000000003 658.3000000000011
0.0 -10.840000000000003 658.3000000000011
0.0 -10.860000000000003 658.3000000000011
0.0 -10.860000000000003 658.3000000000011
0.0 -10.820000000000004 658.3000000000011
0.0 -10.820000000000004 658.3000000000011
0.0 -10.820000000000004 658.3000000000011
0.0 -10.820000000000004 658.3000000000011
0.0 -10.840000000000003 658.3000000000011
0.0 -10.840000000000003 658.3000000000011
0.0 -10.840000000000003 658.3000000000011
0.0 -10.840000000000003 658.3000000000011
0.0 -10.840000000000003 658.3000000000011
0.0 -10.840000000000003 658.3000000000011
0.0 -10.840000000000003 658.3000000000011
0.0 -10.840000000000003 658.3000000000011
0.0 -10.840000000000003 658.3000000000011
0.0 -10.840000000000003 658.3000000000011
0.0 -10.820000000000004 658.3000000000011
0.0 -10.820000000000004 658.3000000000011
0.0 -10.820000000000004 658.3000000000011
0.0 -10.820000000000004 658.3000000000011
0.0 -10.820000000000004 658.3000000000011
0.0 -10.820000000000004 658.3000000000011
0.0 -10.820000000000004 658.3000000000011
0.0 -10.820000000000004 658.3000000000011
0.0 -10.820000000000004 658.3000000000011
0.0 -10.820000000000004 658.3000000000011
0.0 -10.800000000000004 658.3000000000011
0.0 -10.800000000000004 658.3000000000011
0.0 -10.800000000000004 658.3000000000011
0.0 -10.800000000000004 658.3000000000011
0.0 -10.800000000000004 658.3000000000011
0.0 -10.800000000000004 658.3000000000011
0.0 -10.800000000000004 658.3000000000011
0.0 -10.800000000000004 658.3000000000011
0.0 -10.780000000000005 658.3000000000011
0.0 -10.780000000000005 658.3000000000011
0.0 -10.760000000000005 658.3000000000011
0.0 -10.760000000000005 658.3000000000011
0.0 -10.740000000000006 658.3000000000011
0.0 -10.740000000000006 658.3000000000011
0.0 -10.760000000000005 658.3000000000011
0.0 -10.760000000000005 658.3000000000011
0.0 -10.760000000000005 658.3000000000011
0.0 -10.760000000000005 658.3000000000011
0.0 -10.740000000000006 658.3000000000011
0.0 -10.740000000000006 658.3000000000011
0.0 -10.760000000000005 658.3000000000011
0.0 -10.760000000000005 658.3000000000011
0.0 -10.740000000000006 658.3000000000011
0.0 -10.740000000000006 658.3000000000011
0.0 -10.740000000000006 658.3000000000011
0.0 -10.740000000000006 658.3000000000011
0.0 -10.720000000000006 658.3000000000011
0.0 -10.720000000000006 658.3000000000011
0.0 -10.720000000000006 658.3000000000011
0.0 -10.720000000000006 658.3000000000011
0.0 -10.700000000000006 658.3000000000011
0.0 -10.700000000000006 658.3000000000011
0.0 -10.720000000000006 658.3000000000011
0.0 -10.720000000000006 658.3000000000011
0.0 -10.720000000000006 658.3000000000011
0.0 -10.720000000000006 658.3000000000011
0.0 -10.740000000000006 658.3000000000011
0.0 -10.740000000000006 658.3000000000011
0.0 -10.740000000000006 658.3000000000011
0.0 -10.740000000000006 658.3000000000011
0.0 -10.720000000000006 658.3000000000011
0.0 -10.720000000000006 658.3000000000011
0.0 -10.720000000000006 658.3000000000011
0.0 -10.720000000000006 658.3000000000011
0.0 -10.740000000000006 658.3000000000011
0.0 -10.740000000000006 658.3000000000011
0.0 -10.740000000000006 658.3000000000011
0.0 -10.740000000000006 658.3000000000011
0.0 -10.720000000000006 658.3000000000011
0.0 -10.720000000000006 658.3000000000011
0.0 -10.720000000000006 658.3000000000011
0.0 -10.720000000000006 658.3000000000011
0.0 -10.720000000000006 658.3000000000011
0.0 -10.720000000000006 658.3000000000011
0.0 -10.700000000000006 658.3000000000011
0.0 -10.700000000000006 658.3000000000011
0.0 -10.700000000000006 658.3000000000011
0.0 -10.700000000000006 658.3000000000011
0.0 -10.700000000000006 658.3000000000011
0.0 -10.700000000000006 658.3000000000011
0.0 -10.720000000000006 658.3000000000011
0.0 -10.720000000000006 658.3000000000011
0.0 -10.700000000000006 658.3000000000011
0.0 -10.700000000000006 658.3000000000011
0.0 -10.720000000000006 658.3000000000011
0.0 -10.720000000000006 658.3000000000011
0.0 -10.720000000000006 658.3000000000011
0.0 -10.720000000000006 658.3000000000011
0.0 -10.740000000000006 658.3000000000011
0.0 -10.740000000000006 658.3000000000011
0.0 -10.740000000000006 658.3000000000011
0.0 -10.740000000000006 658.3000000000011
0.0 -10.720000000000006 658.3000000000011
0.0 -10.720000000000006 658.3000000000011
0.0 -10.700000000000006 658.3000000000011
0.0 -10.700000000000006 658.3000000000011
0.0 -10.700000000000006 658.3000000000011
0.0 -10.700000000000006 658.3000000000011
0.0 -10.720000000000006 658.3000000000011
0.0 -10.720000000000006 658.3000000000011
0.0 -10.700000000000006 658.3000000000011
0.0 -10.700000000000006 658.3000000000011
0.0 -10.680000000000007 658.3000000000011
0.0 -10.680000000000007 658.3000000000011
0.0 -10.680000000000007 658.3000000000011
0.0 -10.680000000000007 658.3000000000011
0.0 -10.660000000000007 658.3000000000011
0.0 -10.660000000000007 658.3000000000011
0.0 -10.660000000000007 658.3000000000011
0.0 -10.660000000000007 658.3000000000011
0.0 -10.660000000000007 658.3000000000011
0.0 -10.660000000000007 658.3000000000011
0.0 -10.660000000000007 658.3000000000011
0.0 -10.660000000000007 658.3000000000011
0.0 -10.660000000000007 658.3000000000011
0.0 -10.660000000000007 658.3000000000011
0.0 -10.680000000000007 658.3000000000011
0.0 -10.680000000000007 658.3000000000011
0.0 -10.660000000000007 658.3000000000011
0.0 -10.660000000000007 658.3000000000011
0.0 -10.660000000000007 658.3000000000011
0.0 -10.660000000000007 658.3000000000011
0.0 -10.660000000000007 658.3000000000011
0.0 -10.660000000000007 658.3000000000011
0.0 -10.680000000000007 658.3000000000011
0.0 -10.680000000000007 658.3000000000011
0.0 -10.700000000000006 658.3000000000011
0.0 -10.700000000000006 658.3000000000011
0.0 -10.720000000000006 658.3000000000011
0.0 -10.720000000000006 658.3000000000011
0.0 -10.720000000000006 658.3000000000011
0.0 -10.720000000000006 658.3000000000011
0.0 -10.700000000000006 658.3000000000011
0.0 -10.700000000000006 658.3000000000011
0.0 -10.720000000000006 658.3000000000011
0.0 -10.720000000000006 658.3000000000011
0.0 -10.680000000000007 658.3000000000011
0.0 -10.680000000000007 658.3000000000011
0.0 -10.660000000000007 658.3000000000011
0.0 -10.660000000000007 658.3000000000011
0.0 -10.640000000000008 658.3000000000011
0.0 -10.640000000000008 658.3000000000011
0.0 -10.620000000000008 658.3000000000011
0.0 -10.620000000000008 658.3000000000011
0.0 -10.620000000000008 658.3000000000011
0.0 -10.620000000000008 658.3000000000011
0.0 -10.620000000000008 658.3000000000011
0.0 -10.620000000000008 658.3000000000011
0.0 -10.640000000000008 658.3000000000011
0.0 -10.640000000000008 658.3000000000011
0.0 -10.640000000000008 658.3000000000011
0.0 -10.640000000000008 658.3000000000011
0.0 -10.640000000000008 658.3000000000011
0.0 -10.640000000000008 658.3000000000011
0.0 -10.620000000000008 658.3000000000011
0.0 -10.620000000000008 658.3000000000011
0.0 -10.600000000000009 658.3000000000011
0.0 -10.600000000000009 658.3000000000011
0.0 -10.580000000000009 658.3000000000011
0.0 -10.580000000000009 658.3000000000011
0.0 -10.580000000000009 658.3000000000011
0.0 -10.580000000000009 658.3000000000011
0.0 -10.580000000000009 658.3000000000011
0.0 -10.580000000000009 658.3000000000011
0.0 -10.56000000000001 658.3000000000011
0.0 -10.56000000000001 658.3000000000011
0.0 -10.580000000000009 658.3000000000011
0.0 -10.580000000000009 658.3000000000011
0.0 -10.580000000000009 658.3000000000011
0.0 -10.580000000000009 658.3000000000011
0.0 -10.56000000000001 658.3000000000011
0.0 -10.56000000000001 658.3000000000011
0.0 -10.56000000000001 658.3000000000011
0.0 -10.56000000000001 658.3000000000011
0.0 -10.54000000000001 658.3000000000011
0.0 -10.54000000000001 658.3000000000011
0.0 -10.56000000000001 658.3000000000011
0.0 -10.56000000000001 658.3000000000011
0.0 -10.54000000000001 658.3000000000011
0.0 -10.54000000000001 658.3000000000011
0.0 -10.54000000000001 658.3000000000011
0.0 -10.54000000000001 658.3000000000011
0.0 -10.280000000000015 658.3000000000011
0.0 -10.280000000000015 658.3000000000011
0.0 -10.240000000000016 658.3000000000011
0.0 -10.240000000000016 658.3000000000011
0.0 -10.240000000000016 658.3000000000011
0.0 -10.240000000000016 658.3000000000011
0.0 -10.220000000000017 658.3000000000011
0.0 -10.220000000000017 658.3000000000011
0.0 -10.200000000000017 658.3000000000011
0.0 -10.200000000000017 658.3000000000011
0.0 -10.200000000000017 658.3000000000011
0.0 -10.200000000000017 658.3000000000011
0.0 -10.200000000000017 658.3000000000011
0.0 -10.200000000000017 658.3000000000011
0.0 -10.160000000000018 658.3000000000011
0.0 -10.160000000000018 658.3000000000011
0.0 -10.180000000000017 658.3000000000011
0.0 -10.180000000000017 658.3000000000011
0.0 -10.180000000000017 658.3000000000011
0.0 -10.180000000000017 658.3000000000011
0.0 -10.180000000000017 658.3000000000011
0.0 -10.180000000000017 658.3000000000011
0.0 -10.180000000000017 658.3000000000011
0.0 -10.180000000000017 658.3000000000011
0.0 -10.180000000000017 658.3000000000011
0.0 -10.180000000000017 658.3000000000011
0.0 -10.160000000000018 658.3000000000011
0.0 -10.160000000000018 658.3000000000011
0.0 -10.160000000000018 658.3000000000011
0.0 -10.160000000000018 658.3000000000011
0.0 -10.160000000000018 658.3000000000011
0.0 -10.160000000000018 658.3000000000011
0.0 -10.160000000000018 658.3000000000011
0.0 -10.160000000000018 658.3000000000011
0.0 -10.160000000000018 658.3000000000011
0.0 -10.160000000000018 658.3000000000011
0.0 -10.200000000000017 658.3000000000011
0.0 -10.200000000000017 658.3000000000011
0.0 -10.160000000000018 658.3000000000011
0.0 -10.160000000000018 658.3000000000011
0.0 -10.180000000000017 658.3000000000011
0.0 -10.180000000000017 658.3000000000011
0.0 -10.140000000000018 658.3000000000011
0.0 -10.140000000000018 658.3000000000011
0.0 -10.140000000000018 658.3000000000011
0.0 -10.140000000000018 658.3000000000011
0.0 -10.10000000000002 658.3000000000011
0.0 -10.10000000000002 658.3000000000011
0.0 -10.10000000000002 658.3000000000011
0.0 -10.10000000000002 658.3000000000011
0.0 -10.10000000000002 658.3000000000011
0.0 -10.10000000000002 658.3000000000011
0.0 -10.120000000000019 658.3000000000011
0.0 -10.120000000000019 658.3000000000011
0.0 -10.160000000000018 658.3000000000011
0.0 -10.160000000000018 658.3000000000011
0.0 -10.160000000000018 658.3000000000011
0.0 -10.160000000000018 658.3000000000011
0.0 -10.160000000000018 658.3000000000011
0.0 -10.160000000000018 658.3000000000011
0.0 -10.160000000000018 658.3000000000011
0.0 -10.160000000000018 658.3000000000011
0.0 -10.160000000000018 658.3000000000011
0.0 -10.160000000000018 658.3000000000011
0.0 -10.160000000000018 658.3000000000011
0.0 -10.160000000000018 658.3000000000011
0.0 -10.180000000000017 658.3000000000011
0.0 -10.180000000000017 658.3000000000011
0.0 -10.200000000000017 658.3000000000011
0.0 -10.200000000000017 658.3000000000011
0.0 -10.180000000000017 658.3000000000011
0.0 -10.180000000000017 658.3000000000011
0.0 -10.180000000000017 658.3000000000011
0.0 -10.180000000000017 658.3000000000011
0.0 -10.160000000000018 658.3000000000011
0.0 -10.160000000000018 658.3000000000011
0.0 -10.120000000000019 658.3000000000011
0.0 -10.120000000000019 658.3000000000011
0.0 -10.10000000000002 658.3000000000011
0.0 -10.10000000000002 658.3000000000011
0.0 -10.06000000000002 658.3000000000011
0.0 -10.06000000000002 658.3000000000011
0.0 -10.04000000000002 658.3000000000011
0.0 -10.04000000000002 658.3000000000011
-8 4 658.3000000000011
-8 4 658.3000000000011
-5.01 2.9699999999999953 658.3000000000011
-5.01 2.9699999999999953 658.3000000000011
10 -8 658.3000000000011
10 -8 658.3000000000011
24 -6 658.3000000000011
24 -6 658.3000000000011
24 -10 658.3000000000011
24 -10 658.3000000000011
23 -9 658.3000000000011
23 -9 658.3000000000011
4 -6 658.3000000000011
4 -6 658.3000000000011
4 -10 658.3000000000011
4 -10 658.3000000000011
3 -9 658.3000000000011
3 -9 658.3000000000011
