0 29 658.0800000000149
20 29 658.0800000000149
13 29 658.0800000000149
13 29 658.0800000000149
26 0 658.0800000000149
26 20 658.0800000000149
24 14 658.0800000000149
24 14 658.0800000000149
24 4 658.0800000000149
4 24 658.0800000000149
24 24 658.0800000000149
12 24 658.0800000000149
12 24 658.0800000000149
28 0 658.0800000000149
28 20 658.0800000000149
24 10 658.0800000000149
24 10 658.0800000000149
29 3 658.0800000000149
9 23 658.0800000000149
29 23 658.0800000000149
23 11 658.0800000000149
23 11 658.0800000000149
20.0 29.0 658.0800000000149
20.0 29.0 658.0800000000149
26.0 20.0 658.0800000000149
26.0 0.0 658.0800000000149
26.0 20.0 658.0800000000149
26.0 0.0 658.0800000000149
20.0 29.0 658.0800000000149
20.0 29.0 658.0800000000149
25.98 20.0 658.0800000000149
25.98 0.0 658.0800000000149
25.98 20.0 658.0800000000149
25.98 0.0 658.0800000000149
25.98 20.0 658.0800000000149
25.98 0.0 658.0800000000149
25.98 20.0 658.0800000000149
25.98 0.0 658.0800000000149
25.94 20.0 658.0800000000149
25.94 0.0 658.0800000000149
25.94 20.0 658.0800000000149
25.94 0.0 658.0800000000149
20.0 29.0 658.0800000000149
20.0 29.0 658.0800000000149
20.0 29.0 658.0800000000149
20.0 29.0 658.0800000000149
27.98 20.0 658.0800000000149
27.98 0.0 658.0800000000149
27.98 20.0 658.0800000000149
27.98 0.0 658.0800000000149
20.0 29.0 658.0800000000149
20.0 29.0 658.0800000000149
20.0 29.0 658.0800000000149
20.0 29.0 658.0800000000149
28.02 20.0 658.0800000000149
28.02 0.0 658.0800000000149
28.02 20.0 658.0800000000149
28.02 0.0 658.0800000000149
25.900000000000002 20.0 658.0800000000149
25.900000000000002 0.0 658.0800000000149
25.900000000000002 20.0 658.0800000000149
25.900000000000002 0.0 658.0800000000149
25.900000000000002 20.0 658.0800000000149
25.900000000000002 0.0 658.0800000000149
25.900000000000002 20.0 658.0800000000149
25.900000000000002 0.0 658.0800000000149
25.900000000000002 20.0 658.0800000000149
25.900000000000002 0.0 658.0800000000149
25.900000000000002 20.0 658.0800000000149
25.900000000000002 0.0 658.0800000000149
25.880000000000003 20.0 658.0800000000149
25.880000000000003 0.0 658.0800000000149
25.880000000000003 20.0 658.0800000000149
25.880000000000003 0.0 658.0800000000149
20.0 29.0 658.0800000000149
20.0 29.0 658.0800000000149
25.880000000000003 20.0 658.0800000000149
25.880000000000003 0.0 658.0800000000149
25.880000000000003 20.0 658.0800000000149
25.880000000000003 0.0 658.0800000000149
28.0 20.0 658.0800000000149
28.0 0.0 658.0800000000149
28.0 20.0 658.0800000000149
28.0 0.0 658.0800000000149
25.860000000000003 20.0 658.0800000000149
25.860000000000003 0.0 658.0800000000149
25.860000000000003 20.0 658.0800000000149
25.860000000000003 0.0 658.0800000000149
25.840000000000003 20.0 658.0800000000149
25.840000000000003 0.0 658.0800000000149
25.840000000000003 20.0 658.0800000000149
25.840000000000003 0.0 658.0800000000149
28.0 20.0 658.0800000000149
28.0 0.0 658.0800000000149
28.0 20.0 658.0800000000149
28.0 0.0 658.0800000000149
25.820000000000004 20.0 658.0800000000149
25.820000000000004 0.0 658.0800000000149
25.820000000000004 20.0 658.0800000000149
25.820000000000004 0.0 658.0800000000149
25.820000000000004 20.0 658.0800000000149
25.820000000000004 0.0 658.0800000000149
25.820000000000004 20.0 658.0800000000149
25.820000000000004 0.0 658.0800000000149
20.0 28.98 658.0800000000149
20.0 28.98 658.0800000000149
25.800000000000004 20.0 658.0800000000149
25.800000000000004 0.0 658.0800000000149
25.800000000000004 20.0 658.0800000000149
25.800000000000004 0.0 658.0800000000149
25.780000000000005 20.0 658.0800000000149
25.780000000000005 0.0 658.0800000000149
25.780000000000005 20.0 658.0800000000149
25.780000000000005 0.0 658.0800000000149
25.780000000000005 20.0 658.0800000000149
25.780000000000005 0.0 658.0800000000149
25.780000000000005 20.0 658.0800000000149
25.780000000000005 0.0 658.0800000000149
28.0 20.0 658.0800000000149
28.0 0.0 658.0800000000149
28.0 20.0 658.0800000000149
28.0 0.0 658.0800000000149
25.780000000000005 20.0 658.0800000000149
25.780000000000005 0.0 658.0800000000149
25.780000000000005 20.0 658.0800000000149
25.780000000000005 0.0 658.0800000000149
20.0 29.0 658.0800000000149
20.0 29.0 658.0800000000149
25.780000000000005 20.0 658.0800000000149
25.780000000000005 0.0 658.0800000000149
25.780000000000005 20.0 658.0800000000149
25.780000000000005 0.0 658.0800000000149
28.0 20.0 658.0800000000149
28.0 0.0 658.0800000000149
28.0 20.0 658.0800000000149
28.0 0.0 658.0800000000149
20.0 29.02 658.0800000000149
20.0 29.02 658.0800000000149
27.98 20.0 658.0800000000149
27.98 0.0 658.0800000000149
27.98 20.0 658.0800000000149
27.98 0.0 658.0800000000149
27.98 20.0 658.0800000000149
27.98 0.0 658.0800000000149
27.98 20.0 658.0800000000149
27.98 0.0 658.0800000000149
28.0 20.0 658.0800000000149
28.0 0.0 658.0800000000149
28.0 20.0 658.0800000000149
28.0 0.0 658.0800000000149
25.740000000000006 20.0 658.0800000000149
25.740000000000006 0.0 658.0800000000149
25.740000000000006 20.0 658.0800000000149
25.740000000000006 0.0 658.0800000000149
25.720000000000006 20.0 658.0800000000149
25.720000000000006 0.0 658.0800000000149
25.720000000000006 20.0 658.0800000000149
25.720000000000006 0.0 658.0800000000149
27.98 20.0 658.0800000000149
27.98 0.0 658.0800000000149
27.98 20.0 658.0800000000149
27.98 0.0 658.0800000000149
25.700000000000006 20.0 658.0800000000149
25.700000000000006 0.0 658.0800000000149
25.700000000000006 20.0 658.0800000000149
25.700000000000006 0.0 658.0800000000149
28.0 20.0 658.0800000000149
28.0 0.0 658.0800000000149
28.0 20.0 658.0800000000149
28.0 0.0 658.0800000000149
25.700000000000006 20.0 658.0800000000149
25.700000000000006 0.0 658.0800000000149
25.700000000000006 20.0 658.0800000000149
25.700000000000006 0.0 658.0800000000149
20.0 29.04 658.0800000000149
20.0 29.04 658.0800000000149
20.0 29.04 658.0800000000149
20.0 29.04 658.0800000000149
20.0 29.04 658.0800000000149
20.0 29.04 658.0800000000149
25.54000000000001 20.0 658.0800000000149
25.54000000000001 0.0 658.0800000000149
25.54000000000001 20.0 658.0800000000149
25.54000000000001 0.0 658.0800000000149
20.0 29.04 658.0800000000149
20.0 29.04 658.0800000000149
25.52000000000001 20.0 658.0800000000149
25.52000000000001 0.0 658.0800000000149
25.52000000000001 20.0 658.0800000000149
25.52000000000001 0.0 658.0800000000149
25.50000000000001 20.0 658.0800000000149
25.50000000000001 0.0 658.0800000000149
25.50000000000001 20.0 658.0800000000149
25.50000000000001 0.0 658.0800000000149
20.0 29.02 658.0800000000149
20.0 29.02 658.0800000000149
25.48000000000001 20.0 658.0800000000149
25.48000000000001 0.0 658.0800000000149
25.48000000000001 20.0 658.0800000000149
25.48000000000001 0.0 658.0800000000149
28.0 20.0 658.0800000000149
28.0 0.0 658.0800000000149
28.0 20.0 658.0800000000149
28.0 0.0 658.0800000000149
28.0 20.0 658.0800000000149
28.0 0.0 658.0800000000149
28.0 20.0 658.0800000000149
28.0 0.0 658.0800000000149
25.46000000000001 20.0 658.0800000000149
25.46000000000001 0.0 658.0800000000149
25.46000000000001 20.0 658.0800000000149
25.46000000000001 0.0 658.0800000000149
20.0 29.0 658.0800000000149
20.0 29.0 658.0800000000149
25.420000000000012 20.0 658.0800000000149
25.420000000000012 0.0 658.0800000000149
25.420000000000012 20.0 658.0800000000149
25.420000000000012 0.0 658.0800000000149
25.380000000000013 20.0 658.0800000000149
25.380000000000013 0.0 658.0800000000149
25.380000000000013 20.0 658.0800000000149
25.380000000000013 0.0 658.0800000000149
25.360000000000014 20.0 658.0800000000149
25.360000000000014 0.0 658.0800000000149
25.360000000000014 20.0 658.0800000000149
25.360000000000014 0.0 658.0800000000149
20.0 29.0 658.0800000000149
20.0 29.0 658.0800000000149
25.360000000000014 20.0 658.0800000000149
25.360000000000014 0.0 658.0800000000149
25.360000000000014 20.0 658.0800000000149
25.360000000000014 0.0 658.0800000000149
20.0 29.0 658.0800000000149
20.0 29.0 658.0800000000149
25.300000000000015 20.0 658.0800000000149
25.300000000000015 0.0 658.0800000000149
25.300000000000015 20.0 658.0800000000149
25.300000000000015 0.0 658.0800000000149
20.0 29.0 658.0800000000149
20.0 29.0 658.0800000000149
28.0 20.0 658.0800000000149
28.0 0.0 658.0800000000149
28.0 20.0 658.0800000000149
28.0 0.0 658.0800000000149
25.280000000000015 20.0 658.0800000000149
25.280000000000015 0.0 658.0800000000149
25.280000000000015 20.0 658.0800000000149
25.280000000000015 0.0 658.0800000000149
25.240000000000016 20.0 658.0800000000149
25.240000000000016 0.0 658.0800000000149
25.240000000000016 20.0 658.0800000000149
25.240000000000016 0.0 658.0800000000149
20.0 29.0 658.0800000000149
20.0 29.0 658.0800000000149
25.220000000000017 20.0 658.0800000000149
25.220000000000017 0.0 658.0800000000149
25.220000000000017 20.0 658.0800000000149
25.220000000000017 0.0 658.0800000000149
20.0 29.0 658.0800000000149
20.0 29.0 658.0800000000149
28.0 20.0 658.0800000000149
28.0 0.0 658.0800000000149
28.0 20.0 658.0800000000149
28.0 0.0 658.0800000000149
28.0 20.0 658.0800000000149
28.0 0.0 658.0800000000149
28.0 20.0 658.0800000000149
28.0 0.0 658.0800000000149
25.160000000000018 20.0 658.0800000000149
25.160000000000018 0.0 658.0800000000149
25.160000000000018 20.0 658.0800000000149
25.160000000000018 0.0 658.0800000000149
25.14000000000002 20.0 658.0800000000149
25.14000000000002 0.0 658.0800000000149
25.14000000000002 20.0 658.0800000000149
25.14000000000002 0.0 658.0800000000149
27.98 20.0 658.0800000000149
27.98 0.0 658.0800000000149
27.98 20.0 658.0800000000149
27.98 0.0 658.0800000000149
25.14000000000002 20.0 658.0800000000149
25.14000000000002 0.0 658.0800000000149
25.14000000000002 20.0 658.0800000000149
25.14000000000002 0.0 658.0800000000149
25.12000000000002 20.0 658.0800000000149
25.12000000000002 0.0 658.0800000000149
25.12000000000002 20.0 658.0800000000149
25.12000000000002 0.0 658.0800000000149
25.12000000000002 20.0 658.0800000000149
25.12000000000002 0.0 658.0800000000149
25.12000000000002 20.0 658.0800000000149
25.12000000000002 0.0 658.0800000000149
20.0 29.099999999999998 658.0800000000149
20.0 29.099999999999998 658.0800000000149
20.0 29.119999999999997 658.0800000000149
20.0 29.119999999999997 658.0800000000149
20.0 29.139999999999997 658.0800000000149
20.0 29.139999999999997 658.0800000000149
24.98000000000002 20.0 658.0800000000149
24.98000000000002 0.0 658.0800000000149
24.98000000000002 20.0 658.0800000000149
24.98000000000002 0.0 658.0800000000149
20.0 29.159999999999997 658.0800000000149
20.0 29.159999999999997 658.0800000000149
20.0 29.159999999999997 658.0800000000149
20.0 29.159999999999997 658.0800000000149
25.02000000000002 20.0 658.0800000000149
25.02000000000002 0.0 658.0800000000149
25.02000000000002 20.0 658.0800000000149
25.02000000000002 0.0 658.0800000000149
25.02000000000002 20.0 658.0800000000149
25.02000000000002 0.0 658.0800000000149
25.02000000000002 20.0 658.0800000000149
25.02000000000002 0.0 658.0800000000149
25.00000000000002 20.0 658.0800000000149
25.00000000000002 0.0 658.0800000000149
25.00000000000002 20.0 658.0800000000149
25.00000000000002 0.0 658.0800000000149
25.00000000000002 20.0 658.0800000000149
25.00000000000002 0.0 658.0800000000149
25.00000000000002 20.0 658.0800000000149
25.00000000000002 0.0 658.0800000000149
24.98000000000002 20.0 658.0800000000149
24.98000000000002 0.0 658.0800000000149
24.98000000000002 20.0 658.0800000000149
24.98000000000002 0.0 658.0800000000149
24.960000000000022 20.0 658.0800000000149
24.960000000000022 0.0 658.0800000000149
24.960000000000022 20.0 658.0800000000149
24.960000000000022 0.0 658.0800000000149
24.940000000000023 20.0 658.0800000000149
24.940000000000023 0.0 658.0800000000149
24.940000000000023 20.0 658.0800000000149
24.940000000000023 0.0 658.0800000000149
24.920000000000023 20.0 658.0800000000149
24.920000000000023 0.0 658.0800000000149
24.920000000000023 20.0 658.0800000000149
24.920000000000023 0.0 658.0800000000149
20.0 29.179999999999996 658.0800000000149
20.0 29.179999999999996 658.0800000000149
20.0 29.179999999999996 658.0800000000149
20.0 29.179999999999996 658.0800000000149
20.0 29.179999999999996 658.0800000000149
20.0 29.179999999999996 658.0800000000149
20.0 29.159999999999997 658.0800000000149
20.0 29.159999999999997 658.0800000000149
20.0 29.179999999999996 658.0800000000149
20.0 29.179999999999996 658.0800000000149
20.0 29.179999999999996 658.0800000000149
20.0 29.179999999999996 658.0800000000149
20.0 29.159999999999997 658.0800000000149
20.0 29.159999999999997 658.0800000000149
20.0 29.159999999999997 658.0800000000149
20.0 29.159999999999997 658.0800000000149
14.99 22.969999999999995 658.0800000000149
14.99 22.969999999999995 658.0800000000149
20.0 29.159999999999997 658.0800000000149
20.0 29.159999999999997 658.0800000000149
20.0 29.159999999999997 658.0800000000149
20.0 29.159999999999997 658.0800000000149
20.0 29.139999999999997 658.0800000000149
20.0 29.139999999999997 658.0800000000149
20.0 29.139999999999997 658.0800000000149
20.0 29.139999999999997 658.0800000000149
20.0 29.159999999999997 658.0800000000149
20.0 29.159999999999997 658.0800000000149
20.0 29.179999999999996 658.0800000000149
20.0 29.179999999999996 658.0800000000149
20.0 29.179999999999996 658.0800000000149
20.0 29.179999999999996 658.0800000000149
28.0 20.0 658.0800000000149
28.0 0.0 658.0800000000149
28.0 20.0 658.0800000000149
28.0 0.0 658.0800000000149
27.98 20.0 658.0800000000149
27.98 0.0 658.0800000000149
27.98 20.0 658.0800000000149
27.98 0.0 658.0800000000149
20.0 29.179999999999996 658.0800000000149
20.0 29.179999999999996 658.0800000000149
28.0 20.0 658.0800000000149
28.0 0.0 658.0800000000149
28.0 20.0 658.0800000000149
28.0 0.0 658.0800000000149
20.0 29.159999999999997 658.0800000000149
20.0 29.159999999999997 658.0800000000149
20.0 29.159999999999997 658.0800000000149
20.0 29.159999999999997 658.0800000000149
28.0 20.0 658.0800000000149
28.0 0.0 658.0800000000149
28.0 20.0 658.0800000000149
28.0 0.0 658.0800000000149
20.0 29.139999999999997 658.0800000000149
20.0 29.139999999999997 658.0800000000149
20.0 29.139999999999997 658.0800000000149
20.0 29.139999999999997 658.0800000000149
28.0 20.0 658.0800000000149
28.0 0.0 658.0800000000149
28.0 20.0 658.0800000000149
28.0 0.0 658.0800000000149
20.0 29.159999999999997 658.0800000000149
20.0 29.159999999999997 658.0800000000149
20.0 29.139999999999997 658.0800000000149
20.0 29.139999999999997 658.0800000000149
20.0 29.139999999999997 658.0800000000149
20.0 29.139999999999997 658.0800000000149
20.0 29.119999999999997 658.0800000000149
20.0 29.119999999999997 658.0800000000149
28.0 20.0 658.0800000000149
28.0 0.0 658.0800000000149
28.0 20.0 658.0800000000149
28.0 0.0 658.0800000000149
20.0 29.139999999999997 658.0800000000149
20.0 29.139999999999997 658.0800000000149
20.0 29.139999999999997 658.0800000000149
20.0 29.139999999999997 658.0800000000149
20.0 29.119999999999997 658.0800000000149
20.0 29.119999999999997 658.0800000000149
20.0 29.099999999999998 658.0800000000149
20.0 29.099999999999998 658.0800000000149
28.0 20.0 658.0800000000149
28.0 0.0 658.0800000000149
28.0 20.0 658.0800000000149
28.0 0.0 658.0800000000149
20.0 29.08 658.0800000000149
20.0 29.08 658.0800000000149
28.0 20.0 658.0800000000149
28.0 0.0 658.0800000000149
28.0 20.0 658.0800000000149
28.0 0.0 658.0800000000149
28.0 20.0 658.0800000000149
28.0 0.0 658.0800000000149
28.0 20.0 658.0800000000149
28.0 0.0 658.0800000000149
20.0 29.06 658.0800000000149
20.0 29.06 658.0800000000149
20.0 29.06 658.0800000000149
20.0 29.06 658.0800000000149
28.0 20.0 658.0800000000149
28.0 0.0 658.0800000000149
28.0 20.0 658.0800000000149
28.0 0.0 658.0800000000149
20.0 29.06 658.0800000000149
20.0 29.06 658.0800000000149
28.0 20.0 658.0800000000149
28.0 0.0 658.0800000000149
28.0 20.0 658.0800000000149
28.0 0.0 658.0800000000149
20.0 29.08 658.0800000000149
20.0 29.08 658.0800000000149
20.0 29.08 658.0800000000149
20.0 29.08 658.0800000000149
20.0 29.08 658.0800000000149
20.0 29.08 658.0800000000149
25.00000000000002 20.0 658.0800000000149
25.00000000000002 0.0 658.0800000000149
25.00000000000002 20.0 658.0800000000149
25.00000000000002 0.0 658.0800000000149
20.0 29.099999999999998 658.0800000000149
20.0 29.099999999999998 658.0800000000149
20.0 29.119999999999997 658.0800000000149
20.0 29.119999999999997 658.0800000000149
20.0 29.119999999999997 658.0800000000149
20.0 29.119999999999997 658.0800000000149
20.0 29.119999999999997 658.0800000000149
20.0 29.119999999999997 658.0800000000149
27.98 20.0 658.0800000000149
27.98 0.0 658.0800000000149
27.98 20.0 658.0800000000149
27.98 0.0 658.0800000000149
25.00000000000002 20.0 658.0800000000149
25.00000000000002 0.0 658.0800000000149
25.00000000000002 20.0 658.0800000000149
25.00000000000002 0.0 658.0800000000149
25.00000000000002 20.0 658.0800000000149
25.00000000000002 0.0 658.0800000000149
25.00000000000002 20.0 658.0800000000149
25.00000000000002 0.0 658.0800000000149
25.00000000000002 20.0 658.0800000000149
25.00000000000002 0.0 658.0800000000149
25.00000000000002 20.0 658.0800000000149
25.00000000000002 0.0 658.0800000000149
20.0 29.139999999999997 658.0800000000149
20.0 29.139999999999997 658.0800000000149
20.0 29.139999999999997 658.0800000000149
20.0 29.139999999999997 658.0800000000149
28.02 20.0 658.0800000000149
28.02 0.0 658.0800000000149
28.02 20.0 658.0800000000149
28.02 0.0 658.0800000000149
20.0 29.159999999999997 658.0800000000149
20.0 29.159999999999997 658.0800000000149
25.00000000000002 20.0 658.0800000000149
25.00000000000002 0.0 658.0800000000149
25.00000000000002 20.0 658.0800000000149
25.00000000000002 0.0 658.0800000000149
24.98000000000002 20.0 658.0800000000149
24.98000000000002 0.0 658.0800000000149
24.98000000000002 20.0 658.0800000000149
24.98000000000002 0.0 658.0800000000149
25.00000000000002 20.0 658.0800000000149
25.00000000000002 0.0 658.0800000000149
25.00000000000002 20.0 658.0800000000149
25.00000000000002 0.0 658.0800000000149
20.0 29.159999999999997 658.0800000000149
20.0 29.159999999999997 658.0800000000149
28.0 20.0 658.0800000000149
28.0 0.0 658.0800000000149
28.0 20.0 658.0800000000149
28.0 0.0 658.0800000000149
20.0 29.179999999999996 658.0800000000149
20.0 29.179999999999996 658.0800000000149
20.0 29.179999999999996 658.0800000000149
20.0 29.179999999999996 658.0800000000149
24.98000000000002 20.0 658.0800000000149
24.98000000000002 0.0 658.0800000000149
24.98000000000002 20.0 658.0800000000149
24.98000000000002 0.0 658.0800000000149
20.0 29.159999999999997 658.0800000000149
20.0 29.159999999999997 658.0800000000149
20.0 29.139999999999997 658.0800000000149
20.0 29.139999999999997 658.0800000000149
28.0 20.0 658.0800000000149
28.0 0.0 658.0800000000149
28.0 20.0 658.0800000000149
28.0 0.0 658.0800000000149
25.00000000000002 20.0 658.0800000000149
25.00000000000002 0.0 658.0800000000149
25.00000000000002 20.0 658.0800000000149
25.00000000000002 0.0 658.0800000000149
20.0 29.179999999999996 658.0800000000149
20.0 29.179999999999996 658.0800000000149
28.0 20.0 658.0800000000149
28.0 0.0 658.0800000000149
28.0 20.0 658.0800000000149
28.0 0.0 658.0800000000149
28.0 20.0 658.0800000000149
28.0 0.0 658.0800000000149
28.0 20.0 658.0800000000149
28.0 0.0 658.0800000000149
20.0 29.179999999999996 658.0800000000149
20.0 29.179999999999996 658.0800000000149
28.0 20.0 658.0800000000149
28.0 0.0 658.0800000000149
28.0 20.0 658.0800000000149
28.0 0.0 658.0800000000149
20.0 29.159999999999997 658.0800000000149
20.0 29.159999999999997 658.0800000000149
20.0 29.159999999999997 658.0800000000149
20.0 29.159999999999997 658.0800000000149
20.0 29.159999999999997 658.0800000000149
20.0 29.159999999999997 658.0800000000149
27.98 20.0 658.0800000000149
27.98 0.0 658.0800000000149
27.98 20.0 658.0800000000149
27.98 0.0 658.0800000000149
20.0 29.159999999999997 658.0800000000149
20.0 29.159999999999997 658.0800000000149
20.0 29.159999999999997 658.0800000000149
20.0 29.159999999999997 658.0800000000149
28.0 20.0 658.0800000000149
28.0 0.0 658.0800000000149
28.0 20.0 658.0800000000149
28.0 0.0 658.0800000000149
20.0 29.179999999999996 658.0800000000149
20.0 29.179999999999996 658.0800000000149
20.0 29.179999999999996 658.0800000000149
20.0 29.179999999999996 658.0800000000149
20.0 29.179999999999996 658.0800000000149
20.0 29.179999999999996 658.0800000000149
20.0 29.179999999999996 658.0800000000149
20.0 29.179999999999996 658.0800000000149
24.960000000000022 20.0 658.0800000000149
24.960000000000022 0.0 658.0800000000149
24.960000000000022 20.0 658.0800000000149
24.960000000000022 0.0 658.0800000000149
24.960000000000022 20.0 658.0800000000149
24.960000000000022 0.0 658.0800000000149
24.960000000000022 20.0 658.0800000000149
24.960000000000022 0.0 658.0800000000149
24.940000000000023 20.0 658.0800000000149
24.940000000000023 0.0 658.0800000000149
24.940000000000023 20.0 658.0800000000149
24.940000000000023 0.0 658.0800000000149
28.0 20.0 658.0800000000149
28.0 0.0 658.0800000000149
28.0 20.0 658.0800000000149
28.0 0.0 658.0800000000149
20.0 29.179999999999996 658.0800000000149
20.0 29.179999999999996 658.0800000000149
24.960000000000022 20.0 658.0800000000149
24.960000000000022 0.0 658.0800000000149
24.960000000000022 20.0 658.0800000000149
24.960000000000022 0.0 658.0800000000149
20.0 29.199999999999996 658.0800000000149
20.0 29.199999999999996 658.0800000000149
28.0 20.0 658.0800000000149
28.0 0.0 658.0800000000149
28.0 20.0 658.0800000000149
28.0 0.0 658.0800000000149
20.0 29.199999999999996 658.0800000000149
20.0 29.199999999999996 658.0800000000149
28.0 20.0 658.0800000000149
28.0 0.0 658.0800000000149
28.0 20.0 658.0800000000149
28.0 0.0 658.0800000000149
20.0 29.199999999999996 658.0800000000149
20.0 29.199999999999996 658.0800000000149
20.0 29.199999999999996 658.0800000000149
20.0 29.199999999999996 658.0800000000149
24.960000000000022 20.0 658.0800000000149
24.960000000000022 0.0 658.0800000000149
24.960000000000022 20.0 658.0800000000149
24.960000000000022 0.0 658.0800000000149
20.0 29.219999999999995 658.0800000000149
20.0 29.219999999999995 658.0800000000149
27.98 20.0 658.0800000000149
27.98 0.0 658.0800000000149
27.98 20.0 658.0800000000149
27.98 0.0 658.0800000000149
24.98000000000002 20.0 658.0800000000149
24.98000000000002 0.0 658.0800000000149
24.98000000000002 20.0 658.0800000000149
24.98000000000002 0.0 658.0800000000149
20.0 29.239999999999995 658.0800000000149
20.0 29.239999999999995 658.0800000000149
20.0 29.259999999999994 658.0800000000149
20.0 29.259999999999994 658.0800000000149
20.0 29.239999999999995 658.0800000000149
20.0 29.239999999999995 658.0800000000149
20.0 29.239999999999995 658.0800000000149
20.0 29.239999999999995 658.0800000000149
28.0 20.0 658.0800000000149
28.0 0.0 658.0800000000149
28.0 20.0 658.0800000000149
28.0 0.0 658.0800000000149
28.0 20.0 658.0800000000149
28.0 0.0 658.0800000000149
28.0 20.0 658.0800000000149
28.0 0.0 658.0800000000149
28.02 20.0 658.0800000000149
28.02 0.0 658.0800000000149
28.02 20.0 658.0800000000149
28.02 0.0 658.0800000000149
20.0 29.259999999999994 658.0800000000149
20.0 29.259999999999994 658.0800000000149
28.0 20.0 658.0800000000149
28.0 0.0 658.0800000000149
28.0 20.0 658.0800000000149
28.0 0.0 658.0800000000149
28.0 20.0 658.0800000000149
28.0 0.0 658.0800000000149
28.0 20.0 658.0800000000149
28.0 0.0 658.0800000000149
20.0 29.239999999999995 658.0800000000149
20.0 29.239999999999995 658.0800000000149
28.0 20.0 658.0800000000149
28.0 0.0 658.0800000000149
28.0 20.0 658.0800000000149
28.0 0.0 658.0800000000149
20.0 29.259999999999994 658.0800000000149
20.0 29.259999999999994 658.0800000000149
20.0 29.259999999999994 658.0800000000149
20.0 29.259999999999994 658.0800000000149
27.98 20.0 658.0800000000149
27.98 0.0 658.0800000000149
27.98 20.0 658.0800000000149
27.98 0.0 658.0800000000149
28.0 20.0 658.0800000000149
28.0 0.0 658.0800000000149
28.0 20.0 658.0800000000149
28.0 0.0 658.0800000000149
20.0 29.279999999999994 658.0800000000149
20.0 29.279999999999994 658.0800000000149
28.0 20.0 658.0800000000149
28.0 0.0 658.0800000000149
28.0 20.0 658.0800000000149
28.0 0.0 658.0800000000149
20.0 29.279999999999994 658.0800000000149
20.0 29.279999999999994 658.0800000000149
28.0 20.0 658.0800000000149
28.0 0.0 658.0800000000149
28.0 20.0 658.0800000000149
28.0 0.0 658.0800000000149
20.0 29.299999999999994 658.0800000000149
20.0 29.299999999999994 658.0800000000149
20.0 29.279999999999994 658.0800000000149
20.0 29.279999999999994 658.0800000000149
20.0 29.279999999999994 658.0800000000149
20.0 29.279999999999994 658.0800000000149
28.0 20.0 658.0800000000149
28.0 0.0 658.0800000000149
28.0 20.0 658.0800000000149
28.0 0.0 658.0800000000149
20.0 29.259999999999994 658.0800000000149
20.0 29.259999999999994 658.0800000000149
20.0 29.259999999999994 658.0800000000149
20.0 29.259999999999994 658.0800000000149
28.0 20.0 658.0800000000149
28.0 0.0 658.0800000000149
28.0 20.0 658.0800000000149
28.0 0.0 658.0800000000149
20.0 29.279999999999994 658.0800000000149
20.0 29.279999999999994 658.0800000000149
28.0 20.0 658.0800000000149
28.0 0.0 658.0800000000149
28.0 20.0 658.0800000000149
28.0 0.0 658.0800000000149
20.0 29.279999999999994 658.0800000000149
20.0 29.279999999999994 658.0800000000149
20.0 29.259999999999994 658.0800000000149
20.0 29.259999999999994 658.0800000000149
20.0 29.259999999999994 658.0800000000149
20.0 29.259999999999994 658.0800000000149
20.0 29.279999999999994 658.0800000000149
20.0 29.279999999999994 658.0800000000149
28.0 20.0 658.0800000000149
28.0 0.0 658.0800000000149
28.0 20.0 658.0800000000149
28.0 0.0 658.0800000000149
20.0 29.279999999999994 658.0800000000149
20.0 29.279999999999994 658.0800000000149
20.0 29.279999999999994 658.0800000000149
20.0 29.279999999999994 658.0800000000149
28.0 20.0 658.0800000000149
28.0 0.0 658.0800000000149
28.0 20.0 658.0800000000149
28.0 0.0 658.0800000000149
28.0 20.0 658.0800000000149
28.0 0.0 658.0800000000149
28.0 20.0 658.0800000000149
28.0 0.0 658.0800000000149
20.0 29.299999999999994 658.0800000000149
20.0 29.299999999999994 658.0800000000149
20.0 29.299999999999994 658.0800000000149
20.0 29.299999999999994 658.0800000000149
20.0 29.299999999999994 658.0800000000149
20.0 29.299999999999994 658.0800000000149
20.0 29.279999999999994 658.0800000000149
20.0 29.279999999999994 658.0800000000149
20.0 29.299999999999994 658.0800000000149
20.0 29.299999999999994 658.0800000000149
20.0 29.279999999999994 658.0800000000149
20.0 29.279999999999994 658.0800000000149
20.0 29.279999999999994 658.0800000000149
20.0 29.279999999999994 658.0800000000149
20.0 29.259999999999994 658.0800000000149
20.0 29.259999999999994 658.0800000000149
28.0 20.0 658.0800000000149
28.0 0.0 658.0800000000149
28.0 20.0 658.0800000000149
28.0 0.0 658.0800000000149
20.0 29.259999999999994 658.0800000000149
20.0 29.259999999999994 658.0800000000149
20.0 29.279999999999994 658.0800000000149
20.0 29.279999999999994 658.0800000000149
28.0 20.0 658.0800000000149
28.0 0.0 658.0800000000149
28.0 20.0 658.0800000000149
28.0 0.0 658.0800000000149
28.0 20.0 658.0800000000149
28.0 0.0 658.0800000000149
28.0 20.0 658.0800000000149
28.0 0.0 658.0800000000149
20.0 29.299999999999994 658.0800000000149
20.0 29.299999999999994 658.0800000000149
28.0 20.0 658.0800000000149
28.0 0.0 658.0800000000149
28.0 20.0 658.0800000000149
28.0 0.0 658.0800000000149
20.0 29.299999999999994 658.0800000000149
20.0 29.299999999999994 658.0800000000149
20.0 29.279999999999994 658.0800000000149
20.0 29.279999999999994 658.0800000000149
28.0 20.0 658.0800000000149
28.0 0.0 658.0800000000149
28.0 20.0 658.0800000000149
28.0 0.0 658.0800000000149
20.0 29.299999999999994 658.0800000000149
20.0 29.299999999999994 658.0800000000149
28.0 20.0 658.0800000000149
28.0 0.0 658.0800000000149
28.0 20.0 658.0800000000149
28.0 0.0 658.0800000000149
20.0 29.319999999999993 658.0800000000149
20.0 29.319999999999993 658.0800000000149
25.00000000000002 20.0 658.0800000000149
25.00000000000002 0.0 658.0800000000149
25.00000000000002 20.0 658.0800000000149
25.00000000000002 0.0 658.0800000000149
28.0 20.0 658.0800000000149
28.0 0.0 658.0800000000149
28.0 20.0 658.0800000000149
28.0 0.0 658.0800000000149
20.0 29.319999999999993 658.0800000000149
20.0 29.319999999999993 658.0800000000149
20.0 29.339999999999993 658.0800000000149
20.0 29.339999999999993 658.0800000000149
25.00000000000002 20.0 658.0800000000149
25.00000000000002 0.0 658.0800000000149
25.00000000000002 20.0 658.0800000000149
25.00000000000002 0.0 658.0800000000149
20.0 29.339999999999993 658.0800000000149
20.0 29.339999999999993 658.0800000000149
25.00000000000002 20.0 658.0800000000149
25.00000000000002 0.0 658.0800000000149
25.00000000000002 20.0 658.0800000000149
25.00000000000002 0.0 658.0800000000149
25.00000000000002 20.0 658.0800000000149
25.00000000000002 0.0 658.0800000000149
25.00000000000002 20.0 658.0800000000149
25.00000000000002 0.0 658.0800000000149
20.0 29.339999999999993 658.0800000000149
20.0 29.339999999999993 658.0800000000149
20.0 29.339999999999993 658.0800000000149
20.0 29.339999999999993 658.0800000000149
20.0 29.339999999999993 658.0800000000149
20.0 29.339999999999993 658.0800000000149
20.0 29.319999999999993 658.0800000000149
20.0 29.319999999999993 658.0800000000149
20.0 29.339999999999993 658.0800000000149
20.0 29.339999999999993 658.0800000000149
20.0 29.339999999999993 658.0800000000149
20.0 29.339999999999993 658.0800000000149
25.00000000000002 20.0 658.0800000000149
25.00000000000002 0.0 658.0800000000149
25.00000000000002 20.0 658.0800000000149
25.00000000000002 0.0 658.0800000000149
25.00000000000002 20.0 658.0800000000149
25.00000000000002 0.0 658.0800000000149
25.00000000000002 20.0 658.0800000000149
25.00000000000002 0.0 658.0800000000149
20.0 29.339999999999993 658.0800000000149
20.0 29.339999999999993 658.0800000000149
20.0 29.319999999999993 658.0800000000149
20.0 29.319999999999993 658.0800000000149
20.0 29.299999999999994 658.0800000000149
20.0 29.299999999999994 658.0800000000149
28.0 20.0 658.0800000000149
28.0 0.0 658.0800000000149
28.0 20.0 658.0800000000149
28.0 0.0 658.0800000000149
20.0 29.279999999999994 658.0800000000149
20.0 29.279999999999994 658.0800000000149
27.98 20.0 658.0800000000149
27.98 0.0 658.0800000000149
27.98 20.0 658.0800000000149
27.98 0.0 658.0800000000149
20.0 29.279999999999994 658.0800000000149
20.0 29.279999999999994 658.0800000000149
27.98 20.0 658.0800000000149
27.98 0.0 658.0800000000149
27.98 20.0 658.0800000000149
27.98 0.0 658.0800000000149
20.0 29.299999999999994 658.0800000000149
20.0 29.299999999999994 658.0800000000149
27.98 20.0 658.0800000000149
27.98 0.0 658.0800000000149
27.98 20.0 658.0800000000149
27.98 0.0 658.0800000000149
20.0 29.279999999999994 658.0800000000149
20.0 29.279999999999994 658.0800000000149
27.98 20.0 658.0800000000149
27.98 0.0 658.0800000000149
27.98 20.0 658.0800000000149
27.98 0.0 658.0800000000149
27.98 20.0 658.0800000000149
27.98 0.0 658.0800000000149
27.98 20.0 658.0800000000149
27.98 0.0 658.0800000000149
20.0 29.319999999999993 658.0800000000149
20.0 29.319999999999993 658.0800000000149
27.96 20.0 658.0800000000149
27.96 0.0 658.0800000000149
27.96 20.0 658.0800000000149
27.96 0.0 658.0800000000149
20.0 29.339999999999993 658.0800000000149
20.0 29.339999999999993 658.0800000000149
20.0 29.359999999999992 658.0800000000149
20.0 29.359999999999992 658.0800000000149
28.0 20.0 658.0800000000149
28.0 0.0 658.0800000000149
28.0 20.0 658.0800000000149
28.0 0.0 658.0800000000149
20.0 29.379999999999992 658.0800000000149
20.0 29.379999999999992 658.0800000000149
20.0 29.379999999999992 658.0800000000149
20.0 29.379999999999992 658.0800000000149
28.0 20.0 658.0800000000149
28.0 0.0 658.0800000000149
28.0 20.0 658.0800000000149
28.0 0.0 658.0800000000149
20.0 29.379999999999992 658.0800000000149
20.0 29.379999999999992 658.0800000000149
28.0 20.0 658.0800000000149
28.0 0.0 658.0800000000149
28.0 20.0 658.0800000000149
28.0 0.0 658.0800000000149
28.02 20.0 658.0800000000149
28.02 0.0 658.0800000000149
28.02 20.0 658.0800000000149
28.02 0.0 658.0800000000149
28.02 20.0 658.0800000000149
28.02 0.0 658.0800000000149
28.02 20.0 658.0800000000149
28.02 0.0 658.0800000000149
28.0 20.0 658.0800000000149
28.0 0.0 658.0800000000149
28.0 20.0 658.0800000000149
28.0 0.0 658.0800000000149
27.98 20.0 658.0800000000149
27.98 0.0 658.0800000000149
27.98 20.0 658.0800000000149
27.98 0.0 658.0800000000149
20.0 29.359999999999992 658.0800000000149
20.0 29.359999999999992 658.0800000000149
20.0 29.359999999999992 658.0800000000149
20.0 29.359999999999992 658.0800000000149
20.0 29.359999999999992 658.0800000000149
20.0 29.359999999999992 658.0800000000149
20.0 29.379999999999992 658.0800000000149
20.0 29.379999999999992 658.0800000000149
27.96 20.0 658.0800000000149
27.96 0.0 658.0800000000149
27.96 20.0 658.0800000000149
27.96 0.0 658.0800000000149
24.960000000000022 20.0 658.0800000000149
24.960000000000022 0.0 658.0800000000149
24.960000000000022 20.0 658.0800000000149
24.960000000000022 0.0 658.0800000000149
27.98 20.0 658.0800000000149
27.98 0.0 658.0800000000149
27.98 20.0 658.0800000000149
27.98 0.0 658.0800000000149
24.940000000000023 20.0 658.0800000000149
24.940000000000023 0.0 658.0800000000149
24.940000000000023 20.0 658.0800000000149
24.940000000000023 0.0 658.0800000000149
24.940000000000023 20.0 658.0800000000149
24.940000000000023 0.0 658.0800000000149
24.940000000000023 20.0 658.0800000000149
24.940000000000023 0.0 658.0800000000149
28.0 20.0 658.0800000000149
28.0 0.0 658.0800000000149
28.0 20.0 658.0800000000149
28.0 0.0 658.0800000000149
28.0 20.0 658.0800000000149
28.0 0.0 658.0800000000149
28.0 20.0 658.0800000000149
28.0 0.0 658.0800000000149
24.940000000000023 20.0 658.0800000000149
24.940000000000023 0.0 658.0800000000149
24.940000000000023 20.0 658.0800000000149
24.940000000000023 0.0 658.0800000000149
24.960000000000022 20.0 658.0800000000149
24.960000000000022 0.0 658.0800000000149
24.960000000000022 20.0 658.0800000000149
24.960000000000022 0.0 658.0800000000149
20.0 29.39999999999999 658.0800000000149
20.0 29.39999999999999 658.0800000000149
20.0 29.41999999999999 658.0800000000149
20.0 29.41999999999999 658.0800000000149
27.98 20.0 658.0800000000149
27.98 0.0 658.0800000000149
27.98 20.0 658.0800000000149
27.98 0.0 658.0800000000149
20.0 29.41999999999999 658.0800000000149
20.0 29.41999999999999 658.0800000000149
27.98 20.0 658.0800000000149
27.98 0.0 658.0800000000149
27.98 20.0 658.0800000000149
27.98 0.0 658.0800000000149
24.960000000000022 20.0 658.0800000000149
24.960000000000022 0.0 658.0800000000149
24.960000000000022 20.0 658.0800000000149
24.960000000000022 0.0 658.0800000000149
27.98 20.0 658.0800000000149
27.98 0.0 658.0800000000149
27.98 20.0 658.0800000000149
27.98 0.0 658.0800000000149
27.98 20.0 658.0800000000149
27.98 0.0 658.0800000000149
27.98 20.0 658.0800000000149
27.98 0.0 658.0800000000149
27.96 20.0 658.0800000000149
27.96 0.0 658.0800000000149
27.96 20.0 658.0800000000149
27.96 0.0 658.0800000000149
20.0 29.41999999999999 658.0800000000149
20.0 29.41999999999999 658.0800000000149
20.0 29.43999999999999 658.0800000000149
20.0 29.43999999999999 658.0800000000149
27.96 20.0 658.0800000000149
27.96 0.0 658.0800000000149
27.96 20.0 658.0800000000149
27.96 0.0 658.0800000000149
27.96 20.0 658.0800000000149
27.96 0.0 658.0800000000149
27.96 20.0 658.0800000000149
27.96 0.0 658.0800000000149
27.98 20.0 658.0800000000149
27.98 0.0 658.0800000000149
27.98 20.0 658.0800000000149
27.98 0.0 658.0800000000149
20.0 29.41999999999999 658.0800000000149
20.0 29.41999999999999 658.0800000000149
20.0 29.41999999999999 658.0800000000149
20.0 29.41999999999999 658.0800000000149
20.0 29.43999999999999 658.0800000000149
20.0 29.43999999999999 658.0800000000149
20.0 29.43999999999999 658.0800000000149
20.0 29.43999999999999 658.0800000000149
20.0 29.45999999999999 658.0800000000149
20.0 29.45999999999999 658.0800000000149
20.0 29.43999999999999 658.0800000000149
20.0 29.43999999999999 658.0800000000149
20.0 29.45999999999999 658.0800000000149
20.0 29.45999999999999 658.0800000000149
20.0 29.45999999999999 658.0800000000149
20.0 29.45999999999999 658.0800000000149
20.0 29.719999999999985 658.0800000000149
20.0 29.719999999999985 658.0800000000149
20.0 29.759999999999984 658.0800000000149
20.0 29.759999999999984 658.0800000000149
20.0 29.759999999999984 658.0800000000149
20.0 29.759999999999984 658.0800000000149
20.0 29.779999999999983 658.0800000000149
20.0 29.779999999999983 658.0800000000149
20.0 29.799999999999983 658.0800000000149
20.0 29.799999999999983 658.0800000000149
20.0 29.799999999999983 658.0800000000149
20.0 29.799999999999983 658.0800000000149
20.0 29.799999999999983 658.0800000000149
20.0 29.799999999999983 658.0800000000149
20.0 29.839999999999982 658.0800000000149
20.0 29.839999999999982 658.0800000000149
20.0 29.819999999999983 658.0800000000149
20.0 29.819999999999983 658.0800000000149
20.0 29.819999999999983 658.0800000000149
20.0 29.819999999999983 658.0800000000149
20.0 29.819999999999983 658.0800000000149
20.0 29.819999999999983 658.0800000000149
20.0 29.819999999999983 658.0800000000149
20.0 29.819999999999983 658.0800000000149
20.0 29.819999999999983 658.0800000000149
20.0 29.819999999999983 658.0800000000149
20.0 29.839999999999982 658.0800000000149
20.0 29.839999999999982 658.0800000000149
20.0 29.839999999999982 658.0800000000149
20.0 29.839999999999982 658.0800000000149
20.0 29.839999999999982 658.0800000000149
20.0 29.839999999999982 658.0800000000149
20.0 29.839999999999982 658.0800000000149
20.0 29.839999999999982 658.0800000000149
20.0 29.839999999999982 658.0800000000149
20.0 29.839999999999982 658.0800000000149
20.0 29.799999999999983 658.0800000000149
20.0 29.799999999999983 658.0800000000149
20.0 29.839999999999982 658.0800000000149
20.0 29.839999999999982 658.0800000000149
20.0 29.819999999999983 658.0800000000149
20.0 29.819999999999983 658.0800000000149
20.0 29.85999999999998 658.0800000000149
20.0 29.85999999999998 658.0800000000149
20.0 29.85999999999998 658.0800000000149
20.0 29.85999999999998 658.0800000000149
20.0 29.89999999999998 658.0800000000149
20.0 29.89999999999998 658.0800000000149
20.0 29.89999999999998 658.0800000000149
20.0 29.89999999999998 658.0800000000149
20.0 29.89999999999998 658.0800000000149
20.0 29.89999999999998 658.0800000000149
20.0 29.87999999999998 658.0800000000149
20.0 29.87999999999998 658.0800000000149
20.0 29.839999999999982 658.0800000000149
20.0 29.839999999999982 658.0800000000149
20.0 29.839999999999982 658.0800000000149
20.0 29.839999999999982 658.0800000000149
20.0 29.839999999999982 658.0800000000149
20.0 29.839999999999982 658.0800000000149
20.0 29.839999999999982 658.0800000000149
20.0 29.839999999999982 658.0800000000149
20.0 29.839999999999982 658.0800000000149
20.0 29.839999999999982 658.0800000000149
20.0 29.839999999999982 658.0800000000149
20.0 29.839999999999982 658.0800000000149
20.0 29.819999999999983 658.0800000000149
20.0 29.819999999999983 658.0800000000149
20.0 29.799999999999983 658.0800000000149
20.0 29.799999999999983 658.0800000000149
20.0 29.819999999999983 658.0800000000149
20.0 29.819999999999983 658.0800000000149
20.0 29.819999999999983 658.0800000000149
20.0 29.819999999999983 658.0800000000149
20.0 29.839999999999982 658.0800000000149
20.0 29.839999999999982 658.0800000000149
20.0 29.87999999999998 658.0800000000149
20.0 29.87999999999998 658.0800000000149
20.0 29.89999999999998 658.0800000000149
20.0 29.89999999999998 658.0800000000149
20.0 29.93999999999998 658.0800000000149
20.0 29.93999999999998 658.0800000000149
20.0 29.95999999999998 658.0800000000149
20.0 29.95999999999998 658.0800000000149
28.0 20.0 658.0800000000149
28.0 0.0 658.0800000000149
28.0 20.0 658.0800000000149
28.0 0.0 658.0800000000149
28.0 20.0 658.0800000000149
28.0 0.0 658.0800000000149
28.0 20.0 658.0800000000149
28.0 0.0 658.0800000000149
17.01999999999976 18.09999999999986 658.0800000000149
3.9800000000000004 4.0 658.0800000000149
10.0 2.060000000000155 658.0800000000149
11.949999999999958 15.949999999999534 658.0800000000149
1.1100000000000008 10.009999999999978 658.0800000000149
15.96999999999922 12.989999999999958 658.0800000000149
4.019999999999978 12.999999999999957 658.0800000000149
6.999999999999936 9.940000000000001 658.0800000000149
12.99 18.98999999999953 658.0800000000149
17.99999999999953 3.9999999999999787 658.0800000000149
3.9999999999999574 8.0 658.0800000000149
17.009999999999753 0.490000000000155 658.0800000000149
15.999999999999533 6.98 658.0800000000149
18.969999999999526 7.830000000000004 658.0800000000149
14.98 2.9800000000000004 658.0800000000149
1.8000000000000425 16.039999999999964 658.0800000000149
13.01 9.149999999999997 658.0800000000149
0.9400000000001554 6.000000000000021 658.0800000000149
18.029999999999692 10.029999999999978 658.0800000000149
12.0 4.979999999999979 658.0800000000149
4.9900000000000215 1.0100000000000007 658.0800000000149
8.979999999999979 17.999999999999375 658.0800000000149
1.01 1.9300000000000213 658.0800000000149
10.02 12.159999999999997 658.0800000000149
14.98999999999971 16.069999999999542 658.0800000000149
3.9600000000000435 18.97999999999984 658.0800000000149
17.97999999999999 15.899999999999535 658.0800000000149
12.120000000000019 0.9799999999999989 658.0800000000149
6.980000000000022 14.999999999999398 658.0800000000149
7.99 0.9700000000000006 658.0800000000149
6.9900000000000215 4.029999999999957 658.0800000000149
1.01 13.029999999999957 658.0800000000149
9.02 6.999999999999915 658.0800000000149
-10 12 658.0800000000149
-10 12 658.0800000000149
-7 9 658.0800000000149
-7 9 658.0800000000149
-10 -8 658.0800000000149
-10 -8 658.0800000000149
-7 -11 658.0800000000149
-7 -11 658.0800000000149
-8 -16 658.0800000000149
-8 -16 658.0800000000149
0.0 -11.0 658.0800000000149
0.0 -11.0 658.0800000000149
0.0 -11.0 658.0800000000149
0.0 -11.0 658.0800000000149
0.0 -11.0 658.0800000000149
0.0 -11.0 658.0800000000149
0.0 -11.0 658.0800000000149
0.0 -11.0 658.0800000000149
0.0 -11.0 658.0800000000149
0.0 -11.0 658.0800000000149
0.0 -11.0 658.0800000000149
0.0 -11.0 658.0800000000149
0.0 -11.0 658.0800000000149
0.0 -11.0 658.0800000000149
0.0 -11.02 658.0800000000149
0.0 -11.02 658.0800000000149
0.0 -11.0 658.0800000000149
0.0 -11.0 658.0800000000149
0.0 -10.98 658.0800000000149
0.0 -10.98 658.0800000000149
0.0 -10.96 658.0800000000149
0.0 -10.96 658.0800000000149
0.0 -10.96 658.0800000000149
0.0 -10.96 658.0800000000149
0.0 -10.96 658.0800000000149
0.0 -10.96 658.0800000000149
0.0 -10.96 658.0800000000149
0.0 -10.96 658.0800000000149
0.0 -10.98 658.0800000000149
0.0 -10.98 658.0800000000149
0.0 -11.0 658.0800000000149
0.0 -11.0 658.0800000000149
0.0 -11.0 658.0800000000149
0.0 -11.0 658.0800000000149
0.0 -11.0 658.0800000000149
0.0 -11.0 658.0800000000149
0.0 -11.0 658.0800000000149
0.0 -11.0 658.0800000000149
0.0 -11.0 658.0800000000149
0.0 -11.0 658.0800000000149
0.0 -11.0 658.0800000000149
0.0 -11.0 658.0800000000149
0.0 -10.900000000000002 658.0800000000149
0.0 -10.900000000000002 658.0800000000149
0.0 -10.880000000000003 658.0800000000149
0.0 -10.880000000000003 658.0800000000149
0.0 -10.860000000000003 658.0800000000149
0.0 -10.860000000000003 658.0800000000149
0.0 -10.840000000000003 658.0800000000149
0.0 -10.840000000000003 658.0800000000149
0.0 -10.840000000000003 658.0800000000149
0.0 -10.840000000000003 658.0800000000149
0.0 -10.820000000000004 658.0800000000149
0.0 -10.820000000000004 658.0800000000149
0.0 -10.820000000000004 658.0800000000149
0.0 -10.820000000000004 658.0800000000149
0.0 -10.820000000000004 658.0800000000149
0.0 -10.820000000000004 658.0800000000149
0.0 -10.840000000000003 658.0800000000149
0.0 -10.840000000000003 658.0800000000149
0.0 -10.820000000000004 658.0800000000149
0.0 -10.820000000000004 658.0800000000149
0.0 -10.820000000000004 658.0800000000149
0.0 -10.820000000000004 658.0800000000149
0.0 -10.840000000000003 658.0800000000149
0.0 -10.840000000000003 658.0800000000149
0.0 -10.840000000000003 658.0800000000149
0.0 -10.840000000000003 658.0800000000149
-5.01 -17.030000000000005 658.0800000000149
-5.01 -17.030000000000005 658.0800000000149
0.0 -10.840000000000003 658.0800000000149
0.0 -10.840000000000003 658.0800000000149
0.0 -10.840000000000003 658.0800000000149
0.0 -10.840000000000003 658.0800000000149
0.0 -10.860000000000003 658.0800000000149
0.0 -10.860000000000003 658.0800000000149
0.0 -10.860000000000003 658.0800000000149
0.0 -10.860000000000003 658.0800000000149
0.0 -10.840000000000003 658.0800000000149
0.0 -10.840000000000003 658.0800000000149
0.0 -10.820000000000004 658.0800000000149
0.0 -10.820000000000004 658.0800000000149
0.0 -10.820000000000004 658.0800000000149
0.0 -10.820000000000004 658.0800000000149
0.0 -10.820000000000004 658.0800000000149
0.0 -10.820000000000004 658.0800000000149
0.0 -10.840000000000003 658.0800000000149
0.0 -10.840000000000003 658.0800000000149
0.0 -10.840000000000003 658.0800000000149
0.0 -10.840000000000003 658.0800000000149
0.0 -10.860000000000003 658.0800000000149
0.0 -10.860000000000003 658.0800000000149
0.0 -10.860000000000003 658.0800000000149
0.0 -10.860000000000003 658.0800000000149
0.0 -10.840000000000003 658.0800000000149
0.0 -10.840000000000003 658.0800000000149
0.0 -10.860000000000003 658.0800000000149
0.0 -10.860000000000003 658.0800000000149
0.0 -10.860000000000003 658.0800000000149
0.0 -10.860000000000003 658.0800000000149
0.0 -10.880000000000003 658.0800000000149
0.0 -10.880000000000003 658.0800000000149
0.0 -10.860000000000003 658.0800000000149
0.0 -10.860000000000003 658.0800000000149
0.0 -10.860000000000003 658.0800000000149
0.0 -10.860000000000003 658.0800000000149
0.0 -10.880000000000003 658.0800000000149
0.0 -10.880000000000003 658.0800000000149
0.0 -10.900000000000002 658.0800000000149
0.0 -10.900000000000002 658.0800000000149
0.0 -10.920000000000002 658.0800000000149
0.0 -10.920000000000002 658.0800000000149
0.0 -10.940000000000001 658.0800000000149
0.0 -10.940000000000001 658.0800000000149
0.0 -10.940000000000001 658.0800000000149
0.0 -10.940000000000001 658.0800000000149
0.0 -10.940000000000001 658.0800000000149
0.0 -10.940000000000001 658.0800000000149
0.0 -10.920000000000002 658.0800000000149
0.0 -10.920000000000002 658.0800000000149
0.0 -10.920000000000002 658.0800000000149
0.0 -10.920000000000002 658.0800000000149
0.0 -10.920000000000002 658.0800000000149
0.0 -10.920000000000002 658.0800000000149
0.0 -10.900000000000002 658.0800000000149
0.0 -10.900000000000002 658.0800000000149
0.0 -10.880000000000003 658.0800000000149
0.0 -10.880000000000003 658.0800000000149
0.0 -10.880000000000003 658.0800000000149
0.0 -10.880000000000003 658.0800000000149
0.0 -10.880000000000003 658.0800000000149
0.0 -10.880000000000003 658.0800000000149
0.0 -10.860000000000003 658.0800000000149
0.0 -10.860000000000003 658.0800000000149
0.0 -10.860000000000003 658.0800000000149
0.0 -10.860000000000003 658.0800000000149
0.0 -10.840000000000003 658.0800000000149
0.0 -10.840000000000003 658.0800000000149
0.0 -10.840000000000003 658.0800000000149
0.0 -10.840000000000003 658.0800000000149
0.0 -10.820000000000004 658.0800000000149
0.0 -10.820000000000004 658.0800000000149
0.0 -10.820000000000004 658.0800000000149
0.0 -10.820000000000004 658.0800000000149
0.0 -10.840000000000003 658.0800000000149
0.0 -10.840000000000003 658.0800000000149
0.0 -10.860000000000003 658.0800000000149
0.0 -10.860000000000003 658.0800000000149
0.0 -10.820000000000004 658.0800000000149
0.0 -10.820000000000004 658.0800000000149
0.0 -10.820000000000004 658.0800000000149
0.0 -10.820000000000004 658.0800000000149
0.0 -10.840000000000003 658.0800000000149
0.0 -10.840000000000003 658.0800000000149
0.0 -10.840000000000003 658.0800000000149
0.0 -10.840000000000003 658.0800000000149
0.0 -10.840000000000003 658.0800000000149
0.0 -10.840000000000003 658.0800000000149
0.0 -10.840000000000003 658.0800000000149
0.0 -10.840000000000003 658.0800000000149
0.0 -10.840000000000003 658.0800000000149
0.0 -10.840000000000003 658.0800000000149
0.0 -10.820000000000004 658.0800000000149
0.0 -10.820000000000004 658.0800000000149
0.0 -10.820000000000004 658.0800000000149
0.0 -10.820000000000004 658.0800000000149
0.0 -10.820000000000004 658.0800000000149
0.0 -10.820000000000004 658.0800000000149
0.0 -10.820000000000004 658.0800000000149
0.0 -10.820000000000004 658.0800000000149
0.0 -10.820000000000004 658.0800000000149
0.0 -10.820000000000004 658.0800000000149
0.0 -10.800000000000004 658.0800000000149
0.0 -10.800000000000004 658.0800000000149
0.0 -10.800000000000004 658.0800000000149
0.0 -10.800000000000004 658.0800000000149
0.0 -10.800000000000004 658.0800000000149
0.0 -10.800000000000004 658.0800000000149
0.0 -10.800000000000004 658.0800000000149
0.0 -10.800000000000004 658.0800000000149
0.0 -10.780000000000005 658.0800000000149
0.0 -10.780000000000005 658.0800000000149
0.0 -10.760000000000005 658.0800000000149
0.0 -10.760000000000005 658.0800000000149
0.0 -10.740000000000006 658.0800000000149
0.0 -10.740000000000006 658.0800000000149
0.0 -10.760000000000005 658.0800000000149
0.0 -10.760000000000005 658.0800000000149
0.0 -10.760000000000005 658.0800000000149
0.0 -10.760000000000005 658.0800000000149
0.0 -10.740000000000006 658.0800000000149
0.0 -10.740000000000006 658.0800000000149
0.0 -10.760000000000005 658.0800000000149
0.0 -10.760000000000005 658.0800000000149
0.0 -10.740000000000006 658.0800000000149
0.0 -10.740000000000006 658.0800000000149
0.0 -10.740000000000006 658.0800000000149
0.0 -10.740000000000006 658.0800000000149
0.0 -10.720000000000006 658.0800000000149
0.0 -10.720000000000006 658.0800000000149
0.0 -10.720000000000006 658.0800000000149
0.0 -10.720000000000006 658.0800000000149
0.0 -10.700000000000006 658.0800000000149
0.0 -10.700000000000006 658.0800000000149
0.0 -10.720000000000006 658.0800000000149
0.0 -10.720000000000006 658.0800000000149
0.0 -10.720000000000006 658.0800000000149
0.0 -10.720000000000006 658.0800000000149
0.0 -10.740000000000006 658.0800000000149
0.0 -10.740000000000006 658.0800000000149
0.0 -10.740000000000006 658.0800000000149
0.0 -10.740000000000006 658.0800000000149
0.0 -10.720000000000006 658.0800000000149
0.0 -10.720000000000006 658.0800000000149
0.0 -10.720000000000006 658.0800000000149
0.0 -10.720000000000006 658.0800000000149
0.0 -10.740000000000006 658.0800000000149
0.0 -10.740000000000006 658.0800000000149
0.0 -10.740000000000006 658.0800000000149
0.0 -10.740000000000006 658.0800000000149
0.0 -10.720000000000006 658.0800000000149
0.0 -10.720000000000006 658.0800000000149
0.0 -10.720000000000006 658.0800000000149
0.0 -10.720000000000006 658.0800000000149
0.0 -10.720000000000006 658.0800000000149
0.0 -10.720000000000006 658.0800000000149
0.0 -10.700000000000006 658.0800000000149
0.0 -10.700000000000006 658.0800000000149
0.0 -10.700000000000006 658.0800000000149
0.0 -10.700000000000006 658.0800000000149
0.0 -10.700000000000006 658.0800000000149
0.0 -10.700000000000006 658.0800000000149
0.0 -10.720000000000006 658.0800000000149
0.0 -10.720000000000006 658.0800000000149
0.0 -10.700000000000006 658.0800000000149
0.0 -10.700000000000006 658.0800000000149
0.0 -10.720000000000006 658.0800000000149
0.0 -10.720000000000006 658.0800000000149
0.0 -10.720000000000006 658.0800000000149
0.0 -10.720000000000006 658.0800000000149
0.0 -10.740000000000006 658.0800000000149
0.0 -10.740000000000006 658.0800000000149
0.0 -10.740000000000006 658.0800000000149
0.0 -10.740000000000006 658.0800000000149
0.0 -10.720000000000006 658.0800000000149
0.0 -10.720000000000006 658.0800000000149
0.0 -10.700000000000006 658.0800000000149
0.0 -10.700000000000006 658.0800000000149
0.0 -10.700000000000006 658.0800000000149
0.0 -10.700000000000006 658.0800000000149
0.0 -10.720000000000006 658.0800000000149
0.0 -10.720000000000006 658.0800000000149
0.0 -10.700000000000006 658.0800000000149
0.0 -10.700000000000006 658.0800000000149
0.0 -10.680000000000007 658.0800000000149
0.0 -10.680000000000007 658.0800000000149
0.0 -10.680000000000007 658.0800000000149
0.0 -10.680000000000007 658.0800000000149
0.0 -10.660000000000007 658.0800000000149
0.0 -10.660000000000007 658.0800000000149
0.0 -10.660000000000007 658.0800000000149
0.0 -10.660000000000007 658.0800000000149
0.0 -10.660000000000007 658.0800000000149
0.0 -10.660000000000007 658.0800000000149
0.0 -10.660000000000007 658.0800000000149
0.0 -10.660000000000007 658.0800000000149
0.0 -10.660000000000007 658.0800000000149
0.0 -10.660000000000007 658.0800000000149
0.0 -10.680000000000007 658.0800000000149
0.0 -10.680000000000007 658.0800000000149
0.0 -10.660000000000007 658.0800000000149
0.0 -10.660000000000007 658.0800000000149
0.0 -10.660000000000007 658.0800000000149
0.0 -10.660000000000007 658.0800000000149
0.0 -10.660000000000007 658.0800000000149
0.0 -10.660000000000007 658.0800000000149
0.0 -10.680000000000007 658.0800000000149
0.0 -10.680000000000007 658.0800000000149
0.0 -10.700000000000006 658.0800000000149
0.0 -10.700000000000006 658.0800000000149
0.0 -10.720000000000006 658.0800000000149
0.0 -10.720000000000006 658.0800000000149
0.0 -10.720000000000006 658.0800000000149
0.0 -10.720000000000006 658.0800000000149
0.0 -10.700000000000006 658.0800000000149
0.0 -10.700000000000006 658.0800000000149
0.0 -10.720000000000006 658.0800000000149
0.0 -10.720000000000006 658.0800000000149
0.0 -10.680000000000007 658.0800000000149
0.0 -10.680000000000007 658.0800000000149
0.0 -10.660000000000007 658.0800000000149
0.0 -10.660000000000007 658.0800000000149
0.0 -10.640000000000008 658.0800000000149
0.0 -10.640000000000008 658.0800000000149
0.0 -10.620000000000008 658.0800000000149
0.0 -10.620000000000008 658.0800000000149
0.0 -10.620000000000008 658.0800000000149
0.0 -10.620000000000008 658.0800000000149
0.0 -10.620000000000008 658.0800000000149
0.0 -10.620000000000008 658.0800000000149
0.0 -10.640000000000008 658.0800000000149
0.0 -10.640000000000008 658.0800000000149
0.0 -10.640000000000008 658.0800000000149
0.0 -10.640000000000008 658.0800000000149
0.0 -10.640000000000008 658.0800000000149
0.0 -10.640000000000008 658.0800000000149
0.0 -10.620000000000008 658.0800000000149
0.0 -10.620000000000008 658.0800000000149
0.0 -10.600000000000009 658.0800000000149
0.0 -10.600000000000009 658.0800000000149
0.0 -10.580000000000009 658.0800000000149
0.0 -10.580000000000009 658.0800000000149
0.0 -10.580000000000009 658.0800000000149
0.0 -10.580000000000009 658.0800000000149
0.0 -10.580000000000009 658.0800000000149
0.0 -10.580000000000009 658.0800000000149
0.0 -10.56000000000001 658.0800000000149
0.0 -10.56000000000001 658.0800000000149
0.0 -10.580000000000009 658.0800000000149
0.0 -10.580000000000009 658.0800000000149
0.0 -10.580000000000009 658.0800000000149
0.0 -10.580000000000009 658.0800000000149
0.0 -10.56000000000001 658.0800000000149
0.0 -10.56000000000001 658.0800000000149
0.0 -10.56000000000001 658.0800000000149
0.0 -10.56000000000001 658.0800000000149
0.0 -10.54000000000001 658.0800000000149
0.0 -10.54000000000001 658.0800000000149
0.0 -10.56000000000001 658.0800000000149
0.0 -10.56000000000001 658.0800000000149
0.0 -10.54000000000001 658.0800000000149
0.0 -10.54000000000001 658.0800000000149
0.0 -10.54000000000001 658.0800000000149
0.0 -10.54000000000001 658.0800000000149
0.0 -10.280000000000015 658.0800000000149
0.0 -10.280000000000015 658.0800000000149
0.0 -10.240000000000016 658.0800000000149
0.0 -10.240000000000016 658.0800000000149
0.0 -10.240000000000016 658.0800000000149
0.0 -10.240000000000016 658.0800000000149
0.0 -10.220000000000017 658.0800000000149
0.0 -10.220000000000017 658.0800000000149
0.0 -10.200000000000017 658.0800000000149
0.0 -10.200000000000017 658.0800000000149
0.0 -10.200000000000017 658.0800000000149
0.0 -10.200000000000017 658.0800000000149
0.0 -10.200000000000017 658.0800000000149
0.0 -10.200000000000017 658.0800000000149
0.0 -10.160000000000018 658.0800000000149
0.0 -10.160000000000018 658.0800000000149
0.0 -10.180000000000017 658.0800000000149
0.0 -10.180000000000017 658.0800000000149
0.0 -10.180000000000017 658.0800000000149
0.0 -10.180000000000017 658.0800000000149
0.0 -10.180000000000017 658.0800000000149
0.0 -10.180000000000017 658.0800000000149
0.0 -10.180000000000017 658.0800000000149
0.0 -10.180000000000017 658.0800000000149
0.0 -10.180000000000017 658.0800000000149
0.0 -10.180000000000017 658.0800000000149
0.0 -10.160000000000018 658.0800000000149
0.0 -10.160000000000018 658.0800000000149
0.0 -10.160000000000018 658.0800000000149
0.0 -10.160000000000018 658.0800000000149
0.0 -10.160000000000018 658.0800000000149
0.0 -10.160000000000018 658.0800000000149
0.0 -10.160000000000018 658.0800000000149
0.0 -10.160000000000018 658.0800000000149
0.0 -10.160000000000018 658.0800000000149
0.0 -10.160000000000018 658.0800000000149
0.0 -10.200000000000017 658.0800000000149
0.0 -10.200000000000017 658.0800000000149
0.0 -10.160000000000018 658.0800000000149
0.0 -10.160000000000018 658.0800000000149
0.0 -10.180000000000017 658.0800000000149
0.0 -10.180000000000017 658.0800000000149
0.0 -10.140000000000018 658.0800000000149
0.0 -10.140000000000018 658.0800000000149
0.0 -10.140000000000018 658.0800000000149
0.0 -10.140000000000018 658.0800000000149
0.0 -10.10000000000002 658.0800000000149
0.0 -10.10000000000002 658.0800000000149
0.0 -10.10000000000002 658.0800000000149
0.0 -10.10000000000002 658.0800000000149
0.0 -10.10000000000002 658.0800000000149
0.0 -10.10000000000002 658.0800000000149
0.0 -10.120000000000019 658.0800000000149
0.0 -10.120000000000019 658.0800000000149
0.0 -10.160000000000018 658.0800000000149
0.0 -10.160000000000018 658.0800000000149
0.0 -10.160000000000018 658.0800000000149
0.0 -10.160000000000018 658.0800000000149
0.0 -10.160000000000018 658.0800000000149
0.0 -10.160000000000018 658.0800000000149
0.0 -10.160000000000018 658.0800000000149
0.0 -10.160000000000018 658.0800000000149
0.0 -10.160000000000018 658.0800000000149
0.0 -10.160000000000018 658.0800000000149
0.0 -10.160000000000018 658.0800000000149
0.0 -10.160000000000018 658.0800000000149
0.0 -10.180000000000017 658.0800000000149
0.0 -10.180000000000017 658.0800000000149
0.0 -10.200000000000017 658.0800000000149
0.0 -10.200000000000017 658.0800000000149
0.0 -10.180000000000017 658.0800000000149
0.0 -10.180000000000017 658.0800000000149
0.0 -10.180000000000017 658.0800000000149
0.0 -10.180000000000017 658.0800000000149
0.0 -10.160000000000018 658.0800000000149
0.0 -10.160000000000018 658.0800000000149
0.0 -10.120000000000019 658.0800000000149
0.0 -10.120000000000019 658.0800000000149
0.0 -10.10000000000002 658.0800000000149
0.0 -10.10000000000002 658.0800000000149
0.0 -10.06000000000002 658.0800000000149
0.0 -10.06000000000002 658.0800000000149
0.0 -10.04000000000002 658.0800000000149
0.0 -10.04000000000002 658.0800000000149
-8 4 658.0800000000149
-8 4 658.0800000000149
-5.01 2.9699999999999953 658.0800000000149
-5.01 2.9699999999999953 658.0800000000149
10 -8 658.0800000000149
10 -8 658.0800000000149
24 -6 658.0800000000149
24 -6 658.0800000000149
24 -10 658.0800000000149
24 -10 658.0800000000149
23 -9 658.0800000000149
23 -9 658.0800000000149
4 -6 658.0800000000149
4 -6 658.0800000000149
4 -10 658.0800000000149
4 -10 658.0800000000149
3 -9 658.0800000000149
3 -9 658.0800000000149
