28 2 975.8399999999949
8 22 975.8399999999949
28 22 975.8399999999949
0 29 975.8399999999949
20 29 975.8399999999949
13 29 975.8399999999949
13 29 975.8399999999949
22 8 975.8399999999949
2 28 975.8399999999949
22 28 975.8399999999949
26 0 975.8399999999949
26 20 975.8399999999949
24 14 975.8399999999949
24 14 975.8399999999949
24 4 975.8399999999949
4 24 975.8399999999949
24 24 975.8399999999949
12 24 975.8399999999949
12 24 975.8399999999949
28 0 975.8399999999949
28 20 975.8399999999949
15 23 975.8399999999949
15 23 975.8399999999949
24 10 975.8399999999949
24 10 975.8399999999949
29 3 975.8399999999949
9 23 975.8399999999949
29 23 975.8399999999949
23 11 975.8399999999949
23 11 975.8399999999949
20.0 29.0 975.8399999999949
20.0 29.0 975.8399999999949
26.0 20.0 975.8399999999949
26.0 0.0 975.8399999999949
26.0 20.0 975.8399999999949
26.0 0.0 975.8399999999949
20.0 29.0 975.8399999999949
20.0 29.0 975.8399999999949
25.98 20.0 975.8399999999949
25.98 0.0 975.8399999999949
25.98 20.0 975.8399999999949
25.98 0.0 975.8399999999949
25.98 20.0 975.8399999999949
25.98 0.0 975.8399999999949
25.98 20.0 975.8399999999949
25.98 0.0 975.8399999999949
25.94 20.0 975.8399999999949
25.94 0.0 975.8399999999949
25.94 20.0 975.8399999999949
25.94 0.0 975.8399999999949
20.0 29.0 975.8399999999949
20.0 29.0 975.8399999999949
20.0 29.0 975.8399999999949
20.0 29.0 975.8399999999949
27.98 20.0 975.8399999999949
27.98 0.0 975.8399999999949
27.98 20.0 975.8399999999949
27.98 0.0 975.8399999999949
20.0 29.0 975.8399999999949
20.0 29.0 975.8399999999949
0.0 9.0 975.8399999999949
20.0 29.0 975.8399999999949
0.0 9.0 975.8399999999949
20.0 29.0 975.8399999999949
13.02 21.919999999999987 975.8399999999949
13.02 21.919999999999987 975.8399999999949
7.99 19.80999999999997 975.8399999999949
19.68999999999995 9.049999999999999 975.8399999999949
28.02 20.0 975.8399999999949
28.02 0.0 975.8399999999949
28.02 20.0 975.8399999999949
28.02 0.0 975.8399999999949
20.87999999999998 2.960000000000001 975.8399999999949
0.8799999999999812 22.96 975.8399999999949
20.87999999999998 22.96 975.8399999999949
25.900000000000002 20.0 975.8399999999949
25.900000000000002 0.0 975.8399999999949
25.900000000000002 20.0 975.8399999999949
25.900000000000002 0.0 975.8399999999949
19.210000000000033 26.97 975.8399999999949
19.210000000000033 26.97 975.8399999999949
25.910000000000004 19.99 975.8399999999949
5.910000000000002 -0.010000000000001563 975.8399999999949
25.910000000000004 -0.010000000000001563 975.8399999999949
25.910000000000004 19.99 975.8399999999949
5.910000000000002 -0.010000000000001563 975.8399999999949
25.910000000000004 -0.010000000000001563 975.8399999999949
10.049999999999999 -0.8299999999999734 975.8399999999949
10.049999999999999 -0.8299999999999734 975.8399999999949
13.02 1.94 975.8399999999949
18.080000000000005 -0.839999999999975 975.8399999999949
18.080000000000005 -0.839999999999975 975.8399999999949
0.98 11.299999999999994 975.8399999999949
10.0 12.539999999999988 975.8399999999949
17.54999999999993 17.96999999999984 975.8399999999949
20.249999999999883 11.269999999999994 975.8399999999949
20.249999999999883 11.269999999999994 975.8399999999949
8.0 0.0 975.8399999999949
2.99 10.99 975.8399999999949
10.04 18.379999999999903 975.8399999999949
2.0699999999999985 7.970000000000001 975.8399999999949
4.9599999999999795 9.860000000000003 975.8399999999949
1.0 2.820000000000004 975.8399999999949
13.01 9.01 975.8399999999949
3.99 14.90999999999998 975.8399999999949
5.98 19.55999999999993 975.8399999999949
15.03 3.0299999999999994 975.8399999999949
3.99 4.01 975.8399999999949
12.0 4.359999999999992 975.8399999999949
9.0 3.4999999999999893 975.8399999999949
18.699999999999953 6.920000000000002 975.8399999999949
7.840000000000003 2.0199999999999996 975.8399999999949
-10 12 975.8399999999949
-10 12 975.8399999999949
-7 9 975.8399999999949
-7 9 975.8399999999949
-0.7899999999999672 6.970000000000001 975.8399999999949
-0.7899999999999672 6.970000000000001 975.8399999999949
-9.950000000000001 19.170000000000027 975.8399999999949
-9.950000000000001 19.170000000000027 975.8399999999949
-1.9199999999999946 19.160000000000025 975.8399999999949
-1.9199999999999946 19.160000000000025 975.8399999999949
-10 -8 975.8399999999949
-10 -8 975.8399999999949
-7 -11 975.8399999999949
-7 -11 975.8399999999949
-8 -16 975.8399999999949
-8 -16 975.8399999999949
-5 -17 975.8399999999949
-5 -17 975.8399999999949
0.0 -11.0 975.8399999999949
0.0 -11.0 975.8399999999949
0.0 -11.0 975.8399999999949
0.0 -11.0 975.8399999999949
0.0 -11.0 975.8399999999949
0.0 -11.0 975.8399999999949
0.0 -11.0 975.8399999999949
0.0 -11.0 975.8399999999949
0.0 -11.0 975.8399999999949
0.0 -11.0 975.8399999999949
0.0 -11.0 975.8399999999949
0.0 -11.0 975.8399999999949
-6.98 -18.080000000000013 975.8399999999949
-6.98 -18.080000000000013 975.8399999999949
-0.7899999999999672 -13.03 975.8399999999949
-0.7899999999999672 -13.03 975.8399999999949
-9.950000000000001 -0.8299999999999734 975.8399999999949
-9.950000000000001 -0.8299999999999734 975.8399999999949
-1.9199999999999946 -0.839999999999975 975.8399999999949
-1.9199999999999946 -0.839999999999975 975.8399999999949
0.24999999999988276 -8.730000000000006 975.8399999999949
0.24999999999988276 -8.730000000000006 975.8399999999949
-8 4 975.8399999999949
-8 4 975.8399999999949
-5 3 975.8399999999949
-5 3 975.8399999999949
-6.98 1.9199999999999875 975.8399999999949
-6.98 1.9199999999999875 975.8399999999949
10 -8 975.8399999999949
10 -8 975.8399999999949
24 -6 975.8399999999949
24 -6 975.8399999999949
24 -10 975.8399999999949
24 -10 975.8399999999949
23 -9 975.8399999999949
23 -9 975.8399999999949
20.249999999999883 -8.730000000000006 975.8399999999949
20.249999999999883 -8.730000000000006 975.8399999999949
4 -6 975.8399999999949
4 -6 975.8399999999949
4 -10 975.8399999999949
4 -10 975.8399999999949
3 -9 975.8399999999949
3 -9 975.8399999999949
