0 29 658.4000000000016
20 29 658.4000000000016
13 29 658.4000000000016
13 29 658.4000000000016
26 0 658.4000000000016
26 20 658.4000000000016
24 14 658.4000000000016
24 14 658.4000000000016
24 4 658.4000000000016
4 24 658.4000000000016
24 24 658.4000000000016
12 24 658.4000000000016
12 24 658.4000000000016
28 0 658.4000000000016
28 20 658.4000000000016
24 10 658.4000000000016
24 10 658.4000000000016
29 3 658.4000000000016
9 23 658.4000000000016
29 23 658.4000000000016
23 11 658.4000000000016
23 11 658.4000000000016
20.0 29.0 658.4000000000016
20.0 29.0 658.4000000000016
26.0 20.0 658.4000000000016
26.0 0.0 658.4000000000016
26.0 20.0 658.4000000000016
26.0 0.0 658.4000000000016
20.0 29.0 658.4000000000016
20.0 29.0 658.4000000000016
25.98 20.0 658.4000000000016
25.98 0.0 658.4000000000016
25.98 20.0 658.4000000000016
25.98 0.0 658.4000000000016
25.98 20.0 658.4000000000016
25.98 0.0 658.4000000000016
25.98 20.0 658.4000000000016
25.98 0.0 658.4000000000016
25.94 20.0 658.4000000000016
25.94 0.0 658.4000000000016
25.94 20.0 658.4000000000016
25.94 0.0 658.4000000000016
20.0 29.0 658.4000000000016
20.0 29.0 658.4000000000016
20.0 29.0 658.4000000000016
20.0 29.0 658.4000000000016
27.98 20.0 658.4000000000016
27.98 0.0 658.4000000000016
27.98 20.0 658.4000000000016
27.98 0.0 658.4000000000016
20.0 29.0 658.4000000000016
20.0 29.0 658.4000000000016
20.0 29.0 658.4000000000016
20.0 29.0 658.4000000000016
28.02 20.0 658.4000000000016
28.02 0.0 658.4000000000016
28.02 20.0 658.4000000000016
28.02 0.0 658.4000000000016
25.900000000000002 20.0 658.4000000000016
25.900000000000002 0.0 658.4000000000016
25.900000000000002 20.0 658.4000000000016
25.900000000000002 0.0 658.4000000000016
25.900000000000002 20.0 658.4000000000016
25.900000000000002 0.0 658.4000000000016
25.900000000000002 20.0 658.4000000000016
25.900000000000002 0.0 658.4000000000016
25.900000000000002 20.0 658.4000000000016
25.900000000000002 0.0 658.4000000000016
25.900000000000002 20.0 658.4000000000016
25.900000000000002 0.0 658.4000000000016
25.880000000000003 20.0 658.4000000000016
25.880000000000003 0.0 658.4000000000016
25.880000000000003 20.0 658.4000000000016
25.880000000000003 0.0 658.4000000000016
20.0 29.0 658.4000000000016
20.0 29.0 658.4000000000016
25.880000000000003 20.0 658.4000000000016
25.880000000000003 0.0 658.4000000000016
25.880000000000003 20.0 658.4000000000016
25.880000000000003 0.0 658.4000000000016
28.0 20.0 658.4000000000016
28.0 0.0 658.4000000000016
28.0 20.0 658.4000000000016
28.0 0.0 658.4000000000016
25.860000000000003 20.0 658.4000000000016
25.860000000000003 0.0 658.4000000000016
25.860000000000003 20.0 658.4000000000016
25.860000000000003 0.0 658.4000000000016
25.840000000000003 20.0 658.4000000000016
25.840000000000003 0.0 658.4000000000016
25.840000000000003 20.0 658.4000000000016
25.840000000000003 0.0 658.4000000000016
28.0 20.0 658.4000000000016
28.0 0.0 658.4000000000016
28.0 20.0 658.4000000000016
28.0 0.0 658.4000000000016
25.820000000000004 20.0 658.4000000000016
25.820000000000004 0.0 658.4000000000016
25.820000000000004 20.0 658.4000000000016
25.820000000000004 0.0 658.4000000000016
25.820000000000004 20.0 658.4000000000016
25.820000000000004 0.0 658.4000000000016
25.820000000000004 20.0 658.4000000000016
25.820000000000004 0.0 658.4000000000016
20.0 28.98 658.4000000000016
20.0 28.98 658.4000000000016
25.800000000000004 20.0 658.4000000000016
25.800000000000004 0.0 658.4000000000016
25.800000000000004 20.0 658.4000000000016
25.800000000000004 0.0 658.4000000000016
25.780000000000005 20.0 658.4000000000016
25.780000000000005 0.0 658.4000000000016
25.780000000000005 20.0 658.4000000000016
25.780000000000005 0.0 658.4000000000016
25.780000000000005 20.0 658.4000000000016
25.780000000000005 0.0 658.4000000000016
25.780000000000005 20.0 658.4000000000016
25.780000000000005 0.0 658.4000000000016
28.0 20.0 658.4000000000016
28.0 0.0 658.4000000000016
28.0 20.0 658.4000000000016
28.0 0.0 658.4000000000016
25.780000000000005 20.0 658.4000000000016
25.780000000000005 0.0 658.4000000000016
25.780000000000005 20.0 658.4000000000016
25.780000000000005 0.0 658.4000000000016
20.0 29.0 658.4000000000016
20.0 29.0 658.4000000000016
25.780000000000005 20.0 658.4000000000016
25.780000000000005 0.0 658.4000000000016
25.780000000000005 20.0 658.4000000000016
25.780000000000005 0.0 658.4000000000016
28.0 20.0 658.4000000000016
28.0 0.0 658.4000000000016
28.0 20.0 658.4000000000016
28.0 0.0 658.4000000000016
20.0 29.02 658.4000000000016
20.0 29.02 658.4000000000016
27.98 20.0 658.4000000000016
27.98 0.0 658.4000000000016
27.98 20.0 658.4000000000016
27.98 0.0 658.4000000000016
27.98 20.0 658.4000000000016
27.98 0.0 658.4000000000016
27.98 20.0 658.4000000000016
27.98 0.0 658.4000000000016
28.0 20.0 658.4000000000016
28.0 0.0 658.4000000000016
28.0 20.0 658.4000000000016
28.0 0.0 658.4000000000016
25.740000000000006 20.0 658.4000000000016
25.740000000000006 0.0 658.4000000000016
25.740000000000006 20.0 658.4000000000016
25.740000000000006 0.0 658.4000000000016
25.720000000000006 20.0 658.4000000000016
25.720000000000006 0.0 658.4000000000016
25.720000000000006 20.0 658.4000000000016
25.720000000000006 0.0 658.4000000000016
27.98 20.0 658.4000000000016
27.98 0.0 658.4000000000016
27.98 20.0 658.4000000000016
27.98 0.0 658.4000000000016
25.700000000000006 20.0 658.4000000000016
25.700000000000006 0.0 658.4000000000016
25.700000000000006 20.0 658.4000000000016
25.700000000000006 0.0 658.4000000000016
28.0 20.0 658.4000000000016
28.0 0.0 658.4000000000016
28.0 20.0 658.4000000000016
28.0 0.0 658.4000000000016
25.700000000000006 20.0 658.4000000000016
25.700000000000006 0.0 658.4000000000016
25.700000000000006 20.0 658.4000000000016
25.700000000000006 0.0 658.4000000000016
20.0 29.04 658.4000000000016
20.0 29.04 658.4000000000016
20.0 29.04 658.4000000000016
20.0 29.04 658.4000000000016
20.0 29.04 658.4000000000016
20.0 29.04 658.4000000000016
25.54000000000001 20.0 658.4000000000016
25.54000000000001 0.0 658.4000000000016
25.54000000000001 20.0 658.4000000000016
25.54000000000001 0.0 658.4000000000016
20.0 29.04 658.4000000000016
20.0 29.04 658.4000000000016
25.52000000000001 20.0 658.4000000000016
25.52000000000001 0.0 658.4000000000016
25.52000000000001 20.0 658.4000000000016
25.52000000000001 0.0 658.4000000000016
25.50000000000001 20.0 658.4000000000016
25.50000000000001 0.0 658.4000000000016
25.50000000000001 20.0 658.4000000000016
25.50000000000001 0.0 658.4000000000016
20.0 29.02 658.4000000000016
20.0 29.02 658.4000000000016
25.48000000000001 20.0 658.4000000000016
25.48000000000001 0.0 658.4000000000016
25.48000000000001 20.0 658.4000000000016
25.48000000000001 0.0 658.4000000000016
28.0 20.0 658.4000000000016
28.0 0.0 658.4000000000016
28.0 20.0 658.4000000000016
28.0 0.0 658.4000000000016
28.0 20.0 658.4000000000016
28.0 0.0 658.4000000000016
28.0 20.0 658.4000000000016
28.0 0.0 658.4000000000016
25.46000000000001 20.0 658.4000000000016
25.46000000000001 0.0 658.4000000000016
25.46000000000001 20.0 658.4000000000016
25.46000000000001 0.0 658.4000000000016
20.0 29.0 658.4000000000016
20.0 29.0 658.4000000000016
25.420000000000012 20.0 658.4000000000016
25.420000000000012 0.0 658.4000000000016
25.420000000000012 20.0 658.4000000000016
25.420000000000012 0.0 658.4000000000016
25.380000000000013 20.0 658.4000000000016
25.380000000000013 0.0 658.4000000000016
25.380000000000013 20.0 658.4000000000016
25.380000000000013 0.0 658.4000000000016
25.360000000000014 20.0 658.4000000000016
25.360000000000014 0.0 658.4000000000016
25.360000000000014 20.0 658.4000000000016
25.360000000000014 0.0 658.4000000000016
20.0 29.0 658.4000000000016
20.0 29.0 658.4000000000016
25.360000000000014 20.0 658.4000000000016
25.360000000000014 0.0 658.4000000000016
25.360000000000014 20.0 658.4000000000016
25.360000000000014 0.0 658.4000000000016
20.0 29.0 658.4000000000016
20.0 29.0 658.4000000000016
25.300000000000015 20.0 658.4000000000016
25.300000000000015 0.0 658.4000000000016
25.300000000000015 20.0 658.4000000000016
25.300000000000015 0.0 658.4000000000016
20.0 29.0 658.4000000000016
20.0 29.0 658.4000000000016
28.0 20.0 658.4000000000016
28.0 0.0 658.4000000000016
28.0 20.0 658.4000000000016
28.0 0.0 658.4000000000016
25.280000000000015 20.0 658.4000000000016
25.280000000000015 0.0 658.4000000000016
25.280000000000015 20.0 658.4000000000016
25.280000000000015 0.0 658.4000000000016
25.240000000000016 20.0 658.4000000000016
25.240000000000016 0.0 658.4000000000016
25.240000000000016 20.0 658.4000000000016
25.240000000000016 0.0 658.4000000000016
20.0 29.0 658.4000000000016
20.0 29.0 658.4000000000016
25.220000000000017 20.0 658.4000000000016
25.220000000000017 0.0 658.4000000000016
25.220000000000017 20.0 658.4000000000016
25.220000000000017 0.0 658.4000000000016
20.0 29.0 658.4000000000016
20.0 29.0 658.4000000000016
28.0 20.0 658.4000000000016
28.0 0.0 658.4000000000016
28.0 20.0 658.4000000000016
28.0 0.0 658.4000000000016
28.0 20.0 658.4000000000016
28.0 0.0 658.4000000000016
28.0 20.0 658.4000000000016
28.0 0.0 658.4000000000016
25.160000000000018 20.0 658.4000000000016
25.160000000000018 0.0 658.4000000000016
25.160000000000018 20.0 658.4000000000016
25.160000000000018 0.0 658.4000000000016
25.14000000000002 20.0 658.4000000000016
25.14000000000002 0.0 658.4000000000016
25.14000000000002 20.0 658.4000000000016
25.14000000000002 0.0 658.4000000000016
27.98 20.0 658.4000000000016
27.98 0.0 658.4000000000016
27.98 20.0 658.4000000000016
27.98 0.0 658.4000000000016
25.14000000000002 20.0 658.4000000000016
25.14000000000002 0.0 658.4000000000016
25.14000000000002 20.0 658.4000000000016
25.14000000000002 0.0 658.4000000000016
25.12000000000002 20.0 658.4000000000016
25.12000000000002 0.0 658.4000000000016
25.12000000000002 20.0 658.4000000000016
25.12000000000002 0.0 658.4000000000016
25.12000000000002 20.0 658.4000000000016
25.12000000000002 0.0 658.4000000000016
25.12000000000002 20.0 658.4000000000016
25.12000000000002 0.0 658.4000000000016
20.0 29.099999999999998 658.4000000000016
20.0 29.099999999999998 658.4000000000016
20.0 29.119999999999997 658.4000000000016
20.0 29.119999999999997 658.4000000000016
20.0 29.139999999999997 658.4000000000016
20.0 29.139999999999997 658.4000000000016
24.98000000000002 20.0 658.4000000000016
24.98000000000002 0.0 658.4000000000016
24.98000000000002 20.0 658.4000000000016
24.98000000000002 0.0 658.4000000000016
20.0 29.159999999999997 658.4000000000016
20.0 29.159999999999997 658.4000000000016
20.0 29.159999999999997 658.4000000000016
20.0 29.159999999999997 658.4000000000016
25.02000000000002 20.0 658.4000000000016
25.02000000000002 0.0 658.4000000000016
25.02000000000002 20.0 658.4000000000016
25.02000000000002 0.0 658.4000000000016
25.02000000000002 20.0 658.4000000000016
25.02000000000002 0.0 658.4000000000016
25.02000000000002 20.0 658.4000000000016
25.02000000000002 0.0 658.4000000000016
25.00000000000002 20.0 658.4000000000016
25.00000000000002 0.0 658.4000000000016
25.00000000000002 20.0 658.4000000000016
25.00000000000002 0.0 658.4000000000016
25.00000000000002 20.0 658.4000000000016
25.00000000000002 0.0 658.4000000000016
25.00000000000002 20.0 658.4000000000016
25.00000000000002 0.0 658.4000000000016
24.98000000000002 20.0 658.4000000000016
24.98000000000002 0.0 658.4000000000016
24.98000000000002 20.0 658.4000000000016
24.98000000000002 0.0 658.4000000000016
24.960000000000022 20.0 658.4000000000016
24.960000000000022 0.0 658.4000000000016
24.960000000000022 20.0 658.4000000000016
24.960000000000022 0.0 658.4000000000016
24.940000000000023 20.0 658.4000000000016
24.940000000000023 0.0 658.4000000000016
24.940000000000023 20.0 658.4000000000016
24.940000000000023 0.0 658.4000000000016
24.920000000000023 20.0 658.4000000000016
24.920000000000023 0.0 658.4000000000016
24.920000000000023 20.0 658.4000000000016
24.920000000000023 0.0 658.4000000000016
20.0 29.179999999999996 658.4000000000016
20.0 29.179999999999996 658.4000000000016
20.0 29.179999999999996 658.4000000000016
20.0 29.179999999999996 658.4000000000016
20.0 29.179999999999996 658.4000000000016
20.0 29.179999999999996 658.4000000000016
20.0 29.159999999999997 658.4000000000016
20.0 29.159999999999997 658.4000000000016
20.0 29.179999999999996 658.4000000000016
20.0 29.179999999999996 658.4000000000016
20.0 29.179999999999996 658.4000000000016
20.0 29.179999999999996 658.4000000000016
20.0 29.159999999999997 658.4000000000016
20.0 29.159999999999997 658.4000000000016
20.0 29.159999999999997 658.4000000000016
20.0 29.159999999999997 658.4000000000016
14.99 22.969999999999995 658.4000000000016
14.99 22.969999999999995 658.4000000000016
20.0 29.159999999999997 658.4000000000016
20.0 29.159999999999997 658.4000000000016
20.0 29.159999999999997 658.4000000000016
20.0 29.159999999999997 658.4000000000016
20.0 29.139999999999997 658.4000000000016
20.0 29.139999999999997 658.4000000000016
20.0 29.139999999999997 658.4000000000016
20.0 29.139999999999997 658.4000000000016
20.0 29.159999999999997 658.4000000000016
20.0 29.159999999999997 658.4000000000016
20.0 29.179999999999996 658.4000000000016
20.0 29.179999999999996 658.4000000000016
20.0 29.179999999999996 658.4000000000016
20.0 29.179999999999996 658.4000000000016
28.0 20.0 658.4000000000016
28.0 0.0 658.4000000000016
28.0 20.0 658.4000000000016
28.0 0.0 658.4000000000016
27.98 20.0 658.4000000000016
27.98 0.0 658.4000000000016
27.98 20.0 658.4000000000016
27.98 0.0 658.4000000000016
20.0 29.179999999999996 658.4000000000016
20.0 29.179999999999996 658.4000000000016
28.0 20.0 658.4000000000016
28.0 0.0 658.4000000000016
28.0 20.0 658.4000000000016
28.0 0.0 658.4000000000016
20.0 29.159999999999997 658.4000000000016
20.0 29.159999999999997 658.4000000000016
20.0 29.159999999999997 658.4000000000016
20.0 29.159999999999997 658.4000000000016
28.0 20.0 658.4000000000016
28.0 0.0 658.4000000000016
28.0 20.0 658.4000000000016
28.0 0.0 658.4000000000016
20.0 29.139999999999997 658.4000000000016
20.0 29.139999999999997 658.4000000000016
20.0 29.139999999999997 658.4000000000016
20.0 29.139999999999997 658.4000000000016
28.0 20.0 658.4000000000016
28.0 0.0 658.4000000000016
28.0 20.0 658.4000000000016
28.0 0.0 658.4000000000016
20.0 29.159999999999997 658.4000000000016
20.0 29.159999999999997 658.4000000000016
20.0 29.139999999999997 658.4000000000016
20.0 29.139999999999997 658.4000000000016
20.0 29.139999999999997 658.4000000000016
20.0 29.139999999999997 658.4000000000016
20.0 29.119999999999997 658.4000000000016
20.0 29.119999999999997 658.4000000000016
28.0 20.0 658.4000000000016
28.0 0.0 658.4000000000016
28.0 20.0 658.4000000000016
28.0 0.0 658.4000000000016
20.0 29.139999999999997 658.4000000000016
20.0 29.139999999999997 658.4000000000016
20.0 29.139999999999997 658.4000000000016
20.0 29.139999999999997 658.4000000000016
20.0 29.119999999999997 658.4000000000016
20.0 29.119999999999997 658.4000000000016
20.0 29.099999999999998 658.4000000000016
20.0 29.099999999999998 658.4000000000016
28.0 20.0 658.4000000000016
28.0 0.0 658.4000000000016
28.0 20.0 658.4000000000016
28.0 0.0 658.4000000000016
20.0 29.08 658.4000000000016
20.0 29.08 658.4000000000016
28.0 20.0 658.4000000000016
28.0 0.0 658.4000000000016
28.0 20.0 658.4000000000016
28.0 0.0 658.4000000000016
28.0 20.0 658.4000000000016
28.0 0.0 658.4000000000016
28.0 20.0 658.4000000000016
28.0 0.0 658.4000000000016
20.0 29.06 658.4000000000016
20.0 29.06 658.4000000000016
20.0 29.06 658.4000000000016
20.0 29.06 658.4000000000016
28.0 20.0 658.4000000000016
28.0 0.0 658.4000000000016
28.0 20.0 658.4000000000016
28.0 0.0 658.4000000000016
20.0 29.06 658.4000000000016
20.0 29.06 658.4000000000016
28.0 20.0 658.4000000000016
28.0 0.0 658.4000000000016
28.0 20.0 658.4000000000016
28.0 0.0 658.4000000000016
20.0 29.08 658.4000000000016
20.0 29.08 658.4000000000016
20.0 29.08 658.4000000000016
20.0 29.08 658.4000000000016
20.0 29.08 658.4000000000016
20.0 29.08 658.4000000000016
25.00000000000002 20.0 658.4000000000016
25.00000000000002 0.0 658.4000000000016
25.00000000000002 20.0 658.4000000000016
25.00000000000002 0.0 658.4000000000016
20.0 29.099999999999998 658.4000000000016
20.0 29.099999999999998 658.4000000000016
20.0 29.119999999999997 658.4000000000016
20.0 29.119999999999997 658.4000000000016
20.0 29.119999999999997 658.4000000000016
20.0 29.119999999999997 658.4000000000016
20.0 29.119999999999997 658.4000000000016
20.0 29.119999999999997 658.4000000000016
27.98 20.0 658.4000000000016
27.98 0.0 658.4000000000016
27.98 20.0 658.4000000000016
27.98 0.0 658.4000000000016
25.00000000000002 20.0 658.4000000000016
25.00000000000002 0.0 658.4000000000016
25.00000000000002 20.0 658.4000000000016
25.00000000000002 0.0 658.4000000000016
25.00000000000002 20.0 658.4000000000016
25.00000000000002 0.0 658.4000000000016
25.00000000000002 20.0 658.4000000000016
25.00000000000002 0.0 658.4000000000016
25.00000000000002 20.0 658.4000000000016
25.00000000000002 0.0 658.4000000000016
25.00000000000002 20.0 658.4000000000016
25.00000000000002 0.0 658.4000000000016
20.0 29.139999999999997 658.4000000000016
20.0 29.139999999999997 658.4000000000016
20.0 29.139999999999997 658.4000000000016
20.0 29.139999999999997 658.4000000000016
28.02 20.0 658.4000000000016
28.02 0.0 658.4000000000016
28.02 20.0 658.4000000000016
28.02 0.0 658.4000000000016
20.0 29.159999999999997 658.4000000000016
20.0 29.159999999999997 658.4000000000016
25.00000000000002 20.0 658.4000000000016
25.00000000000002 0.0 658.4000000000016
25.00000000000002 20.0 658.4000000000016
25.00000000000002 0.0 658.4000000000016
24.98000000000002 20.0 658.4000000000016
24.98000000000002 0.0 658.4000000000016
24.98000000000002 20.0 658.4000000000016
24.98000000000002 0.0 658.4000000000016
25.00000000000002 20.0 658.4000000000016
25.00000000000002 0.0 658.4000000000016
25.00000000000002 20.0 658.4000000000016
25.00000000000002 0.0 658.4000000000016
20.0 29.159999999999997 658.4000000000016
20.0 29.159999999999997 658.4000000000016
28.0 20.0 658.4000000000016
28.0 0.0 658.4000000000016
28.0 20.0 658.4000000000016
28.0 0.0 658.4000000000016
20.0 29.179999999999996 658.4000000000016
20.0 29.179999999999996 658.4000000000016
20.0 29.179999999999996 658.4000000000016
20.0 29.179999999999996 658.4000000000016
24.98000000000002 20.0 658.4000000000016
24.98000000000002 0.0 658.4000000000016
24.98000000000002 20.0 658.4000000000016
24.98000000000002 0.0 658.4000000000016
20.0 29.159999999999997 658.4000000000016
20.0 29.159999999999997 658.4000000000016
20.0 29.139999999999997 658.4000000000016
20.0 29.139999999999997 658.4000000000016
28.0 20.0 658.4000000000016
28.0 0.0 658.4000000000016
28.0 20.0 658.4000000000016
28.0 0.0 658.4000000000016
25.00000000000002 20.0 658.4000000000016
25.00000000000002 0.0 658.4000000000016
25.00000000000002 20.0 658.4000000000016
25.00000000000002 0.0 658.4000000000016
20.0 29.179999999999996 658.4000000000016
20.0 29.179999999999996 658.4000000000016
28.0 20.0 658.4000000000016
28.0 0.0 658.4000000000016
28.0 20.0 658.4000000000016
28.0 0.0 658.4000000000016
28.0 20.0 658.4000000000016
28.0 0.0 658.4000000000016
28.0 20.0 658.4000000000016
28.0 0.0 658.4000000000016
20.0 29.179999999999996 658.4000000000016
20.0 29.179999999999996 658.4000000000016
28.0 20.0 658.4000000000016
28.0 0.0 658.4000000000016
28.0 20.0 658.4000000000016
28.0 0.0 658.4000000000016
20.0 29.159999999999997 658.4000000000016
20.0 29.159999999999997 658.4000000000016
20.0 29.159999999999997 658.4000000000016
20.0 29.159999999999997 658.4000000000016
20.0 29.159999999999997 658.4000000000016
20.0 29.159999999999997 658.4000000000016
27.98 20.0 658.4000000000016
27.98 0.0 658.4000000000016
27.98 20.0 658.4000000000016
27.98 0.0 658.4000000000016
20.0 29.159999999999997 658.4000000000016
20.0 29.159999999999997 658.4000000000016
20.0 29.159999999999997 658.4000000000016
20.0 29.159999999999997 658.4000000000016
28.0 20.0 658.4000000000016
28.0 0.0 658.4000000000016
28.0 20.0 658.4000000000016
28.0 0.0 658.4000000000016
20.0 29.179999999999996 658.4000000000016
20.0 29.179999999999996 658.4000000000016
20.0 29.179999999999996 658.4000000000016
20.0 29.179999999999996 658.4000000000016
20.0 29.179999999999996 658.4000000000016
20.0 29.179999999999996 658.4000000000016
20.0 29.179999999999996 658.4000000000016
20.0 29.179999999999996 658.4000000000016
24.960000000000022 20.0 658.4000000000016
24.960000000000022 0.0 658.4000000000016
24.960000000000022 20.0 658.4000000000016
24.960000000000022 0.0 658.4000000000016
24.960000000000022 20.0 658.4000000000016
24.960000000000022 0.0 658.4000000000016
24.960000000000022 20.0 658.4000000000016
24.960000000000022 0.0 658.4000000000016
24.940000000000023 20.0 658.4000000000016
24.940000000000023 0.0 658.4000000000016
24.940000000000023 20.0 658.4000000000016
24.940000000000023 0.0 658.4000000000016
28.0 20.0 658.4000000000016
28.0 0.0 658.4000000000016
28.0 20.0 658.4000000000016
28.0 0.0 658.4000000000016
20.0 29.179999999999996 658.4000000000016
20.0 29.179999999999996 658.4000000000016
24.960000000000022 20.0 658.4000000000016
24.960000000000022 0.0 658.4000000000016
24.960000000000022 20.0 658.4000000000016
24.960000000000022 0.0 658.4000000000016
20.0 29.199999999999996 658.4000000000016
20.0 29.199999999999996 658.4000000000016
28.0 20.0 658.4000000000016
28.0 0.0 658.4000000000016
28.0 20.0 658.4000000000016
28.0 0.0 658.4000000000016
20.0 29.199999999999996 658.4000000000016
20.0 29.199999999999996 658.4000000000016
28.0 20.0 658.4000000000016
28.0 0.0 658.4000000000016
28.0 20.0 658.4000000000016
28.0 0.0 658.4000000000016
20.0 29.199999999999996 658.4000000000016
20.0 29.199999999999996 658.4000000000016
20.0 29.199999999999996 658.4000000000016
20.0 29.199999999999996 658.4000000000016
24.960000000000022 20.0 658.4000000000016
24.960000000000022 0.0 658.4000000000016
24.960000000000022 20.0 658.4000000000016
24.960000000000022 0.0 658.4000000000016
20.0 29.219999999999995 658.4000000000016
20.0 29.219999999999995 658.4000000000016
27.98 20.0 658.4000000000016
27.98 0.0 658.4000000000016
27.98 20.0 658.4000000000016
27.98 0.0 658.4000000000016
24.98000000000002 20.0 658.4000000000016
24.98000000000002 0.0 658.4000000000016
24.98000000000002 20.0 658.4000000000016
24.98000000000002 0.0 658.4000000000016
20.0 29.239999999999995 658.4000000000016
20.0 29.239999999999995 658.4000000000016
20.0 29.259999999999994 658.4000000000016
20.0 29.259999999999994 658.4000000000016
20.0 29.239999999999995 658.4000000000016
20.0 29.239999999999995 658.4000000000016
20.0 29.239999999999995 658.4000000000016
20.0 29.239999999999995 658.4000000000016
28.0 20.0 658.4000000000016
28.0 0.0 658.4000000000016
28.0 20.0 658.4000000000016
28.0 0.0 658.4000000000016
28.0 20.0 658.4000000000016
28.0 0.0 658.4000000000016
28.0 20.0 658.4000000000016
28.0 0.0 658.4000000000016
28.02 20.0 658.4000000000016
28.02 0.0 658.4000000000016
28.02 20.0 658.4000000000016
28.02 0.0 658.4000000000016
20.0 29.259999999999994 658.4000000000016
20.0 29.259999999999994 658.4000000000016
28.0 20.0 658.4000000000016
28.0 0.0 658.4000000000016
28.0 20.0 658.4000000000016
28.0 0.0 658.4000000000016
28.0 20.0 658.4000000000016
28.0 0.0 658.4000000000016
28.0 20.0 658.4000000000016
28.0 0.0 658.4000000000016
20.0 29.239999999999995 658.4000000000016
20.0 29.239999999999995 658.4000000000016
28.0 20.0 658.4000000000016
28.0 0.0 658.4000000000016
28.0 20.0 658.4000000000016
28.0 0.0 658.4000000000016
20.0 29.259999999999994 658.4000000000016
20.0 29.259999999999994 658.4000000000016
20.0 29.259999999999994 658.4000000000016
20.0 29.259999999999994 658.4000000000016
27.98 20.0 658.4000000000016
27.98 0.0 658.4000000000016
27.98 20.0 658.4000000000016
27.98 0.0 658.4000000000016
28.0 20.0 658.4000000000016
28.0 0.0 658.4000000000016
28.0 20.0 658.4000000000016
28.0 0.0 658.4000000000016
20.0 29.279999999999994 658.4000000000016
20.0 29.279999999999994 658.4000000000016
28.0 20.0 658.4000000000016
28.0 0.0 658.4000000000016
28.0 20.0 658.4000000000016
28.0 0.0 658.4000000000016
20.0 29.279999999999994 658.4000000000016
20.0 29.279999999999994 658.4000000000016
28.0 20.0 658.4000000000016
28.0 0.0 658.4000000000016
28.0 20.0 658.4000000000016
28.0 0.0 658.4000000000016
20.0 29.299999999999994 658.4000000000016
20.0 29.299999999999994 658.4000000000016
20.0 29.279999999999994 658.4000000000016
20.0 29.279999999999994 658.4000000000016
20.0 29.279999999999994 658.4000000000016
20.0 29.279999999999994 658.4000000000016
28.0 20.0 658.4000000000016
28.0 0.0 658.4000000000016
28.0 20.0 658.4000000000016
28.0 0.0 658.4000000000016
20.0 29.259999999999994 658.4000000000016
20.0 29.259999999999994 658.4000000000016
20.0 29.259999999999994 658.4000000000016
20.0 29.259999999999994 658.4000000000016
28.0 20.0 658.4000000000016
28.0 0.0 658.4000000000016
28.0 20.0 658.4000000000016
28.0 0.0 658.4000000000016
20.0 29.279999999999994 658.4000000000016
20.0 29.279999999999994 658.4000000000016
28.0 20.0 658.4000000000016
28.0 0.0 658.4000000000016
28.0 20.0 658.4000000000016
28.0 0.0 658.4000000000016
20.0 29.279999999999994 658.4000000000016
20.0 29.279999999999994 658.4000000000016
20.0 29.259999999999994 658.4000000000016
20.0 29.259999999999994 658.4000000000016
20.0 29.259999999999994 658.4000000000016
20.0 29.259999999999994 658.4000000000016
20.0 29.279999999999994 658.4000000000016
20.0 29.279999999999994 658.4000000000016
28.0 20.0 658.4000000000016
28.0 0.0 658.4000000000016
28.0 20.0 658.4000000000016
28.0 0.0 658.4000000000016
20.0 29.279999999999994 658.4000000000016
20.0 29.279999999999994 658.4000000000016
20.0 29.279999999999994 658.4000000000016
20.0 29.279999999999994 658.4000000000016
28.0 20.0 658.4000000000016
28.0 0.0 658.4000000000016
28.0 20.0 658.4000000000016
28.0 0.0 658.4000000000016
28.0 20.0 658.4000000000016
28.0 0.0 658.4000000000016
28.0 20.0 658.4000000000016
28.0 0.0 658.4000000000016
20.0 29.299999999999994 658.4000000000016
20.0 29.299999999999994 658.4000000000016
20.0 29.299999999999994 658.4000000000016
20.0 29.299999999999994 658.4000000000016
20.0 29.299999999999994 658.4000000000016
20.0 29.299999999999994 658.4000000000016
20.0 29.279999999999994 658.4000000000016
20.0 29.279999999999994 658.4000000000016
20.0 29.299999999999994 658.4000000000016
20.0 29.299999999999994 658.4000000000016
20.0 29.279999999999994 658.4000000000016
20.0 29.279999999999994 658.4000000000016
20.0 29.279999999999994 658.4000000000016
20.0 29.279999999999994 658.4000000000016
20.0 29.259999999999994 658.4000000000016
20.0 29.259999999999994 658.4000000000016
28.0 20.0 658.4000000000016
28.0 0.0 658.4000000000016
28.0 20.0 658.4000000000016
28.0 0.0 658.4000000000016
20.0 29.259999999999994 658.4000000000016
20.0 29.259999999999994 658.4000000000016
20.0 29.279999999999994 658.4000000000016
20.0 29.279999999999994 658.4000000000016
28.0 20.0 658.4000000000016
28.0 0.0 658.4000000000016
28.0 20.0 658.4000000000016
28.0 0.0 658.4000000000016
28.0 20.0 658.4000000000016
28.0 0.0 658.4000000000016
28.0 20.0 658.4000000000016
28.0 0.0 658.4000000000016
20.0 29.299999999999994 658.4000000000016
20.0 29.299999999999994 658.4000000000016
28.0 20.0 658.4000000000016
28.0 0.0 658.4000000000016
28.0 20.0 658.4000000000016
28.0 0.0 658.4000000000016
20.0 29.299999999999994 658.4000000000016
20.0 29.299999999999994 658.4000000000016
20.0 29.279999999999994 658.4000000000016
20.0 29.279999999999994 658.4000000000016
28.0 20.0 658.4000000000016
28.0 0.0 658.4000000000016
28.0 20.0 658.4000000000016
28.0 0.0 658.4000000000016
20.0 29.299999999999994 658.4000000000016
20.0 29.299999999999994 658.4000000000016
28.0 20.0 658.4000000000016
28.0 0.0 658.4000000000016
28.0 20.0 658.4000000000016
28.0 0.0 658.4000000000016
20.0 29.319999999999993 658.4000000000016
20.0 29.319999999999993 658.4000000000016
25.00000000000002 20.0 658.4000000000016
25.00000000000002 0.0 658.4000000000016
25.00000000000002 20.0 658.4000000000016
25.00000000000002 0.0 658.4000000000016
28.0 20.0 658.4000000000016
28.0 0.0 658.4000000000016
28.0 20.0 658.4000000000016
28.0 0.0 658.4000000000016
20.0 29.319999999999993 658.4000000000016
20.0 29.319999999999993 658.4000000000016
20.0 29.339999999999993 658.4000000000016
20.0 29.339999999999993 658.4000000000016
25.00000000000002 20.0 658.4000000000016
25.00000000000002 0.0 658.4000000000016
25.00000000000002 20.0 658.4000000000016
25.00000000000002 0.0 658.4000000000016
20.0 29.339999999999993 658.4000000000016
20.0 29.339999999999993 658.4000000000016
25.00000000000002 20.0 658.4000000000016
25.00000000000002 0.0 658.4000000000016
25.00000000000002 20.0 658.4000000000016
25.00000000000002 0.0 658.4000000000016
25.00000000000002 20.0 658.4000000000016
25.00000000000002 0.0 658.4000000000016
25.00000000000002 20.0 658.4000000000016
25.00000000000002 0.0 658.4000000000016
20.0 29.339999999999993 658.4000000000016
20.0 29.339999999999993 658.4000000000016
20.0 29.339999999999993 658.4000000000016
20.0 29.339999999999993 658.4000000000016
20.0 29.339999999999993 658.4000000000016
20.0 29.339999999999993 658.4000000000016
20.0 29.319999999999993 658.4000000000016
20.0 29.319999999999993 658.4000000000016
20.0 29.339999999999993 658.4000000000016
20.0 29.339999999999993 658.4000000000016
20.0 29.339999999999993 658.4000000000016
20.0 29.339999999999993 658.4000000000016
25.00000000000002 20.0 658.4000000000016
25.00000000000002 0.0 658.4000000000016
25.00000000000002 20.0 658.4000000000016
25.00000000000002 0.0 658.4000000000016
25.00000000000002 20.0 658.4000000000016
25.00000000000002 0.0 658.4000000000016
25.00000000000002 20.0 658.4000000000016
25.00000000000002 0.0 658.4000000000016
20.0 29.339999999999993 658.4000000000016
20.0 29.339999999999993 658.4000000000016
20.0 29.319999999999993 658.4000000000016
20.0 29.319999999999993 658.4000000000016
20.0 29.299999999999994 658.4000000000016
20.0 29.299999999999994 658.4000000000016
28.0 20.0 658.4000000000016
28.0 0.0 658.4000000000016
28.0 20.0 658.4000000000016
28.0 0.0 658.4000000000016
20.0 29.279999999999994 658.4000000000016
20.0 29.279999999999994 658.4000000000016
27.98 20.0 658.4000000000016
27.98 0.0 658.4000000000016
27.98 20.0 658.4000000000016
27.98 0.0 658.4000000000016
20.0 29.279999999999994 658.4000000000016
20.0 29.279999999999994 658.4000000000016
27.98 20.0 658.4000000000016
27.98 0.0 658.4000000000016
27.98 20.0 658.4000000000016
27.98 0.0 658.4000000000016
20.0 29.299999999999994 658.4000000000016
20.0 29.299999999999994 658.4000000000016
27.98 20.0 658.4000000000016
27.98 0.0 658.4000000000016
27.98 20.0 658.4000000000016
27.98 0.0 658.4000000000016
20.0 29.279999999999994 658.4000000000016
20.0 29.279999999999994 658.4000000000016
27.98 20.0 658.4000000000016
27.98 0.0 658.4000000000016
27.98 20.0 658.4000000000016
27.98 0.0 658.4000000000016
27.98 20.0 658.4000000000016
27.98 0.0 658.4000000000016
27.98 20.0 658.4000000000016
27.98 0.0 658.4000000000016
20.0 29.319999999999993 658.4000000000016
20.0 29.319999999999993 658.4000000000016
27.96 20.0 658.4000000000016
27.96 0.0 658.4000000000016
27.96 20.0 658.4000000000016
27.96 0.0 658.4000000000016
20.0 29.339999999999993 658.4000000000016
20.0 29.339999999999993 658.4000000000016
20.0 29.359999999999992 658.4000000000016
20.0 29.359999999999992 658.4000000000016
28.0 20.0 658.4000000000016
28.0 0.0 658.4000000000016
28.0 20.0 658.4000000000016
28.0 0.0 658.4000000000016
20.0 29.379999999999992 658.4000000000016
20.0 29.379999999999992 658.4000000000016
20.0 29.379999999999992 658.4000000000016
20.0 29.379999999999992 658.4000000000016
28.0 20.0 658.4000000000016
28.0 0.0 658.4000000000016
28.0 20.0 658.4000000000016
28.0 0.0 658.4000000000016
20.0 29.379999999999992 658.4000000000016
20.0 29.379999999999992 658.4000000000016
28.0 20.0 658.4000000000016
28.0 0.0 658.4000000000016
28.0 20.0 658.4000000000016
28.0 0.0 658.4000000000016
28.02 20.0 658.4000000000016
28.02 0.0 658.4000000000016
28.02 20.0 658.4000000000016
28.02 0.0 658.4000000000016
28.02 20.0 658.4000000000016
28.02 0.0 658.4000000000016
28.02 20.0 658.4000000000016
28.02 0.0 658.4000000000016
28.0 20.0 658.4000000000016
28.0 0.0 658.4000000000016
28.0 20.0 658.4000000000016
28.0 0.0 658.4000000000016
27.98 20.0 658.4000000000016
27.98 0.0 658.4000000000016
27.98 20.0 658.4000000000016
27.98 0.0 658.4000000000016
20.0 29.359999999999992 658.4000000000016
20.0 29.359999999999992 658.4000000000016
20.0 29.359999999999992 658.4000000000016
20.0 29.359999999999992 658.4000000000016
20.0 29.359999999999992 658.4000000000016
20.0 29.359999999999992 658.4000000000016
20.0 29.379999999999992 658.4000000000016
20.0 29.379999999999992 658.4000000000016
27.96 20.0 658.4000000000016
27.96 0.0 658.4000000000016
27.96 20.0 658.4000000000016
27.96 0.0 658.4000000000016
24.960000000000022 20.0 658.4000000000016
24.960000000000022 0.0 658.4000000000016
24.960000000000022 20.0 658.4000000000016
24.960000000000022 0.0 658.4000000000016
27.98 20.0 658.4000000000016
27.98 0.0 658.4000000000016
27.98 20.0 658.4000000000016
27.98 0.0 658.4000000000016
24.940000000000023 20.0 658.4000000000016
24.940000000000023 0.0 658.4000000000016
24.940000000000023 20.0 658.4000000000016
24.940000000000023 0.0 658.4000000000016
24.940000000000023 20.0 658.4000000000016
24.940000000000023 0.0 658.4000000000016
24.940000000000023 20.0 658.4000000000016
24.940000000000023 0.0 658.4000000000016
28.0 20.0 658.4000000000016
28.0 0.0 658.4000000000016
28.0 20.0 658.4000000000016
28.0 0.0 658.4000000000016
28.0 20.0 658.4000000000016
28.0 0.0 658.4000000000016
28.0 20.0 658.4000000000016
28.0 0.0 658.4000000000016
24.940000000000023 20.0 658.4000000000016
24.940000000000023 0.0 658.4000000000016
24.940000000000023 20.0 658.4000000000016
24.940000000000023 0.0 658.4000000000016
24.960000000000022 20.0 658.4000000000016
24.960000000000022 0.0 658.4000000000016
24.960000000000022 20.0 658.4000000000016
24.960000000000022 0.0 658.4000000000016
20.0 29.39999999999999 658.4000000000016
20.0 29.39999999999999 658.4000000000016
20.0 29.41999999999999 658.4000000000016
20.0 29.41999999999999 658.4000000000016
27.98 20.0 658.4000000000016
27.98 0.0 658.4000000000016
27.98 20.0 658.4000000000016
27.98 0.0 658.4000000000016
20.0 29.41999999999999 658.4000000000016
20.0 29.41999999999999 658.4000000000016
27.98 20.0 658.4000000000016
27.98 0.0 658.4000000000016
27.98 20.0 658.4000000000016
27.98 0.0 658.4000000000016
24.960000000000022 20.0 658.4000000000016
24.960000000000022 0.0 658.4000000000016
24.960000000000022 20.0 658.4000000000016
24.960000000000022 0.0 658.4000000000016
27.98 20.0 658.4000000000016
27.98 0.0 658.4000000000016
27.98 20.0 658.4000000000016
27.98 0.0 658.4000000000016
27.98 20.0 658.4000000000016
27.98 0.0 658.4000000000016
27.98 20.0 658.4000000000016
27.98 0.0 658.4000000000016
27.96 20.0 658.4000000000016
27.96 0.0 658.4000000000016
27.96 20.0 658.4000000000016
27.96 0.0 658.4000000000016
20.0 29.41999999999999 658.4000000000016
20.0 29.41999999999999 658.4000000000016
20.0 29.43999999999999 658.4000000000016
20.0 29.43999999999999 658.4000000000016
27.96 20.0 658.4000000000016
27.96 0.0 658.4000000000016
27.96 20.0 658.4000000000016
27.96 0.0 658.4000000000016
27.96 20.0 658.4000000000016
27.96 0.0 658.4000000000016
27.96 20.0 658.4000000000016
27.96 0.0 658.4000000000016
27.98 20.0 658.4000000000016
27.98 0.0 658.4000000000016
27.98 20.0 658.4000000000016
27.98 0.0 658.4000000000016
20.0 29.41999999999999 658.4000000000016
20.0 29.41999999999999 658.4000000000016
20.0 29.41999999999999 658.4000000000016
20.0 29.41999999999999 658.4000000000016
20.0 29.43999999999999 658.4000000000016
20.0 29.43999999999999 658.4000000000016
20.0 29.43999999999999 658.4000000000016
20.0 29.43999999999999 658.4000000000016
20.0 29.45999999999999 658.4000000000016
20.0 29.45999999999999 658.4000000000016
20.0 29.43999999999999 658.4000000000016
20.0 29.43999999999999 658.4000000000016
20.0 29.45999999999999 658.4000000000016
20.0 29.45999999999999 658.4000000000016
20.0 29.45999999999999 658.4000000000016
20.0 29.45999999999999 658.4000000000016
20.0 29.719999999999985 658.4000000000016
20.0 29.719999999999985 658.4000000000016
20.0 29.759999999999984 658.4000000000016
20.0 29.759999999999984 658.4000000000016
20.0 29.759999999999984 658.4000000000016
20.0 29.759999999999984 658.4000000000016
20.0 29.779999999999983 658.4000000000016
20.0 29.779999999999983 658.4000000000016
20.0 29.799999999999983 658.4000000000016
20.0 29.799999999999983 658.4000000000016
20.0 29.799999999999983 658.4000000000016
20.0 29.799999999999983 658.4000000000016
20.0 29.799999999999983 658.4000000000016
20.0 29.799999999999983 658.4000000000016
20.0 29.839999999999982 658.4000000000016
20.0 29.839999999999982 658.4000000000016
20.0 29.819999999999983 658.4000000000016
20.0 29.819999999999983 658.4000000000016
20.0 29.819999999999983 658.4000000000016
20.0 29.819999999999983 658.4000000000016
20.0 29.819999999999983 658.4000000000016
20.0 29.819999999999983 658.4000000000016
20.0 29.819999999999983 658.4000000000016
20.0 29.819999999999983 658.4000000000016
20.0 29.819999999999983 658.4000000000016
20.0 29.819999999999983 658.4000000000016
20.0 29.839999999999982 658.4000000000016
20.0 29.839999999999982 658.4000000000016
20.0 29.839999999999982 658.4000000000016
20.0 29.839999999999982 658.4000000000016
20.0 29.839999999999982 658.4000000000016
20.0 29.839999999999982 658.4000000000016
20.0 29.839999999999982 658.4000000000016
20.0 29.839999999999982 658.4000000000016
20.0 29.839999999999982 658.4000000000016
20.0 29.839999999999982 658.4000000000016
20.0 29.799999999999983 658.4000000000016
20.0 29.799999999999983 658.4000000000016
20.0 29.839999999999982 658.4000000000016
20.0 29.839999999999982 658.4000000000016
20.0 29.819999999999983 658.4000000000016
20.0 29.819999999999983 658.4000000000016
20.0 29.85999999999998 658.4000000000016
20.0 29.85999999999998 658.4000000000016
20.0 29.85999999999998 658.4000000000016
20.0 29.85999999999998 658.4000000000016
20.0 29.89999999999998 658.4000000000016
20.0 29.89999999999998 658.4000000000016
20.0 29.89999999999998 658.4000000000016
20.0 29.89999999999998 658.4000000000016
20.0 29.89999999999998 658.4000000000016
20.0 29.89999999999998 658.4000000000016
20.0 29.87999999999998 658.4000000000016
20.0 29.87999999999998 658.4000000000016
20.0 29.839999999999982 658.4000000000016
20.0 29.839999999999982 658.4000000000016
20.0 29.839999999999982 658.4000000000016
20.0 29.839999999999982 658.4000000000016
20.0 29.839999999999982 658.4000000000016
20.0 29.839999999999982 658.4000000000016
20.0 29.839999999999982 658.4000000000016
20.0 29.839999999999982 658.4000000000016
20.0 29.839999999999982 658.4000000000016
20.0 29.839999999999982 658.4000000000016
20.0 29.839999999999982 658.4000000000016
20.0 29.839999999999982 658.4000000000016
20.0 29.819999999999983 658.4000000000016
20.0 29.819999999999983 658.4000000000016
20.0 29.799999999999983 658.4000000000016
20.0 29.799999999999983 658.4000000000016
20.0 29.819999999999983 658.4000000000016
20.0 29.819999999999983 658.4000000000016
20.0 29.819999999999983 658.4000000000016
20.0 29.819999999999983 658.4000000000016
20.0 29.839999999999982 658.4000000000016
20.0 29.839999999999982 658.4000000000016
20.0 29.87999999999998 658.4000000000016
20.0 29.87999999999998 658.4000000000016
20.0 29.89999999999998 658.4000000000016
20.0 29.89999999999998 658.4000000000016
20.0 29.93999999999998 658.4000000000016
20.0 29.93999999999998 658.4000000000016
20.0 29.95999999999998 658.4000000000016
20.0 29.95999999999998 658.4000000000016
28.0 20.0 658.4000000000016
28.0 0.0 658.4000000000016
28.0 20.0 658.4000000000016
28.0 0.0 658.4000000000016
28.0 20.0 658.4000000000016
28.0 0.0 658.4000000000016
28.0 20.0 658.4000000000016
28.0 0.0 658.4000000000016
14.99999999999971 16.05999999999954 658.4000000000016
18.98999999999953 7.7900000000000045 658.4000000000016
15.0 2.9800000000000004 658.4000000000016
7.99 0.9100000000000006 658.4000000000016
4.800000000000026 0.9800000000000006 658.4000000000016
1.05 13.009999999999957 658.4000000000016
9.0 7.039999999999914 658.4000000000016
17.019999999999754 0.8000000000001553 658.4000000000016
16.019999999999534 7.02 658.4000000000016
7.010000000000021 3.9899999999999576 658.4000000000016
9.99 12.01 658.4000000000016
8.95999999999998 17.999999999999375 658.4000000000016
11.98 5.019999999999978 658.4000000000016
4.020000000000042 18.879999999999825 658.4000000000016
17.949999999999523 4.0099999999999785 658.4000000000016
12.009999999999957 15.409999999999545 658.4000000000016
17.149999999999782 18.329999999999895 658.4000000000016
0.9600000000001554 6.020000000000021 658.4000000000016
15.919999999999222 12.999999999999957 658.4000000000016
12.99 9.309999999999993 658.4000000000016
1.7400000000000424 16.13999999999998 658.4000000000016
17.999999999999687 10.079999999999977 658.4000000000016
9.99 2.010000000000156 658.4000000000016
7.029999999999935 9.97 658.4000000000016
1.0200000000000007 10.019999999999978 658.4000000000016
18.009999999999994 15.769999999999538 658.4000000000016
12.99 18.98999999999953 658.4000000000016
7.020000000000021 15.079999999999396 658.4000000000016
12.190000000000017 0.9899999999999989 658.4000000000016
1.0 2.020000000000021 658.4000000000016
3.9800000000000004 4.0 658.4000000000016
3.9999999999999787 12.89999999999996 658.4000000000016
4.019999999999957 8.0 658.4000000000016
-10 12 658.4000000000016
-10 12 658.4000000000016
-7 9 658.4000000000016
-7 9 658.4000000000016
-10 -8 658.4000000000016
-10 -8 658.4000000000016
-7 -11 658.4000000000016
-7 -11 658.4000000000016
-8 -16 658.4000000000016
-8 -16 658.4000000000016
0.0 -11.0 658.4000000000016
0.0 -11.0 658.4000000000016
0.0 -11.0 658.4000000000016
0.0 -11.0 658.4000000000016
0.0 -11.0 658.4000000000016
0.0 -11.0 658.4000000000016
0.0 -11.0 658.4000000000016
0.0 -11.0 658.4000000000016
0.0 -11.0 658.4000000000016
0.0 -11.0 658.4000000000016
0.0 -11.0 658.4000000000016
0.0 -11.0 658.4000000000016
0.0 -11.0 658.4000000000016
0.0 -11.0 658.4000000000016
0.0 -11.02 658.4000000000016
0.0 -11.02 658.4000000000016
0.0 -11.0 658.4000000000016
0.0 -11.0 658.4000000000016
0.0 -10.98 658.4000000000016
0.0 -10.98 658.4000000000016
0.0 -10.96 658.4000000000016
0.0 -10.96 658.4000000000016
0.0 -10.96 658.4000000000016
0.0 -10.96 658.4000000000016
0.0 -10.96 658.4000000000016
0.0 -10.96 658.4000000000016
0.0 -10.96 658.4000000000016
0.0 -10.96 658.4000000000016
0.0 -10.98 658.4000000000016
0.0 -10.98 658.4000000000016
0.0 -11.0 658.4000000000016
0.0 -11.0 658.4000000000016
0.0 -11.0 658.4000000000016
0.0 -11.0 658.4000000000016
0.0 -11.0 658.4000000000016
0.0 -11.0 658.4000000000016
0.0 -11.0 658.4000000000016
0.0 -11.0 658.4000000000016
0.0 -11.0 658.4000000000016
0.0 -11.0 658.4000000000016
0.0 -11.0 658.4000000000016
0.0 -11.0 658.4000000000016
0.0 -10.900000000000002 658.4000000000016
0.0 -10.900000000000002 658.4000000000016
0.0 -10.880000000000003 658.4000000000016
0.0 -10.880000000000003 658.4000000000016
0.0 -10.860000000000003 658.4000000000016
0.0 -10.860000000000003 658.4000000000016
0.0 -10.840000000000003 658.4000000000016
0.0 -10.840000000000003 658.4000000000016
0.0 -10.840000000000003 658.4000000000016
0.0 -10.840000000000003 658.4000000000016
0.0 -10.820000000000004 658.4000000000016
0.0 -10.820000000000004 658.4000000000016
0.0 -10.820000000000004 658.4000000000016
0.0 -10.820000000000004 658.4000000000016
0.0 -10.820000000000004 658.4000000000016
0.0 -10.820000000000004 658.4000000000016
0.0 -10.840000000000003 658.4000000000016
0.0 -10.840000000000003 658.4000000000016
0.0 -10.820000000000004 658.4000000000016
0.0 -10.820000000000004 658.4000000000016
0.0 -10.820000000000004 658.4000000000016
0.0 -10.820000000000004 658.4000000000016
0.0 -10.840000000000003 658.4000000000016
0.0 -10.840000000000003 658.4000000000016
0.0 -10.840000000000003 658.4000000000016
0.0 -10.840000000000003 658.4000000000016
-5.01 -17.030000000000005 658.4000000000016
-5.01 -17.030000000000005 658.4000000000016
0.0 -10.840000000000003 658.4000000000016
0.0 -10.840000000000003 658.4000000000016
0.0 -10.840000000000003 658.4000000000016
0.0 -10.840000000000003 658.4000000000016
0.0 -10.860000000000003 658.4000000000016
0.0 -10.860000000000003 658.4000000000016
0.0 -10.860000000000003 658.4000000000016
0.0 -10.860000000000003 658.4000000000016
0.0 -10.840000000000003 658.4000000000016
0.0 -10.840000000000003 658.4000000000016
0.0 -10.820000000000004 658.4000000000016
0.0 -10.820000000000004 658.4000000000016
0.0 -10.820000000000004 658.4000000000016
0.0 -10.820000000000004 658.4000000000016
0.0 -10.820000000000004 658.4000000000016
0.0 -10.820000000000004 658.4000000000016
0.0 -10.840000000000003 658.4000000000016
0.0 -10.840000000000003 658.4000000000016
0.0 -10.840000000000003 658.4000000000016
0.0 -10.840000000000003 658.4000000000016
0.0 -10.860000000000003 658.4000000000016
0.0 -10.860000000000003 658.4000000000016
0.0 -10.860000000000003 658.4000000000016
0.0 -10.860000000000003 658.4000000000016
0.0 -10.840000000000003 658.4000000000016
0.0 -10.840000000000003 658.4000000000016
0.0 -10.860000000000003 658.4000000000016
0.0 -10.860000000000003 658.4000000000016
0.0 -10.860000000000003 658.4000000000016
0.0 -10.860000000000003 658.4000000000016
0.0 -10.880000000000003 658.4000000000016
0.0 -10.880000000000003 658.4000000000016
0.0 -10.860000000000003 658.4000000000016
0.0 -10.860000000000003 658.4000000000016
0.0 -10.860000000000003 658.4000000000016
0.0 -10.860000000000003 658.4000000000016
0.0 -10.880000000000003 658.4000000000016
0.0 -10.880000000000003 658.4000000000016
0.0 -10.900000000000002 658.4000000000016
0.0 -10.900000000000002 658.4000000000016
0.0 -10.920000000000002 658.4000000000016
0.0 -10.920000000000002 658.4000000000016
0.0 -10.940000000000001 658.4000000000016
0.0 -10.940000000000001 658.4000000000016
0.0 -10.940000000000001 658.4000000000016
0.0 -10.940000000000001 658.4000000000016
0.0 -10.940000000000001 658.4000000000016
0.0 -10.940000000000001 658.4000000000016
0.0 -10.920000000000002 658.4000000000016
0.0 -10.920000000000002 658.4000000000016
0.0 -10.920000000000002 658.4000000000016
0.0 -10.920000000000002 658.4000000000016
0.0 -10.920000000000002 658.4000000000016
0.0 -10.920000000000002 658.4000000000016
0.0 -10.900000000000002 658.4000000000016
0.0 -10.900000000000002 658.4000000000016
0.0 -10.880000000000003 658.4000000000016
0.0 -10.880000000000003 658.4000000000016
0.0 -10.880000000000003 658.4000000000016
0.0 -10.880000000000003 658.4000000000016
0.0 -10.880000000000003 658.4000000000016
0.0 -10.880000000000003 658.4000000000016
0.0 -10.860000000000003 658.4000000000016
0.0 -10.860000000000003 658.4000000000016
0.0 -10.860000000000003 658.4000000000016
0.0 -10.860000000000003 658.4000000000016
0.0 -10.840000000000003 658.4000000000016
0.0 -10.840000000000003 658.4000000000016
0.0 -10.840000000000003 658.4000000000016
0.0 -10.840000000000003 658.4000000000016
0.0 -10.820000000000004 658.4000000000016
0.0 -10.820000000000004 658.4000000000016
0.0 -10.820000000000004 658.4000000000016
0.0 -10.820000000000004 658.4000000000016
0.0 -10.840000000000003 658.4000000000016
0.0 -10.840000000000003 658.4000000000016
0.0 -10.860000000000003 658.4000000000016
0.0 -10.860000000000003 658.4000000000016
0.0 -10.820000000000004 658.4000000000016
0.0 -10.820000000000004 658.4000000000016
0.0 -10.820000000000004 658.4000000000016
0.0 -10.820000000000004 658.4000000000016
0.0 -10.840000000000003 658.4000000000016
0.0 -10.840000000000003 658.4000000000016
0.0 -10.840000000000003 658.4000000000016
0.0 -10.840000000000003 658.4000000000016
0.0 -10.840000000000003 658.4000000000016
0.0 -10.840000000000003 658.4000000000016
0.0 -10.840000000000003 658.4000000000016
0.0 -10.840000000000003 658.4000000000016
0.0 -10.840000000000003 658.4000000000016
0.0 -10.840000000000003 658.4000000000016
0.0 -10.820000000000004 658.4000000000016
0.0 -10.820000000000004 658.4000000000016
0.0 -10.820000000000004 658.4000000000016
0.0 -10.820000000000004 658.4000000000016
0.0 -10.820000000000004 658.4000000000016
0.0 -10.820000000000004 658.4000000000016
0.0 -10.820000000000004 658.4000000000016
0.0 -10.820000000000004 658.4000000000016
0.0 -10.820000000000004 658.4000000000016
0.0 -10.820000000000004 658.4000000000016
0.0 -10.800000000000004 658.4000000000016
0.0 -10.800000000000004 658.4000000000016
0.0 -10.800000000000004 658.4000000000016
0.0 -10.800000000000004 658.4000000000016
0.0 -10.800000000000004 658.4000000000016
0.0 -10.800000000000004 658.4000000000016
0.0 -10.800000000000004 658.4000000000016
0.0 -10.800000000000004 658.4000000000016
0.0 -10.780000000000005 658.4000000000016
0.0 -10.780000000000005 658.4000000000016
0.0 -10.760000000000005 658.4000000000016
0.0 -10.760000000000005 658.4000000000016
0.0 -10.740000000000006 658.4000000000016
0.0 -10.740000000000006 658.4000000000016
0.0 -10.760000000000005 658.4000000000016
0.0 -10.760000000000005 658.4000000000016
0.0 -10.760000000000005 658.4000000000016
0.0 -10.760000000000005 658.4000000000016
0.0 -10.740000000000006 658.4000000000016
0.0 -10.740000000000006 658.4000000000016
0.0 -10.760000000000005 658.4000000000016
0.0 -10.760000000000005 658.4000000000016
0.0 -10.740000000000006 658.4000000000016
0.0 -10.740000000000006 658.4000000000016
0.0 -10.740000000000006 658.4000000000016
0.0 -10.740000000000006 658.4000000000016
0.0 -10.720000000000006 658.4000000000016
0.0 -10.720000000000006 658.4000000000016
0.0 -10.720000000000006 658.4000000000016
0.0 -10.720000000000006 658.4000000000016
0.0 -10.700000000000006 658.4000000000016
0.0 -10.700000000000006 658.4000000000016
0.0 -10.720000000000006 658.4000000000016
0.0 -10.720000000000006 658.4000000000016
0.0 -10.720000000000006 658.4000000000016
0.0 -10.720000000000006 658.4000000000016
0.0 -10.740000000000006 658.4000000000016
0.0 -10.740000000000006 658.4000000000016
0.0 -10.740000000000006 658.4000000000016
0.0 -10.740000000000006 658.4000000000016
0.0 -10.720000000000006 658.4000000000016
0.0 -10.720000000000006 658.4000000000016
0.0 -10.720000000000006 658.4000000000016
0.0 -10.720000000000006 658.4000000000016
0.0 -10.740000000000006 658.4000000000016
0.0 -10.740000000000006 658.4000000000016
0.0 -10.740000000000006 658.4000000000016
0.0 -10.740000000000006 658.4000000000016
0.0 -10.720000000000006 658.4000000000016
0.0 -10.720000000000006 658.4000000000016
0.0 -10.720000000000006 658.4000000000016
0.0 -10.720000000000006 658.4000000000016
0.0 -10.720000000000006 658.4000000000016
0.0 -10.720000000000006 658.4000000000016
0.0 -10.700000000000006 658.4000000000016
0.0 -10.700000000000006 658.4000000000016
0.0 -10.700000000000006 658.4000000000016
0.0 -10.700000000000006 658.4000000000016
0.0 -10.700000000000006 658.4000000000016
0.0 -10.700000000000006 658.4000000000016
0.0 -10.720000000000006 658.4000000000016
0.0 -10.720000000000006 658.4000000000016
0.0 -10.700000000000006 658.4000000000016
0.0 -10.700000000000006 658.4000000000016
0.0 -10.720000000000006 658.4000000000016
0.0 -10.720000000000006 658.4000000000016
0.0 -10.720000000000006 658.4000000000016
0.0 -10.720000000000006 658.4000000000016
0.0 -10.740000000000006 658.4000000000016
0.0 -10.740000000000006 658.4000000000016
0.0 -10.740000000000006 658.4000000000016
0.0 -10.740000000000006 658.4000000000016
0.0 -10.720000000000006 658.4000000000016
0.0 -10.720000000000006 658.4000000000016
0.0 -10.700000000000006 658.4000000000016
0.0 -10.700000000000006 658.4000000000016
0.0 -10.700000000000006 658.4000000000016
0.0 -10.700000000000006 658.4000000000016
0.0 -10.720000000000006 658.4000000000016
0.0 -10.720000000000006 658.4000000000016
0.0 -10.700000000000006 658.4000000000016
0.0 -10.700000000000006 658.4000000000016
0.0 -10.680000000000007 658.4000000000016
0.0 -10.680000000000007 658.4000000000016
0.0 -10.680000000000007 658.4000000000016
0.0 -10.680000000000007 658.4000000000016
0.0 -10.660000000000007 658.4000000000016
0.0 -10.660000000000007 658.4000000000016
0.0 -10.660000000000007 658.4000000000016
0.0 -10.660000000000007 658.4000000000016
0.0 -10.660000000000007 658.4000000000016
0.0 -10.660000000000007 658.4000000000016
0.0 -10.660000000000007 658.4000000000016
0.0 -10.660000000000007 658.4000000000016
0.0 -10.660000000000007 658.4000000000016
0.0 -10.660000000000007 658.4000000000016
0.0 -10.680000000000007 658.4000000000016
0.0 -10.680000000000007 658.4000000000016
0.0 -10.660000000000007 658.4000000000016
0.0 -10.660000000000007 658.4000000000016
0.0 -10.660000000000007 658.4000000000016
0.0 -10.660000000000007 658.4000000000016
0.0 -10.660000000000007 658.4000000000016
0.0 -10.660000000000007 658.4000000000016
0.0 -10.680000000000007 658.4000000000016
0.0 -10.680000000000007 658.4000000000016
0.0 -10.700000000000006 658.4000000000016
0.0 -10.700000000000006 658.4000000000016
0.0 -10.720000000000006 658.4000000000016
0.0 -10.720000000000006 658.4000000000016
0.0 -10.720000000000006 658.4000000000016
0.0 -10.720000000000006 658.4000000000016
0.0 -10.700000000000006 658.4000000000016
0.0 -10.700000000000006 658.4000000000016
0.0 -10.720000000000006 658.4000000000016
0.0 -10.720000000000006 658.4000000000016
0.0 -10.680000000000007 658.4000000000016
0.0 -10.680000000000007 658.4000000000016
0.0 -10.660000000000007 658.4000000000016
0.0 -10.660000000000007 658.4000000000016
0.0 -10.640000000000008 658.4000000000016
0.0 -10.640000000000008 658.4000000000016
0.0 -10.620000000000008 658.4000000000016
0.0 -10.620000000000008 658.4000000000016
0.0 -10.620000000000008 658.4000000000016
0.0 -10.620000000000008 658.4000000000016
0.0 -10.620000000000008 658.4000000000016
0.0 -10.620000000000008 658.4000000000016
0.0 -10.640000000000008 658.4000000000016
0.0 -10.640000000000008 658.4000000000016
0.0 -10.640000000000008 658.4000000000016
0.0 -10.640000000000008 658.4000000000016
0.0 -10.640000000000008 658.4000000000016
0.0 -10.640000000000008 658.4000000000016
0.0 -10.620000000000008 658.4000000000016
0.0 -10.620000000000008 658.4000000000016
0.0 -10.600000000000009 658.4000000000016
0.0 -10.600000000000009 658.4000000000016
0.0 -10.580000000000009 658.4000000000016
0.0 -10.580000000000009 658.4000000000016
0.0 -10.580000000000009 658.4000000000016
0.0 -10.580000000000009 658.4000000000016
0.0 -10.580000000000009 658.4000000000016
0.0 -10.580000000000009 658.4000000000016
0.0 -10.56000000000001 658.4000000000016
0.0 -10.56000000000001 658.4000000000016
0.0 -10.580000000000009 658.4000000000016
0.0 -10.580000000000009 658.4000000000016
0.0 -10.580000000000009 658.4000000000016
0.0 -10.580000000000009 658.4000000000016
0.0 -10.56000000000001 658.4000000000016
0.0 -10.56000000000001 658.4000000000016
0.0 -10.56000000000001 658.4000000000016
0.0 -10.56000000000001 658.4000000000016
0.0 -10.54000000000001 658.4000000000016
0.0 -10.54000000000001 658.4000000000016
0.0 -10.56000000000001 658.4000000000016
0.0 -10.56000000000001 658.4000000000016
0.0 -10.54000000000001 658.4000000000016
0.0 -10.54000000000001 658.4000000000016
0.0 -10.54000000000001 658.4000000000016
0.0 -10.54000000000001 658.4000000000016
0.0 -10.280000000000015 658.4000000000016
0.0 -10.280000000000015 658.4000000000016
0.0 -10.240000000000016 658.4000000000016
0.0 -10.240000000000016 658.4000000000016
0.0 -10.240000000000016 658.4000000000016
0.0 -10.240000000000016 658.4000000000016
0.0 -10.220000000000017 658.4000000000016
0.0 -10.220000000000017 658.4000000000016
0.0 -10.200000000000017 658.4000000000016
0.0 -10.200000000000017 658.4000000000016
0.0 -10.200000000000017 658.4000000000016
0.0 -10.200000000000017 658.4000000000016
0.0 -10.200000000000017 658.4000000000016
0.0 -10.200000000000017 658.4000000000016
0.0 -10.160000000000018 658.4000000000016
0.0 -10.160000000000018 658.4000000000016
0.0 -10.180000000000017 658.4000000000016
0.0 -10.180000000000017 658.4000000000016
0.0 -10.180000000000017 658.4000000000016
0.0 -10.180000000000017 658.4000000000016
0.0 -10.180000000000017 658.4000000000016
0.0 -10.180000000000017 658.4000000000016
0.0 -10.180000000000017 658.4000000000016
0.0 -10.180000000000017 658.4000000000016
0.0 -10.180000000000017 658.4000000000016
0.0 -10.180000000000017 658.4000000000016
0.0 -10.160000000000018 658.4000000000016
0.0 -10.160000000000018 658.4000000000016
0.0 -10.160000000000018 658.4000000000016
0.0 -10.160000000000018 658.4000000000016
0.0 -10.160000000000018 658.4000000000016
0.0 -10.160000000000018 658.4000000000016
0.0 -10.160000000000018 658.4000000000016
0.0 -10.160000000000018 658.4000000000016
0.0 -10.160000000000018 658.4000000000016
0.0 -10.160000000000018 658.4000000000016
0.0 -10.200000000000017 658.4000000000016
0.0 -10.200000000000017 658.4000000000016
0.0 -10.160000000000018 658.4000000000016
0.0 -10.160000000000018 658.4000000000016
0.0 -10.180000000000017 658.4000000000016
0.0 -10.180000000000017 658.4000000000016
0.0 -10.140000000000018 658.4000000000016
0.0 -10.140000000000018 658.4000000000016
0.0 -10.140000000000018 658.4000000000016
0.0 -10.140000000000018 658.4000000000016
0.0 -10.10000000000002 658.4000000000016
0.0 -10.10000000000002 658.4000000000016
0.0 -10.10000000000002 658.4000000000016
0.0 -10.10000000000002 658.4000000000016
0.0 -10.10000000000002 658.4000000000016
0.0 -10.10000000000002 658.4000000000016
0.0 -10.120000000000019 658.4000000000016
0.0 -10.120000000000019 658.4000000000016
0.0 -10.160000000000018 658.4000000000016
0.0 -10.160000000000018 658.4000000000016
0.0 -10.160000000000018 658.4000000000016
0.0 -10.160000000000018 658.4000000000016
0.0 -10.160000000000018 658.4000000000016
0.0 -10.160000000000018 658.4000000000016
0.0 -10.160000000000018 658.4000000000016
0.0 -10.160000000000018 658.4000000000016
0.0 -10.160000000000018 658.4000000000016
0.0 -10.160000000000018 658.4000000000016
0.0 -10.160000000000018 658.4000000000016
0.0 -10.160000000000018 658.4000000000016
0.0 -10.180000000000017 658.4000000000016
0.0 -10.180000000000017 658.4000000000016
0.0 -10.200000000000017 658.4000000000016
0.0 -10.200000000000017 658.4000000000016
0.0 -10.180000000000017 658.4000000000016
0.0 -10.180000000000017 658.4000000000016
0.0 -10.180000000000017 658.4000000000016
0.0 -10.180000000000017 658.4000000000016
0.0 -10.160000000000018 658.4000000000016
0.0 -10.160000000000018 658.4000000000016
0.0 -10.120000000000019 658.4000000000016
0.0 -10.120000000000019 658.4000000000016
0.0 -10.10000000000002 658.4000000000016
0.0 -10.10000000000002 658.4000000000016
0.0 -10.06000000000002 658.4000000000016
0.0 -10.06000000000002 658.4000000000016
0.0 -10.04000000000002 658.4000000000016
0.0 -10.04000000000002 658.4000000000016
-8 4 658.4000000000016
-8 4 658.4000000000016
-5.01 2.9699999999999953 658.4000000000016
-5.01 2.9699999999999953 658.4000000000016
10 -8 658.4000000000016
10 -8 658.4000000000016
24 -6 658.4000000000016
24 -6 658.4000000000016
24 -10 658.4000000000016
24 -10 658.4000000000016
23 -9 658.4000000000016
23 -9 658.4000000000016
4 -6 658.4000000000016
4 -6 658.4000000000016
4 -10 658.4000000000016
4 -10 658.4000000000016
3 -9 658.4000000000016
3 -9 658.4000000000016
