28 7 0
28 27 0
28 14 0
28 14 0
25 9 0
25 29 0
24 8 0
24 28 0
29 6 0
29 26 0
29 3 0
29 23 0
26 6 0
26 26 0
24 5 0
24 25 0
20.67999999999989 19.999999999999844 0
20.67999999999989 19.999999999999844 0
21.169999999999874 21.00999999999999 0
20.009999999999796 19.90999999999983 0
20.009999999999796 19.90999999999983 0
20.00999999999979 19.989999999999842 0
20.00999999999979 19.989999999999842 0
20.889999999999826 6.9300000000000015 0
20.889999999999826 26.93 0
7.000000000000021 1.0 0
6.0 5.840000000000003 0
29.47999999999999 19.420000000000222 0
29.47999999999999 19.420000000000222 0
15.97999999999998 17.999999999999687 0
18.979999999999624 18.95999999999968 0
19.999999999999876 21.139999999999844 0
19.999999999999876 21.139999999999844 0
10.009999999999978 3.01 0
16.99 8.61000000000003 0
3.0 2.9800000000000217 0
11.639999999999944 6.059999999999999 0
3.6000000000000085 5.0 0
14.99 2.9699999999999807 0
12.950000000000001 16.02999999999985 0
20.68999999999964 4.01 0
20.68999999999964 24.009999999999998 0
1.009999999999933 1.0099999999998444 0
9.930000000000001 12.03 0
12.999999999999979 10.980000000000022 0
17.060000000000144 13.96 0
7.98 8.019999999999978 0
8 27 0
5 29 0
-10 12 0
-10 12 0
4 28 0
9 26 0
-8 12 0
-8 12 0
9 23 0
6 26 0
4 25 0
1.8799999999999957 20.879999999999978 0
1.8599999999999939 20.859999999999975 0
1.8399999999999908 20.83999999999997 0
-5.970000000000001 14.99 0
-5.970000000000001 14.99 0
1.7799999999999845 20.779999999999962 0
1.7599999999999818 20.75999999999996 0
1.7199999999999787 20.719999999999953 0
1.609999999999976 20.609999999999935 0
1.579999999999973 20.57999999999993 0
1.5499999999999703 20.549999999999926 0
1.5299999999999672 20.529999999999923 0
1.459999999999964 20.459999999999912 0
1.3899999999999606 20.3899999999999 0
1.33999999999996 20.339999999999893 0
1.2499999999999576 20.24999999999988 0
1.2099999999999527 20.209999999999873 0
1.1799999999999495 20.17999999999987 0
1.1499999999999468 20.149999999999864 0
1.1099999999999421 20.10999999999986 0
-4.430000000000012 14.03 0
-4.430000000000012 14.03 0
1.1699999999998738 21.00999999999999 0
0.8899999999998265 26.93 0
7.300000000000015 19.319999999999737 0
0.9799999999999331 19.85999999999983 0
0.9099999999999397 17.689999999999483 0
1.2599999999999412 19.899999999999828 0
-1.2434497875801753e-13 1.1399999999998445 0
-1.2434497875801753e-13 1.1399999999998445 0
9.0 17.659999999999947 0
-7.0 18.659999999999904 0
-7.0 18.659999999999904 0
0.6899999999996389 24.009999999999998 0
3.079999999999977 17.259999999999415 0
4.99 10.029999999999978 0
1.9200000000000426 7.920000000000002 0
5.980000000000043 14.02 0
0.8000000000001126 11.979999999999958 0
8 -6 0
8 -6 0
-5 -20 0
-5 -20 0
10 -8 0
10 -8 0
12 -8 0
12 -8 0
0.10999999999980362 -0.19000000000018602 0
0.10999999999980362 -0.19000000000018602 0
0.05999999999979778 -0.1400000000001782 0
0.05999999999979778 -0.1400000000001782 0
0.009999999999793943 -0.09000000000017039 0
0.009999999999793943 -0.09000000000017039 0
0.009999999999786837 -0.010000000000157883 0
0.009999999999786837 -0.010000000000157883 0
-1.2434497875801753e-13 -18.860000000000156 0
-1.2434497875801753e-13 -18.860000000000156 0
28 -6 0
28 -6 0
21.84999999999999 0.8499999999999746 0
21.829999999999988 0.8299999999999714 0
21.809999999999985 0.8099999999999683 0
14.03 -5.01 0
14.03 -5.01 0
21.709999999999976 0.7099999999999527 0
21.55999999999997 0.5599999999999292 0
21.519999999999964 0.519999999999923 0
21.37999999999996 0.3799999999999011 0
21.32999999999996 0.32999999999989327 0
21.219999999999953 0.21999999999987607 0
21.129999999999942 0.12999999999986356 0
21.069999999999936 0.0699999999998609 0
0.9199999999999267 -1.5631940186722204e-13 0
0.9199999999999267 -1.5631940186722204e-13 0
20.889999999999922 0.00999999999984368 0
0.8399999999999161 -1.5631940186722204e-13 0
0.8399999999999161 -1.5631940186722204e-13 0
20.80999999999991 0.00999999999984368 0
0.7799999999999099 0.01999999999984368 0
0.6799999999998911 -0.04000000000016257 0
0.6799999999998911 -0.04000000000016257 0
0.659999999999888 -0.020000000000159446 0
0.659999999999888 -0.020000000000159446 0
0.6199999999998818 -1.5631940186722204e-13 0
0.6199999999998818 -1.5631940186722204e-13 0
15.569999999999988 -5.970000000000001 0
15.569999999999988 -5.970000000000001 0
0.6799999999998896 -1.5631940186722204e-13 0
20.67999999999989 -1.5631940186722204e-13 0
0.6799999999998896 -1.5631940186722204e-13 0
20.67999999999989 -1.5631940186722204e-13 0
21.169999999999874 1.0099999999999891 0
20.009999999999796 -0.09000000000017039 0
20.009999999999796 -0.09000000000017039 0
20.00999999999979 -0.010000000000157883 0
20.00999999999979 -0.010000000000157883 0
9.47999999999999 -0.579999999999778 0
29.47999999999999 -0.579999999999778 0
9.47999999999999 -0.579999999999778 0
29.47999999999999 -0.579999999999778 0
1.0099999999999316 0.00999999999984368 0
2.8499999999999193 0.02999999999984368 0
13.0 -1.3400000000000958 0
13.0 -1.3400000000000958 0
18.8099999999996 0.4299999999998439 0
-5 0 0
-5 0 0
-10 -8 0
-10 -8 0
-8 -8 0
-8 -8 0
-5.970000000000001 -5.01 0
-5.970000000000001 -5.01 0
-4.430000000000012 -5.970000000000001 0
-4.430000000000012 -5.970000000000001 0
-7.0 -1.3400000000000958 0
-7.0 -1.3400000000000958 0
