0 29 655.8800000000062
20 29 655.8800000000062
13 29 655.8800000000062
13 29 655.8800000000062
26 0 655.8800000000062
26 20 655.8800000000062
24 14 655.8800000000062
24 14 655.8800000000062
24 4 655.8800000000062
4 24 655.8800000000062
24 24 655.8800000000062
12 24 655.8800000000062
12 24 655.8800000000062
28 0 655.8800000000062
28 20 655.8800000000062
24 10 655.8800000000062
24 10 655.8800000000062
29 3 655.8800000000062
9 23 655.8800000000062
29 23 655.8800000000062
23 11 655.8800000000062
23 11 655.8800000000062
20.0 29.0 655.8800000000062
20.0 29.0 655.8800000000062
26.0 20.0 655.8800000000062
26.0 0.0 655.8800000000062
26.0 20.0 655.8800000000062
26.0 0.0 655.8800000000062
20.0 29.0 655.8800000000062
20.0 29.0 655.8800000000062
25.98 20.0 655.8800000000062
25.98 0.0 655.8800000000062
25.98 20.0 655.8800000000062
25.98 0.0 655.8800000000062
25.98 20.0 655.8800000000062
25.98 0.0 655.8800000000062
25.98 20.0 655.8800000000062
25.98 0.0 655.8800000000062
25.94 20.0 655.8800000000062
25.94 0.0 655.8800000000062
25.94 20.0 655.8800000000062
25.94 0.0 655.8800000000062
20.0 29.0 655.8800000000062
20.0 29.0 655.8800000000062
20.0 29.0 655.8800000000062
20.0 29.0 655.8800000000062
27.98 20.0 655.8800000000062
27.98 0.0 655.8800000000062
27.98 20.0 655.8800000000062
27.98 0.0 655.8800000000062
20.0 29.0 655.8800000000062
20.0 29.0 655.8800000000062
20.0 29.0 655.8800000000062
20.0 29.0 655.8800000000062
28.02 20.0 655.8800000000062
28.02 0.0 655.8800000000062
28.02 20.0 655.8800000000062
28.02 0.0 655.8800000000062
25.900000000000002 20.0 655.8800000000062
25.900000000000002 0.0 655.8800000000062
25.900000000000002 20.0 655.8800000000062
25.900000000000002 0.0 655.8800000000062
25.900000000000002 20.0 655.8800000000062
25.900000000000002 0.0 655.8800000000062
25.900000000000002 20.0 655.8800000000062
25.900000000000002 0.0 655.8800000000062
25.900000000000002 20.0 655.8800000000062
25.900000000000002 0.0 655.8800000000062
25.900000000000002 20.0 655.8800000000062
25.900000000000002 0.0 655.8800000000062
25.880000000000003 20.0 655.8800000000062
25.880000000000003 0.0 655.8800000000062
25.880000000000003 20.0 655.8800000000062
25.880000000000003 0.0 655.8800000000062
20.0 29.0 655.8800000000062
20.0 29.0 655.8800000000062
25.880000000000003 20.0 655.8800000000062
25.880000000000003 0.0 655.8800000000062
25.880000000000003 20.0 655.8800000000062
25.880000000000003 0.0 655.8800000000062
28.0 20.0 655.8800000000062
28.0 0.0 655.8800000000062
28.0 20.0 655.8800000000062
28.0 0.0 655.8800000000062
25.860000000000003 20.0 655.8800000000062
25.860000000000003 0.0 655.8800000000062
25.860000000000003 20.0 655.8800000000062
25.860000000000003 0.0 655.8800000000062
25.840000000000003 20.0 655.8800000000062
25.840000000000003 0.0 655.8800000000062
25.840000000000003 20.0 655.8800000000062
25.840000000000003 0.0 655.8800000000062
28.0 20.0 655.8800000000062
28.0 0.0 655.8800000000062
28.0 20.0 655.8800000000062
28.0 0.0 655.8800000000062
25.820000000000004 20.0 655.8800000000062
25.820000000000004 0.0 655.8800000000062
25.820000000000004 20.0 655.8800000000062
25.820000000000004 0.0 655.8800000000062
25.820000000000004 20.0 655.8800000000062
25.820000000000004 0.0 655.8800000000062
25.820000000000004 20.0 655.8800000000062
25.820000000000004 0.0 655.8800000000062
20.0 28.98 655.8800000000062
20.0 28.98 655.8800000000062
25.800000000000004 20.0 655.8800000000062
25.800000000000004 0.0 655.8800000000062
25.800000000000004 20.0 655.8800000000062
25.800000000000004 0.0 655.8800000000062
25.780000000000005 20.0 655.8800000000062
25.780000000000005 0.0 655.8800000000062
25.780000000000005 20.0 655.8800000000062
25.780000000000005 0.0 655.8800000000062
25.780000000000005 20.0 655.8800000000062
25.780000000000005 0.0 655.8800000000062
25.780000000000005 20.0 655.8800000000062
25.780000000000005 0.0 655.8800000000062
28.0 20.0 655.8800000000062
28.0 0.0 655.8800000000062
28.0 20.0 655.8800000000062
28.0 0.0 655.8800000000062
25.780000000000005 20.0 655.8800000000062
25.780000000000005 0.0 655.8800000000062
25.780000000000005 20.0 655.8800000000062
25.780000000000005 0.0 655.8800000000062
20.0 29.0 655.8800000000062
20.0 29.0 655.8800000000062
25.780000000000005 20.0 655.8800000000062
25.780000000000005 0.0 655.8800000000062
25.780000000000005 20.0 655.8800000000062
25.780000000000005 0.0 655.8800000000062
28.0 20.0 655.8800000000062
28.0 0.0 655.8800000000062
28.0 20.0 655.8800000000062
28.0 0.0 655.8800000000062
20.0 29.02 655.8800000000062
20.0 29.02 655.8800000000062
27.98 20.0 655.8800000000062
27.98 0.0 655.8800000000062
27.98 20.0 655.8800000000062
27.98 0.0 655.8800000000062
27.98 20.0 655.8800000000062
27.98 0.0 655.8800000000062
27.98 20.0 655.8800000000062
27.98 0.0 655.8800000000062
28.0 20.0 655.8800000000062
28.0 0.0 655.8800000000062
28.0 20.0 655.8800000000062
28.0 0.0 655.8800000000062
25.740000000000006 20.0 655.8800000000062
25.740000000000006 0.0 655.8800000000062
25.740000000000006 20.0 655.8800000000062
25.740000000000006 0.0 655.8800000000062
25.720000000000006 20.0 655.8800000000062
25.720000000000006 0.0 655.8800000000062
25.720000000000006 20.0 655.8800000000062
25.720000000000006 0.0 655.8800000000062
27.98 20.0 655.8800000000062
27.98 0.0 655.8800000000062
27.98 20.0 655.8800000000062
27.98 0.0 655.8800000000062
25.700000000000006 20.0 655.8800000000062
25.700000000000006 0.0 655.8800000000062
25.700000000000006 20.0 655.8800000000062
25.700000000000006 0.0 655.8800000000062
28.0 20.0 655.8800000000062
28.0 0.0 655.8800000000062
28.0 20.0 655.8800000000062
28.0 0.0 655.8800000000062
25.700000000000006 20.0 655.8800000000062
25.700000000000006 0.0 655.8800000000062
25.700000000000006 20.0 655.8800000000062
25.700000000000006 0.0 655.8800000000062
20.0 29.04 655.8800000000062
20.0 29.04 655.8800000000062
20.0 29.04 655.8800000000062
20.0 29.04 655.8800000000062
20.0 29.04 655.8800000000062
20.0 29.04 655.8800000000062
25.54000000000001 20.0 655.8800000000062
25.54000000000001 0.0 655.8800000000062
25.54000000000001 20.0 655.8800000000062
25.54000000000001 0.0 655.8800000000062
20.0 29.04 655.8800000000062
20.0 29.04 655.8800000000062
25.52000000000001 20.0 655.8800000000062
25.52000000000001 0.0 655.8800000000062
25.52000000000001 20.0 655.8800000000062
25.52000000000001 0.0 655.8800000000062
25.50000000000001 20.0 655.8800000000062
25.50000000000001 0.0 655.8800000000062
25.50000000000001 20.0 655.8800000000062
25.50000000000001 0.0 655.8800000000062
20.0 29.02 655.8800000000062
20.0 29.02 655.8800000000062
25.48000000000001 20.0 655.8800000000062
25.48000000000001 0.0 655.8800000000062
25.48000000000001 20.0 655.8800000000062
25.48000000000001 0.0 655.8800000000062
28.0 20.0 655.8800000000062
28.0 0.0 655.8800000000062
28.0 20.0 655.8800000000062
28.0 0.0 655.8800000000062
28.0 20.0 655.8800000000062
28.0 0.0 655.8800000000062
28.0 20.0 655.8800000000062
28.0 0.0 655.8800000000062
25.46000000000001 20.0 655.8800000000062
25.46000000000001 0.0 655.8800000000062
25.46000000000001 20.0 655.8800000000062
25.46000000000001 0.0 655.8800000000062
20.0 29.0 655.8800000000062
20.0 29.0 655.8800000000062
25.420000000000012 20.0 655.8800000000062
25.420000000000012 0.0 655.8800000000062
25.420000000000012 20.0 655.8800000000062
25.420000000000012 0.0 655.8800000000062
25.380000000000013 20.0 655.8800000000062
25.380000000000013 0.0 655.8800000000062
25.380000000000013 20.0 655.8800000000062
25.380000000000013 0.0 655.8800000000062
25.360000000000014 20.0 655.8800000000062
25.360000000000014 0.0 655.8800000000062
25.360000000000014 20.0 655.8800000000062
25.360000000000014 0.0 655.8800000000062
20.0 29.0 655.8800000000062
20.0 29.0 655.8800000000062
25.360000000000014 20.0 655.8800000000062
25.360000000000014 0.0 655.8800000000062
25.360000000000014 20.0 655.8800000000062
25.360000000000014 0.0 655.8800000000062
20.0 29.0 655.8800000000062
20.0 29.0 655.8800000000062
25.300000000000015 20.0 655.8800000000062
25.300000000000015 0.0 655.8800000000062
25.300000000000015 20.0 655.8800000000062
25.300000000000015 0.0 655.8800000000062
20.0 29.0 655.8800000000062
20.0 29.0 655.8800000000062
28.0 20.0 655.8800000000062
28.0 0.0 655.8800000000062
28.0 20.0 655.8800000000062
28.0 0.0 655.8800000000062
25.280000000000015 20.0 655.8800000000062
25.280000000000015 0.0 655.8800000000062
25.280000000000015 20.0 655.8800000000062
25.280000000000015 0.0 655.8800000000062
25.240000000000016 20.0 655.8800000000062
25.240000000000016 0.0 655.8800000000062
25.240000000000016 20.0 655.8800000000062
25.240000000000016 0.0 655.8800000000062
20.0 29.0 655.8800000000062
20.0 29.0 655.8800000000062
25.220000000000017 20.0 655.8800000000062
25.220000000000017 0.0 655.8800000000062
25.220000000000017 20.0 655.8800000000062
25.220000000000017 0.0 655.8800000000062
20.0 29.0 655.8800000000062
20.0 29.0 655.8800000000062
28.0 20.0 655.8800000000062
28.0 0.0 655.8800000000062
28.0 20.0 655.8800000000062
28.0 0.0 655.8800000000062
28.0 20.0 655.8800000000062
28.0 0.0 655.8800000000062
28.0 20.0 655.8800000000062
28.0 0.0 655.8800000000062
25.160000000000018 20.0 655.8800000000062
25.160000000000018 0.0 655.8800000000062
25.160000000000018 20.0 655.8800000000062
25.160000000000018 0.0 655.8800000000062
25.14000000000002 20.0 655.8800000000062
25.14000000000002 0.0 655.8800000000062
25.14000000000002 20.0 655.8800000000062
25.14000000000002 0.0 655.8800000000062
27.98 20.0 655.8800000000062
27.98 0.0 655.8800000000062
27.98 20.0 655.8800000000062
27.98 0.0 655.8800000000062
25.14000000000002 20.0 655.8800000000062
25.14000000000002 0.0 655.8800000000062
25.14000000000002 20.0 655.8800000000062
25.14000000000002 0.0 655.8800000000062
25.12000000000002 20.0 655.8800000000062
25.12000000000002 0.0 655.8800000000062
25.12000000000002 20.0 655.8800000000062
25.12000000000002 0.0 655.8800000000062
25.12000000000002 20.0 655.8800000000062
25.12000000000002 0.0 655.8800000000062
25.12000000000002 20.0 655.8800000000062
25.12000000000002 0.0 655.8800000000062
20.0 29.099999999999998 655.8800000000062
20.0 29.099999999999998 655.8800000000062
20.0 29.119999999999997 655.8800000000062
20.0 29.119999999999997 655.8800000000062
20.0 29.139999999999997 655.8800000000062
20.0 29.139999999999997 655.8800000000062
24.98000000000002 20.0 655.8800000000062
24.98000000000002 0.0 655.8800000000062
24.98000000000002 20.0 655.8800000000062
24.98000000000002 0.0 655.8800000000062
20.0 29.159999999999997 655.8800000000062
20.0 29.159999999999997 655.8800000000062
20.0 29.159999999999997 655.8800000000062
20.0 29.159999999999997 655.8800000000062
25.02000000000002 20.0 655.8800000000062
25.02000000000002 0.0 655.8800000000062
25.02000000000002 20.0 655.8800000000062
25.02000000000002 0.0 655.8800000000062
25.02000000000002 20.0 655.8800000000062
25.02000000000002 0.0 655.8800000000062
25.02000000000002 20.0 655.8800000000062
25.02000000000002 0.0 655.8800000000062
25.00000000000002 20.0 655.8800000000062
25.00000000000002 0.0 655.8800000000062
25.00000000000002 20.0 655.8800000000062
25.00000000000002 0.0 655.8800000000062
25.00000000000002 20.0 655.8800000000062
25.00000000000002 0.0 655.8800000000062
25.00000000000002 20.0 655.8800000000062
25.00000000000002 0.0 655.8800000000062
24.98000000000002 20.0 655.8800000000062
24.98000000000002 0.0 655.8800000000062
24.98000000000002 20.0 655.8800000000062
24.98000000000002 0.0 655.8800000000062
24.960000000000022 20.0 655.8800000000062
24.960000000000022 0.0 655.8800000000062
24.960000000000022 20.0 655.8800000000062
24.960000000000022 0.0 655.8800000000062
24.940000000000023 20.0 655.8800000000062
24.940000000000023 0.0 655.8800000000062
24.940000000000023 20.0 655.8800000000062
24.940000000000023 0.0 655.8800000000062
24.920000000000023 20.0 655.8800000000062
24.920000000000023 0.0 655.8800000000062
24.920000000000023 20.0 655.8800000000062
24.920000000000023 0.0 655.8800000000062
20.0 29.179999999999996 655.8800000000062
20.0 29.179999999999996 655.8800000000062
20.0 29.179999999999996 655.8800000000062
20.0 29.179999999999996 655.8800000000062
20.0 29.179999999999996 655.8800000000062
20.0 29.179999999999996 655.8800000000062
20.0 29.159999999999997 655.8800000000062
20.0 29.159999999999997 655.8800000000062
20.0 29.179999999999996 655.8800000000062
20.0 29.179999999999996 655.8800000000062
20.0 29.179999999999996 655.8800000000062
20.0 29.179999999999996 655.8800000000062
20.0 29.159999999999997 655.8800000000062
20.0 29.159999999999997 655.8800000000062
20.0 29.159999999999997 655.8800000000062
20.0 29.159999999999997 655.8800000000062
14.99 22.969999999999995 655.8800000000062
14.99 22.969999999999995 655.8800000000062
20.0 29.159999999999997 655.8800000000062
20.0 29.159999999999997 655.8800000000062
20.0 29.159999999999997 655.8800000000062
20.0 29.159999999999997 655.8800000000062
20.0 29.139999999999997 655.8800000000062
20.0 29.139999999999997 655.8800000000062
20.0 29.139999999999997 655.8800000000062
20.0 29.139999999999997 655.8800000000062
20.0 29.159999999999997 655.8800000000062
20.0 29.159999999999997 655.8800000000062
20.0 29.179999999999996 655.8800000000062
20.0 29.179999999999996 655.8800000000062
20.0 29.179999999999996 655.8800000000062
20.0 29.179999999999996 655.8800000000062
28.0 20.0 655.8800000000062
28.0 0.0 655.8800000000062
28.0 20.0 655.8800000000062
28.0 0.0 655.8800000000062
27.98 20.0 655.8800000000062
27.98 0.0 655.8800000000062
27.98 20.0 655.8800000000062
27.98 0.0 655.8800000000062
20.0 29.179999999999996 655.8800000000062
20.0 29.179999999999996 655.8800000000062
28.0 20.0 655.8800000000062
28.0 0.0 655.8800000000062
28.0 20.0 655.8800000000062
28.0 0.0 655.8800000000062
20.0 29.159999999999997 655.8800000000062
20.0 29.159999999999997 655.8800000000062
20.0 29.159999999999997 655.8800000000062
20.0 29.159999999999997 655.8800000000062
28.0 20.0 655.8800000000062
28.0 0.0 655.8800000000062
28.0 20.0 655.8800000000062
28.0 0.0 655.8800000000062
20.0 29.139999999999997 655.8800000000062
20.0 29.139999999999997 655.8800000000062
20.0 29.139999999999997 655.8800000000062
20.0 29.139999999999997 655.8800000000062
28.0 20.0 655.8800000000062
28.0 0.0 655.8800000000062
28.0 20.0 655.8800000000062
28.0 0.0 655.8800000000062
20.0 29.159999999999997 655.8800000000062
20.0 29.159999999999997 655.8800000000062
20.0 29.139999999999997 655.8800000000062
20.0 29.139999999999997 655.8800000000062
20.0 29.139999999999997 655.8800000000062
20.0 29.139999999999997 655.8800000000062
20.0 29.119999999999997 655.8800000000062
20.0 29.119999999999997 655.8800000000062
28.0 20.0 655.8800000000062
28.0 0.0 655.8800000000062
28.0 20.0 655.8800000000062
28.0 0.0 655.8800000000062
20.0 29.139999999999997 655.8800000000062
20.0 29.139999999999997 655.8800000000062
20.0 29.139999999999997 655.8800000000062
20.0 29.139999999999997 655.8800000000062
20.0 29.119999999999997 655.8800000000062
20.0 29.119999999999997 655.8800000000062
20.0 29.099999999999998 655.8800000000062
20.0 29.099999999999998 655.8800000000062
28.0 20.0 655.8800000000062
28.0 0.0 655.8800000000062
28.0 20.0 655.8800000000062
28.0 0.0 655.8800000000062
20.0 29.08 655.8800000000062
20.0 29.08 655.8800000000062
28.0 20.0 655.8800000000062
28.0 0.0 655.8800000000062
28.0 20.0 655.8800000000062
28.0 0.0 655.8800000000062
28.0 20.0 655.8800000000062
28.0 0.0 655.8800000000062
28.0 20.0 655.8800000000062
28.0 0.0 655.8800000000062
20.0 29.06 655.8800000000062
20.0 29.06 655.8800000000062
20.0 29.06 655.8800000000062
20.0 29.06 655.8800000000062
28.0 20.0 655.8800000000062
28.0 0.0 655.8800000000062
28.0 20.0 655.8800000000062
28.0 0.0 655.8800000000062
20.0 29.06 655.8800000000062
20.0 29.06 655.8800000000062
28.0 20.0 655.8800000000062
28.0 0.0 655.8800000000062
28.0 20.0 655.8800000000062
28.0 0.0 655.8800000000062
20.0 29.08 655.8800000000062
20.0 29.08 655.8800000000062
20.0 29.08 655.8800000000062
20.0 29.08 655.8800000000062
20.0 29.08 655.8800000000062
20.0 29.08 655.8800000000062
25.00000000000002 20.0 655.8800000000062
25.00000000000002 0.0 655.8800000000062
25.00000000000002 20.0 655.8800000000062
25.00000000000002 0.0 655.8800000000062
20.0 29.099999999999998 655.8800000000062
20.0 29.099999999999998 655.8800000000062
20.0 29.119999999999997 655.8800000000062
20.0 29.119999999999997 655.8800000000062
20.0 29.119999999999997 655.8800000000062
20.0 29.119999999999997 655.8800000000062
20.0 29.119999999999997 655.8800000000062
20.0 29.119999999999997 655.8800000000062
27.98 20.0 655.8800000000062
27.98 0.0 655.8800000000062
27.98 20.0 655.8800000000062
27.98 0.0 655.8800000000062
25.00000000000002 20.0 655.8800000000062
25.00000000000002 0.0 655.8800000000062
25.00000000000002 20.0 655.8800000000062
25.00000000000002 0.0 655.8800000000062
25.00000000000002 20.0 655.8800000000062
25.00000000000002 0.0 655.8800000000062
25.00000000000002 20.0 655.8800000000062
25.00000000000002 0.0 655.8800000000062
25.00000000000002 20.0 655.8800000000062
25.00000000000002 0.0 655.8800000000062
25.00000000000002 20.0 655.8800000000062
25.00000000000002 0.0 655.8800000000062
20.0 29.139999999999997 655.8800000000062
20.0 29.139999999999997 655.8800000000062
20.0 29.139999999999997 655.8800000000062
20.0 29.139999999999997 655.8800000000062
28.02 20.0 655.8800000000062
28.02 0.0 655.8800000000062
28.02 20.0 655.8800000000062
28.02 0.0 655.8800000000062
20.0 29.159999999999997 655.8800000000062
20.0 29.159999999999997 655.8800000000062
25.00000000000002 20.0 655.8800000000062
25.00000000000002 0.0 655.8800000000062
25.00000000000002 20.0 655.8800000000062
25.00000000000002 0.0 655.8800000000062
24.98000000000002 20.0 655.8800000000062
24.98000000000002 0.0 655.8800000000062
24.98000000000002 20.0 655.8800000000062
24.98000000000002 0.0 655.8800000000062
25.00000000000002 20.0 655.8800000000062
25.00000000000002 0.0 655.8800000000062
25.00000000000002 20.0 655.8800000000062
25.00000000000002 0.0 655.8800000000062
20.0 29.159999999999997 655.8800000000062
20.0 29.159999999999997 655.8800000000062
28.0 20.0 655.8800000000062
28.0 0.0 655.8800000000062
28.0 20.0 655.8800000000062
28.0 0.0 655.8800000000062
20.0 29.179999999999996 655.8800000000062
20.0 29.179999999999996 655.8800000000062
20.0 29.179999999999996 655.8800000000062
20.0 29.179999999999996 655.8800000000062
24.98000000000002 20.0 655.8800000000062
24.98000000000002 0.0 655.8800000000062
24.98000000000002 20.0 655.8800000000062
24.98000000000002 0.0 655.8800000000062
20.0 29.159999999999997 655.8800000000062
20.0 29.159999999999997 655.8800000000062
20.0 29.139999999999997 655.8800000000062
20.0 29.139999999999997 655.8800000000062
28.0 20.0 655.8800000000062
28.0 0.0 655.8800000000062
28.0 20.0 655.8800000000062
28.0 0.0 655.8800000000062
25.00000000000002 20.0 655.8800000000062
25.00000000000002 0.0 655.8800000000062
25.00000000000002 20.0 655.8800000000062
25.00000000000002 0.0 655.8800000000062
20.0 29.179999999999996 655.8800000000062
20.0 29.179999999999996 655.8800000000062
28.0 20.0 655.8800000000062
28.0 0.0 655.8800000000062
28.0 20.0 655.8800000000062
28.0 0.0 655.8800000000062
28.0 20.0 655.8800000000062
28.0 0.0 655.8800000000062
28.0 20.0 655.8800000000062
28.0 0.0 655.8800000000062
20.0 29.179999999999996 655.8800000000062
20.0 29.179999999999996 655.8800000000062
28.0 20.0 655.8800000000062
28.0 0.0 655.8800000000062
28.0 20.0 655.8800000000062
28.0 0.0 655.8800000000062
20.0 29.159999999999997 655.8800000000062
20.0 29.159999999999997 655.8800000000062
20.0 29.159999999999997 655.8800000000062
20.0 29.159999999999997 655.8800000000062
20.0 29.159999999999997 655.8800000000062
20.0 29.159999999999997 655.8800000000062
27.98 20.0 655.8800000000062
27.98 0.0 655.8800000000062
27.98 20.0 655.8800000000062
27.98 0.0 655.8800000000062
20.0 29.159999999999997 655.8800000000062
20.0 29.159999999999997 655.8800000000062
20.0 29.159999999999997 655.8800000000062
20.0 29.159999999999997 655.8800000000062
28.0 20.0 655.8800000000062
28.0 0.0 655.8800000000062
28.0 20.0 655.8800000000062
28.0 0.0 655.8800000000062
20.0 29.179999999999996 655.8800000000062
20.0 29.179999999999996 655.8800000000062
20.0 29.179999999999996 655.8800000000062
20.0 29.179999999999996 655.8800000000062
20.0 29.179999999999996 655.8800000000062
20.0 29.179999999999996 655.8800000000062
20.0 29.179999999999996 655.8800000000062
20.0 29.179999999999996 655.8800000000062
24.960000000000022 20.0 655.8800000000062
24.960000000000022 0.0 655.8800000000062
24.960000000000022 20.0 655.8800000000062
24.960000000000022 0.0 655.8800000000062
24.960000000000022 20.0 655.8800000000062
24.960000000000022 0.0 655.8800000000062
24.960000000000022 20.0 655.8800000000062
24.960000000000022 0.0 655.8800000000062
24.940000000000023 20.0 655.8800000000062
24.940000000000023 0.0 655.8800000000062
24.940000000000023 20.0 655.8800000000062
24.940000000000023 0.0 655.8800000000062
28.0 20.0 655.8800000000062
28.0 0.0 655.8800000000062
28.0 20.0 655.8800000000062
28.0 0.0 655.8800000000062
20.0 29.179999999999996 655.8800000000062
20.0 29.179999999999996 655.8800000000062
24.960000000000022 20.0 655.8800000000062
24.960000000000022 0.0 655.8800000000062
24.960000000000022 20.0 655.8800000000062
24.960000000000022 0.0 655.8800000000062
20.0 29.199999999999996 655.8800000000062
20.0 29.199999999999996 655.8800000000062
28.0 20.0 655.8800000000062
28.0 0.0 655.8800000000062
28.0 20.0 655.8800000000062
28.0 0.0 655.8800000000062
20.0 29.199999999999996 655.8800000000062
20.0 29.199999999999996 655.8800000000062
28.0 20.0 655.8800000000062
28.0 0.0 655.8800000000062
28.0 20.0 655.8800000000062
28.0 0.0 655.8800000000062
20.0 29.199999999999996 655.8800000000062
20.0 29.199999999999996 655.8800000000062
20.0 29.199999999999996 655.8800000000062
20.0 29.199999999999996 655.8800000000062
24.960000000000022 20.0 655.8800000000062
24.960000000000022 0.0 655.8800000000062
24.960000000000022 20.0 655.8800000000062
24.960000000000022 0.0 655.8800000000062
20.0 29.219999999999995 655.8800000000062
20.0 29.219999999999995 655.8800000000062
27.98 20.0 655.8800000000062
27.98 0.0 655.8800000000062
27.98 20.0 655.8800000000062
27.98 0.0 655.8800000000062
24.98000000000002 20.0 655.8800000000062
24.98000000000002 0.0 655.8800000000062
24.98000000000002 20.0 655.8800000000062
24.98000000000002 0.0 655.8800000000062
20.0 29.239999999999995 655.8800000000062
20.0 29.239999999999995 655.8800000000062
20.0 29.259999999999994 655.8800000000062
20.0 29.259999999999994 655.8800000000062
20.0 29.239999999999995 655.8800000000062
20.0 29.239999999999995 655.8800000000062
20.0 29.239999999999995 655.8800000000062
20.0 29.239999999999995 655.8800000000062
28.0 20.0 655.8800000000062
28.0 0.0 655.8800000000062
28.0 20.0 655.8800000000062
28.0 0.0 655.8800000000062
28.0 20.0 655.8800000000062
28.0 0.0 655.8800000000062
28.0 20.0 655.8800000000062
28.0 0.0 655.8800000000062
28.02 20.0 655.8800000000062
28.02 0.0 655.8800000000062
28.02 20.0 655.8800000000062
28.02 0.0 655.8800000000062
20.0 29.259999999999994 655.8800000000062
20.0 29.259999999999994 655.8800000000062
28.0 20.0 655.8800000000062
28.0 0.0 655.8800000000062
28.0 20.0 655.8800000000062
28.0 0.0 655.8800000000062
28.0 20.0 655.8800000000062
28.0 0.0 655.8800000000062
28.0 20.0 655.8800000000062
28.0 0.0 655.8800000000062
20.0 29.239999999999995 655.8800000000062
20.0 29.239999999999995 655.8800000000062
28.0 20.0 655.8800000000062
28.0 0.0 655.8800000000062
28.0 20.0 655.8800000000062
28.0 0.0 655.8800000000062
20.0 29.259999999999994 655.8800000000062
20.0 29.259999999999994 655.8800000000062
20.0 29.259999999999994 655.8800000000062
20.0 29.259999999999994 655.8800000000062
27.98 20.0 655.8800000000062
27.98 0.0 655.8800000000062
27.98 20.0 655.8800000000062
27.98 0.0 655.8800000000062
28.0 20.0 655.8800000000062
28.0 0.0 655.8800000000062
28.0 20.0 655.8800000000062
28.0 0.0 655.8800000000062
20.0 29.279999999999994 655.8800000000062
20.0 29.279999999999994 655.8800000000062
28.0 20.0 655.8800000000062
28.0 0.0 655.8800000000062
28.0 20.0 655.8800000000062
28.0 0.0 655.8800000000062
20.0 29.279999999999994 655.8800000000062
20.0 29.279999999999994 655.8800000000062
28.0 20.0 655.8800000000062
28.0 0.0 655.8800000000062
28.0 20.0 655.8800000000062
28.0 0.0 655.8800000000062
20.0 29.299999999999994 655.8800000000062
20.0 29.299999999999994 655.8800000000062
20.0 29.279999999999994 655.8800000000062
20.0 29.279999999999994 655.8800000000062
20.0 29.279999999999994 655.8800000000062
20.0 29.279999999999994 655.8800000000062
28.0 20.0 655.8800000000062
28.0 0.0 655.8800000000062
28.0 20.0 655.8800000000062
28.0 0.0 655.8800000000062
20.0 29.259999999999994 655.8800000000062
20.0 29.259999999999994 655.8800000000062
20.0 29.259999999999994 655.8800000000062
20.0 29.259999999999994 655.8800000000062
28.0 20.0 655.8800000000062
28.0 0.0 655.8800000000062
28.0 20.0 655.8800000000062
28.0 0.0 655.8800000000062
20.0 29.279999999999994 655.8800000000062
20.0 29.279999999999994 655.8800000000062
28.0 20.0 655.8800000000062
28.0 0.0 655.8800000000062
28.0 20.0 655.8800000000062
28.0 0.0 655.8800000000062
20.0 29.279999999999994 655.8800000000062
20.0 29.279999999999994 655.8800000000062
20.0 29.259999999999994 655.8800000000062
20.0 29.259999999999994 655.8800000000062
20.0 29.259999999999994 655.8800000000062
20.0 29.259999999999994 655.8800000000062
20.0 29.279999999999994 655.8800000000062
20.0 29.279999999999994 655.8800000000062
28.0 20.0 655.8800000000062
28.0 0.0 655.8800000000062
28.0 20.0 655.8800000000062
28.0 0.0 655.8800000000062
20.0 29.279999999999994 655.8800000000062
20.0 29.279999999999994 655.8800000000062
20.0 29.279999999999994 655.8800000000062
20.0 29.279999999999994 655.8800000000062
28.0 20.0 655.8800000000062
28.0 0.0 655.8800000000062
28.0 20.0 655.8800000000062
28.0 0.0 655.8800000000062
28.0 20.0 655.8800000000062
28.0 0.0 655.8800000000062
28.0 20.0 655.8800000000062
28.0 0.0 655.8800000000062
20.0 29.299999999999994 655.8800000000062
20.0 29.299999999999994 655.8800000000062
20.0 29.299999999999994 655.8800000000062
20.0 29.299999999999994 655.8800000000062
20.0 29.299999999999994 655.8800000000062
20.0 29.299999999999994 655.8800000000062
20.0 29.279999999999994 655.8800000000062
20.0 29.279999999999994 655.8800000000062
20.0 29.299999999999994 655.8800000000062
20.0 29.299999999999994 655.8800000000062
20.0 29.279999999999994 655.8800000000062
20.0 29.279999999999994 655.8800000000062
20.0 29.279999999999994 655.8800000000062
20.0 29.279999999999994 655.8800000000062
20.0 29.259999999999994 655.8800000000062
20.0 29.259999999999994 655.8800000000062
28.0 20.0 655.8800000000062
28.0 0.0 655.8800000000062
28.0 20.0 655.8800000000062
28.0 0.0 655.8800000000062
20.0 29.259999999999994 655.8800000000062
20.0 29.259999999999994 655.8800000000062
20.0 29.279999999999994 655.8800000000062
20.0 29.279999999999994 655.8800000000062
28.0 20.0 655.8800000000062
28.0 0.0 655.8800000000062
28.0 20.0 655.8800000000062
28.0 0.0 655.8800000000062
28.0 20.0 655.8800000000062
28.0 0.0 655.8800000000062
28.0 20.0 655.8800000000062
28.0 0.0 655.8800000000062
20.0 29.299999999999994 655.8800000000062
20.0 29.299999999999994 655.8800000000062
28.0 20.0 655.8800000000062
28.0 0.0 655.8800000000062
28.0 20.0 655.8800000000062
28.0 0.0 655.8800000000062
20.0 29.299999999999994 655.8800000000062
20.0 29.299999999999994 655.8800000000062
20.0 29.279999999999994 655.8800000000062
20.0 29.279999999999994 655.8800000000062
28.0 20.0 655.8800000000062
28.0 0.0 655.8800000000062
28.0 20.0 655.8800000000062
28.0 0.0 655.8800000000062
20.0 29.299999999999994 655.8800000000062
20.0 29.299999999999994 655.8800000000062
28.0 20.0 655.8800000000062
28.0 0.0 655.8800000000062
28.0 20.0 655.8800000000062
28.0 0.0 655.8800000000062
20.0 29.319999999999993 655.8800000000062
20.0 29.319999999999993 655.8800000000062
25.00000000000002 20.0 655.8800000000062
25.00000000000002 0.0 655.8800000000062
25.00000000000002 20.0 655.8800000000062
25.00000000000002 0.0 655.8800000000062
28.0 20.0 655.8800000000062
28.0 0.0 655.8800000000062
28.0 20.0 655.8800000000062
28.0 0.0 655.8800000000062
20.0 29.319999999999993 655.8800000000062
20.0 29.319999999999993 655.8800000000062
20.0 29.339999999999993 655.8800000000062
20.0 29.339999999999993 655.8800000000062
25.00000000000002 20.0 655.8800000000062
25.00000000000002 0.0 655.8800000000062
25.00000000000002 20.0 655.8800000000062
25.00000000000002 0.0 655.8800000000062
20.0 29.339999999999993 655.8800000000062
20.0 29.339999999999993 655.8800000000062
25.00000000000002 20.0 655.8800000000062
25.00000000000002 0.0 655.8800000000062
25.00000000000002 20.0 655.8800000000062
25.00000000000002 0.0 655.8800000000062
25.00000000000002 20.0 655.8800000000062
25.00000000000002 0.0 655.8800000000062
25.00000000000002 20.0 655.8800000000062
25.00000000000002 0.0 655.8800000000062
20.0 29.339999999999993 655.8800000000062
20.0 29.339999999999993 655.8800000000062
20.0 29.339999999999993 655.8800000000062
20.0 29.339999999999993 655.8800000000062
20.0 29.339999999999993 655.8800000000062
20.0 29.339999999999993 655.8800000000062
20.0 29.319999999999993 655.8800000000062
20.0 29.319999999999993 655.8800000000062
20.0 29.339999999999993 655.8800000000062
20.0 29.339999999999993 655.8800000000062
20.0 29.339999999999993 655.8800000000062
20.0 29.339999999999993 655.8800000000062
25.00000000000002 20.0 655.8800000000062
25.00000000000002 0.0 655.8800000000062
25.00000000000002 20.0 655.8800000000062
25.00000000000002 0.0 655.8800000000062
25.00000000000002 20.0 655.8800000000062
25.00000000000002 0.0 655.8800000000062
25.00000000000002 20.0 655.8800000000062
25.00000000000002 0.0 655.8800000000062
20.0 29.339999999999993 655.8800000000062
20.0 29.339999999999993 655.8800000000062
20.0 29.319999999999993 655.8800000000062
20.0 29.319999999999993 655.8800000000062
20.0 29.299999999999994 655.8800000000062
20.0 29.299999999999994 655.8800000000062
28.0 20.0 655.8800000000062
28.0 0.0 655.8800000000062
28.0 20.0 655.8800000000062
28.0 0.0 655.8800000000062
20.0 29.279999999999994 655.8800000000062
20.0 29.279999999999994 655.8800000000062
27.98 20.0 655.8800000000062
27.98 0.0 655.8800000000062
27.98 20.0 655.8800000000062
27.98 0.0 655.8800000000062
20.0 29.279999999999994 655.8800000000062
20.0 29.279999999999994 655.8800000000062
27.98 20.0 655.8800000000062
27.98 0.0 655.8800000000062
27.98 20.0 655.8800000000062
27.98 0.0 655.8800000000062
20.0 29.299999999999994 655.8800000000062
20.0 29.299999999999994 655.8800000000062
27.98 20.0 655.8800000000062
27.98 0.0 655.8800000000062
27.98 20.0 655.8800000000062
27.98 0.0 655.8800000000062
20.0 29.279999999999994 655.8800000000062
20.0 29.279999999999994 655.8800000000062
27.98 20.0 655.8800000000062
27.98 0.0 655.8800000000062
27.98 20.0 655.8800000000062
27.98 0.0 655.8800000000062
27.98 20.0 655.8800000000062
27.98 0.0 655.8800000000062
27.98 20.0 655.8800000000062
27.98 0.0 655.8800000000062
20.0 29.319999999999993 655.8800000000062
20.0 29.319999999999993 655.8800000000062
27.96 20.0 655.8800000000062
27.96 0.0 655.8800000000062
27.96 20.0 655.8800000000062
27.96 0.0 655.8800000000062
20.0 29.339999999999993 655.8800000000062
20.0 29.339999999999993 655.8800000000062
20.0 29.359999999999992 655.8800000000062
20.0 29.359999999999992 655.8800000000062
28.0 20.0 655.8800000000062
28.0 0.0 655.8800000000062
28.0 20.0 655.8800000000062
28.0 0.0 655.8800000000062
20.0 29.379999999999992 655.8800000000062
20.0 29.379999999999992 655.8800000000062
20.0 29.379999999999992 655.8800000000062
20.0 29.379999999999992 655.8800000000062
28.0 20.0 655.8800000000062
28.0 0.0 655.8800000000062
28.0 20.0 655.8800000000062
28.0 0.0 655.8800000000062
20.0 29.379999999999992 655.8800000000062
20.0 29.379999999999992 655.8800000000062
28.0 20.0 655.8800000000062
28.0 0.0 655.8800000000062
28.0 20.0 655.8800000000062
28.0 0.0 655.8800000000062
28.02 20.0 655.8800000000062
28.02 0.0 655.8800000000062
28.02 20.0 655.8800000000062
28.02 0.0 655.8800000000062
28.02 20.0 655.8800000000062
28.02 0.0 655.8800000000062
28.02 20.0 655.8800000000062
28.02 0.0 655.8800000000062
28.0 20.0 655.8800000000062
28.0 0.0 655.8800000000062
28.0 20.0 655.8800000000062
28.0 0.0 655.8800000000062
27.98 20.0 655.8800000000062
27.98 0.0 655.8800000000062
27.98 20.0 655.8800000000062
27.98 0.0 655.8800000000062
20.0 29.359999999999992 655.8800000000062
20.0 29.359999999999992 655.8800000000062
20.0 29.359999999999992 655.8800000000062
20.0 29.359999999999992 655.8800000000062
20.0 29.359999999999992 655.8800000000062
20.0 29.359999999999992 655.8800000000062
20.0 29.379999999999992 655.8800000000062
20.0 29.379999999999992 655.8800000000062
27.96 20.0 655.8800000000062
27.96 0.0 655.8800000000062
27.96 20.0 655.8800000000062
27.96 0.0 655.8800000000062
24.960000000000022 20.0 655.8800000000062
24.960000000000022 0.0 655.8800000000062
24.960000000000022 20.0 655.8800000000062
24.960000000000022 0.0 655.8800000000062
27.98 20.0 655.8800000000062
27.98 0.0 655.8800000000062
27.98 20.0 655.8800000000062
27.98 0.0 655.8800000000062
24.940000000000023 20.0 655.8800000000062
24.940000000000023 0.0 655.8800000000062
24.940000000000023 20.0 655.8800000000062
24.940000000000023 0.0 655.8800000000062
24.940000000000023 20.0 655.8800000000062
24.940000000000023 0.0 655.8800000000062
24.940000000000023 20.0 655.8800000000062
24.940000000000023 0.0 655.8800000000062
28.0 20.0 655.8800000000062
28.0 0.0 655.8800000000062
28.0 20.0 655.8800000000062
28.0 0.0 655.8800000000062
28.0 20.0 655.8800000000062
28.0 0.0 655.8800000000062
28.0 20.0 655.8800000000062
28.0 0.0 655.8800000000062
24.940000000000023 20.0 655.8800000000062
24.940000000000023 0.0 655.8800000000062
24.940000000000023 20.0 655.8800000000062
24.940000000000023 0.0 655.8800000000062
24.960000000000022 20.0 655.8800000000062
24.960000000000022 0.0 655.8800000000062
24.960000000000022 20.0 655.8800000000062
24.960000000000022 0.0 655.8800000000062
20.0 29.39999999999999 655.8800000000062
20.0 29.39999999999999 655.8800000000062
20.0 29.41999999999999 655.8800000000062
20.0 29.41999999999999 655.8800000000062
27.98 20.0 655.8800000000062
27.98 0.0 655.8800000000062
27.98 20.0 655.8800000000062
27.98 0.0 655.8800000000062
20.0 29.41999999999999 655.8800000000062
20.0 29.41999999999999 655.8800000000062
27.98 20.0 655.8800000000062
27.98 0.0 655.8800000000062
27.98 20.0 655.8800000000062
27.98 0.0 655.8800000000062
24.960000000000022 20.0 655.8800000000062
24.960000000000022 0.0 655.8800000000062
24.960000000000022 20.0 655.8800000000062
24.960000000000022 0.0 655.8800000000062
27.98 20.0 655.8800000000062
27.98 0.0 655.8800000000062
27.98 20.0 655.8800000000062
27.98 0.0 655.8800000000062
27.98 20.0 655.8800000000062
27.98 0.0 655.8800000000062
27.98 20.0 655.8800000000062
27.98 0.0 655.8800000000062
27.96 20.0 655.8800000000062
27.96 0.0 655.8800000000062
27.96 20.0 655.8800000000062
27.96 0.0 655.8800000000062
20.0 29.41999999999999 655.8800000000062
20.0 29.41999999999999 655.8800000000062
20.0 29.43999999999999 655.8800000000062
20.0 29.43999999999999 655.8800000000062
27.96 20.0 655.8800000000062
27.96 0.0 655.8800000000062
27.96 20.0 655.8800000000062
27.96 0.0 655.8800000000062
27.96 20.0 655.8800000000062
27.96 0.0 655.8800000000062
27.96 20.0 655.8800000000062
27.96 0.0 655.8800000000062
27.98 20.0 655.8800000000062
27.98 0.0 655.8800000000062
27.98 20.0 655.8800000000062
27.98 0.0 655.8800000000062
20.0 29.41999999999999 655.8800000000062
20.0 29.41999999999999 655.8800000000062
20.0 29.41999999999999 655.8800000000062
20.0 29.41999999999999 655.8800000000062
20.0 29.43999999999999 655.8800000000062
20.0 29.43999999999999 655.8800000000062
20.0 29.43999999999999 655.8800000000062
20.0 29.43999999999999 655.8800000000062
20.0 29.45999999999999 655.8800000000062
20.0 29.45999999999999 655.8800000000062
20.0 29.43999999999999 655.8800000000062
20.0 29.43999999999999 655.8800000000062
20.0 29.45999999999999 655.8800000000062
20.0 29.45999999999999 655.8800000000062
20.0 29.45999999999999 655.8800000000062
20.0 29.45999999999999 655.8800000000062
20.0 29.719999999999985 655.8800000000062
20.0 29.719999999999985 655.8800000000062
20.0 29.759999999999984 655.8800000000062
20.0 29.759999999999984 655.8800000000062
20.0 29.759999999999984 655.8800000000062
20.0 29.759999999999984 655.8800000000062
20.0 29.779999999999983 655.8800000000062
20.0 29.779999999999983 655.8800000000062
20.0 29.799999999999983 655.8800000000062
20.0 29.799999999999983 655.8800000000062
20.0 29.799999999999983 655.8800000000062
20.0 29.799999999999983 655.8800000000062
20.0 29.799999999999983 655.8800000000062
20.0 29.799999999999983 655.8800000000062
20.0 29.839999999999982 655.8800000000062
20.0 29.839999999999982 655.8800000000062
20.0 29.819999999999983 655.8800000000062
20.0 29.819999999999983 655.8800000000062
20.0 29.819999999999983 655.8800000000062
20.0 29.819999999999983 655.8800000000062
20.0 29.819999999999983 655.8800000000062
20.0 29.819999999999983 655.8800000000062
20.0 29.819999999999983 655.8800000000062
20.0 29.819999999999983 655.8800000000062
20.0 29.819999999999983 655.8800000000062
20.0 29.819999999999983 655.8800000000062
20.0 29.839999999999982 655.8800000000062
20.0 29.839999999999982 655.8800000000062
20.0 29.839999999999982 655.8800000000062
20.0 29.839999999999982 655.8800000000062
20.0 29.839999999999982 655.8800000000062
20.0 29.839999999999982 655.8800000000062
20.0 29.839999999999982 655.8800000000062
20.0 29.839999999999982 655.8800000000062
20.0 29.839999999999982 655.8800000000062
20.0 29.839999999999982 655.8800000000062
20.0 29.799999999999983 655.8800000000062
20.0 29.799999999999983 655.8800000000062
20.0 29.839999999999982 655.8800000000062
20.0 29.839999999999982 655.8800000000062
20.0 29.819999999999983 655.8800000000062
20.0 29.819999999999983 655.8800000000062
20.0 29.85999999999998 655.8800000000062
20.0 29.85999999999998 655.8800000000062
20.0 29.85999999999998 655.8800000000062
20.0 29.85999999999998 655.8800000000062
20.0 29.89999999999998 655.8800000000062
20.0 29.89999999999998 655.8800000000062
20.0 29.89999999999998 655.8800000000062
20.0 29.89999999999998 655.8800000000062
20.0 29.89999999999998 655.8800000000062
20.0 29.89999999999998 655.8800000000062
20.0 29.87999999999998 655.8800000000062
20.0 29.87999999999998 655.8800000000062
20.0 29.839999999999982 655.8800000000062
20.0 29.839999999999982 655.8800000000062
20.0 29.839999999999982 655.8800000000062
20.0 29.839999999999982 655.8800000000062
20.0 29.839999999999982 655.8800000000062
20.0 29.839999999999982 655.8800000000062
20.0 29.839999999999982 655.8800000000062
20.0 29.839999999999982 655.8800000000062
20.0 29.839999999999982 655.8800000000062
20.0 29.839999999999982 655.8800000000062
20.0 29.839999999999982 655.8800000000062
20.0 29.839999999999982 655.8800000000062
20.0 29.819999999999983 655.8800000000062
20.0 29.819999999999983 655.8800000000062
20.0 29.799999999999983 655.8800000000062
20.0 29.799999999999983 655.8800000000062
20.0 29.819999999999983 655.8800000000062
20.0 29.819999999999983 655.8800000000062
20.0 29.819999999999983 655.8800000000062
20.0 29.819999999999983 655.8800000000062
20.0 29.839999999999982 655.8800000000062
20.0 29.839999999999982 655.8800000000062
20.0 29.87999999999998 655.8800000000062
20.0 29.87999999999998 655.8800000000062
20.0 29.89999999999998 655.8800000000062
20.0 29.89999999999998 655.8800000000062
20.0 29.93999999999998 655.8800000000062
20.0 29.93999999999998 655.8800000000062
20.0 29.95999999999998 655.8800000000062
20.0 29.95999999999998 655.8800000000062
28.0 20.0 655.8800000000062
28.0 0.0 655.8800000000062
28.0 20.0 655.8800000000062
28.0 0.0 655.8800000000062
28.0 20.0 655.8800000000062
28.0 0.0 655.8800000000062
28.0 20.0 655.8800000000062
28.0 0.0 655.8800000000062
15.989999999999533 6.950000000000001 655.8800000000062
17.969999999999526 4.029999999999978 655.8800000000062
10.0 12.0 655.8800000000062
9.99 2.0500000000001553 655.8800000000062
18.009999999999994 15.829999999999536 655.8800000000062
5.010000000000021 0.9700000000000006 655.8800000000062
1.01 1.9900000000000213 655.8800000000062
17.00999999999976 18.04999999999985 655.8800000000062
1.02 12.999999999999957 655.8800000000062
14.57999999999972 15.999999999999533 655.8800000000062
4.049999999999999 4.029999999999999 655.8800000000062
12.140000000000018 0.9799999999999989 655.8800000000062
4.019999999999978 12.999999999999957 655.8800000000062
8.0 0.9800000000000006 655.8800000000062
4.009999999999957 7.99 655.8800000000062
1.0100000000000007 9.94999999999998 655.8800000000062
15.0 2.960000000000001 655.8800000000062
15.949999999999221 12.969999999999958 655.8800000000062
7.019999999999936 10.0 655.8800000000062
0.9900000000001554 5.9900000000000215 655.8800000000062
9.0 7.019999999999914 655.8800000000062
3.980000000000043 18.999999999999844 655.8800000000062
6.980000000000022 4.0399999999999565 655.8800000000062
11.84999999999996 14.989999999999554 655.8800000000062
7.000000000000021 14.999999999999398 655.8800000000062
12.0 5.019999999999978 655.8800000000062
13.059999999999999 9.679999999999986 655.8800000000062
12.99 18.98999999999953 655.8800000000062
17.259999999999792 0.9600000000001554 655.8800000000062
18.039999999999694 10.119999999999976 655.8800000000062
18.99999999999953 7.860000000000003 655.8800000000062
1.8200000000000425 15.99999999999996 655.8800000000062
8.979999999999979 18.019999999999378 655.8800000000062
-10 12 655.8800000000062
-10 12 655.8800000000062
-7 9 655.8800000000062
-7 9 655.8800000000062
-10 -8 655.8800000000062
-10 -8 655.8800000000062
-7 -11 655.8800000000062
-7 -11 655.8800000000062
-8 -16 655.8800000000062
-8 -16 655.8800000000062
0.0 -11.0 655.8800000000062
0.0 -11.0 655.8800000000062
0.0 -11.0 655.8800000000062
0.0 -11.0 655.8800000000062
0.0 -11.0 655.8800000000062
0.0 -11.0 655.8800000000062
0.0 -11.0 655.8800000000062
0.0 -11.0 655.8800000000062
0.0 -11.0 655.8800000000062
0.0 -11.0 655.8800000000062
0.0 -11.0 655.8800000000062
0.0 -11.0 655.8800000000062
0.0 -11.0 655.8800000000062
0.0 -11.0 655.8800000000062
0.0 -11.02 655.8800000000062
0.0 -11.02 655.8800000000062
0.0 -11.0 655.8800000000062
0.0 -11.0 655.8800000000062
0.0 -10.98 655.8800000000062
0.0 -10.98 655.8800000000062
0.0 -10.96 655.8800000000062
0.0 -10.96 655.8800000000062
0.0 -10.96 655.8800000000062
0.0 -10.96 655.8800000000062
0.0 -10.96 655.8800000000062
0.0 -10.96 655.8800000000062
0.0 -10.96 655.8800000000062
0.0 -10.96 655.8800000000062
0.0 -10.98 655.8800000000062
0.0 -10.98 655.8800000000062
0.0 -11.0 655.8800000000062
0.0 -11.0 655.8800000000062
0.0 -11.0 655.8800000000062
0.0 -11.0 655.8800000000062
0.0 -11.0 655.8800000000062
0.0 -11.0 655.8800000000062
0.0 -11.0 655.8800000000062
0.0 -11.0 655.8800000000062
0.0 -11.0 655.8800000000062
0.0 -11.0 655.8800000000062
0.0 -11.0 655.8800000000062
0.0 -11.0 655.8800000000062
0.0 -10.900000000000002 655.8800000000062
0.0 -10.900000000000002 655.8800000000062
0.0 -10.880000000000003 655.8800000000062
0.0 -10.880000000000003 655.8800000000062
0.0 -10.860000000000003 655.8800000000062
0.0 -10.860000000000003 655.8800000000062
0.0 -10.840000000000003 655.8800000000062
0.0 -10.840000000000003 655.8800000000062
0.0 -10.840000000000003 655.8800000000062
0.0 -10.840000000000003 655.8800000000062
0.0 -10.820000000000004 655.8800000000062
0.0 -10.820000000000004 655.8800000000062
0.0 -10.820000000000004 655.8800000000062
0.0 -10.820000000000004 655.8800000000062
0.0 -10.820000000000004 655.8800000000062
0.0 -10.820000000000004 655.8800000000062
0.0 -10.840000000000003 655.8800000000062
0.0 -10.840000000000003 655.8800000000062
0.0 -10.820000000000004 655.8800000000062
0.0 -10.820000000000004 655.8800000000062
0.0 -10.820000000000004 655.8800000000062
0.0 -10.820000000000004 655.8800000000062
0.0 -10.840000000000003 655.8800000000062
0.0 -10.840000000000003 655.8800000000062
0.0 -10.840000000000003 655.8800000000062
0.0 -10.840000000000003 655.8800000000062
-5.01 -17.030000000000005 655.8800000000062
-5.01 -17.030000000000005 655.8800000000062
0.0 -10.840000000000003 655.8800000000062
0.0 -10.840000000000003 655.8800000000062
0.0 -10.840000000000003 655.8800000000062
0.0 -10.840000000000003 655.8800000000062
0.0 -10.860000000000003 655.8800000000062
0.0 -10.860000000000003 655.8800000000062
0.0 -10.860000000000003 655.8800000000062
0.0 -10.860000000000003 655.8800000000062
0.0 -10.840000000000003 655.8800000000062
0.0 -10.840000000000003 655.8800000000062
0.0 -10.820000000000004 655.8800000000062
0.0 -10.820000000000004 655.8800000000062
0.0 -10.820000000000004 655.8800000000062
0.0 -10.820000000000004 655.8800000000062
0.0 -10.820000000000004 655.8800000000062
0.0 -10.820000000000004 655.8800000000062
0.0 -10.840000000000003 655.8800000000062
0.0 -10.840000000000003 655.8800000000062
0.0 -10.840000000000003 655.8800000000062
0.0 -10.840000000000003 655.8800000000062
0.0 -10.860000000000003 655.8800000000062
0.0 -10.860000000000003 655.8800000000062
0.0 -10.860000000000003 655.8800000000062
0.0 -10.860000000000003 655.8800000000062
0.0 -10.840000000000003 655.8800000000062
0.0 -10.840000000000003 655.8800000000062
0.0 -10.860000000000003 655.8800000000062
0.0 -10.860000000000003 655.8800000000062
0.0 -10.860000000000003 655.8800000000062
0.0 -10.860000000000003 655.8800000000062
0.0 -10.880000000000003 655.8800000000062
0.0 -10.880000000000003 655.8800000000062
0.0 -10.860000000000003 655.8800000000062
0.0 -10.860000000000003 655.8800000000062
0.0 -10.860000000000003 655.8800000000062
0.0 -10.860000000000003 655.8800000000062
0.0 -10.880000000000003 655.8800000000062
0.0 -10.880000000000003 655.8800000000062
0.0 -10.900000000000002 655.8800000000062
0.0 -10.900000000000002 655.8800000000062
0.0 -10.920000000000002 655.8800000000062
0.0 -10.920000000000002 655.8800000000062
0.0 -10.940000000000001 655.8800000000062
0.0 -10.940000000000001 655.8800000000062
0.0 -10.940000000000001 655.8800000000062
0.0 -10.940000000000001 655.8800000000062
0.0 -10.940000000000001 655.8800000000062
0.0 -10.940000000000001 655.8800000000062
0.0 -10.920000000000002 655.8800000000062
0.0 -10.920000000000002 655.8800000000062
0.0 -10.920000000000002 655.8800000000062
0.0 -10.920000000000002 655.8800000000062
0.0 -10.920000000000002 655.8800000000062
0.0 -10.920000000000002 655.8800000000062
0.0 -10.900000000000002 655.8800000000062
0.0 -10.900000000000002 655.8800000000062
0.0 -10.880000000000003 655.8800000000062
0.0 -10.880000000000003 655.8800000000062
0.0 -10.880000000000003 655.8800000000062
0.0 -10.880000000000003 655.8800000000062
0.0 -10.880000000000003 655.8800000000062
0.0 -10.880000000000003 655.8800000000062
0.0 -10.860000000000003 655.8800000000062
0.0 -10.860000000000003 655.8800000000062
0.0 -10.860000000000003 655.8800000000062
0.0 -10.860000000000003 655.8800000000062
0.0 -10.840000000000003 655.8800000000062
0.0 -10.840000000000003 655.8800000000062
0.0 -10.840000000000003 655.8800000000062
0.0 -10.840000000000003 655.8800000000062
0.0 -10.820000000000004 655.8800000000062
0.0 -10.820000000000004 655.8800000000062
0.0 -10.820000000000004 655.8800000000062
0.0 -10.820000000000004 655.8800000000062
0.0 -10.840000000000003 655.8800000000062
0.0 -10.840000000000003 655.8800000000062
0.0 -10.860000000000003 655.8800000000062
0.0 -10.860000000000003 655.8800000000062
0.0 -10.820000000000004 655.8800000000062
0.0 -10.820000000000004 655.8800000000062
0.0 -10.820000000000004 655.8800000000062
0.0 -10.820000000000004 655.8800000000062
0.0 -10.840000000000003 655.8800000000062
0.0 -10.840000000000003 655.8800000000062
0.0 -10.840000000000003 655.8800000000062
0.0 -10.840000000000003 655.8800000000062
0.0 -10.840000000000003 655.8800000000062
0.0 -10.840000000000003 655.8800000000062
0.0 -10.840000000000003 655.8800000000062
0.0 -10.840000000000003 655.8800000000062
0.0 -10.840000000000003 655.8800000000062
0.0 -10.840000000000003 655.8800000000062
0.0 -10.820000000000004 655.8800000000062
0.0 -10.820000000000004 655.8800000000062
0.0 -10.820000000000004 655.8800000000062
0.0 -10.820000000000004 655.8800000000062
0.0 -10.820000000000004 655.8800000000062
0.0 -10.820000000000004 655.8800000000062
0.0 -10.820000000000004 655.8800000000062
0.0 -10.820000000000004 655.8800000000062
0.0 -10.820000000000004 655.8800000000062
0.0 -10.820000000000004 655.8800000000062
0.0 -10.800000000000004 655.8800000000062
0.0 -10.800000000000004 655.8800000000062
0.0 -10.800000000000004 655.8800000000062
0.0 -10.800000000000004 655.8800000000062
0.0 -10.800000000000004 655.8800000000062
0.0 -10.800000000000004 655.8800000000062
0.0 -10.800000000000004 655.8800000000062
0.0 -10.800000000000004 655.8800000000062
0.0 -10.780000000000005 655.8800000000062
0.0 -10.780000000000005 655.8800000000062
0.0 -10.760000000000005 655.8800000000062
0.0 -10.760000000000005 655.8800000000062
0.0 -10.740000000000006 655.8800000000062
0.0 -10.740000000000006 655.8800000000062
0.0 -10.760000000000005 655.8800000000062
0.0 -10.760000000000005 655.8800000000062
0.0 -10.760000000000005 655.8800000000062
0.0 -10.760000000000005 655.8800000000062
0.0 -10.740000000000006 655.8800000000062
0.0 -10.740000000000006 655.8800000000062
0.0 -10.760000000000005 655.8800000000062
0.0 -10.760000000000005 655.8800000000062
0.0 -10.740000000000006 655.8800000000062
0.0 -10.740000000000006 655.8800000000062
0.0 -10.740000000000006 655.8800000000062
0.0 -10.740000000000006 655.8800000000062
0.0 -10.720000000000006 655.8800000000062
0.0 -10.720000000000006 655.8800000000062
0.0 -10.720000000000006 655.8800000000062
0.0 -10.720000000000006 655.8800000000062
0.0 -10.700000000000006 655.8800000000062
0.0 -10.700000000000006 655.8800000000062
0.0 -10.720000000000006 655.8800000000062
0.0 -10.720000000000006 655.8800000000062
0.0 -10.720000000000006 655.8800000000062
0.0 -10.720000000000006 655.8800000000062
0.0 -10.740000000000006 655.8800000000062
0.0 -10.740000000000006 655.8800000000062
0.0 -10.740000000000006 655.8800000000062
0.0 -10.740000000000006 655.8800000000062
0.0 -10.720000000000006 655.8800000000062
0.0 -10.720000000000006 655.8800000000062
0.0 -10.720000000000006 655.8800000000062
0.0 -10.720000000000006 655.8800000000062
0.0 -10.740000000000006 655.8800000000062
0.0 -10.740000000000006 655.8800000000062
0.0 -10.740000000000006 655.8800000000062
0.0 -10.740000000000006 655.8800000000062
0.0 -10.720000000000006 655.8800000000062
0.0 -10.720000000000006 655.8800000000062
0.0 -10.720000000000006 655.8800000000062
0.0 -10.720000000000006 655.8800000000062
0.0 -10.720000000000006 655.8800000000062
0.0 -10.720000000000006 655.8800000000062
0.0 -10.700000000000006 655.8800000000062
0.0 -10.700000000000006 655.8800000000062
0.0 -10.700000000000006 655.8800000000062
0.0 -10.700000000000006 655.8800000000062
0.0 -10.700000000000006 655.8800000000062
0.0 -10.700000000000006 655.8800000000062
0.0 -10.720000000000006 655.8800000000062
0.0 -10.720000000000006 655.8800000000062
0.0 -10.700000000000006 655.8800000000062
0.0 -10.700000000000006 655.8800000000062
0.0 -10.720000000000006 655.8800000000062
0.0 -10.720000000000006 655.8800000000062
0.0 -10.720000000000006 655.8800000000062
0.0 -10.720000000000006 655.8800000000062
0.0 -10.740000000000006 655.8800000000062
0.0 -10.740000000000006 655.8800000000062
0.0 -10.740000000000006 655.8800000000062
0.0 -10.740000000000006 655.8800000000062
0.0 -10.720000000000006 655.8800000000062
0.0 -10.720000000000006 655.8800000000062
0.0 -10.700000000000006 655.8800000000062
0.0 -10.700000000000006 655.8800000000062
0.0 -10.700000000000006 655.8800000000062
0.0 -10.700000000000006 655.8800000000062
0.0 -10.720000000000006 655.8800000000062
0.0 -10.720000000000006 655.8800000000062
0.0 -10.700000000000006 655.8800000000062
0.0 -10.700000000000006 655.8800000000062
0.0 -10.680000000000007 655.8800000000062
0.0 -10.680000000000007 655.8800000000062
0.0 -10.680000000000007 655.8800000000062
0.0 -10.680000000000007 655.8800000000062
0.0 -10.660000000000007 655.8800000000062
0.0 -10.660000000000007 655.8800000000062
0.0 -10.660000000000007 655.8800000000062
0.0 -10.660000000000007 655.8800000000062
0.0 -10.660000000000007 655.8800000000062
0.0 -10.660000000000007 655.8800000000062
0.0 -10.660000000000007 655.8800000000062
0.0 -10.660000000000007 655.8800000000062
0.0 -10.660000000000007 655.8800000000062
0.0 -10.660000000000007 655.8800000000062
0.0 -10.680000000000007 655.8800000000062
0.0 -10.680000000000007 655.8800000000062
0.0 -10.660000000000007 655.8800000000062
0.0 -10.660000000000007 655.8800000000062
0.0 -10.660000000000007 655.8800000000062
0.0 -10.660000000000007 655.8800000000062
0.0 -10.660000000000007 655.8800000000062
0.0 -10.660000000000007 655.8800000000062
0.0 -10.680000000000007 655.8800000000062
0.0 -10.680000000000007 655.8800000000062
0.0 -10.700000000000006 655.8800000000062
0.0 -10.700000000000006 655.8800000000062
0.0 -10.720000000000006 655.8800000000062
0.0 -10.720000000000006 655.8800000000062
0.0 -10.720000000000006 655.8800000000062
0.0 -10.720000000000006 655.8800000000062
0.0 -10.700000000000006 655.8800000000062
0.0 -10.700000000000006 655.8800000000062
0.0 -10.720000000000006 655.8800000000062
0.0 -10.720000000000006 655.8800000000062
0.0 -10.680000000000007 655.8800000000062
0.0 -10.680000000000007 655.8800000000062
0.0 -10.660000000000007 655.8800000000062
0.0 -10.660000000000007 655.8800000000062
0.0 -10.640000000000008 655.8800000000062
0.0 -10.640000000000008 655.8800000000062
0.0 -10.620000000000008 655.8800000000062
0.0 -10.620000000000008 655.8800000000062
0.0 -10.620000000000008 655.8800000000062
0.0 -10.620000000000008 655.8800000000062
0.0 -10.620000000000008 655.8800000000062
0.0 -10.620000000000008 655.8800000000062
0.0 -10.640000000000008 655.8800000000062
0.0 -10.640000000000008 655.8800000000062
0.0 -10.640000000000008 655.8800000000062
0.0 -10.640000000000008 655.8800000000062
0.0 -10.640000000000008 655.8800000000062
0.0 -10.640000000000008 655.8800000000062
0.0 -10.620000000000008 655.8800000000062
0.0 -10.620000000000008 655.8800000000062
0.0 -10.600000000000009 655.8800000000062
0.0 -10.600000000000009 655.8800000000062
0.0 -10.580000000000009 655.8800000000062
0.0 -10.580000000000009 655.8800000000062
0.0 -10.580000000000009 655.8800000000062
0.0 -10.580000000000009 655.8800000000062
0.0 -10.580000000000009 655.8800000000062
0.0 -10.580000000000009 655.8800000000062
0.0 -10.56000000000001 655.8800000000062
0.0 -10.56000000000001 655.8800000000062
0.0 -10.580000000000009 655.8800000000062
0.0 -10.580000000000009 655.8800000000062
0.0 -10.580000000000009 655.8800000000062
0.0 -10.580000000000009 655.8800000000062
0.0 -10.56000000000001 655.8800000000062
0.0 -10.56000000000001 655.8800000000062
0.0 -10.56000000000001 655.8800000000062
0.0 -10.56000000000001 655.8800000000062
0.0 -10.54000000000001 655.8800000000062
0.0 -10.54000000000001 655.8800000000062
0.0 -10.56000000000001 655.8800000000062
0.0 -10.56000000000001 655.8800000000062
0.0 -10.54000000000001 655.8800000000062
0.0 -10.54000000000001 655.8800000000062
0.0 -10.54000000000001 655.8800000000062
0.0 -10.54000000000001 655.8800000000062
0.0 -10.280000000000015 655.8800000000062
0.0 -10.280000000000015 655.8800000000062
0.0 -10.240000000000016 655.8800000000062
0.0 -10.240000000000016 655.8800000000062
0.0 -10.240000000000016 655.8800000000062
0.0 -10.240000000000016 655.8800000000062
0.0 -10.220000000000017 655.8800000000062
0.0 -10.220000000000017 655.8800000000062
0.0 -10.200000000000017 655.8800000000062
0.0 -10.200000000000017 655.8800000000062
0.0 -10.200000000000017 655.8800000000062
0.0 -10.200000000000017 655.8800000000062
0.0 -10.200000000000017 655.8800000000062
0.0 -10.200000000000017 655.8800000000062
0.0 -10.160000000000018 655.8800000000062
0.0 -10.160000000000018 655.8800000000062
0.0 -10.180000000000017 655.8800000000062
0.0 -10.180000000000017 655.8800000000062
0.0 -10.180000000000017 655.8800000000062
0.0 -10.180000000000017 655.8800000000062
0.0 -10.180000000000017 655.8800000000062
0.0 -10.180000000000017 655.8800000000062
0.0 -10.180000000000017 655.8800000000062
0.0 -10.180000000000017 655.8800000000062
0.0 -10.180000000000017 655.8800000000062
0.0 -10.180000000000017 655.8800000000062
0.0 -10.160000000000018 655.8800000000062
0.0 -10.160000000000018 655.8800000000062
0.0 -10.160000000000018 655.8800000000062
0.0 -10.160000000000018 655.8800000000062
0.0 -10.160000000000018 655.8800000000062
0.0 -10.160000000000018 655.8800000000062
0.0 -10.160000000000018 655.8800000000062
0.0 -10.160000000000018 655.8800000000062
0.0 -10.160000000000018 655.8800000000062
0.0 -10.160000000000018 655.8800000000062
0.0 -10.200000000000017 655.8800000000062
0.0 -10.200000000000017 655.8800000000062
0.0 -10.160000000000018 655.8800000000062
0.0 -10.160000000000018 655.8800000000062
0.0 -10.180000000000017 655.8800000000062
0.0 -10.180000000000017 655.8800000000062
0.0 -10.140000000000018 655.8800000000062
0.0 -10.140000000000018 655.8800000000062
0.0 -10.140000000000018 655.8800000000062
0.0 -10.140000000000018 655.8800000000062
0.0 -10.10000000000002 655.8800000000062
0.0 -10.10000000000002 655.8800000000062
0.0 -10.10000000000002 655.8800000000062
0.0 -10.10000000000002 655.8800000000062
0.0 -10.10000000000002 655.8800000000062
0.0 -10.10000000000002 655.8800000000062
0.0 -10.120000000000019 655.8800000000062
0.0 -10.120000000000019 655.8800000000062
0.0 -10.160000000000018 655.8800000000062
0.0 -10.160000000000018 655.8800000000062
0.0 -10.160000000000018 655.8800000000062
0.0 -10.160000000000018 655.8800000000062
0.0 -10.160000000000018 655.8800000000062
0.0 -10.160000000000018 655.8800000000062
0.0 -10.160000000000018 655.8800000000062
0.0 -10.160000000000018 655.8800000000062
0.0 -10.160000000000018 655.8800000000062
0.0 -10.160000000000018 655.8800000000062
0.0 -10.160000000000018 655.8800000000062
0.0 -10.160000000000018 655.8800000000062
0.0 -10.180000000000017 655.8800000000062
0.0 -10.180000000000017 655.8800000000062
0.0 -10.200000000000017 655.8800000000062
0.0 -10.200000000000017 655.8800000000062
0.0 -10.180000000000017 655.8800000000062
0.0 -10.180000000000017 655.8800000000062
0.0 -10.180000000000017 655.8800000000062
0.0 -10.180000000000017 655.8800000000062
0.0 -10.160000000000018 655.8800000000062
0.0 -10.160000000000018 655.8800000000062
0.0 -10.120000000000019 655.8800000000062
0.0 -10.120000000000019 655.8800000000062
0.0 -10.10000000000002 655.8800000000062
0.0 -10.10000000000002 655.8800000000062
0.0 -10.06000000000002 655.8800000000062
0.0 -10.06000000000002 655.8800000000062
0.0 -10.04000000000002 655.8800000000062
0.0 -10.04000000000002 655.8800000000062
-8 4 655.8800000000062
-8 4 655.8800000000062
-5.01 2.9699999999999953 655.8800000000062
-5.01 2.9699999999999953 655.8800000000062
10 -8 655.8800000000062
10 -8 655.8800000000062
24 -6 655.8800000000062
24 -6 655.8800000000062
24 -10 655.8800000000062
24 -10 655.8800000000062
23 -9 655.8800000000062
23 -9 655.8800000000062
4 -6 655.8800000000062
4 -6 655.8800000000062
4 -10 655.8800000000062
4 -10 655.8800000000062
3 -9 655.8800000000062
3 -9 655.8800000000062
