0 29 655.2799999999929
20 29 655.2799999999929
13 29 655.2799999999929
13 29 655.2799999999929
26 0 655.2799999999929
26 20 655.2799999999929
24 14 655.2799999999929
24 14 655.2799999999929
24 4 655.2799999999929
4 24 655.2799999999929
24 24 655.2799999999929
12 24 655.2799999999929
12 24 655.2799999999929
28 0 655.2799999999929
28 20 655.2799999999929
24 10 655.2799999999929
24 10 655.2799999999929
29 3 655.2799999999929
9 23 655.2799999999929
29 23 655.2799999999929
23 11 655.2799999999929
23 11 655.2799999999929
20.0 29.0 655.2799999999929
20.0 29.0 655.2799999999929
26.0 20.0 655.2799999999929
26.0 0.0 655.2799999999929
26.0 20.0 655.2799999999929
26.0 0.0 655.2799999999929
20.0 29.0 655.2799999999929
20.0 29.0 655.2799999999929
25.98 20.0 655.2799999999929
25.98 0.0 655.2799999999929
25.98 20.0 655.2799999999929
25.98 0.0 655.2799999999929
25.98 20.0 655.2799999999929
25.98 0.0 655.2799999999929
25.98 20.0 655.2799999999929
25.98 0.0 655.2799999999929
25.94 20.0 655.2799999999929
25.94 0.0 655.2799999999929
25.94 20.0 655.2799999999929
25.94 0.0 655.2799999999929
20.0 29.0 655.2799999999929
20.0 29.0 655.2799999999929
20.0 29.0 655.2799999999929
20.0 29.0 655.2799999999929
27.98 20.0 655.2799999999929
27.98 0.0 655.2799999999929
27.98 20.0 655.2799999999929
27.98 0.0 655.2799999999929
20.0 29.0 655.2799999999929
20.0 29.0 655.2799999999929
20.0 29.0 655.2799999999929
20.0 29.0 655.2799999999929
28.02 20.0 655.2799999999929
28.02 0.0 655.2799999999929
28.02 20.0 655.2799999999929
28.02 0.0 655.2799999999929
25.900000000000002 20.0 655.2799999999929
25.900000000000002 0.0 655.2799999999929
25.900000000000002 20.0 655.2799999999929
25.900000000000002 0.0 655.2799999999929
25.900000000000002 20.0 655.2799999999929
25.900000000000002 0.0 655.2799999999929
25.900000000000002 20.0 655.2799999999929
25.900000000000002 0.0 655.2799999999929
25.900000000000002 20.0 655.2799999999929
25.900000000000002 0.0 655.2799999999929
25.900000000000002 20.0 655.2799999999929
25.900000000000002 0.0 655.2799999999929
25.880000000000003 20.0 655.2799999999929
25.880000000000003 0.0 655.2799999999929
25.880000000000003 20.0 655.2799999999929
25.880000000000003 0.0 655.2799999999929
20.0 29.0 655.2799999999929
20.0 29.0 655.2799999999929
25.880000000000003 20.0 655.2799999999929
25.880000000000003 0.0 655.2799999999929
25.880000000000003 20.0 655.2799999999929
25.880000000000003 0.0 655.2799999999929
28.0 20.0 655.2799999999929
28.0 0.0 655.2799999999929
28.0 20.0 655.2799999999929
28.0 0.0 655.2799999999929
25.860000000000003 20.0 655.2799999999929
25.860000000000003 0.0 655.2799999999929
25.860000000000003 20.0 655.2799999999929
25.860000000000003 0.0 655.2799999999929
25.840000000000003 20.0 655.2799999999929
25.840000000000003 0.0 655.2799999999929
25.840000000000003 20.0 655.2799999999929
25.840000000000003 0.0 655.2799999999929
28.0 20.0 655.2799999999929
28.0 0.0 655.2799999999929
28.0 20.0 655.2799999999929
28.0 0.0 655.2799999999929
25.820000000000004 20.0 655.2799999999929
25.820000000000004 0.0 655.2799999999929
25.820000000000004 20.0 655.2799999999929
25.820000000000004 0.0 655.2799999999929
25.820000000000004 20.0 655.2799999999929
25.820000000000004 0.0 655.2799999999929
25.820000000000004 20.0 655.2799999999929
25.820000000000004 0.0 655.2799999999929
20.0 28.98 655.2799999999929
20.0 28.98 655.2799999999929
25.800000000000004 20.0 655.2799999999929
25.800000000000004 0.0 655.2799999999929
25.800000000000004 20.0 655.2799999999929
25.800000000000004 0.0 655.2799999999929
25.780000000000005 20.0 655.2799999999929
25.780000000000005 0.0 655.2799999999929
25.780000000000005 20.0 655.2799999999929
25.780000000000005 0.0 655.2799999999929
25.780000000000005 20.0 655.2799999999929
25.780000000000005 0.0 655.2799999999929
25.780000000000005 20.0 655.2799999999929
25.780000000000005 0.0 655.2799999999929
28.0 20.0 655.2799999999929
28.0 0.0 655.2799999999929
28.0 20.0 655.2799999999929
28.0 0.0 655.2799999999929
25.780000000000005 20.0 655.2799999999929
25.780000000000005 0.0 655.2799999999929
25.780000000000005 20.0 655.2799999999929
25.780000000000005 0.0 655.2799999999929
20.0 29.0 655.2799999999929
20.0 29.0 655.2799999999929
25.780000000000005 20.0 655.2799999999929
25.780000000000005 0.0 655.2799999999929
25.780000000000005 20.0 655.2799999999929
25.780000000000005 0.0 655.2799999999929
28.0 20.0 655.2799999999929
28.0 0.0 655.2799999999929
28.0 20.0 655.2799999999929
28.0 0.0 655.2799999999929
20.0 29.02 655.2799999999929
20.0 29.02 655.2799999999929
27.98 20.0 655.2799999999929
27.98 0.0 655.2799999999929
27.98 20.0 655.2799999999929
27.98 0.0 655.2799999999929
27.98 20.0 655.2799999999929
27.98 0.0 655.2799999999929
27.98 20.0 655.2799999999929
27.98 0.0 655.2799999999929
28.0 20.0 655.2799999999929
28.0 0.0 655.2799999999929
28.0 20.0 655.2799999999929
28.0 0.0 655.2799999999929
25.740000000000006 20.0 655.2799999999929
25.740000000000006 0.0 655.2799999999929
25.740000000000006 20.0 655.2799999999929
25.740000000000006 0.0 655.2799999999929
25.720000000000006 20.0 655.2799999999929
25.720000000000006 0.0 655.2799999999929
25.720000000000006 20.0 655.2799999999929
25.720000000000006 0.0 655.2799999999929
27.98 20.0 655.2799999999929
27.98 0.0 655.2799999999929
27.98 20.0 655.2799999999929
27.98 0.0 655.2799999999929
25.700000000000006 20.0 655.2799999999929
25.700000000000006 0.0 655.2799999999929
25.700000000000006 20.0 655.2799999999929
25.700000000000006 0.0 655.2799999999929
28.0 20.0 655.2799999999929
28.0 0.0 655.2799999999929
28.0 20.0 655.2799999999929
28.0 0.0 655.2799999999929
25.700000000000006 20.0 655.2799999999929
25.700000000000006 0.0 655.2799999999929
25.700000000000006 20.0 655.2799999999929
25.700000000000006 0.0 655.2799999999929
20.0 29.04 655.2799999999929
20.0 29.04 655.2799999999929
20.0 29.04 655.2799999999929
20.0 29.04 655.2799999999929
20.0 29.04 655.2799999999929
20.0 29.04 655.2799999999929
25.54000000000001 20.0 655.2799999999929
25.54000000000001 0.0 655.2799999999929
25.54000000000001 20.0 655.2799999999929
25.54000000000001 0.0 655.2799999999929
20.0 29.04 655.2799999999929
20.0 29.04 655.2799999999929
25.52000000000001 20.0 655.2799999999929
25.52000000000001 0.0 655.2799999999929
25.52000000000001 20.0 655.2799999999929
25.52000000000001 0.0 655.2799999999929
25.50000000000001 20.0 655.2799999999929
25.50000000000001 0.0 655.2799999999929
25.50000000000001 20.0 655.2799999999929
25.50000000000001 0.0 655.2799999999929
20.0 29.02 655.2799999999929
20.0 29.02 655.2799999999929
25.48000000000001 20.0 655.2799999999929
25.48000000000001 0.0 655.2799999999929
25.48000000000001 20.0 655.2799999999929
25.48000000000001 0.0 655.2799999999929
28.0 20.0 655.2799999999929
28.0 0.0 655.2799999999929
28.0 20.0 655.2799999999929
28.0 0.0 655.2799999999929
28.0 20.0 655.2799999999929
28.0 0.0 655.2799999999929
28.0 20.0 655.2799999999929
28.0 0.0 655.2799999999929
25.46000000000001 20.0 655.2799999999929
25.46000000000001 0.0 655.2799999999929
25.46000000000001 20.0 655.2799999999929
25.46000000000001 0.0 655.2799999999929
20.0 29.0 655.2799999999929
20.0 29.0 655.2799999999929
25.420000000000012 20.0 655.2799999999929
25.420000000000012 0.0 655.2799999999929
25.420000000000012 20.0 655.2799999999929
25.420000000000012 0.0 655.2799999999929
25.380000000000013 20.0 655.2799999999929
25.380000000000013 0.0 655.2799999999929
25.380000000000013 20.0 655.2799999999929
25.380000000000013 0.0 655.2799999999929
25.360000000000014 20.0 655.2799999999929
25.360000000000014 0.0 655.2799999999929
25.360000000000014 20.0 655.2799999999929
25.360000000000014 0.0 655.2799999999929
20.0 29.0 655.2799999999929
20.0 29.0 655.2799999999929
25.360000000000014 20.0 655.2799999999929
25.360000000000014 0.0 655.2799999999929
25.360000000000014 20.0 655.2799999999929
25.360000000000014 0.0 655.2799999999929
20.0 29.0 655.2799999999929
20.0 29.0 655.2799999999929
25.300000000000015 20.0 655.2799999999929
25.300000000000015 0.0 655.2799999999929
25.300000000000015 20.0 655.2799999999929
25.300000000000015 0.0 655.2799999999929
20.0 29.0 655.2799999999929
20.0 29.0 655.2799999999929
28.0 20.0 655.2799999999929
28.0 0.0 655.2799999999929
28.0 20.0 655.2799999999929
28.0 0.0 655.2799999999929
25.280000000000015 20.0 655.2799999999929
25.280000000000015 0.0 655.2799999999929
25.280000000000015 20.0 655.2799999999929
25.280000000000015 0.0 655.2799999999929
25.240000000000016 20.0 655.2799999999929
25.240000000000016 0.0 655.2799999999929
25.240000000000016 20.0 655.2799999999929
25.240000000000016 0.0 655.2799999999929
20.0 29.0 655.2799999999929
20.0 29.0 655.2799999999929
25.220000000000017 20.0 655.2799999999929
25.220000000000017 0.0 655.2799999999929
25.220000000000017 20.0 655.2799999999929
25.220000000000017 0.0 655.2799999999929
20.0 29.0 655.2799999999929
20.0 29.0 655.2799999999929
28.0 20.0 655.2799999999929
28.0 0.0 655.2799999999929
28.0 20.0 655.2799999999929
28.0 0.0 655.2799999999929
28.0 20.0 655.2799999999929
28.0 0.0 655.2799999999929
28.0 20.0 655.2799999999929
28.0 0.0 655.2799999999929
25.160000000000018 20.0 655.2799999999929
25.160000000000018 0.0 655.2799999999929
25.160000000000018 20.0 655.2799999999929
25.160000000000018 0.0 655.2799999999929
25.14000000000002 20.0 655.2799999999929
25.14000000000002 0.0 655.2799999999929
25.14000000000002 20.0 655.2799999999929
25.14000000000002 0.0 655.2799999999929
27.98 20.0 655.2799999999929
27.98 0.0 655.2799999999929
27.98 20.0 655.2799999999929
27.98 0.0 655.2799999999929
25.14000000000002 20.0 655.2799999999929
25.14000000000002 0.0 655.2799999999929
25.14000000000002 20.0 655.2799999999929
25.14000000000002 0.0 655.2799999999929
25.12000000000002 20.0 655.2799999999929
25.12000000000002 0.0 655.2799999999929
25.12000000000002 20.0 655.2799999999929
25.12000000000002 0.0 655.2799999999929
25.12000000000002 20.0 655.2799999999929
25.12000000000002 0.0 655.2799999999929
25.12000000000002 20.0 655.2799999999929
25.12000000000002 0.0 655.2799999999929
20.0 29.099999999999998 655.2799999999929
20.0 29.099999999999998 655.2799999999929
20.0 29.119999999999997 655.2799999999929
20.0 29.119999999999997 655.2799999999929
20.0 29.139999999999997 655.2799999999929
20.0 29.139999999999997 655.2799999999929
24.98000000000002 20.0 655.2799999999929
24.98000000000002 0.0 655.2799999999929
24.98000000000002 20.0 655.2799999999929
24.98000000000002 0.0 655.2799999999929
20.0 29.159999999999997 655.2799999999929
20.0 29.159999999999997 655.2799999999929
20.0 29.159999999999997 655.2799999999929
20.0 29.159999999999997 655.2799999999929
25.02000000000002 20.0 655.2799999999929
25.02000000000002 0.0 655.2799999999929
25.02000000000002 20.0 655.2799999999929
25.02000000000002 0.0 655.2799999999929
25.02000000000002 20.0 655.2799999999929
25.02000000000002 0.0 655.2799999999929
25.02000000000002 20.0 655.2799999999929
25.02000000000002 0.0 655.2799999999929
25.00000000000002 20.0 655.2799999999929
25.00000000000002 0.0 655.2799999999929
25.00000000000002 20.0 655.2799999999929
25.00000000000002 0.0 655.2799999999929
25.00000000000002 20.0 655.2799999999929
25.00000000000002 0.0 655.2799999999929
25.00000000000002 20.0 655.2799999999929
25.00000000000002 0.0 655.2799999999929
24.98000000000002 20.0 655.2799999999929
24.98000000000002 0.0 655.2799999999929
24.98000000000002 20.0 655.2799999999929
24.98000000000002 0.0 655.2799999999929
24.960000000000022 20.0 655.2799999999929
24.960000000000022 0.0 655.2799999999929
24.960000000000022 20.0 655.2799999999929
24.960000000000022 0.0 655.2799999999929
24.940000000000023 20.0 655.2799999999929
24.940000000000023 0.0 655.2799999999929
24.940000000000023 20.0 655.2799999999929
24.940000000000023 0.0 655.2799999999929
24.920000000000023 20.0 655.2799999999929
24.920000000000023 0.0 655.2799999999929
24.920000000000023 20.0 655.2799999999929
24.920000000000023 0.0 655.2799999999929
20.0 29.179999999999996 655.2799999999929
20.0 29.179999999999996 655.2799999999929
20.0 29.179999999999996 655.2799999999929
20.0 29.179999999999996 655.2799999999929
20.0 29.179999999999996 655.2799999999929
20.0 29.179999999999996 655.2799999999929
20.0 29.159999999999997 655.2799999999929
20.0 29.159999999999997 655.2799999999929
20.0 29.179999999999996 655.2799999999929
20.0 29.179999999999996 655.2799999999929
20.0 29.179999999999996 655.2799999999929
20.0 29.179999999999996 655.2799999999929
20.0 29.159999999999997 655.2799999999929
20.0 29.159999999999997 655.2799999999929
20.0 29.159999999999997 655.2799999999929
20.0 29.159999999999997 655.2799999999929
14.99 22.969999999999995 655.2799999999929
14.99 22.969999999999995 655.2799999999929
20.0 29.159999999999997 655.2799999999929
20.0 29.159999999999997 655.2799999999929
20.0 29.159999999999997 655.2799999999929
20.0 29.159999999999997 655.2799999999929
20.0 29.139999999999997 655.2799999999929
20.0 29.139999999999997 655.2799999999929
20.0 29.139999999999997 655.2799999999929
20.0 29.139999999999997 655.2799999999929
20.0 29.159999999999997 655.2799999999929
20.0 29.159999999999997 655.2799999999929
20.0 29.179999999999996 655.2799999999929
20.0 29.179999999999996 655.2799999999929
20.0 29.179999999999996 655.2799999999929
20.0 29.179999999999996 655.2799999999929
28.0 20.0 655.2799999999929
28.0 0.0 655.2799999999929
28.0 20.0 655.2799999999929
28.0 0.0 655.2799999999929
27.98 20.0 655.2799999999929
27.98 0.0 655.2799999999929
27.98 20.0 655.2799999999929
27.98 0.0 655.2799999999929
20.0 29.179999999999996 655.2799999999929
20.0 29.179999999999996 655.2799999999929
28.0 20.0 655.2799999999929
28.0 0.0 655.2799999999929
28.0 20.0 655.2799999999929
28.0 0.0 655.2799999999929
20.0 29.159999999999997 655.2799999999929
20.0 29.159999999999997 655.2799999999929
20.0 29.159999999999997 655.2799999999929
20.0 29.159999999999997 655.2799999999929
28.0 20.0 655.2799999999929
28.0 0.0 655.2799999999929
28.0 20.0 655.2799999999929
28.0 0.0 655.2799999999929
20.0 29.139999999999997 655.2799999999929
20.0 29.139999999999997 655.2799999999929
20.0 29.139999999999997 655.2799999999929
20.0 29.139999999999997 655.2799999999929
28.0 20.0 655.2799999999929
28.0 0.0 655.2799999999929
28.0 20.0 655.2799999999929
28.0 0.0 655.2799999999929
20.0 29.159999999999997 655.2799999999929
20.0 29.159999999999997 655.2799999999929
20.0 29.139999999999997 655.2799999999929
20.0 29.139999999999997 655.2799999999929
20.0 29.139999999999997 655.2799999999929
20.0 29.139999999999997 655.2799999999929
20.0 29.119999999999997 655.2799999999929
20.0 29.119999999999997 655.2799999999929
28.0 20.0 655.2799999999929
28.0 0.0 655.2799999999929
28.0 20.0 655.2799999999929
28.0 0.0 655.2799999999929
20.0 29.139999999999997 655.2799999999929
20.0 29.139999999999997 655.2799999999929
20.0 29.139999999999997 655.2799999999929
20.0 29.139999999999997 655.2799999999929
20.0 29.119999999999997 655.2799999999929
20.0 29.119999999999997 655.2799999999929
20.0 29.099999999999998 655.2799999999929
20.0 29.099999999999998 655.2799999999929
28.0 20.0 655.2799999999929
28.0 0.0 655.2799999999929
28.0 20.0 655.2799999999929
28.0 0.0 655.2799999999929
20.0 29.08 655.2799999999929
20.0 29.08 655.2799999999929
28.0 20.0 655.2799999999929
28.0 0.0 655.2799999999929
28.0 20.0 655.2799999999929
28.0 0.0 655.2799999999929
28.0 20.0 655.2799999999929
28.0 0.0 655.2799999999929
28.0 20.0 655.2799999999929
28.0 0.0 655.2799999999929
20.0 29.06 655.2799999999929
20.0 29.06 655.2799999999929
20.0 29.06 655.2799999999929
20.0 29.06 655.2799999999929
28.0 20.0 655.2799999999929
28.0 0.0 655.2799999999929
28.0 20.0 655.2799999999929
28.0 0.0 655.2799999999929
20.0 29.06 655.2799999999929
20.0 29.06 655.2799999999929
28.0 20.0 655.2799999999929
28.0 0.0 655.2799999999929
28.0 20.0 655.2799999999929
28.0 0.0 655.2799999999929
20.0 29.08 655.2799999999929
20.0 29.08 655.2799999999929
20.0 29.08 655.2799999999929
20.0 29.08 655.2799999999929
20.0 29.08 655.2799999999929
20.0 29.08 655.2799999999929
25.00000000000002 20.0 655.2799999999929
25.00000000000002 0.0 655.2799999999929
25.00000000000002 20.0 655.2799999999929
25.00000000000002 0.0 655.2799999999929
20.0 29.099999999999998 655.2799999999929
20.0 29.099999999999998 655.2799999999929
20.0 29.119999999999997 655.2799999999929
20.0 29.119999999999997 655.2799999999929
20.0 29.119999999999997 655.2799999999929
20.0 29.119999999999997 655.2799999999929
20.0 29.119999999999997 655.2799999999929
20.0 29.119999999999997 655.2799999999929
27.98 20.0 655.2799999999929
27.98 0.0 655.2799999999929
27.98 20.0 655.2799999999929
27.98 0.0 655.2799999999929
25.00000000000002 20.0 655.2799999999929
25.00000000000002 0.0 655.2799999999929
25.00000000000002 20.0 655.2799999999929
25.00000000000002 0.0 655.2799999999929
25.00000000000002 20.0 655.2799999999929
25.00000000000002 0.0 655.2799999999929
25.00000000000002 20.0 655.2799999999929
25.00000000000002 0.0 655.2799999999929
25.00000000000002 20.0 655.2799999999929
25.00000000000002 0.0 655.2799999999929
25.00000000000002 20.0 655.2799999999929
25.00000000000002 0.0 655.2799999999929
20.0 29.139999999999997 655.2799999999929
20.0 29.139999999999997 655.2799999999929
20.0 29.139999999999997 655.2799999999929
20.0 29.139999999999997 655.2799999999929
28.02 20.0 655.2799999999929
28.02 0.0 655.2799999999929
28.02 20.0 655.2799999999929
28.02 0.0 655.2799999999929
20.0 29.159999999999997 655.2799999999929
20.0 29.159999999999997 655.2799999999929
25.00000000000002 20.0 655.2799999999929
25.00000000000002 0.0 655.2799999999929
25.00000000000002 20.0 655.2799999999929
25.00000000000002 0.0 655.2799999999929
24.98000000000002 20.0 655.2799999999929
24.98000000000002 0.0 655.2799999999929
24.98000000000002 20.0 655.2799999999929
24.98000000000002 0.0 655.2799999999929
25.00000000000002 20.0 655.2799999999929
25.00000000000002 0.0 655.2799999999929
25.00000000000002 20.0 655.2799999999929
25.00000000000002 0.0 655.2799999999929
20.0 29.159999999999997 655.2799999999929
20.0 29.159999999999997 655.2799999999929
28.0 20.0 655.2799999999929
28.0 0.0 655.2799999999929
28.0 20.0 655.2799999999929
28.0 0.0 655.2799999999929
20.0 29.179999999999996 655.2799999999929
20.0 29.179999999999996 655.2799999999929
20.0 29.179999999999996 655.2799999999929
20.0 29.179999999999996 655.2799999999929
24.98000000000002 20.0 655.2799999999929
24.98000000000002 0.0 655.2799999999929
24.98000000000002 20.0 655.2799999999929
24.98000000000002 0.0 655.2799999999929
20.0 29.159999999999997 655.2799999999929
20.0 29.159999999999997 655.2799999999929
20.0 29.139999999999997 655.2799999999929
20.0 29.139999999999997 655.2799999999929
28.0 20.0 655.2799999999929
28.0 0.0 655.2799999999929
28.0 20.0 655.2799999999929
28.0 0.0 655.2799999999929
25.00000000000002 20.0 655.2799999999929
25.00000000000002 0.0 655.2799999999929
25.00000000000002 20.0 655.2799999999929
25.00000000000002 0.0 655.2799999999929
20.0 29.179999999999996 655.2799999999929
20.0 29.179999999999996 655.2799999999929
28.0 20.0 655.2799999999929
28.0 0.0 655.2799999999929
28.0 20.0 655.2799999999929
28.0 0.0 655.2799999999929
28.0 20.0 655.2799999999929
28.0 0.0 655.2799999999929
28.0 20.0 655.2799999999929
28.0 0.0 655.2799999999929
20.0 29.179999999999996 655.2799999999929
20.0 29.179999999999996 655.2799999999929
28.0 20.0 655.2799999999929
28.0 0.0 655.2799999999929
28.0 20.0 655.2799999999929
28.0 0.0 655.2799999999929
20.0 29.159999999999997 655.2799999999929
20.0 29.159999999999997 655.2799999999929
20.0 29.159999999999997 655.2799999999929
20.0 29.159999999999997 655.2799999999929
20.0 29.159999999999997 655.2799999999929
20.0 29.159999999999997 655.2799999999929
27.98 20.0 655.2799999999929
27.98 0.0 655.2799999999929
27.98 20.0 655.2799999999929
27.98 0.0 655.2799999999929
20.0 29.159999999999997 655.2799999999929
20.0 29.159999999999997 655.2799999999929
20.0 29.159999999999997 655.2799999999929
20.0 29.159999999999997 655.2799999999929
28.0 20.0 655.2799999999929
28.0 0.0 655.2799999999929
28.0 20.0 655.2799999999929
28.0 0.0 655.2799999999929
20.0 29.179999999999996 655.2799999999929
20.0 29.179999999999996 655.2799999999929
20.0 29.179999999999996 655.2799999999929
20.0 29.179999999999996 655.2799999999929
20.0 29.179999999999996 655.2799999999929
20.0 29.179999999999996 655.2799999999929
20.0 29.179999999999996 655.2799999999929
20.0 29.179999999999996 655.2799999999929
24.960000000000022 20.0 655.2799999999929
24.960000000000022 0.0 655.2799999999929
24.960000000000022 20.0 655.2799999999929
24.960000000000022 0.0 655.2799999999929
24.960000000000022 20.0 655.2799999999929
24.960000000000022 0.0 655.2799999999929
24.960000000000022 20.0 655.2799999999929
24.960000000000022 0.0 655.2799999999929
24.940000000000023 20.0 655.2799999999929
24.940000000000023 0.0 655.2799999999929
24.940000000000023 20.0 655.2799999999929
24.940000000000023 0.0 655.2799999999929
28.0 20.0 655.2799999999929
28.0 0.0 655.2799999999929
28.0 20.0 655.2799999999929
28.0 0.0 655.2799999999929
20.0 29.179999999999996 655.2799999999929
20.0 29.179999999999996 655.2799999999929
24.960000000000022 20.0 655.2799999999929
24.960000000000022 0.0 655.2799999999929
24.960000000000022 20.0 655.2799999999929
24.960000000000022 0.0 655.2799999999929
20.0 29.199999999999996 655.2799999999929
20.0 29.199999999999996 655.2799999999929
28.0 20.0 655.2799999999929
28.0 0.0 655.2799999999929
28.0 20.0 655.2799999999929
28.0 0.0 655.2799999999929
20.0 29.199999999999996 655.2799999999929
20.0 29.199999999999996 655.2799999999929
28.0 20.0 655.2799999999929
28.0 0.0 655.2799999999929
28.0 20.0 655.2799999999929
28.0 0.0 655.2799999999929
20.0 29.199999999999996 655.2799999999929
20.0 29.199999999999996 655.2799999999929
20.0 29.199999999999996 655.2799999999929
20.0 29.199999999999996 655.2799999999929
24.960000000000022 20.0 655.2799999999929
24.960000000000022 0.0 655.2799999999929
24.960000000000022 20.0 655.2799999999929
24.960000000000022 0.0 655.2799999999929
20.0 29.219999999999995 655.2799999999929
20.0 29.219999999999995 655.2799999999929
27.98 20.0 655.2799999999929
27.98 0.0 655.2799999999929
27.98 20.0 655.2799999999929
27.98 0.0 655.2799999999929
24.98000000000002 20.0 655.2799999999929
24.98000000000002 0.0 655.2799999999929
24.98000000000002 20.0 655.2799999999929
24.98000000000002 0.0 655.2799999999929
20.0 29.239999999999995 655.2799999999929
20.0 29.239999999999995 655.2799999999929
20.0 29.259999999999994 655.2799999999929
20.0 29.259999999999994 655.2799999999929
20.0 29.239999999999995 655.2799999999929
20.0 29.239999999999995 655.2799999999929
20.0 29.239999999999995 655.2799999999929
20.0 29.239999999999995 655.2799999999929
28.0 20.0 655.2799999999929
28.0 0.0 655.2799999999929
28.0 20.0 655.2799999999929
28.0 0.0 655.2799999999929
28.0 20.0 655.2799999999929
28.0 0.0 655.2799999999929
28.0 20.0 655.2799999999929
28.0 0.0 655.2799999999929
28.02 20.0 655.2799999999929
28.02 0.0 655.2799999999929
28.02 20.0 655.2799999999929
28.02 0.0 655.2799999999929
20.0 29.259999999999994 655.2799999999929
20.0 29.259999999999994 655.2799999999929
28.0 20.0 655.2799999999929
28.0 0.0 655.2799999999929
28.0 20.0 655.2799999999929
28.0 0.0 655.2799999999929
28.0 20.0 655.2799999999929
28.0 0.0 655.2799999999929
28.0 20.0 655.2799999999929
28.0 0.0 655.2799999999929
20.0 29.239999999999995 655.2799999999929
20.0 29.239999999999995 655.2799999999929
28.0 20.0 655.2799999999929
28.0 0.0 655.2799999999929
28.0 20.0 655.2799999999929
28.0 0.0 655.2799999999929
20.0 29.259999999999994 655.2799999999929
20.0 29.259999999999994 655.2799999999929
20.0 29.259999999999994 655.2799999999929
20.0 29.259999999999994 655.2799999999929
27.98 20.0 655.2799999999929
27.98 0.0 655.2799999999929
27.98 20.0 655.2799999999929
27.98 0.0 655.2799999999929
28.0 20.0 655.2799999999929
28.0 0.0 655.2799999999929
28.0 20.0 655.2799999999929
28.0 0.0 655.2799999999929
20.0 29.279999999999994 655.2799999999929
20.0 29.279999999999994 655.2799999999929
28.0 20.0 655.2799999999929
28.0 0.0 655.2799999999929
28.0 20.0 655.2799999999929
28.0 0.0 655.2799999999929
20.0 29.279999999999994 655.2799999999929
20.0 29.279999999999994 655.2799999999929
28.0 20.0 655.2799999999929
28.0 0.0 655.2799999999929
28.0 20.0 655.2799999999929
28.0 0.0 655.2799999999929
20.0 29.299999999999994 655.2799999999929
20.0 29.299999999999994 655.2799999999929
20.0 29.279999999999994 655.2799999999929
20.0 29.279999999999994 655.2799999999929
20.0 29.279999999999994 655.2799999999929
20.0 29.279999999999994 655.2799999999929
28.0 20.0 655.2799999999929
28.0 0.0 655.2799999999929
28.0 20.0 655.2799999999929
28.0 0.0 655.2799999999929
20.0 29.259999999999994 655.2799999999929
20.0 29.259999999999994 655.2799999999929
20.0 29.259999999999994 655.2799999999929
20.0 29.259999999999994 655.2799999999929
28.0 20.0 655.2799999999929
28.0 0.0 655.2799999999929
28.0 20.0 655.2799999999929
28.0 0.0 655.2799999999929
20.0 29.279999999999994 655.2799999999929
20.0 29.279999999999994 655.2799999999929
28.0 20.0 655.2799999999929
28.0 0.0 655.2799999999929
28.0 20.0 655.2799999999929
28.0 0.0 655.2799999999929
20.0 29.279999999999994 655.2799999999929
20.0 29.279999999999994 655.2799999999929
20.0 29.259999999999994 655.2799999999929
20.0 29.259999999999994 655.2799999999929
20.0 29.259999999999994 655.2799999999929
20.0 29.259999999999994 655.2799999999929
20.0 29.279999999999994 655.2799999999929
20.0 29.279999999999994 655.2799999999929
28.0 20.0 655.2799999999929
28.0 0.0 655.2799999999929
28.0 20.0 655.2799999999929
28.0 0.0 655.2799999999929
20.0 29.279999999999994 655.2799999999929
20.0 29.279999999999994 655.2799999999929
20.0 29.279999999999994 655.2799999999929
20.0 29.279999999999994 655.2799999999929
28.0 20.0 655.2799999999929
28.0 0.0 655.2799999999929
28.0 20.0 655.2799999999929
28.0 0.0 655.2799999999929
28.0 20.0 655.2799999999929
28.0 0.0 655.2799999999929
28.0 20.0 655.2799999999929
28.0 0.0 655.2799999999929
20.0 29.299999999999994 655.2799999999929
20.0 29.299999999999994 655.2799999999929
20.0 29.299999999999994 655.2799999999929
20.0 29.299999999999994 655.2799999999929
20.0 29.299999999999994 655.2799999999929
20.0 29.299999999999994 655.2799999999929
20.0 29.279999999999994 655.2799999999929
20.0 29.279999999999994 655.2799999999929
20.0 29.299999999999994 655.2799999999929
20.0 29.299999999999994 655.2799999999929
20.0 29.279999999999994 655.2799999999929
20.0 29.279999999999994 655.2799999999929
20.0 29.279999999999994 655.2799999999929
20.0 29.279999999999994 655.2799999999929
20.0 29.259999999999994 655.2799999999929
20.0 29.259999999999994 655.2799999999929
28.0 20.0 655.2799999999929
28.0 0.0 655.2799999999929
28.0 20.0 655.2799999999929
28.0 0.0 655.2799999999929
20.0 29.259999999999994 655.2799999999929
20.0 29.259999999999994 655.2799999999929
20.0 29.279999999999994 655.2799999999929
20.0 29.279999999999994 655.2799999999929
28.0 20.0 655.2799999999929
28.0 0.0 655.2799999999929
28.0 20.0 655.2799999999929
28.0 0.0 655.2799999999929
28.0 20.0 655.2799999999929
28.0 0.0 655.2799999999929
28.0 20.0 655.2799999999929
28.0 0.0 655.2799999999929
20.0 29.299999999999994 655.2799999999929
20.0 29.299999999999994 655.2799999999929
28.0 20.0 655.2799999999929
28.0 0.0 655.2799999999929
28.0 20.0 655.2799999999929
28.0 0.0 655.2799999999929
20.0 29.299999999999994 655.2799999999929
20.0 29.299999999999994 655.2799999999929
20.0 29.279999999999994 655.2799999999929
20.0 29.279999999999994 655.2799999999929
28.0 20.0 655.2799999999929
28.0 0.0 655.2799999999929
28.0 20.0 655.2799999999929
28.0 0.0 655.2799999999929
20.0 29.299999999999994 655.2799999999929
20.0 29.299999999999994 655.2799999999929
28.0 20.0 655.2799999999929
28.0 0.0 655.2799999999929
28.0 20.0 655.2799999999929
28.0 0.0 655.2799999999929
20.0 29.319999999999993 655.2799999999929
20.0 29.319999999999993 655.2799999999929
25.00000000000002 20.0 655.2799999999929
25.00000000000002 0.0 655.2799999999929
25.00000000000002 20.0 655.2799999999929
25.00000000000002 0.0 655.2799999999929
28.0 20.0 655.2799999999929
28.0 0.0 655.2799999999929
28.0 20.0 655.2799999999929
28.0 0.0 655.2799999999929
20.0 29.319999999999993 655.2799999999929
20.0 29.319999999999993 655.2799999999929
20.0 29.339999999999993 655.2799999999929
20.0 29.339999999999993 655.2799999999929
25.00000000000002 20.0 655.2799999999929
25.00000000000002 0.0 655.2799999999929
25.00000000000002 20.0 655.2799999999929
25.00000000000002 0.0 655.2799999999929
20.0 29.339999999999993 655.2799999999929
20.0 29.339999999999993 655.2799999999929
25.00000000000002 20.0 655.2799999999929
25.00000000000002 0.0 655.2799999999929
25.00000000000002 20.0 655.2799999999929
25.00000000000002 0.0 655.2799999999929
25.00000000000002 20.0 655.2799999999929
25.00000000000002 0.0 655.2799999999929
25.00000000000002 20.0 655.2799999999929
25.00000000000002 0.0 655.2799999999929
20.0 29.339999999999993 655.2799999999929
20.0 29.339999999999993 655.2799999999929
20.0 29.339999999999993 655.2799999999929
20.0 29.339999999999993 655.2799999999929
20.0 29.339999999999993 655.2799999999929
20.0 29.339999999999993 655.2799999999929
20.0 29.319999999999993 655.2799999999929
20.0 29.319999999999993 655.2799999999929
20.0 29.339999999999993 655.2799999999929
20.0 29.339999999999993 655.2799999999929
20.0 29.339999999999993 655.2799999999929
20.0 29.339999999999993 655.2799999999929
25.00000000000002 20.0 655.2799999999929
25.00000000000002 0.0 655.2799999999929
25.00000000000002 20.0 655.2799999999929
25.00000000000002 0.0 655.2799999999929
25.00000000000002 20.0 655.2799999999929
25.00000000000002 0.0 655.2799999999929
25.00000000000002 20.0 655.2799999999929
25.00000000000002 0.0 655.2799999999929
20.0 29.339999999999993 655.2799999999929
20.0 29.339999999999993 655.2799999999929
20.0 29.319999999999993 655.2799999999929
20.0 29.319999999999993 655.2799999999929
20.0 29.299999999999994 655.2799999999929
20.0 29.299999999999994 655.2799999999929
28.0 20.0 655.2799999999929
28.0 0.0 655.2799999999929
28.0 20.0 655.2799999999929
28.0 0.0 655.2799999999929
20.0 29.279999999999994 655.2799999999929
20.0 29.279999999999994 655.2799999999929
27.98 20.0 655.2799999999929
27.98 0.0 655.2799999999929
27.98 20.0 655.2799999999929
27.98 0.0 655.2799999999929
20.0 29.279999999999994 655.2799999999929
20.0 29.279999999999994 655.2799999999929
27.98 20.0 655.2799999999929
27.98 0.0 655.2799999999929
27.98 20.0 655.2799999999929
27.98 0.0 655.2799999999929
20.0 29.299999999999994 655.2799999999929
20.0 29.299999999999994 655.2799999999929
27.98 20.0 655.2799999999929
27.98 0.0 655.2799999999929
27.98 20.0 655.2799999999929
27.98 0.0 655.2799999999929
20.0 29.279999999999994 655.2799999999929
20.0 29.279999999999994 655.2799999999929
27.98 20.0 655.2799999999929
27.98 0.0 655.2799999999929
27.98 20.0 655.2799999999929
27.98 0.0 655.2799999999929
27.98 20.0 655.2799999999929
27.98 0.0 655.2799999999929
27.98 20.0 655.2799999999929
27.98 0.0 655.2799999999929
20.0 29.319999999999993 655.2799999999929
20.0 29.319999999999993 655.2799999999929
27.96 20.0 655.2799999999929
27.96 0.0 655.2799999999929
27.96 20.0 655.2799999999929
27.96 0.0 655.2799999999929
20.0 29.339999999999993 655.2799999999929
20.0 29.339999999999993 655.2799999999929
20.0 29.359999999999992 655.2799999999929
20.0 29.359999999999992 655.2799999999929
28.0 20.0 655.2799999999929
28.0 0.0 655.2799999999929
28.0 20.0 655.2799999999929
28.0 0.0 655.2799999999929
20.0 29.379999999999992 655.2799999999929
20.0 29.379999999999992 655.2799999999929
20.0 29.379999999999992 655.2799999999929
20.0 29.379999999999992 655.2799999999929
28.0 20.0 655.2799999999929
28.0 0.0 655.2799999999929
28.0 20.0 655.2799999999929
28.0 0.0 655.2799999999929
20.0 29.379999999999992 655.2799999999929
20.0 29.379999999999992 655.2799999999929
28.0 20.0 655.2799999999929
28.0 0.0 655.2799999999929
28.0 20.0 655.2799999999929
28.0 0.0 655.2799999999929
28.02 20.0 655.2799999999929
28.02 0.0 655.2799999999929
28.02 20.0 655.2799999999929
28.02 0.0 655.2799999999929
28.02 20.0 655.2799999999929
28.02 0.0 655.2799999999929
28.02 20.0 655.2799999999929
28.02 0.0 655.2799999999929
28.0 20.0 655.2799999999929
28.0 0.0 655.2799999999929
28.0 20.0 655.2799999999929
28.0 0.0 655.2799999999929
27.98 20.0 655.2799999999929
27.98 0.0 655.2799999999929
27.98 20.0 655.2799999999929
27.98 0.0 655.2799999999929
20.0 29.359999999999992 655.2799999999929
20.0 29.359999999999992 655.2799999999929
20.0 29.359999999999992 655.2799999999929
20.0 29.359999999999992 655.2799999999929
20.0 29.359999999999992 655.2799999999929
20.0 29.359999999999992 655.2799999999929
20.0 29.379999999999992 655.2799999999929
20.0 29.379999999999992 655.2799999999929
27.96 20.0 655.2799999999929
27.96 0.0 655.2799999999929
27.96 20.0 655.2799999999929
27.96 0.0 655.2799999999929
24.960000000000022 20.0 655.2799999999929
24.960000000000022 0.0 655.2799999999929
24.960000000000022 20.0 655.2799999999929
24.960000000000022 0.0 655.2799999999929
27.98 20.0 655.2799999999929
27.98 0.0 655.2799999999929
27.98 20.0 655.2799999999929
27.98 0.0 655.2799999999929
24.940000000000023 20.0 655.2799999999929
24.940000000000023 0.0 655.2799999999929
24.940000000000023 20.0 655.2799999999929
24.940000000000023 0.0 655.2799999999929
24.940000000000023 20.0 655.2799999999929
24.940000000000023 0.0 655.2799999999929
24.940000000000023 20.0 655.2799999999929
24.940000000000023 0.0 655.2799999999929
28.0 20.0 655.2799999999929
28.0 0.0 655.2799999999929
28.0 20.0 655.2799999999929
28.0 0.0 655.2799999999929
28.0 20.0 655.2799999999929
28.0 0.0 655.2799999999929
28.0 20.0 655.2799999999929
28.0 0.0 655.2799999999929
24.940000000000023 20.0 655.2799999999929
24.940000000000023 0.0 655.2799999999929
24.940000000000023 20.0 655.2799999999929
24.940000000000023 0.0 655.2799999999929
24.960000000000022 20.0 655.2799999999929
24.960000000000022 0.0 655.2799999999929
24.960000000000022 20.0 655.2799999999929
24.960000000000022 0.0 655.2799999999929
20.0 29.39999999999999 655.2799999999929
20.0 29.39999999999999 655.2799999999929
20.0 29.41999999999999 655.2799999999929
20.0 29.41999999999999 655.2799999999929
27.98 20.0 655.2799999999929
27.98 0.0 655.2799999999929
27.98 20.0 655.2799999999929
27.98 0.0 655.2799999999929
20.0 29.41999999999999 655.2799999999929
20.0 29.41999999999999 655.2799999999929
27.98 20.0 655.2799999999929
27.98 0.0 655.2799999999929
27.98 20.0 655.2799999999929
27.98 0.0 655.2799999999929
24.960000000000022 20.0 655.2799999999929
24.960000000000022 0.0 655.2799999999929
24.960000000000022 20.0 655.2799999999929
24.960000000000022 0.0 655.2799999999929
27.98 20.0 655.2799999999929
27.98 0.0 655.2799999999929
27.98 20.0 655.2799999999929
27.98 0.0 655.2799999999929
27.98 20.0 655.2799999999929
27.98 0.0 655.2799999999929
27.98 20.0 655.2799999999929
27.98 0.0 655.2799999999929
27.96 20.0 655.2799999999929
27.96 0.0 655.2799999999929
27.96 20.0 655.2799999999929
27.96 0.0 655.2799999999929
20.0 29.41999999999999 655.2799999999929
20.0 29.41999999999999 655.2799999999929
20.0 29.43999999999999 655.2799999999929
20.0 29.43999999999999 655.2799999999929
27.96 20.0 655.2799999999929
27.96 0.0 655.2799999999929
27.96 20.0 655.2799999999929
27.96 0.0 655.2799999999929
27.96 20.0 655.2799999999929
27.96 0.0 655.2799999999929
27.96 20.0 655.2799999999929
27.96 0.0 655.2799999999929
27.98 20.0 655.2799999999929
27.98 0.0 655.2799999999929
27.98 20.0 655.2799999999929
27.98 0.0 655.2799999999929
20.0 29.41999999999999 655.2799999999929
20.0 29.41999999999999 655.2799999999929
20.0 29.41999999999999 655.2799999999929
20.0 29.41999999999999 655.2799999999929
20.0 29.43999999999999 655.2799999999929
20.0 29.43999999999999 655.2799999999929
20.0 29.43999999999999 655.2799999999929
20.0 29.43999999999999 655.2799999999929
20.0 29.45999999999999 655.2799999999929
20.0 29.45999999999999 655.2799999999929
20.0 29.43999999999999 655.2799999999929
20.0 29.43999999999999 655.2799999999929
20.0 29.45999999999999 655.2799999999929
20.0 29.45999999999999 655.2799999999929
20.0 29.45999999999999 655.2799999999929
20.0 29.45999999999999 655.2799999999929
20.0 29.719999999999985 655.2799999999929
20.0 29.719999999999985 655.2799999999929
20.0 29.759999999999984 655.2799999999929
20.0 29.759999999999984 655.2799999999929
20.0 29.759999999999984 655.2799999999929
20.0 29.759999999999984 655.2799999999929
20.0 29.779999999999983 655.2799999999929
20.0 29.779999999999983 655.2799999999929
20.0 29.799999999999983 655.2799999999929
20.0 29.799999999999983 655.2799999999929
20.0 29.799999999999983 655.2799999999929
20.0 29.799999999999983 655.2799999999929
20.0 29.799999999999983 655.2799999999929
20.0 29.799999999999983 655.2799999999929
20.0 29.839999999999982 655.2799999999929
20.0 29.839999999999982 655.2799999999929
20.0 29.819999999999983 655.2799999999929
20.0 29.819999999999983 655.2799999999929
20.0 29.819999999999983 655.2799999999929
20.0 29.819999999999983 655.2799999999929
20.0 29.819999999999983 655.2799999999929
20.0 29.819999999999983 655.2799999999929
20.0 29.819999999999983 655.2799999999929
20.0 29.819999999999983 655.2799999999929
20.0 29.819999999999983 655.2799999999929
20.0 29.819999999999983 655.2799999999929
20.0 29.839999999999982 655.2799999999929
20.0 29.839999999999982 655.2799999999929
20.0 29.839999999999982 655.2799999999929
20.0 29.839999999999982 655.2799999999929
20.0 29.839999999999982 655.2799999999929
20.0 29.839999999999982 655.2799999999929
20.0 29.839999999999982 655.2799999999929
20.0 29.839999999999982 655.2799999999929
20.0 29.839999999999982 655.2799999999929
20.0 29.839999999999982 655.2799999999929
20.0 29.799999999999983 655.2799999999929
20.0 29.799999999999983 655.2799999999929
20.0 29.839999999999982 655.2799999999929
20.0 29.839999999999982 655.2799999999929
20.0 29.819999999999983 655.2799999999929
20.0 29.819999999999983 655.2799999999929
20.0 29.85999999999998 655.2799999999929
20.0 29.85999999999998 655.2799999999929
20.0 29.85999999999998 655.2799999999929
20.0 29.85999999999998 655.2799999999929
20.0 29.89999999999998 655.2799999999929
20.0 29.89999999999998 655.2799999999929
20.0 29.89999999999998 655.2799999999929
20.0 29.89999999999998 655.2799999999929
20.0 29.89999999999998 655.2799999999929
20.0 29.89999999999998 655.2799999999929
20.0 29.87999999999998 655.2799999999929
20.0 29.87999999999998 655.2799999999929
20.0 29.839999999999982 655.2799999999929
20.0 29.839999999999982 655.2799999999929
20.0 29.839999999999982 655.2799999999929
20.0 29.839999999999982 655.2799999999929
20.0 29.839999999999982 655.2799999999929
20.0 29.839999999999982 655.2799999999929
20.0 29.839999999999982 655.2799999999929
20.0 29.839999999999982 655.2799999999929
20.0 29.839999999999982 655.2799999999929
20.0 29.839999999999982 655.2799999999929
20.0 29.839999999999982 655.2799999999929
20.0 29.839999999999982 655.2799999999929
20.0 29.819999999999983 655.2799999999929
20.0 29.819999999999983 655.2799999999929
20.0 29.799999999999983 655.2799999999929
20.0 29.799999999999983 655.2799999999929
20.0 29.819999999999983 655.2799999999929
20.0 29.819999999999983 655.2799999999929
20.0 29.819999999999983 655.2799999999929
20.0 29.819999999999983 655.2799999999929
20.0 29.839999999999982 655.2799999999929
20.0 29.839999999999982 655.2799999999929
20.0 29.87999999999998 655.2799999999929
20.0 29.87999999999998 655.2799999999929
20.0 29.89999999999998 655.2799999999929
20.0 29.89999999999998 655.2799999999929
20.0 29.93999999999998 655.2799999999929
20.0 29.93999999999998 655.2799999999929
20.0 29.95999999999998 655.2799999999929
20.0 29.95999999999998 655.2799999999929
28.0 20.0 655.2799999999929
28.0 0.0 655.2799999999929
28.0 20.0 655.2799999999929
28.0 0.0 655.2799999999929
28.0 20.0 655.2799999999929
28.0 0.0 655.2799999999929
28.0 20.0 655.2799999999929
28.0 0.0 655.2799999999929
1.0 12.979999999999958 655.2799999999929
4.010000000000042 18.989999999999842 655.2799999999929
0.9900000000001554 5.9900000000000215 655.2799999999929
19.009999999999533 7.830000000000004 655.2799999999929
6.9900000000000215 15.069999999999396 655.2799999999929
9.99 1.9900000000001563 655.2799999999929
11.979999999999958 14.959999999999555 655.2799999999929
15.999999999999533 6.960000000000001 655.2799999999929
10.0 11.98 655.2799999999929
15.01 2.99 655.2799999999929
16.969999999999754 17.989999999999842 655.2799999999929
17.989999999999686 10.009999999999978 655.2799999999929
1.6200000000000423 16.039999999999964 655.2799999999929
11.96 5.019999999999978 655.2799999999929
13.02 9.819999999999983 655.2799999999929
9.009999999999978 18.009999999999376 655.2799999999929
3.9999999999999787 12.999999999999957 655.2799999999929
16.039999999999225 12.999999999999957 655.2799999999929
4.049999999999956 7.99 655.2799999999929
14.439999999999722 15.999999999999533 655.2799999999929
0.99 1.9900000000000213 655.2799999999929
4.0 4.059999999999999 655.2799999999929
12.150000000000018 0.9899999999999989 655.2799999999929
4.9900000000000215 1.0100000000000007 655.2799999999929
8.0 1.0000000000000007 655.2799999999929
13.0 18.979999999999528 655.2799999999929
17.389999999999812 0.9900000000001554 655.2799999999929
6.959999999999937 10.02 655.2799999999929
17.999999999999993 15.839999999999536 655.2799999999929
6.960000000000022 4.059999999999956 655.2799999999929
9.0 7.019999999999914 655.2799999999929
17.979999999999528 4.059999999999977 655.2799999999929
0.9800000000000006 9.999999999999979 655.2799999999929
-10 12 655.2799999999929
-10 12 655.2799999999929
-7 9 655.2799999999929
-7 9 655.2799999999929
-10 -8 655.2799999999929
-10 -8 655.2799999999929
-7 -11 655.2799999999929
-7 -11 655.2799999999929
-8 -16 655.2799999999929
-8 -16 655.2799999999929
0.0 -11.0 655.2799999999929
0.0 -11.0 655.2799999999929
0.0 -11.0 655.2799999999929
0.0 -11.0 655.2799999999929
0.0 -11.0 655.2799999999929
0.0 -11.0 655.2799999999929
0.0 -11.0 655.2799999999929
0.0 -11.0 655.2799999999929
0.0 -11.0 655.2799999999929
0.0 -11.0 655.2799999999929
0.0 -11.0 655.2799999999929
0.0 -11.0 655.2799999999929
0.0 -11.0 655.2799999999929
0.0 -11.0 655.2799999999929
0.0 -11.02 655.2799999999929
0.0 -11.02 655.2799999999929
0.0 -11.0 655.2799999999929
0.0 -11.0 655.2799999999929
0.0 -10.98 655.2799999999929
0.0 -10.98 655.2799999999929
0.0 -10.96 655.2799999999929
0.0 -10.96 655.2799999999929
0.0 -10.96 655.2799999999929
0.0 -10.96 655.2799999999929
0.0 -10.96 655.2799999999929
0.0 -10.96 655.2799999999929
0.0 -10.96 655.2799999999929
0.0 -10.96 655.2799999999929
0.0 -10.98 655.2799999999929
0.0 -10.98 655.2799999999929
0.0 -11.0 655.2799999999929
0.0 -11.0 655.2799999999929
0.0 -11.0 655.2799999999929
0.0 -11.0 655.2799999999929
0.0 -11.0 655.2799999999929
0.0 -11.0 655.2799999999929
0.0 -11.0 655.2799999999929
0.0 -11.0 655.2799999999929
0.0 -11.0 655.2799999999929
0.0 -11.0 655.2799999999929
0.0 -11.0 655.2799999999929
0.0 -11.0 655.2799999999929
0.0 -10.900000000000002 655.2799999999929
0.0 -10.900000000000002 655.2799999999929
0.0 -10.880000000000003 655.2799999999929
0.0 -10.880000000000003 655.2799999999929
0.0 -10.860000000000003 655.2799999999929
0.0 -10.860000000000003 655.2799999999929
0.0 -10.840000000000003 655.2799999999929
0.0 -10.840000000000003 655.2799999999929
0.0 -10.840000000000003 655.2799999999929
0.0 -10.840000000000003 655.2799999999929
0.0 -10.820000000000004 655.2799999999929
0.0 -10.820000000000004 655.2799999999929
0.0 -10.820000000000004 655.2799999999929
0.0 -10.820000000000004 655.2799999999929
0.0 -10.820000000000004 655.2799999999929
0.0 -10.820000000000004 655.2799999999929
0.0 -10.840000000000003 655.2799999999929
0.0 -10.840000000000003 655.2799999999929
0.0 -10.820000000000004 655.2799999999929
0.0 -10.820000000000004 655.2799999999929
0.0 -10.820000000000004 655.2799999999929
0.0 -10.820000000000004 655.2799999999929
0.0 -10.840000000000003 655.2799999999929
0.0 -10.840000000000003 655.2799999999929
0.0 -10.840000000000003 655.2799999999929
0.0 -10.840000000000003 655.2799999999929
-5.01 -17.030000000000005 655.2799999999929
-5.01 -17.030000000000005 655.2799999999929
0.0 -10.840000000000003 655.2799999999929
0.0 -10.840000000000003 655.2799999999929
0.0 -10.840000000000003 655.2799999999929
0.0 -10.840000000000003 655.2799999999929
0.0 -10.860000000000003 655.2799999999929
0.0 -10.860000000000003 655.2799999999929
0.0 -10.860000000000003 655.2799999999929
0.0 -10.860000000000003 655.2799999999929
0.0 -10.840000000000003 655.2799999999929
0.0 -10.840000000000003 655.2799999999929
0.0 -10.820000000000004 655.2799999999929
0.0 -10.820000000000004 655.2799999999929
0.0 -10.820000000000004 655.2799999999929
0.0 -10.820000000000004 655.2799999999929
0.0 -10.820000000000004 655.2799999999929
0.0 -10.820000000000004 655.2799999999929
0.0 -10.840000000000003 655.2799999999929
0.0 -10.840000000000003 655.2799999999929
0.0 -10.840000000000003 655.2799999999929
0.0 -10.840000000000003 655.2799999999929
0.0 -10.860000000000003 655.2799999999929
0.0 -10.860000000000003 655.2799999999929
0.0 -10.860000000000003 655.2799999999929
0.0 -10.860000000000003 655.2799999999929
0.0 -10.840000000000003 655.2799999999929
0.0 -10.840000000000003 655.2799999999929
0.0 -10.860000000000003 655.2799999999929
0.0 -10.860000000000003 655.2799999999929
0.0 -10.860000000000003 655.2799999999929
0.0 -10.860000000000003 655.2799999999929
0.0 -10.880000000000003 655.2799999999929
0.0 -10.880000000000003 655.2799999999929
0.0 -10.860000000000003 655.2799999999929
0.0 -10.860000000000003 655.2799999999929
0.0 -10.860000000000003 655.2799999999929
0.0 -10.860000000000003 655.2799999999929
0.0 -10.880000000000003 655.2799999999929
0.0 -10.880000000000003 655.2799999999929
0.0 -10.900000000000002 655.2799999999929
0.0 -10.900000000000002 655.2799999999929
0.0 -10.920000000000002 655.2799999999929
0.0 -10.920000000000002 655.2799999999929
0.0 -10.940000000000001 655.2799999999929
0.0 -10.940000000000001 655.2799999999929
0.0 -10.940000000000001 655.2799999999929
0.0 -10.940000000000001 655.2799999999929
0.0 -10.940000000000001 655.2799999999929
0.0 -10.940000000000001 655.2799999999929
0.0 -10.920000000000002 655.2799999999929
0.0 -10.920000000000002 655.2799999999929
0.0 -10.920000000000002 655.2799999999929
0.0 -10.920000000000002 655.2799999999929
0.0 -10.920000000000002 655.2799999999929
0.0 -10.920000000000002 655.2799999999929
0.0 -10.900000000000002 655.2799999999929
0.0 -10.900000000000002 655.2799999999929
0.0 -10.880000000000003 655.2799999999929
0.0 -10.880000000000003 655.2799999999929
0.0 -10.880000000000003 655.2799999999929
0.0 -10.880000000000003 655.2799999999929
0.0 -10.880000000000003 655.2799999999929
0.0 -10.880000000000003 655.2799999999929
0.0 -10.860000000000003 655.2799999999929
0.0 -10.860000000000003 655.2799999999929
0.0 -10.860000000000003 655.2799999999929
0.0 -10.860000000000003 655.2799999999929
0.0 -10.840000000000003 655.2799999999929
0.0 -10.840000000000003 655.2799999999929
0.0 -10.840000000000003 655.2799999999929
0.0 -10.840000000000003 655.2799999999929
0.0 -10.820000000000004 655.2799999999929
0.0 -10.820000000000004 655.2799999999929
0.0 -10.820000000000004 655.2799999999929
0.0 -10.820000000000004 655.2799999999929
0.0 -10.840000000000003 655.2799999999929
0.0 -10.840000000000003 655.2799999999929
0.0 -10.860000000000003 655.2799999999929
0.0 -10.860000000000003 655.2799999999929
0.0 -10.820000000000004 655.2799999999929
0.0 -10.820000000000004 655.2799999999929
0.0 -10.820000000000004 655.2799999999929
0.0 -10.820000000000004 655.2799999999929
0.0 -10.840000000000003 655.2799999999929
0.0 -10.840000000000003 655.2799999999929
0.0 -10.840000000000003 655.2799999999929
0.0 -10.840000000000003 655.2799999999929
0.0 -10.840000000000003 655.2799999999929
0.0 -10.840000000000003 655.2799999999929
0.0 -10.840000000000003 655.2799999999929
0.0 -10.840000000000003 655.2799999999929
0.0 -10.840000000000003 655.2799999999929
0.0 -10.840000000000003 655.2799999999929
0.0 -10.820000000000004 655.2799999999929
0.0 -10.820000000000004 655.2799999999929
0.0 -10.820000000000004 655.2799999999929
0.0 -10.820000000000004 655.2799999999929
0.0 -10.820000000000004 655.2799999999929
0.0 -10.820000000000004 655.2799999999929
0.0 -10.820000000000004 655.2799999999929
0.0 -10.820000000000004 655.2799999999929
0.0 -10.820000000000004 655.2799999999929
0.0 -10.820000000000004 655.2799999999929
0.0 -10.800000000000004 655.2799999999929
0.0 -10.800000000000004 655.2799999999929
0.0 -10.800000000000004 655.2799999999929
0.0 -10.800000000000004 655.2799999999929
0.0 -10.800000000000004 655.2799999999929
0.0 -10.800000000000004 655.2799999999929
0.0 -10.800000000000004 655.2799999999929
0.0 -10.800000000000004 655.2799999999929
0.0 -10.780000000000005 655.2799999999929
0.0 -10.780000000000005 655.2799999999929
0.0 -10.760000000000005 655.2799999999929
0.0 -10.760000000000005 655.2799999999929
0.0 -10.740000000000006 655.2799999999929
0.0 -10.740000000000006 655.2799999999929
0.0 -10.760000000000005 655.2799999999929
0.0 -10.760000000000005 655.2799999999929
0.0 -10.760000000000005 655.2799999999929
0.0 -10.760000000000005 655.2799999999929
0.0 -10.740000000000006 655.2799999999929
0.0 -10.740000000000006 655.2799999999929
0.0 -10.760000000000005 655.2799999999929
0.0 -10.760000000000005 655.2799999999929
0.0 -10.740000000000006 655.2799999999929
0.0 -10.740000000000006 655.2799999999929
0.0 -10.740000000000006 655.2799999999929
0.0 -10.740000000000006 655.2799999999929
0.0 -10.720000000000006 655.2799999999929
0.0 -10.720000000000006 655.2799999999929
0.0 -10.720000000000006 655.2799999999929
0.0 -10.720000000000006 655.2799999999929
0.0 -10.700000000000006 655.2799999999929
0.0 -10.700000000000006 655.2799999999929
0.0 -10.720000000000006 655.2799999999929
0.0 -10.720000000000006 655.2799999999929
0.0 -10.720000000000006 655.2799999999929
0.0 -10.720000000000006 655.2799999999929
0.0 -10.740000000000006 655.2799999999929
0.0 -10.740000000000006 655.2799999999929
0.0 -10.740000000000006 655.2799999999929
0.0 -10.740000000000006 655.2799999999929
0.0 -10.720000000000006 655.2799999999929
0.0 -10.720000000000006 655.2799999999929
0.0 -10.720000000000006 655.2799999999929
0.0 -10.720000000000006 655.2799999999929
0.0 -10.740000000000006 655.2799999999929
0.0 -10.740000000000006 655.2799999999929
0.0 -10.740000000000006 655.2799999999929
0.0 -10.740000000000006 655.2799999999929
0.0 -10.720000000000006 655.2799999999929
0.0 -10.720000000000006 655.2799999999929
0.0 -10.720000000000006 655.2799999999929
0.0 -10.720000000000006 655.2799999999929
0.0 -10.720000000000006 655.2799999999929
0.0 -10.720000000000006 655.2799999999929
0.0 -10.700000000000006 655.2799999999929
0.0 -10.700000000000006 655.2799999999929
0.0 -10.700000000000006 655.2799999999929
0.0 -10.700000000000006 655.2799999999929
0.0 -10.700000000000006 655.2799999999929
0.0 -10.700000000000006 655.2799999999929
0.0 -10.720000000000006 655.2799999999929
0.0 -10.720000000000006 655.2799999999929
0.0 -10.700000000000006 655.2799999999929
0.0 -10.700000000000006 655.2799999999929
0.0 -10.720000000000006 655.2799999999929
0.0 -10.720000000000006 655.2799999999929
0.0 -10.720000000000006 655.2799999999929
0.0 -10.720000000000006 655.2799999999929
0.0 -10.740000000000006 655.2799999999929
0.0 -10.740000000000006 655.2799999999929
0.0 -10.740000000000006 655.2799999999929
0.0 -10.740000000000006 655.2799999999929
0.0 -10.720000000000006 655.2799999999929
0.0 -10.720000000000006 655.2799999999929
0.0 -10.700000000000006 655.2799999999929
0.0 -10.700000000000006 655.2799999999929
0.0 -10.700000000000006 655.2799999999929
0.0 -10.700000000000006 655.2799999999929
0.0 -10.720000000000006 655.2799999999929
0.0 -10.720000000000006 655.2799999999929
0.0 -10.700000000000006 655.2799999999929
0.0 -10.700000000000006 655.2799999999929
0.0 -10.680000000000007 655.2799999999929
0.0 -10.680000000000007 655.2799999999929
0.0 -10.680000000000007 655.2799999999929
0.0 -10.680000000000007 655.2799999999929
0.0 -10.660000000000007 655.2799999999929
0.0 -10.660000000000007 655.2799999999929
0.0 -10.660000000000007 655.2799999999929
0.0 -10.660000000000007 655.2799999999929
0.0 -10.660000000000007 655.2799999999929
0.0 -10.660000000000007 655.2799999999929
0.0 -10.660000000000007 655.2799999999929
0.0 -10.660000000000007 655.2799999999929
0.0 -10.660000000000007 655.2799999999929
0.0 -10.660000000000007 655.2799999999929
0.0 -10.680000000000007 655.2799999999929
0.0 -10.680000000000007 655.2799999999929
0.0 -10.660000000000007 655.2799999999929
0.0 -10.660000000000007 655.2799999999929
0.0 -10.660000000000007 655.2799999999929
0.0 -10.660000000000007 655.2799999999929
0.0 -10.660000000000007 655.2799999999929
0.0 -10.660000000000007 655.2799999999929
0.0 -10.680000000000007 655.2799999999929
0.0 -10.680000000000007 655.2799999999929
0.0 -10.700000000000006 655.2799999999929
0.0 -10.700000000000006 655.2799999999929
0.0 -10.720000000000006 655.2799999999929
0.0 -10.720000000000006 655.2799999999929
0.0 -10.720000000000006 655.2799999999929
0.0 -10.720000000000006 655.2799999999929
0.0 -10.700000000000006 655.2799999999929
0.0 -10.700000000000006 655.2799999999929
0.0 -10.720000000000006 655.2799999999929
0.0 -10.720000000000006 655.2799999999929
0.0 -10.680000000000007 655.2799999999929
0.0 -10.680000000000007 655.2799999999929
0.0 -10.660000000000007 655.2799999999929
0.0 -10.660000000000007 655.2799999999929
0.0 -10.640000000000008 655.2799999999929
0.0 -10.640000000000008 655.2799999999929
0.0 -10.620000000000008 655.2799999999929
0.0 -10.620000000000008 655.2799999999929
0.0 -10.620000000000008 655.2799999999929
0.0 -10.620000000000008 655.2799999999929
0.0 -10.620000000000008 655.2799999999929
0.0 -10.620000000000008 655.2799999999929
0.0 -10.640000000000008 655.2799999999929
0.0 -10.640000000000008 655.2799999999929
0.0 -10.640000000000008 655.2799999999929
0.0 -10.640000000000008 655.2799999999929
0.0 -10.640000000000008 655.2799999999929
0.0 -10.640000000000008 655.2799999999929
0.0 -10.620000000000008 655.2799999999929
0.0 -10.620000000000008 655.2799999999929
0.0 -10.600000000000009 655.2799999999929
0.0 -10.600000000000009 655.2799999999929
0.0 -10.580000000000009 655.2799999999929
0.0 -10.580000000000009 655.2799999999929
0.0 -10.580000000000009 655.2799999999929
0.0 -10.580000000000009 655.2799999999929
0.0 -10.580000000000009 655.2799999999929
0.0 -10.580000000000009 655.2799999999929
0.0 -10.56000000000001 655.2799999999929
0.0 -10.56000000000001 655.2799999999929
0.0 -10.580000000000009 655.2799999999929
0.0 -10.580000000000009 655.2799999999929
0.0 -10.580000000000009 655.2799999999929
0.0 -10.580000000000009 655.2799999999929
0.0 -10.56000000000001 655.2799999999929
0.0 -10.56000000000001 655.2799999999929
0.0 -10.56000000000001 655.2799999999929
0.0 -10.56000000000001 655.2799999999929
0.0 -10.54000000000001 655.2799999999929
0.0 -10.54000000000001 655.2799999999929
0.0 -10.56000000000001 655.2799999999929
0.0 -10.56000000000001 655.2799999999929
0.0 -10.54000000000001 655.2799999999929
0.0 -10.54000000000001 655.2799999999929
0.0 -10.54000000000001 655.2799999999929
0.0 -10.54000000000001 655.2799999999929
0.0 -10.280000000000015 655.2799999999929
0.0 -10.280000000000015 655.2799999999929
0.0 -10.240000000000016 655.2799999999929
0.0 -10.240000000000016 655.2799999999929
0.0 -10.240000000000016 655.2799999999929
0.0 -10.240000000000016 655.2799999999929
0.0 -10.220000000000017 655.2799999999929
0.0 -10.220000000000017 655.2799999999929
0.0 -10.200000000000017 655.2799999999929
0.0 -10.200000000000017 655.2799999999929
0.0 -10.200000000000017 655.2799999999929
0.0 -10.200000000000017 655.2799999999929
0.0 -10.200000000000017 655.2799999999929
0.0 -10.200000000000017 655.2799999999929
0.0 -10.160000000000018 655.2799999999929
0.0 -10.160000000000018 655.2799999999929
0.0 -10.180000000000017 655.2799999999929
0.0 -10.180000000000017 655.2799999999929
0.0 -10.180000000000017 655.2799999999929
0.0 -10.180000000000017 655.2799999999929
0.0 -10.180000000000017 655.2799999999929
0.0 -10.180000000000017 655.2799999999929
0.0 -10.180000000000017 655.2799999999929
0.0 -10.180000000000017 655.2799999999929
0.0 -10.180000000000017 655.2799999999929
0.0 -10.180000000000017 655.2799999999929
0.0 -10.160000000000018 655.2799999999929
0.0 -10.160000000000018 655.2799999999929
0.0 -10.160000000000018 655.2799999999929
0.0 -10.160000000000018 655.2799999999929
0.0 -10.160000000000018 655.2799999999929
0.0 -10.160000000000018 655.2799999999929
0.0 -10.160000000000018 655.2799999999929
0.0 -10.160000000000018 655.2799999999929
0.0 -10.160000000000018 655.2799999999929
0.0 -10.160000000000018 655.2799999999929
0.0 -10.200000000000017 655.2799999999929
0.0 -10.200000000000017 655.2799999999929
0.0 -10.160000000000018 655.2799999999929
0.0 -10.160000000000018 655.2799999999929
0.0 -10.180000000000017 655.2799999999929
0.0 -10.180000000000017 655.2799999999929
0.0 -10.140000000000018 655.2799999999929
0.0 -10.140000000000018 655.2799999999929
0.0 -10.140000000000018 655.2799999999929
0.0 -10.140000000000018 655.2799999999929
0.0 -10.10000000000002 655.2799999999929
0.0 -10.10000000000002 655.2799999999929
0.0 -10.10000000000002 655.2799999999929
0.0 -10.10000000000002 655.2799999999929
0.0 -10.10000000000002 655.2799999999929
0.0 -10.10000000000002 655.2799999999929
0.0 -10.120000000000019 655.2799999999929
0.0 -10.120000000000019 655.2799999999929
0.0 -10.160000000000018 655.2799999999929
0.0 -10.160000000000018 655.2799999999929
0.0 -10.160000000000018 655.2799999999929
0.0 -10.160000000000018 655.2799999999929
0.0 -10.160000000000018 655.2799999999929
0.0 -10.160000000000018 655.2799999999929
0.0 -10.160000000000018 655.2799999999929
0.0 -10.160000000000018 655.2799999999929
0.0 -10.160000000000018 655.2799999999929
0.0 -10.160000000000018 655.2799999999929
0.0 -10.160000000000018 655.2799999999929
0.0 -10.160000000000018 655.2799999999929
0.0 -10.180000000000017 655.2799999999929
0.0 -10.180000000000017 655.2799999999929
0.0 -10.200000000000017 655.2799999999929
0.0 -10.200000000000017 655.2799999999929
0.0 -10.180000000000017 655.2799999999929
0.0 -10.180000000000017 655.2799999999929
0.0 -10.180000000000017 655.2799999999929
0.0 -10.180000000000017 655.2799999999929
0.0 -10.160000000000018 655.2799999999929
0.0 -10.160000000000018 655.2799999999929
0.0 -10.120000000000019 655.2799999999929
0.0 -10.120000000000019 655.2799999999929
0.0 -10.10000000000002 655.2799999999929
0.0 -10.10000000000002 655.2799999999929
0.0 -10.06000000000002 655.2799999999929
0.0 -10.06000000000002 655.2799999999929
0.0 -10.04000000000002 655.2799999999929
0.0 -10.04000000000002 655.2799999999929
-8 4 655.2799999999929
-8 4 655.2799999999929
-5.01 2.9699999999999953 655.2799999999929
-5.01 2.9699999999999953 655.2799999999929
10 -8 655.2799999999929
10 -8 655.2799999999929
24 -6 655.2799999999929
24 -6 655.2799999999929
24 -10 655.2799999999929
24 -10 655.2799999999929
23 -9 655.2799999999929
23 -9 655.2799999999929
4 -6 655.2799999999929
4 -6 655.2799999999929
4 -10 655.2799999999929
4 -10 655.2799999999929
3 -9 655.2799999999929
3 -9 655.2799999999929
