28 7 0
28 27 0
28 14 0
28 14 0
25 9 0
25 29 0
24 8 0
24 28 0
29 6 0
29 26 0
29 3 0
29 23 0
26 6 0
26 26 0
24 5 0
24 25 0
20.67999999999989 19.999999999999844 0
20.67999999999989 19.999999999999844 0
21.169999999999874 21.00999999999999 0
20.049999999999798 19.869999999999823 0
20.049999999999798 19.869999999999823 0
20.009999999999796 19.869999999999823 0
20.009999999999796 19.869999999999823 0
19.999999999999876 21.259999999999845 0
19.999999999999876 21.259999999999845 0
20.699999999999797 6.98 0
20.699999999999797 26.98 0
20.359999999999587 4.0 0
20.359999999999587 24.0 0
18.989999999999625 18.729999999999645 0
23.059999999999913 19.999999999999844 0
23.059999999999913 19.999999999999844 0
1.069999999999933 1.0099999999998444 0
9.810000000000004 12.069999999999999 0
13.009999999999978 10.990000000000022 0
2.9700000000000006 3.010000000000021 0
7.970000000000001 8.049999999999978 0
15.03 3.00999999999998 0
3.5200000000000102 5.0 0
16.99 8.730000000000027 0
9.999999999999979 2.9800000000000004 0
6.02 5.800000000000004 0
29.49999999999999 19.700000000000266 0
29.49999999999999 19.700000000000266 0
6.950000000000022 1.11 0
12.98 15.999999999999845 0
11.83999999999994 6.0 0
15.98999999999998 18.00999999999969 0
16.990000000000133 13.830000000000004 0
8 27 0
5 29 0
-10 12 0
-10 12 0
4 28 0
9 26 0
-8 12 0
-8 12 0
9 23 0
6 26 0
4 25 0
1.8799999999999957 20.879999999999978 0
1.8599999999999939 20.859999999999975 0
1.8399999999999908 20.83999999999997 0
-5.970000000000001 14.99 0
-5.970000000000001 14.99 0
1.7799999999999845 20.779999999999962 0
1.7599999999999818 20.75999999999996 0
1.7199999999999787 20.719999999999953 0
1.609999999999976 20.609999999999935 0
1.579999999999973 20.57999999999993 0
1.5499999999999703 20.549999999999926 0
1.5299999999999672 20.529999999999923 0
1.459999999999964 20.459999999999912 0
1.3899999999999606 20.3899999999999 0
1.33999999999996 20.339999999999893 0
1.2499999999999576 20.24999999999988 0
1.2099999999999527 20.209999999999873 0
1.1799999999999495 20.17999999999987 0
1.1499999999999468 20.149999999999864 0
1.1099999999999421 20.10999999999986 0
-4.430000000000012 14.03 0
-4.430000000000012 14.03 0
1.1699999999998738 21.00999999999999 0
0.009999999999786837 19.989999999999842 0
1.2999999999999412 19.859999999999822 0
-1.2434497875801753e-13 1.2599999999998446 0
-1.2434497875801753e-13 1.2599999999998446 0
0.6999999999997968 26.98 0
0.3599999999995873 24.0 0
1.0099999999999332 19.80999999999982 0
0.9999999999999398 17.67999999999948 0
1.0200000000001128 12.019999999999957 0
9.04 17.459999999999916 0
6.9900000000000215 18.969999999999683 0
5.0 9.999999999999979 0
1.9800000000000426 7.98 0
5.990000000000043 13.99 0
2.9999999999999787 17.139999999999397 0
-7.049999999999999 19.049999999999965 0
-7.049999999999999 19.049999999999965 0
8 -6 0
8 -6 0
-5 -20 0
-5 -20 0
10 -8 0
10 -8 0
12 -8 0
12 -8 0
0.10999999999980362 -0.19000000000018602 0
0.10999999999980362 -0.19000000000018602 0
0.049999999999797776 -0.13000000000017664 0
0.049999999999797776 -0.13000000000017664 0
0.009999999999793943 -0.13000000000017664 0
0.009999999999793943 -0.13000000000017664 0
-1.2434497875801753e-13 -18.740000000000155 0
-1.2434497875801753e-13 -18.740000000000155 0
28 -6 0
28 -6 0
21.84999999999999 0.8499999999999746 0
21.829999999999988 0.8299999999999714 0
21.809999999999985 0.8099999999999683 0
14.03 -5.01 0
14.03 -5.01 0
21.709999999999976 0.7099999999999527 0
21.55999999999997 0.5599999999999292 0
21.519999999999964 0.519999999999923 0
21.37999999999996 0.3799999999999011 0
21.32999999999996 0.32999999999989327 0
21.219999999999953 0.21999999999987607 0
21.129999999999942 0.12999999999986356 0
21.069999999999936 0.0699999999998609 0
0.9199999999999267 -1.5631940186722204e-13 0
0.9199999999999267 -1.5631940186722204e-13 0
20.889999999999922 0.00999999999984368 0
0.8399999999999161 -1.5631940186722204e-13 0
0.8399999999999161 -1.5631940186722204e-13 0
20.80999999999991 0.00999999999984368 0
0.7799999999999099 0.01999999999984368 0
0.6799999999998911 -0.04000000000016257 0
0.6799999999998911 -0.04000000000016257 0
0.659999999999888 -0.020000000000159446 0
0.659999999999888 -0.020000000000159446 0
0.6199999999998818 -1.5631940186722204e-13 0
0.6199999999998818 -1.5631940186722204e-13 0
15.569999999999988 -5.970000000000001 0
15.569999999999988 -5.970000000000001 0
0.6799999999998896 -1.5631940186722204e-13 0
20.67999999999989 -1.5631940186722204e-13 0
0.6799999999998896 -1.5631940186722204e-13 0
20.67999999999989 -1.5631940186722204e-13 0
21.169999999999874 1.0099999999999891 0
20.049999999999798 -0.13000000000017664 0
20.049999999999798 -0.13000000000017664 0
20.009999999999796 -0.13000000000017664 0
20.009999999999796 -0.13000000000017664 0
1.0099999999999316 0.00999999999984368 0
18.759999999999593 0.5399999999998439 0
3.059999999999915 -1.5631940186722204e-13 0
23.059999999999913 -1.5631940186722204e-13 0
3.059999999999915 -1.5631940186722204e-13 0
23.059999999999913 -1.5631940186722204e-13 0
12.950000000000001 -0.9500000000000348 0
12.950000000000001 -0.9500000000000348 0
9.49999999999999 -0.29999999999973426 0
29.49999999999999 -0.29999999999973426 0
9.49999999999999 -0.29999999999973426 0
29.49999999999999 -0.29999999999973426 0
-5 0 0
-5 0 0
-10 -8 0
-10 -8 0
-8 -8 0
-8 -8 0
-5.970000000000001 -5.01 0
-5.970000000000001 -5.01 0
-4.430000000000012 -5.970000000000001 0
-4.430000000000012 -5.970000000000001 0
-7.049999999999999 -0.9500000000000348 0
-7.049999999999999 -0.9500000000000348 0
