28 7 0
28 27 0
28 14 0
28 14 0
25 9 0
25 29 0
24 8 0
24 28 0
29 6 0
29 26 0
29 3 0
29 23 0
26 6 0
26 26 0
24 5 0
24 25 0
27.870000000000005 20.849999999999977 0
21.829999999999977 21.02999999999999 0
15.169999999999996 19.469999999999917 0
21.129999999999942 20.129999999999864 0
29.04 18.140000000000022 0
29.04 18.140000000000022 0
22.719999999999956 3.9400000000000013 0
22.719999999999956 23.94 0
2.960000000000001 2.880000000000024 0
6.0 5.860000000000003 0
7.910000000000002 0.97 0
12.0 11.680000000000007 0
21.839999999999975 6.940000000000001 0
21.839999999999975 26.94 0
13.04 17.0 0
15.529999999999989 13.97 0
22.099999999999998 20.319999999999894 0
3.810000000000004 4.99 0
9.99 11.99 0
8.0 7.099999999999998 0
16.99 9.470000000000011 0
9.989999999999979 6.0699999999999985 0
9.349999999999993 2.99 0
8 27 0
5 29 0
-10 12 0
-10 12 0
4 28 0
9 26 0
-8 12 0
-8 12 0
9 23 0
6 26 0
4 25 0
1.8799999999999957 20.879999999999978 0
1.8599999999999939 20.859999999999975 0
1.8399999999999908 20.83999999999997 0
-5.970000000000001 14.99 0
-5.970000000000001 14.99 0
1.7799999999999845 20.779999999999962 0
1.7599999999999818 20.75999999999996 0
1.7199999999999787 20.719999999999953 0
1.609999999999976 20.609999999999935 0
1.579999999999973 20.57999999999993 0
1.5499999999999703 20.549999999999926 0
1.5299999999999672 20.529999999999923 0
1.459999999999964 20.459999999999912 0
1.3899999999999606 20.3899999999999 0
1.33999999999996 20.339999999999893 0
1.2499999999999576 20.24999999999988 0
7.870000000000003 20.849999999999977 0
1.2099999999999527 20.209999999999873 0
1.829999999999977 21.02999999999999 0
1.1799999999999495 20.17999999999987 0
1.1499999999999468 20.149999999999864 0
-4.7900000000000045 14.01 0
-4.7900000000000045 14.01 0
1.1299999999999422 20.129999999999864 0
-7.01 17.009999999999998 0
-7.01 17.009999999999998 0
5.0 9.279999999999994 0
2.7199999999999562 23.94 0
8.850000000000003 18.01 0
1.839999999999975 26.94 0
2.099999999999998 20.319999999999894 0
3.0800000000000196 8.0 0
6.940000000000023 14.02 0
-2.5400000000000915 10.119999999999997 0
-2.5400000000000915 10.119999999999997 0
8 -6 0
8 -6 0
-5 -20 0
-5 -20 0
10 -8 0
10 -8 0
12 -8 0
12 -8 0
17.45999999999991 -9.880000000000003 0
-2.5400000000000915 -9.880000000000003 0
17.45999999999991 -9.880000000000003 0
-2.5400000000000915 -9.880000000000003 0
28 -6 0
28 -6 0
21.84999999999999 0.8499999999999746 0
21.829999999999988 0.8299999999999714 0
21.809999999999985 0.8099999999999683 0
14.03 -5.01 0
14.03 -5.01 0
21.709999999999976 0.7099999999999527 0
21.55999999999997 0.5599999999999292 0
21.519999999999964 0.519999999999923 0
21.37999999999996 0.3799999999999011 0
21.32999999999996 0.32999999999989327 0
27.870000000000005 0.8499999999999766 0
21.219999999999953 0.21999999999987607 0
21.829999999999977 1.0299999999999891 0
15.209999999999996 -5.99 0
15.209999999999996 -5.99 0
21.129999999999942 0.12999999999986356 0
9.04 -1.8599999999999781 0
29.04 -1.8599999999999781 0
9.04 -1.8599999999999781 0
29.04 -1.8599999999999781 0
12.99 -2.990000000000002 0
12.99 -2.990000000000002 0
22.099999999999998 0.3199999999998937 0
15.0 1.0200000000000007 0
-5 0 0
-5 0 0
-10 -8 0
-10 -8 0
-8 -8 0
-8 -8 0
-5.970000000000001 -5.01 0
-5.970000000000001 -5.01 0
-4.7900000000000045 -5.99 0
-4.7900000000000045 -5.99 0
-7.01 -2.990000000000002 0
-7.01 -2.990000000000002 0
