0 29 655.5799999999886
20 29 655.5799999999886
13 29 655.5799999999886
13 29 655.5799999999886
26 0 655.5799999999886
26 20 655.5799999999886
24 14 655.5799999999886
24 14 655.5799999999886
24 4 655.5799999999886
4 24 655.5799999999886
24 24 655.5799999999886
12 24 655.5799999999886
12 24 655.5799999999886
28 0 655.5799999999886
28 20 655.5799999999886
24 10 655.5799999999886
24 10 655.5799999999886
29 3 655.5799999999886
9 23 655.5799999999886
29 23 655.5799999999886
23 11 655.5799999999886
23 11 655.5799999999886
20.0 29.0 655.5799999999886
20.0 29.0 655.5799999999886
26.0 20.0 655.5799999999886
26.0 0.0 655.5799999999886
26.0 20.0 655.5799999999886
26.0 0.0 655.5799999999886
20.0 29.0 655.5799999999886
20.0 29.0 655.5799999999886
25.98 20.0 655.5799999999886
25.98 0.0 655.5799999999886
25.98 20.0 655.5799999999886
25.98 0.0 655.5799999999886
25.98 20.0 655.5799999999886
25.98 0.0 655.5799999999886
25.98 20.0 655.5799999999886
25.98 0.0 655.5799999999886
25.94 20.0 655.5799999999886
25.94 0.0 655.5799999999886
25.94 20.0 655.5799999999886
25.94 0.0 655.5799999999886
20.0 29.0 655.5799999999886
20.0 29.0 655.5799999999886
20.0 29.0 655.5799999999886
20.0 29.0 655.5799999999886
27.98 20.0 655.5799999999886
27.98 0.0 655.5799999999886
27.98 20.0 655.5799999999886
27.98 0.0 655.5799999999886
20.0 29.0 655.5799999999886
20.0 29.0 655.5799999999886
20.0 29.0 655.5799999999886
20.0 29.0 655.5799999999886
28.02 20.0 655.5799999999886
28.02 0.0 655.5799999999886
28.02 20.0 655.5799999999886
28.02 0.0 655.5799999999886
25.900000000000002 20.0 655.5799999999886
25.900000000000002 0.0 655.5799999999886
25.900000000000002 20.0 655.5799999999886
25.900000000000002 0.0 655.5799999999886
25.900000000000002 20.0 655.5799999999886
25.900000000000002 0.0 655.5799999999886
25.900000000000002 20.0 655.5799999999886
25.900000000000002 0.0 655.5799999999886
25.900000000000002 20.0 655.5799999999886
25.900000000000002 0.0 655.5799999999886
25.900000000000002 20.0 655.5799999999886
25.900000000000002 0.0 655.5799999999886
25.880000000000003 20.0 655.5799999999886
25.880000000000003 0.0 655.5799999999886
25.880000000000003 20.0 655.5799999999886
25.880000000000003 0.0 655.5799999999886
20.0 29.0 655.5799999999886
20.0 29.0 655.5799999999886
25.880000000000003 20.0 655.5799999999886
25.880000000000003 0.0 655.5799999999886
25.880000000000003 20.0 655.5799999999886
25.880000000000003 0.0 655.5799999999886
28.0 20.0 655.5799999999886
28.0 0.0 655.5799999999886
28.0 20.0 655.5799999999886
28.0 0.0 655.5799999999886
25.860000000000003 20.0 655.5799999999886
25.860000000000003 0.0 655.5799999999886
25.860000000000003 20.0 655.5799999999886
25.860000000000003 0.0 655.5799999999886
25.840000000000003 20.0 655.5799999999886
25.840000000000003 0.0 655.5799999999886
25.840000000000003 20.0 655.5799999999886
25.840000000000003 0.0 655.5799999999886
28.0 20.0 655.5799999999886
28.0 0.0 655.5799999999886
28.0 20.0 655.5799999999886
28.0 0.0 655.5799999999886
25.820000000000004 20.0 655.5799999999886
25.820000000000004 0.0 655.5799999999886
25.820000000000004 20.0 655.5799999999886
25.820000000000004 0.0 655.5799999999886
25.820000000000004 20.0 655.5799999999886
25.820000000000004 0.0 655.5799999999886
25.820000000000004 20.0 655.5799999999886
25.820000000000004 0.0 655.5799999999886
20.0 28.98 655.5799999999886
20.0 28.98 655.5799999999886
25.800000000000004 20.0 655.5799999999886
25.800000000000004 0.0 655.5799999999886
25.800000000000004 20.0 655.5799999999886
25.800000000000004 0.0 655.5799999999886
25.780000000000005 20.0 655.5799999999886
25.780000000000005 0.0 655.5799999999886
25.780000000000005 20.0 655.5799999999886
25.780000000000005 0.0 655.5799999999886
25.780000000000005 20.0 655.5799999999886
25.780000000000005 0.0 655.5799999999886
25.780000000000005 20.0 655.5799999999886
25.780000000000005 0.0 655.5799999999886
28.0 20.0 655.5799999999886
28.0 0.0 655.5799999999886
28.0 20.0 655.5799999999886
28.0 0.0 655.5799999999886
25.780000000000005 20.0 655.5799999999886
25.780000000000005 0.0 655.5799999999886
25.780000000000005 20.0 655.5799999999886
25.780000000000005 0.0 655.5799999999886
20.0 29.0 655.5799999999886
20.0 29.0 655.5799999999886
25.780000000000005 20.0 655.5799999999886
25.780000000000005 0.0 655.5799999999886
25.780000000000005 20.0 655.5799999999886
25.780000000000005 0.0 655.5799999999886
28.0 20.0 655.5799999999886
28.0 0.0 655.5799999999886
28.0 20.0 655.5799999999886
28.0 0.0 655.5799999999886
20.0 29.02 655.5799999999886
20.0 29.02 655.5799999999886
27.98 20.0 655.5799999999886
27.98 0.0 655.5799999999886
27.98 20.0 655.5799999999886
27.98 0.0 655.5799999999886
27.98 20.0 655.5799999999886
27.98 0.0 655.5799999999886
27.98 20.0 655.5799999999886
27.98 0.0 655.5799999999886
28.0 20.0 655.5799999999886
28.0 0.0 655.5799999999886
28.0 20.0 655.5799999999886
28.0 0.0 655.5799999999886
25.740000000000006 20.0 655.5799999999886
25.740000000000006 0.0 655.5799999999886
25.740000000000006 20.0 655.5799999999886
25.740000000000006 0.0 655.5799999999886
25.720000000000006 20.0 655.5799999999886
25.720000000000006 0.0 655.5799999999886
25.720000000000006 20.0 655.5799999999886
25.720000000000006 0.0 655.5799999999886
27.98 20.0 655.5799999999886
27.98 0.0 655.5799999999886
27.98 20.0 655.5799999999886
27.98 0.0 655.5799999999886
25.700000000000006 20.0 655.5799999999886
25.700000000000006 0.0 655.5799999999886
25.700000000000006 20.0 655.5799999999886
25.700000000000006 0.0 655.5799999999886
28.0 20.0 655.5799999999886
28.0 0.0 655.5799999999886
28.0 20.0 655.5799999999886
28.0 0.0 655.5799999999886
25.700000000000006 20.0 655.5799999999886
25.700000000000006 0.0 655.5799999999886
25.700000000000006 20.0 655.5799999999886
25.700000000000006 0.0 655.5799999999886
20.0 29.04 655.5799999999886
20.0 29.04 655.5799999999886
20.0 29.04 655.5799999999886
20.0 29.04 655.5799999999886
20.0 29.04 655.5799999999886
20.0 29.04 655.5799999999886
25.54000000000001 20.0 655.5799999999886
25.54000000000001 0.0 655.5799999999886
25.54000000000001 20.0 655.5799999999886
25.54000000000001 0.0 655.5799999999886
20.0 29.04 655.5799999999886
20.0 29.04 655.5799999999886
25.52000000000001 20.0 655.5799999999886
25.52000000000001 0.0 655.5799999999886
25.52000000000001 20.0 655.5799999999886
25.52000000000001 0.0 655.5799999999886
25.50000000000001 20.0 655.5799999999886
25.50000000000001 0.0 655.5799999999886
25.50000000000001 20.0 655.5799999999886
25.50000000000001 0.0 655.5799999999886
20.0 29.02 655.5799999999886
20.0 29.02 655.5799999999886
25.48000000000001 20.0 655.5799999999886
25.48000000000001 0.0 655.5799999999886
25.48000000000001 20.0 655.5799999999886
25.48000000000001 0.0 655.5799999999886
28.0 20.0 655.5799999999886
28.0 0.0 655.5799999999886
28.0 20.0 655.5799999999886
28.0 0.0 655.5799999999886
28.0 20.0 655.5799999999886
28.0 0.0 655.5799999999886
28.0 20.0 655.5799999999886
28.0 0.0 655.5799999999886
25.46000000000001 20.0 655.5799999999886
25.46000000000001 0.0 655.5799999999886
25.46000000000001 20.0 655.5799999999886
25.46000000000001 0.0 655.5799999999886
20.0 29.0 655.5799999999886
20.0 29.0 655.5799999999886
25.420000000000012 20.0 655.5799999999886
25.420000000000012 0.0 655.5799999999886
25.420000000000012 20.0 655.5799999999886
25.420000000000012 0.0 655.5799999999886
25.380000000000013 20.0 655.5799999999886
25.380000000000013 0.0 655.5799999999886
25.380000000000013 20.0 655.5799999999886
25.380000000000013 0.0 655.5799999999886
25.360000000000014 20.0 655.5799999999886
25.360000000000014 0.0 655.5799999999886
25.360000000000014 20.0 655.5799999999886
25.360000000000014 0.0 655.5799999999886
20.0 29.0 655.5799999999886
20.0 29.0 655.5799999999886
25.360000000000014 20.0 655.5799999999886
25.360000000000014 0.0 655.5799999999886
25.360000000000014 20.0 655.5799999999886
25.360000000000014 0.0 655.5799999999886
20.0 29.0 655.5799999999886
20.0 29.0 655.5799999999886
25.300000000000015 20.0 655.5799999999886
25.300000000000015 0.0 655.5799999999886
25.300000000000015 20.0 655.5799999999886
25.300000000000015 0.0 655.5799999999886
20.0 29.0 655.5799999999886
20.0 29.0 655.5799999999886
28.0 20.0 655.5799999999886
28.0 0.0 655.5799999999886
28.0 20.0 655.5799999999886
28.0 0.0 655.5799999999886
25.280000000000015 20.0 655.5799999999886
25.280000000000015 0.0 655.5799999999886
25.280000000000015 20.0 655.5799999999886
25.280000000000015 0.0 655.5799999999886
25.240000000000016 20.0 655.5799999999886
25.240000000000016 0.0 655.5799999999886
25.240000000000016 20.0 655.5799999999886
25.240000000000016 0.0 655.5799999999886
20.0 29.0 655.5799999999886
20.0 29.0 655.5799999999886
25.220000000000017 20.0 655.5799999999886
25.220000000000017 0.0 655.5799999999886
25.220000000000017 20.0 655.5799999999886
25.220000000000017 0.0 655.5799999999886
20.0 29.0 655.5799999999886
20.0 29.0 655.5799999999886
28.0 20.0 655.5799999999886
28.0 0.0 655.5799999999886
28.0 20.0 655.5799999999886
28.0 0.0 655.5799999999886
28.0 20.0 655.5799999999886
28.0 0.0 655.5799999999886
28.0 20.0 655.5799999999886
28.0 0.0 655.5799999999886
25.160000000000018 20.0 655.5799999999886
25.160000000000018 0.0 655.5799999999886
25.160000000000018 20.0 655.5799999999886
25.160000000000018 0.0 655.5799999999886
25.14000000000002 20.0 655.5799999999886
25.14000000000002 0.0 655.5799999999886
25.14000000000002 20.0 655.5799999999886
25.14000000000002 0.0 655.5799999999886
27.98 20.0 655.5799999999886
27.98 0.0 655.5799999999886
27.98 20.0 655.5799999999886
27.98 0.0 655.5799999999886
25.14000000000002 20.0 655.5799999999886
25.14000000000002 0.0 655.5799999999886
25.14000000000002 20.0 655.5799999999886
25.14000000000002 0.0 655.5799999999886
25.12000000000002 20.0 655.5799999999886
25.12000000000002 0.0 655.5799999999886
25.12000000000002 20.0 655.5799999999886
25.12000000000002 0.0 655.5799999999886
25.12000000000002 20.0 655.5799999999886
25.12000000000002 0.0 655.5799999999886
25.12000000000002 20.0 655.5799999999886
25.12000000000002 0.0 655.5799999999886
20.0 29.099999999999998 655.5799999999886
20.0 29.099999999999998 655.5799999999886
20.0 29.119999999999997 655.5799999999886
20.0 29.119999999999997 655.5799999999886
20.0 29.139999999999997 655.5799999999886
20.0 29.139999999999997 655.5799999999886
24.98000000000002 20.0 655.5799999999886
24.98000000000002 0.0 655.5799999999886
24.98000000000002 20.0 655.5799999999886
24.98000000000002 0.0 655.5799999999886
20.0 29.159999999999997 655.5799999999886
20.0 29.159999999999997 655.5799999999886
20.0 29.159999999999997 655.5799999999886
20.0 29.159999999999997 655.5799999999886
25.02000000000002 20.0 655.5799999999886
25.02000000000002 0.0 655.5799999999886
25.02000000000002 20.0 655.5799999999886
25.02000000000002 0.0 655.5799999999886
25.02000000000002 20.0 655.5799999999886
25.02000000000002 0.0 655.5799999999886
25.02000000000002 20.0 655.5799999999886
25.02000000000002 0.0 655.5799999999886
25.00000000000002 20.0 655.5799999999886
25.00000000000002 0.0 655.5799999999886
25.00000000000002 20.0 655.5799999999886
25.00000000000002 0.0 655.5799999999886
25.00000000000002 20.0 655.5799999999886
25.00000000000002 0.0 655.5799999999886
25.00000000000002 20.0 655.5799999999886
25.00000000000002 0.0 655.5799999999886
24.98000000000002 20.0 655.5799999999886
24.98000000000002 0.0 655.5799999999886
24.98000000000002 20.0 655.5799999999886
24.98000000000002 0.0 655.5799999999886
24.960000000000022 20.0 655.5799999999886
24.960000000000022 0.0 655.5799999999886
24.960000000000022 20.0 655.5799999999886
24.960000000000022 0.0 655.5799999999886
24.940000000000023 20.0 655.5799999999886
24.940000000000023 0.0 655.5799999999886
24.940000000000023 20.0 655.5799999999886
24.940000000000023 0.0 655.5799999999886
24.920000000000023 20.0 655.5799999999886
24.920000000000023 0.0 655.5799999999886
24.920000000000023 20.0 655.5799999999886
24.920000000000023 0.0 655.5799999999886
20.0 29.179999999999996 655.5799999999886
20.0 29.179999999999996 655.5799999999886
20.0 29.179999999999996 655.5799999999886
20.0 29.179999999999996 655.5799999999886
20.0 29.179999999999996 655.5799999999886
20.0 29.179999999999996 655.5799999999886
20.0 29.159999999999997 655.5799999999886
20.0 29.159999999999997 655.5799999999886
20.0 29.179999999999996 655.5799999999886
20.0 29.179999999999996 655.5799999999886
20.0 29.179999999999996 655.5799999999886
20.0 29.179999999999996 655.5799999999886
20.0 29.159999999999997 655.5799999999886
20.0 29.159999999999997 655.5799999999886
20.0 29.159999999999997 655.5799999999886
20.0 29.159999999999997 655.5799999999886
14.99 22.969999999999995 655.5799999999886
14.99 22.969999999999995 655.5799999999886
20.0 29.159999999999997 655.5799999999886
20.0 29.159999999999997 655.5799999999886
20.0 29.159999999999997 655.5799999999886
20.0 29.159999999999997 655.5799999999886
20.0 29.139999999999997 655.5799999999886
20.0 29.139999999999997 655.5799999999886
20.0 29.139999999999997 655.5799999999886
20.0 29.139999999999997 655.5799999999886
20.0 29.159999999999997 655.5799999999886
20.0 29.159999999999997 655.5799999999886
20.0 29.179999999999996 655.5799999999886
20.0 29.179999999999996 655.5799999999886
20.0 29.179999999999996 655.5799999999886
20.0 29.179999999999996 655.5799999999886
28.0 20.0 655.5799999999886
28.0 0.0 655.5799999999886
28.0 20.0 655.5799999999886
28.0 0.0 655.5799999999886
27.98 20.0 655.5799999999886
27.98 0.0 655.5799999999886
27.98 20.0 655.5799999999886
27.98 0.0 655.5799999999886
20.0 29.179999999999996 655.5799999999886
20.0 29.179999999999996 655.5799999999886
28.0 20.0 655.5799999999886
28.0 0.0 655.5799999999886
28.0 20.0 655.5799999999886
28.0 0.0 655.5799999999886
20.0 29.159999999999997 655.5799999999886
20.0 29.159999999999997 655.5799999999886
20.0 29.159999999999997 655.5799999999886
20.0 29.159999999999997 655.5799999999886
28.0 20.0 655.5799999999886
28.0 0.0 655.5799999999886
28.0 20.0 655.5799999999886
28.0 0.0 655.5799999999886
20.0 29.139999999999997 655.5799999999886
20.0 29.139999999999997 655.5799999999886
20.0 29.139999999999997 655.5799999999886
20.0 29.139999999999997 655.5799999999886
28.0 20.0 655.5799999999886
28.0 0.0 655.5799999999886
28.0 20.0 655.5799999999886
28.0 0.0 655.5799999999886
20.0 29.159999999999997 655.5799999999886
20.0 29.159999999999997 655.5799999999886
20.0 29.139999999999997 655.5799999999886
20.0 29.139999999999997 655.5799999999886
20.0 29.139999999999997 655.5799999999886
20.0 29.139999999999997 655.5799999999886
20.0 29.119999999999997 655.5799999999886
20.0 29.119999999999997 655.5799999999886
28.0 20.0 655.5799999999886
28.0 0.0 655.5799999999886
28.0 20.0 655.5799999999886
28.0 0.0 655.5799999999886
20.0 29.139999999999997 655.5799999999886
20.0 29.139999999999997 655.5799999999886
20.0 29.139999999999997 655.5799999999886
20.0 29.139999999999997 655.5799999999886
20.0 29.119999999999997 655.5799999999886
20.0 29.119999999999997 655.5799999999886
20.0 29.099999999999998 655.5799999999886
20.0 29.099999999999998 655.5799999999886
28.0 20.0 655.5799999999886
28.0 0.0 655.5799999999886
28.0 20.0 655.5799999999886
28.0 0.0 655.5799999999886
20.0 29.08 655.5799999999886
20.0 29.08 655.5799999999886
28.0 20.0 655.5799999999886
28.0 0.0 655.5799999999886
28.0 20.0 655.5799999999886
28.0 0.0 655.5799999999886
28.0 20.0 655.5799999999886
28.0 0.0 655.5799999999886
28.0 20.0 655.5799999999886
28.0 0.0 655.5799999999886
20.0 29.06 655.5799999999886
20.0 29.06 655.5799999999886
20.0 29.06 655.5799999999886
20.0 29.06 655.5799999999886
28.0 20.0 655.5799999999886
28.0 0.0 655.5799999999886
28.0 20.0 655.5799999999886
28.0 0.0 655.5799999999886
20.0 29.06 655.5799999999886
20.0 29.06 655.5799999999886
28.0 20.0 655.5799999999886
28.0 0.0 655.5799999999886
28.0 20.0 655.5799999999886
28.0 0.0 655.5799999999886
20.0 29.08 655.5799999999886
20.0 29.08 655.5799999999886
20.0 29.08 655.5799999999886
20.0 29.08 655.5799999999886
20.0 29.08 655.5799999999886
20.0 29.08 655.5799999999886
25.00000000000002 20.0 655.5799999999886
25.00000000000002 0.0 655.5799999999886
25.00000000000002 20.0 655.5799999999886
25.00000000000002 0.0 655.5799999999886
20.0 29.099999999999998 655.5799999999886
20.0 29.099999999999998 655.5799999999886
20.0 29.119999999999997 655.5799999999886
20.0 29.119999999999997 655.5799999999886
20.0 29.119999999999997 655.5799999999886
20.0 29.119999999999997 655.5799999999886
20.0 29.119999999999997 655.5799999999886
20.0 29.119999999999997 655.5799999999886
27.98 20.0 655.5799999999886
27.98 0.0 655.5799999999886
27.98 20.0 655.5799999999886
27.98 0.0 655.5799999999886
25.00000000000002 20.0 655.5799999999886
25.00000000000002 0.0 655.5799999999886
25.00000000000002 20.0 655.5799999999886
25.00000000000002 0.0 655.5799999999886
25.00000000000002 20.0 655.5799999999886
25.00000000000002 0.0 655.5799999999886
25.00000000000002 20.0 655.5799999999886
25.00000000000002 0.0 655.5799999999886
25.00000000000002 20.0 655.5799999999886
25.00000000000002 0.0 655.5799999999886
25.00000000000002 20.0 655.5799999999886
25.00000000000002 0.0 655.5799999999886
20.0 29.139999999999997 655.5799999999886
20.0 29.139999999999997 655.5799999999886
20.0 29.139999999999997 655.5799999999886
20.0 29.139999999999997 655.5799999999886
28.02 20.0 655.5799999999886
28.02 0.0 655.5799999999886
28.02 20.0 655.5799999999886
28.02 0.0 655.5799999999886
20.0 29.159999999999997 655.5799999999886
20.0 29.159999999999997 655.5799999999886
25.00000000000002 20.0 655.5799999999886
25.00000000000002 0.0 655.5799999999886
25.00000000000002 20.0 655.5799999999886
25.00000000000002 0.0 655.5799999999886
24.98000000000002 20.0 655.5799999999886
24.98000000000002 0.0 655.5799999999886
24.98000000000002 20.0 655.5799999999886
24.98000000000002 0.0 655.5799999999886
25.00000000000002 20.0 655.5799999999886
25.00000000000002 0.0 655.5799999999886
25.00000000000002 20.0 655.5799999999886
25.00000000000002 0.0 655.5799999999886
20.0 29.159999999999997 655.5799999999886
20.0 29.159999999999997 655.5799999999886
28.0 20.0 655.5799999999886
28.0 0.0 655.5799999999886
28.0 20.0 655.5799999999886
28.0 0.0 655.5799999999886
20.0 29.179999999999996 655.5799999999886
20.0 29.179999999999996 655.5799999999886
20.0 29.179999999999996 655.5799999999886
20.0 29.179999999999996 655.5799999999886
24.98000000000002 20.0 655.5799999999886
24.98000000000002 0.0 655.5799999999886
24.98000000000002 20.0 655.5799999999886
24.98000000000002 0.0 655.5799999999886
20.0 29.159999999999997 655.5799999999886
20.0 29.159999999999997 655.5799999999886
20.0 29.139999999999997 655.5799999999886
20.0 29.139999999999997 655.5799999999886
28.0 20.0 655.5799999999886
28.0 0.0 655.5799999999886
28.0 20.0 655.5799999999886
28.0 0.0 655.5799999999886
25.00000000000002 20.0 655.5799999999886
25.00000000000002 0.0 655.5799999999886
25.00000000000002 20.0 655.5799999999886
25.00000000000002 0.0 655.5799999999886
20.0 29.179999999999996 655.5799999999886
20.0 29.179999999999996 655.5799999999886
28.0 20.0 655.5799999999886
28.0 0.0 655.5799999999886
28.0 20.0 655.5799999999886
28.0 0.0 655.5799999999886
28.0 20.0 655.5799999999886
28.0 0.0 655.5799999999886
28.0 20.0 655.5799999999886
28.0 0.0 655.5799999999886
20.0 29.179999999999996 655.5799999999886
20.0 29.179999999999996 655.5799999999886
28.0 20.0 655.5799999999886
28.0 0.0 655.5799999999886
28.0 20.0 655.5799999999886
28.0 0.0 655.5799999999886
20.0 29.159999999999997 655.5799999999886
20.0 29.159999999999997 655.5799999999886
20.0 29.159999999999997 655.5799999999886
20.0 29.159999999999997 655.5799999999886
20.0 29.159999999999997 655.5799999999886
20.0 29.159999999999997 655.5799999999886
27.98 20.0 655.5799999999886
27.98 0.0 655.5799999999886
27.98 20.0 655.5799999999886
27.98 0.0 655.5799999999886
20.0 29.159999999999997 655.5799999999886
20.0 29.159999999999997 655.5799999999886
20.0 29.159999999999997 655.5799999999886
20.0 29.159999999999997 655.5799999999886
28.0 20.0 655.5799999999886
28.0 0.0 655.5799999999886
28.0 20.0 655.5799999999886
28.0 0.0 655.5799999999886
20.0 29.179999999999996 655.5799999999886
20.0 29.179999999999996 655.5799999999886
20.0 29.179999999999996 655.5799999999886
20.0 29.179999999999996 655.5799999999886
20.0 29.179999999999996 655.5799999999886
20.0 29.179999999999996 655.5799999999886
20.0 29.179999999999996 655.5799999999886
20.0 29.179999999999996 655.5799999999886
24.960000000000022 20.0 655.5799999999886
24.960000000000022 0.0 655.5799999999886
24.960000000000022 20.0 655.5799999999886
24.960000000000022 0.0 655.5799999999886
24.960000000000022 20.0 655.5799999999886
24.960000000000022 0.0 655.5799999999886
24.960000000000022 20.0 655.5799999999886
24.960000000000022 0.0 655.5799999999886
24.940000000000023 20.0 655.5799999999886
24.940000000000023 0.0 655.5799999999886
24.940000000000023 20.0 655.5799999999886
24.940000000000023 0.0 655.5799999999886
28.0 20.0 655.5799999999886
28.0 0.0 655.5799999999886
28.0 20.0 655.5799999999886
28.0 0.0 655.5799999999886
20.0 29.179999999999996 655.5799999999886
20.0 29.179999999999996 655.5799999999886
24.960000000000022 20.0 655.5799999999886
24.960000000000022 0.0 655.5799999999886
24.960000000000022 20.0 655.5799999999886
24.960000000000022 0.0 655.5799999999886
20.0 29.199999999999996 655.5799999999886
20.0 29.199999999999996 655.5799999999886
28.0 20.0 655.5799999999886
28.0 0.0 655.5799999999886
28.0 20.0 655.5799999999886
28.0 0.0 655.5799999999886
20.0 29.199999999999996 655.5799999999886
20.0 29.199999999999996 655.5799999999886
28.0 20.0 655.5799999999886
28.0 0.0 655.5799999999886
28.0 20.0 655.5799999999886
28.0 0.0 655.5799999999886
20.0 29.199999999999996 655.5799999999886
20.0 29.199999999999996 655.5799999999886
20.0 29.199999999999996 655.5799999999886
20.0 29.199999999999996 655.5799999999886
24.960000000000022 20.0 655.5799999999886
24.960000000000022 0.0 655.5799999999886
24.960000000000022 20.0 655.5799999999886
24.960000000000022 0.0 655.5799999999886
20.0 29.219999999999995 655.5799999999886
20.0 29.219999999999995 655.5799999999886
27.98 20.0 655.5799999999886
27.98 0.0 655.5799999999886
27.98 20.0 655.5799999999886
27.98 0.0 655.5799999999886
24.98000000000002 20.0 655.5799999999886
24.98000000000002 0.0 655.5799999999886
24.98000000000002 20.0 655.5799999999886
24.98000000000002 0.0 655.5799999999886
20.0 29.239999999999995 655.5799999999886
20.0 29.239999999999995 655.5799999999886
20.0 29.259999999999994 655.5799999999886
20.0 29.259999999999994 655.5799999999886
20.0 29.239999999999995 655.5799999999886
20.0 29.239999999999995 655.5799999999886
20.0 29.239999999999995 655.5799999999886
20.0 29.239999999999995 655.5799999999886
28.0 20.0 655.5799999999886
28.0 0.0 655.5799999999886
28.0 20.0 655.5799999999886
28.0 0.0 655.5799999999886
28.0 20.0 655.5799999999886
28.0 0.0 655.5799999999886
28.0 20.0 655.5799999999886
28.0 0.0 655.5799999999886
28.02 20.0 655.5799999999886
28.02 0.0 655.5799999999886
28.02 20.0 655.5799999999886
28.02 0.0 655.5799999999886
20.0 29.259999999999994 655.5799999999886
20.0 29.259999999999994 655.5799999999886
28.0 20.0 655.5799999999886
28.0 0.0 655.5799999999886
28.0 20.0 655.5799999999886
28.0 0.0 655.5799999999886
28.0 20.0 655.5799999999886
28.0 0.0 655.5799999999886
28.0 20.0 655.5799999999886
28.0 0.0 655.5799999999886
20.0 29.239999999999995 655.5799999999886
20.0 29.239999999999995 655.5799999999886
28.0 20.0 655.5799999999886
28.0 0.0 655.5799999999886
28.0 20.0 655.5799999999886
28.0 0.0 655.5799999999886
20.0 29.259999999999994 655.5799999999886
20.0 29.259999999999994 655.5799999999886
20.0 29.259999999999994 655.5799999999886
20.0 29.259999999999994 655.5799999999886
27.98 20.0 655.5799999999886
27.98 0.0 655.5799999999886
27.98 20.0 655.5799999999886
27.98 0.0 655.5799999999886
28.0 20.0 655.5799999999886
28.0 0.0 655.5799999999886
28.0 20.0 655.5799999999886
28.0 0.0 655.5799999999886
20.0 29.279999999999994 655.5799999999886
20.0 29.279999999999994 655.5799999999886
28.0 20.0 655.5799999999886
28.0 0.0 655.5799999999886
28.0 20.0 655.5799999999886
28.0 0.0 655.5799999999886
20.0 29.279999999999994 655.5799999999886
20.0 29.279999999999994 655.5799999999886
28.0 20.0 655.5799999999886
28.0 0.0 655.5799999999886
28.0 20.0 655.5799999999886
28.0 0.0 655.5799999999886
20.0 29.299999999999994 655.5799999999886
20.0 29.299999999999994 655.5799999999886
20.0 29.279999999999994 655.5799999999886
20.0 29.279999999999994 655.5799999999886
20.0 29.279999999999994 655.5799999999886
20.0 29.279999999999994 655.5799999999886
28.0 20.0 655.5799999999886
28.0 0.0 655.5799999999886
28.0 20.0 655.5799999999886
28.0 0.0 655.5799999999886
20.0 29.259999999999994 655.5799999999886
20.0 29.259999999999994 655.5799999999886
20.0 29.259999999999994 655.5799999999886
20.0 29.259999999999994 655.5799999999886
28.0 20.0 655.5799999999886
28.0 0.0 655.5799999999886
28.0 20.0 655.5799999999886
28.0 0.0 655.5799999999886
20.0 29.279999999999994 655.5799999999886
20.0 29.279999999999994 655.5799999999886
28.0 20.0 655.5799999999886
28.0 0.0 655.5799999999886
28.0 20.0 655.5799999999886
28.0 0.0 655.5799999999886
20.0 29.279999999999994 655.5799999999886
20.0 29.279999999999994 655.5799999999886
20.0 29.259999999999994 655.5799999999886
20.0 29.259999999999994 655.5799999999886
20.0 29.259999999999994 655.5799999999886
20.0 29.259999999999994 655.5799999999886
20.0 29.279999999999994 655.5799999999886
20.0 29.279999999999994 655.5799999999886
28.0 20.0 655.5799999999886
28.0 0.0 655.5799999999886
28.0 20.0 655.5799999999886
28.0 0.0 655.5799999999886
20.0 29.279999999999994 655.5799999999886
20.0 29.279999999999994 655.5799999999886
20.0 29.279999999999994 655.5799999999886
20.0 29.279999999999994 655.5799999999886
28.0 20.0 655.5799999999886
28.0 0.0 655.5799999999886
28.0 20.0 655.5799999999886
28.0 0.0 655.5799999999886
28.0 20.0 655.5799999999886
28.0 0.0 655.5799999999886
28.0 20.0 655.5799999999886
28.0 0.0 655.5799999999886
20.0 29.299999999999994 655.5799999999886
20.0 29.299999999999994 655.5799999999886
20.0 29.299999999999994 655.5799999999886
20.0 29.299999999999994 655.5799999999886
20.0 29.299999999999994 655.5799999999886
20.0 29.299999999999994 655.5799999999886
20.0 29.279999999999994 655.5799999999886
20.0 29.279999999999994 655.5799999999886
20.0 29.299999999999994 655.5799999999886
20.0 29.299999999999994 655.5799999999886
20.0 29.279999999999994 655.5799999999886
20.0 29.279999999999994 655.5799999999886
20.0 29.279999999999994 655.5799999999886
20.0 29.279999999999994 655.5799999999886
20.0 29.259999999999994 655.5799999999886
20.0 29.259999999999994 655.5799999999886
28.0 20.0 655.5799999999886
28.0 0.0 655.5799999999886
28.0 20.0 655.5799999999886
28.0 0.0 655.5799999999886
20.0 29.259999999999994 655.5799999999886
20.0 29.259999999999994 655.5799999999886
20.0 29.279999999999994 655.5799999999886
20.0 29.279999999999994 655.5799999999886
28.0 20.0 655.5799999999886
28.0 0.0 655.5799999999886
28.0 20.0 655.5799999999886
28.0 0.0 655.5799999999886
28.0 20.0 655.5799999999886
28.0 0.0 655.5799999999886
28.0 20.0 655.5799999999886
28.0 0.0 655.5799999999886
20.0 29.299999999999994 655.5799999999886
20.0 29.299999999999994 655.5799999999886
28.0 20.0 655.5799999999886
28.0 0.0 655.5799999999886
28.0 20.0 655.5799999999886
28.0 0.0 655.5799999999886
20.0 29.299999999999994 655.5799999999886
20.0 29.299999999999994 655.5799999999886
20.0 29.279999999999994 655.5799999999886
20.0 29.279999999999994 655.5799999999886
28.0 20.0 655.5799999999886
28.0 0.0 655.5799999999886
28.0 20.0 655.5799999999886
28.0 0.0 655.5799999999886
20.0 29.299999999999994 655.5799999999886
20.0 29.299999999999994 655.5799999999886
28.0 20.0 655.5799999999886
28.0 0.0 655.5799999999886
28.0 20.0 655.5799999999886
28.0 0.0 655.5799999999886
20.0 29.319999999999993 655.5799999999886
20.0 29.319999999999993 655.5799999999886
25.00000000000002 20.0 655.5799999999886
25.00000000000002 0.0 655.5799999999886
25.00000000000002 20.0 655.5799999999886
25.00000000000002 0.0 655.5799999999886
28.0 20.0 655.5799999999886
28.0 0.0 655.5799999999886
28.0 20.0 655.5799999999886
28.0 0.0 655.5799999999886
20.0 29.319999999999993 655.5799999999886
20.0 29.319999999999993 655.5799999999886
20.0 29.339999999999993 655.5799999999886
20.0 29.339999999999993 655.5799999999886
25.00000000000002 20.0 655.5799999999886
25.00000000000002 0.0 655.5799999999886
25.00000000000002 20.0 655.5799999999886
25.00000000000002 0.0 655.5799999999886
20.0 29.339999999999993 655.5799999999886
20.0 29.339999999999993 655.5799999999886
25.00000000000002 20.0 655.5799999999886
25.00000000000002 0.0 655.5799999999886
25.00000000000002 20.0 655.5799999999886
25.00000000000002 0.0 655.5799999999886
25.00000000000002 20.0 655.5799999999886
25.00000000000002 0.0 655.5799999999886
25.00000000000002 20.0 655.5799999999886
25.00000000000002 0.0 655.5799999999886
20.0 29.339999999999993 655.5799999999886
20.0 29.339999999999993 655.5799999999886
20.0 29.339999999999993 655.5799999999886
20.0 29.339999999999993 655.5799999999886
20.0 29.339999999999993 655.5799999999886
20.0 29.339999999999993 655.5799999999886
20.0 29.319999999999993 655.5799999999886
20.0 29.319999999999993 655.5799999999886
20.0 29.339999999999993 655.5799999999886
20.0 29.339999999999993 655.5799999999886
20.0 29.339999999999993 655.5799999999886
20.0 29.339999999999993 655.5799999999886
25.00000000000002 20.0 655.5799999999886
25.00000000000002 0.0 655.5799999999886
25.00000000000002 20.0 655.5799999999886
25.00000000000002 0.0 655.5799999999886
25.00000000000002 20.0 655.5799999999886
25.00000000000002 0.0 655.5799999999886
25.00000000000002 20.0 655.5799999999886
25.00000000000002 0.0 655.5799999999886
20.0 29.339999999999993 655.5799999999886
20.0 29.339999999999993 655.5799999999886
20.0 29.319999999999993 655.5799999999886
20.0 29.319999999999993 655.5799999999886
20.0 29.299999999999994 655.5799999999886
20.0 29.299999999999994 655.5799999999886
28.0 20.0 655.5799999999886
28.0 0.0 655.5799999999886
28.0 20.0 655.5799999999886
28.0 0.0 655.5799999999886
20.0 29.279999999999994 655.5799999999886
20.0 29.279999999999994 655.5799999999886
27.98 20.0 655.5799999999886
27.98 0.0 655.5799999999886
27.98 20.0 655.5799999999886
27.98 0.0 655.5799999999886
20.0 29.279999999999994 655.5799999999886
20.0 29.279999999999994 655.5799999999886
27.98 20.0 655.5799999999886
27.98 0.0 655.5799999999886
27.98 20.0 655.5799999999886
27.98 0.0 655.5799999999886
20.0 29.299999999999994 655.5799999999886
20.0 29.299999999999994 655.5799999999886
27.98 20.0 655.5799999999886
27.98 0.0 655.5799999999886
27.98 20.0 655.5799999999886
27.98 0.0 655.5799999999886
20.0 29.279999999999994 655.5799999999886
20.0 29.279999999999994 655.5799999999886
27.98 20.0 655.5799999999886
27.98 0.0 655.5799999999886
27.98 20.0 655.5799999999886
27.98 0.0 655.5799999999886
27.98 20.0 655.5799999999886
27.98 0.0 655.5799999999886
27.98 20.0 655.5799999999886
27.98 0.0 655.5799999999886
20.0 29.319999999999993 655.5799999999886
20.0 29.319999999999993 655.5799999999886
27.96 20.0 655.5799999999886
27.96 0.0 655.5799999999886
27.96 20.0 655.5799999999886
27.96 0.0 655.5799999999886
20.0 29.339999999999993 655.5799999999886
20.0 29.339999999999993 655.5799999999886
20.0 29.359999999999992 655.5799999999886
20.0 29.359999999999992 655.5799999999886
28.0 20.0 655.5799999999886
28.0 0.0 655.5799999999886
28.0 20.0 655.5799999999886
28.0 0.0 655.5799999999886
20.0 29.379999999999992 655.5799999999886
20.0 29.379999999999992 655.5799999999886
20.0 29.379999999999992 655.5799999999886
20.0 29.379999999999992 655.5799999999886
28.0 20.0 655.5799999999886
28.0 0.0 655.5799999999886
28.0 20.0 655.5799999999886
28.0 0.0 655.5799999999886
20.0 29.379999999999992 655.5799999999886
20.0 29.379999999999992 655.5799999999886
28.0 20.0 655.5799999999886
28.0 0.0 655.5799999999886
28.0 20.0 655.5799999999886
28.0 0.0 655.5799999999886
28.02 20.0 655.5799999999886
28.02 0.0 655.5799999999886
28.02 20.0 655.5799999999886
28.02 0.0 655.5799999999886
28.02 20.0 655.5799999999886
28.02 0.0 655.5799999999886
28.02 20.0 655.5799999999886
28.02 0.0 655.5799999999886
28.0 20.0 655.5799999999886
28.0 0.0 655.5799999999886
28.0 20.0 655.5799999999886
28.0 0.0 655.5799999999886
27.98 20.0 655.5799999999886
27.98 0.0 655.5799999999886
27.98 20.0 655.5799999999886
27.98 0.0 655.5799999999886
20.0 29.359999999999992 655.5799999999886
20.0 29.359999999999992 655.5799999999886
20.0 29.359999999999992 655.5799999999886
20.0 29.359999999999992 655.5799999999886
20.0 29.359999999999992 655.5799999999886
20.0 29.359999999999992 655.5799999999886
20.0 29.379999999999992 655.5799999999886
20.0 29.379999999999992 655.5799999999886
27.96 20.0 655.5799999999886
27.96 0.0 655.5799999999886
27.96 20.0 655.5799999999886
27.96 0.0 655.5799999999886
24.960000000000022 20.0 655.5799999999886
24.960000000000022 0.0 655.5799999999886
24.960000000000022 20.0 655.5799999999886
24.960000000000022 0.0 655.5799999999886
27.98 20.0 655.5799999999886
27.98 0.0 655.5799999999886
27.98 20.0 655.5799999999886
27.98 0.0 655.5799999999886
24.940000000000023 20.0 655.5799999999886
24.940000000000023 0.0 655.5799999999886
24.940000000000023 20.0 655.5799999999886
24.940000000000023 0.0 655.5799999999886
24.940000000000023 20.0 655.5799999999886
24.940000000000023 0.0 655.5799999999886
24.940000000000023 20.0 655.5799999999886
24.940000000000023 0.0 655.5799999999886
28.0 20.0 655.5799999999886
28.0 0.0 655.5799999999886
28.0 20.0 655.5799999999886
28.0 0.0 655.5799999999886
28.0 20.0 655.5799999999886
28.0 0.0 655.5799999999886
28.0 20.0 655.5799999999886
28.0 0.0 655.5799999999886
24.940000000000023 20.0 655.5799999999886
24.940000000000023 0.0 655.5799999999886
24.940000000000023 20.0 655.5799999999886
24.940000000000023 0.0 655.5799999999886
24.960000000000022 20.0 655.5799999999886
24.960000000000022 0.0 655.5799999999886
24.960000000000022 20.0 655.5799999999886
24.960000000000022 0.0 655.5799999999886
20.0 29.39999999999999 655.5799999999886
20.0 29.39999999999999 655.5799999999886
20.0 29.41999999999999 655.5799999999886
20.0 29.41999999999999 655.5799999999886
27.98 20.0 655.5799999999886
27.98 0.0 655.5799999999886
27.98 20.0 655.5799999999886
27.98 0.0 655.5799999999886
20.0 29.41999999999999 655.5799999999886
20.0 29.41999999999999 655.5799999999886
27.98 20.0 655.5799999999886
27.98 0.0 655.5799999999886
27.98 20.0 655.5799999999886
27.98 0.0 655.5799999999886
24.960000000000022 20.0 655.5799999999886
24.960000000000022 0.0 655.5799999999886
24.960000000000022 20.0 655.5799999999886
24.960000000000022 0.0 655.5799999999886
27.98 20.0 655.5799999999886
27.98 0.0 655.5799999999886
27.98 20.0 655.5799999999886
27.98 0.0 655.5799999999886
27.98 20.0 655.5799999999886
27.98 0.0 655.5799999999886
27.98 20.0 655.5799999999886
27.98 0.0 655.5799999999886
27.96 20.0 655.5799999999886
27.96 0.0 655.5799999999886
27.96 20.0 655.5799999999886
27.96 0.0 655.5799999999886
20.0 29.41999999999999 655.5799999999886
20.0 29.41999999999999 655.5799999999886
20.0 29.43999999999999 655.5799999999886
20.0 29.43999999999999 655.5799999999886
27.96 20.0 655.5799999999886
27.96 0.0 655.5799999999886
27.96 20.0 655.5799999999886
27.96 0.0 655.5799999999886
27.96 20.0 655.5799999999886
27.96 0.0 655.5799999999886
27.96 20.0 655.5799999999886
27.96 0.0 655.5799999999886
27.98 20.0 655.5799999999886
27.98 0.0 655.5799999999886
27.98 20.0 655.5799999999886
27.98 0.0 655.5799999999886
20.0 29.41999999999999 655.5799999999886
20.0 29.41999999999999 655.5799999999886
20.0 29.41999999999999 655.5799999999886
20.0 29.41999999999999 655.5799999999886
20.0 29.43999999999999 655.5799999999886
20.0 29.43999999999999 655.5799999999886
20.0 29.43999999999999 655.5799999999886
20.0 29.43999999999999 655.5799999999886
20.0 29.45999999999999 655.5799999999886
20.0 29.45999999999999 655.5799999999886
20.0 29.43999999999999 655.5799999999886
20.0 29.43999999999999 655.5799999999886
20.0 29.45999999999999 655.5799999999886
20.0 29.45999999999999 655.5799999999886
20.0 29.45999999999999 655.5799999999886
20.0 29.45999999999999 655.5799999999886
20.0 29.719999999999985 655.5799999999886
20.0 29.719999999999985 655.5799999999886
20.0 29.759999999999984 655.5799999999886
20.0 29.759999999999984 655.5799999999886
20.0 29.759999999999984 655.5799999999886
20.0 29.759999999999984 655.5799999999886
20.0 29.779999999999983 655.5799999999886
20.0 29.779999999999983 655.5799999999886
20.0 29.799999999999983 655.5799999999886
20.0 29.799999999999983 655.5799999999886
20.0 29.799999999999983 655.5799999999886
20.0 29.799999999999983 655.5799999999886
20.0 29.799999999999983 655.5799999999886
20.0 29.799999999999983 655.5799999999886
20.0 29.839999999999982 655.5799999999886
20.0 29.839999999999982 655.5799999999886
20.0 29.819999999999983 655.5799999999886
20.0 29.819999999999983 655.5799999999886
20.0 29.819999999999983 655.5799999999886
20.0 29.819999999999983 655.5799999999886
20.0 29.819999999999983 655.5799999999886
20.0 29.819999999999983 655.5799999999886
20.0 29.819999999999983 655.5799999999886
20.0 29.819999999999983 655.5799999999886
20.0 29.819999999999983 655.5799999999886
20.0 29.819999999999983 655.5799999999886
20.0 29.839999999999982 655.5799999999886
20.0 29.839999999999982 655.5799999999886
20.0 29.839999999999982 655.5799999999886
20.0 29.839999999999982 655.5799999999886
20.0 29.839999999999982 655.5799999999886
20.0 29.839999999999982 655.5799999999886
20.0 29.839999999999982 655.5799999999886
20.0 29.839999999999982 655.5799999999886
20.0 29.839999999999982 655.5799999999886
20.0 29.839999999999982 655.5799999999886
20.0 29.799999999999983 655.5799999999886
20.0 29.799999999999983 655.5799999999886
20.0 29.839999999999982 655.5799999999886
20.0 29.839999999999982 655.5799999999886
20.0 29.819999999999983 655.5799999999886
20.0 29.819999999999983 655.5799999999886
20.0 29.85999999999998 655.5799999999886
20.0 29.85999999999998 655.5799999999886
20.0 29.85999999999998 655.5799999999886
20.0 29.85999999999998 655.5799999999886
20.0 29.89999999999998 655.5799999999886
20.0 29.89999999999998 655.5799999999886
20.0 29.89999999999998 655.5799999999886
20.0 29.89999999999998 655.5799999999886
20.0 29.89999999999998 655.5799999999886
20.0 29.89999999999998 655.5799999999886
20.0 29.87999999999998 655.5799999999886
20.0 29.87999999999998 655.5799999999886
20.0 29.839999999999982 655.5799999999886
20.0 29.839999999999982 655.5799999999886
20.0 29.839999999999982 655.5799999999886
20.0 29.839999999999982 655.5799999999886
20.0 29.839999999999982 655.5799999999886
20.0 29.839999999999982 655.5799999999886
20.0 29.839999999999982 655.5799999999886
20.0 29.839999999999982 655.5799999999886
20.0 29.839999999999982 655.5799999999886
20.0 29.839999999999982 655.5799999999886
20.0 29.839999999999982 655.5799999999886
20.0 29.839999999999982 655.5799999999886
20.0 29.819999999999983 655.5799999999886
20.0 29.819999999999983 655.5799999999886
20.0 29.799999999999983 655.5799999999886
20.0 29.799999999999983 655.5799999999886
20.0 29.819999999999983 655.5799999999886
20.0 29.819999999999983 655.5799999999886
20.0 29.819999999999983 655.5799999999886
20.0 29.819999999999983 655.5799999999886
20.0 29.839999999999982 655.5799999999886
20.0 29.839999999999982 655.5799999999886
20.0 29.87999999999998 655.5799999999886
20.0 29.87999999999998 655.5799999999886
20.0 29.89999999999998 655.5799999999886
20.0 29.89999999999998 655.5799999999886
20.0 29.93999999999998 655.5799999999886
20.0 29.93999999999998 655.5799999999886
20.0 29.95999999999998 655.5799999999886
20.0 29.95999999999998 655.5799999999886
28.0 20.0 655.5799999999886
28.0 0.0 655.5799999999886
28.0 20.0 655.5799999999886
28.0 0.0 655.5799999999886
28.0 20.0 655.5799999999886
28.0 0.0 655.5799999999886
28.0 20.0 655.5799999999886
28.0 0.0 655.5799999999886
1.0200000000000007 9.999999999999979 655.5799999999886
18.009999999999994 15.889999999999535 655.5799999999886
18.979999999999528 7.3200000000000145 655.5799999999886
17.95999999999968 10.159999999999975 655.5799999999886
14.009999999999732 16.009999999999533 655.5799999999886
0.9900000000001554 5.9900000000000215 655.5799999999886
12.03 5.0099999999999785 655.5799999999886
17.00999999999976 18.009999999999845 655.5799999999886
16.00999999999922 13.009999999999957 655.5799999999886
6.950000000000022 4.029999999999957 655.5799999999886
7.970000000000001 1.0300000000000007 655.5799999999886
9.039999999999978 17.97999999999937 655.5799999999886
4.019999999999957 7.98 655.5799999999886
13.0 9.379999999999992 655.5799999999886
12.99 18.969999999999526 655.5799999999886
15.989999999999533 7.029999999999999 655.5799999999886
14.99 2.99 655.5799999999886
4.030000000000042 18.949999999999836 655.5799999999886
9.98 11.96 655.5799999999886
12.130000000000019 0.9899999999999989 655.5799999999886
8.99 7.069999999999913 655.5799999999886
18.009999999999533 4.0099999999999785 655.5799999999886
1.0 2.020000000000021 655.5799999999886
1.5700000000000423 16.029999999999962 655.5799999999886
3.860000000000003 4.0 655.5799999999886
7.009999999999936 9.99 655.5799999999886
4.8500000000000245 1.0100000000000007 655.5799999999886
17.929999999999897 1.0100000000001554 655.5799999999886
0.99 12.969999999999958 655.5799999999886
9.99 1.9900000000001563 655.5799999999886
6.930000000000023 15.089999999999396 655.5799999999886
11.989999999999958 15.029999999999553 655.5799999999886
4.029999999999978 12.929999999999959 655.5799999999886
-10 12 655.5799999999886
-10 12 655.5799999999886
-7 9 655.5799999999886
-7 9 655.5799999999886
-10 -8 655.5799999999886
-10 -8 655.5799999999886
-7 -11 655.5799999999886
-7 -11 655.5799999999886
-8 -16 655.5799999999886
-8 -16 655.5799999999886
0.0 -11.0 655.5799999999886
0.0 -11.0 655.5799999999886
0.0 -11.0 655.5799999999886
0.0 -11.0 655.5799999999886
0.0 -11.0 655.5799999999886
0.0 -11.0 655.5799999999886
0.0 -11.0 655.5799999999886
0.0 -11.0 655.5799999999886
0.0 -11.0 655.5799999999886
0.0 -11.0 655.5799999999886
0.0 -11.0 655.5799999999886
0.0 -11.0 655.5799999999886
0.0 -11.0 655.5799999999886
0.0 -11.0 655.5799999999886
0.0 -11.02 655.5799999999886
0.0 -11.02 655.5799999999886
0.0 -11.0 655.5799999999886
0.0 -11.0 655.5799999999886
0.0 -10.98 655.5799999999886
0.0 -10.98 655.5799999999886
0.0 -10.96 655.5799999999886
0.0 -10.96 655.5799999999886
0.0 -10.96 655.5799999999886
0.0 -10.96 655.5799999999886
0.0 -10.96 655.5799999999886
0.0 -10.96 655.5799999999886
0.0 -10.96 655.5799999999886
0.0 -10.96 655.5799999999886
0.0 -10.98 655.5799999999886
0.0 -10.98 655.5799999999886
0.0 -11.0 655.5799999999886
0.0 -11.0 655.5799999999886
0.0 -11.0 655.5799999999886
0.0 -11.0 655.5799999999886
0.0 -11.0 655.5799999999886
0.0 -11.0 655.5799999999886
0.0 -11.0 655.5799999999886
0.0 -11.0 655.5799999999886
0.0 -11.0 655.5799999999886
0.0 -11.0 655.5799999999886
0.0 -11.0 655.5799999999886
0.0 -11.0 655.5799999999886
0.0 -10.900000000000002 655.5799999999886
0.0 -10.900000000000002 655.5799999999886
0.0 -10.880000000000003 655.5799999999886
0.0 -10.880000000000003 655.5799999999886
0.0 -10.860000000000003 655.5799999999886
0.0 -10.860000000000003 655.5799999999886
0.0 -10.840000000000003 655.5799999999886
0.0 -10.840000000000003 655.5799999999886
0.0 -10.840000000000003 655.5799999999886
0.0 -10.840000000000003 655.5799999999886
0.0 -10.820000000000004 655.5799999999886
0.0 -10.820000000000004 655.5799999999886
0.0 -10.820000000000004 655.5799999999886
0.0 -10.820000000000004 655.5799999999886
0.0 -10.820000000000004 655.5799999999886
0.0 -10.820000000000004 655.5799999999886
0.0 -10.840000000000003 655.5799999999886
0.0 -10.840000000000003 655.5799999999886
0.0 -10.820000000000004 655.5799999999886
0.0 -10.820000000000004 655.5799999999886
0.0 -10.820000000000004 655.5799999999886
0.0 -10.820000000000004 655.5799999999886
0.0 -10.840000000000003 655.5799999999886
0.0 -10.840000000000003 655.5799999999886
0.0 -10.840000000000003 655.5799999999886
0.0 -10.840000000000003 655.5799999999886
-5.01 -17.030000000000005 655.5799999999886
-5.01 -17.030000000000005 655.5799999999886
0.0 -10.840000000000003 655.5799999999886
0.0 -10.840000000000003 655.5799999999886
0.0 -10.840000000000003 655.5799999999886
0.0 -10.840000000000003 655.5799999999886
0.0 -10.860000000000003 655.5799999999886
0.0 -10.860000000000003 655.5799999999886
0.0 -10.860000000000003 655.5799999999886
0.0 -10.860000000000003 655.5799999999886
0.0 -10.840000000000003 655.5799999999886
0.0 -10.840000000000003 655.5799999999886
0.0 -10.820000000000004 655.5799999999886
0.0 -10.820000000000004 655.5799999999886
0.0 -10.820000000000004 655.5799999999886
0.0 -10.820000000000004 655.5799999999886
0.0 -10.820000000000004 655.5799999999886
0.0 -10.820000000000004 655.5799999999886
0.0 -10.840000000000003 655.5799999999886
0.0 -10.840000000000003 655.5799999999886
0.0 -10.840000000000003 655.5799999999886
0.0 -10.840000000000003 655.5799999999886
0.0 -10.860000000000003 655.5799999999886
0.0 -10.860000000000003 655.5799999999886
0.0 -10.860000000000003 655.5799999999886
0.0 -10.860000000000003 655.5799999999886
0.0 -10.840000000000003 655.5799999999886
0.0 -10.840000000000003 655.5799999999886
0.0 -10.860000000000003 655.5799999999886
0.0 -10.860000000000003 655.5799999999886
0.0 -10.860000000000003 655.5799999999886
0.0 -10.860000000000003 655.5799999999886
0.0 -10.880000000000003 655.5799999999886
0.0 -10.880000000000003 655.5799999999886
0.0 -10.860000000000003 655.5799999999886
0.0 -10.860000000000003 655.5799999999886
0.0 -10.860000000000003 655.5799999999886
0.0 -10.860000000000003 655.5799999999886
0.0 -10.880000000000003 655.5799999999886
0.0 -10.880000000000003 655.5799999999886
0.0 -10.900000000000002 655.5799999999886
0.0 -10.900000000000002 655.5799999999886
0.0 -10.920000000000002 655.5799999999886
0.0 -10.920000000000002 655.5799999999886
0.0 -10.940000000000001 655.5799999999886
0.0 -10.940000000000001 655.5799999999886
0.0 -10.940000000000001 655.5799999999886
0.0 -10.940000000000001 655.5799999999886
0.0 -10.940000000000001 655.5799999999886
0.0 -10.940000000000001 655.5799999999886
0.0 -10.920000000000002 655.5799999999886
0.0 -10.920000000000002 655.5799999999886
0.0 -10.920000000000002 655.5799999999886
0.0 -10.920000000000002 655.5799999999886
0.0 -10.920000000000002 655.5799999999886
0.0 -10.920000000000002 655.5799999999886
0.0 -10.900000000000002 655.5799999999886
0.0 -10.900000000000002 655.5799999999886
0.0 -10.880000000000003 655.5799999999886
0.0 -10.880000000000003 655.5799999999886
0.0 -10.880000000000003 655.5799999999886
0.0 -10.880000000000003 655.5799999999886
0.0 -10.880000000000003 655.5799999999886
0.0 -10.880000000000003 655.5799999999886
0.0 -10.860000000000003 655.5799999999886
0.0 -10.860000000000003 655.5799999999886
0.0 -10.860000000000003 655.5799999999886
0.0 -10.860000000000003 655.5799999999886
0.0 -10.840000000000003 655.5799999999886
0.0 -10.840000000000003 655.5799999999886
0.0 -10.840000000000003 655.5799999999886
0.0 -10.840000000000003 655.5799999999886
0.0 -10.820000000000004 655.5799999999886
0.0 -10.820000000000004 655.5799999999886
0.0 -10.820000000000004 655.5799999999886
0.0 -10.820000000000004 655.5799999999886
0.0 -10.840000000000003 655.5799999999886
0.0 -10.840000000000003 655.5799999999886
0.0 -10.860000000000003 655.5799999999886
0.0 -10.860000000000003 655.5799999999886
0.0 -10.820000000000004 655.5799999999886
0.0 -10.820000000000004 655.5799999999886
0.0 -10.820000000000004 655.5799999999886
0.0 -10.820000000000004 655.5799999999886
0.0 -10.840000000000003 655.5799999999886
0.0 -10.840000000000003 655.5799999999886
0.0 -10.840000000000003 655.5799999999886
0.0 -10.840000000000003 655.5799999999886
0.0 -10.840000000000003 655.5799999999886
0.0 -10.840000000000003 655.5799999999886
0.0 -10.840000000000003 655.5799999999886
0.0 -10.840000000000003 655.5799999999886
0.0 -10.840000000000003 655.5799999999886
0.0 -10.840000000000003 655.5799999999886
0.0 -10.820000000000004 655.5799999999886
0.0 -10.820000000000004 655.5799999999886
0.0 -10.820000000000004 655.5799999999886
0.0 -10.820000000000004 655.5799999999886
0.0 -10.820000000000004 655.5799999999886
0.0 -10.820000000000004 655.5799999999886
0.0 -10.820000000000004 655.5799999999886
0.0 -10.820000000000004 655.5799999999886
0.0 -10.820000000000004 655.5799999999886
0.0 -10.820000000000004 655.5799999999886
0.0 -10.800000000000004 655.5799999999886
0.0 -10.800000000000004 655.5799999999886
0.0 -10.800000000000004 655.5799999999886
0.0 -10.800000000000004 655.5799999999886
0.0 -10.800000000000004 655.5799999999886
0.0 -10.800000000000004 655.5799999999886
0.0 -10.800000000000004 655.5799999999886
0.0 -10.800000000000004 655.5799999999886
0.0 -10.780000000000005 655.5799999999886
0.0 -10.780000000000005 655.5799999999886
0.0 -10.760000000000005 655.5799999999886
0.0 -10.760000000000005 655.5799999999886
0.0 -10.740000000000006 655.5799999999886
0.0 -10.740000000000006 655.5799999999886
0.0 -10.760000000000005 655.5799999999886
0.0 -10.760000000000005 655.5799999999886
0.0 -10.760000000000005 655.5799999999886
0.0 -10.760000000000005 655.5799999999886
0.0 -10.740000000000006 655.5799999999886
0.0 -10.740000000000006 655.5799999999886
0.0 -10.760000000000005 655.5799999999886
0.0 -10.760000000000005 655.5799999999886
0.0 -10.740000000000006 655.5799999999886
0.0 -10.740000000000006 655.5799999999886
0.0 -10.740000000000006 655.5799999999886
0.0 -10.740000000000006 655.5799999999886
0.0 -10.720000000000006 655.5799999999886
0.0 -10.720000000000006 655.5799999999886
0.0 -10.720000000000006 655.5799999999886
0.0 -10.720000000000006 655.5799999999886
0.0 -10.700000000000006 655.5799999999886
0.0 -10.700000000000006 655.5799999999886
0.0 -10.720000000000006 655.5799999999886
0.0 -10.720000000000006 655.5799999999886
0.0 -10.720000000000006 655.5799999999886
0.0 -10.720000000000006 655.5799999999886
0.0 -10.740000000000006 655.5799999999886
0.0 -10.740000000000006 655.5799999999886
0.0 -10.740000000000006 655.5799999999886
0.0 -10.740000000000006 655.5799999999886
0.0 -10.720000000000006 655.5799999999886
0.0 -10.720000000000006 655.5799999999886
0.0 -10.720000000000006 655.5799999999886
0.0 -10.720000000000006 655.5799999999886
0.0 -10.740000000000006 655.5799999999886
0.0 -10.740000000000006 655.5799999999886
0.0 -10.740000000000006 655.5799999999886
0.0 -10.740000000000006 655.5799999999886
0.0 -10.720000000000006 655.5799999999886
0.0 -10.720000000000006 655.5799999999886
0.0 -10.720000000000006 655.5799999999886
0.0 -10.720000000000006 655.5799999999886
0.0 -10.720000000000006 655.5799999999886
0.0 -10.720000000000006 655.5799999999886
0.0 -10.700000000000006 655.5799999999886
0.0 -10.700000000000006 655.5799999999886
0.0 -10.700000000000006 655.5799999999886
0.0 -10.700000000000006 655.5799999999886
0.0 -10.700000000000006 655.5799999999886
0.0 -10.700000000000006 655.5799999999886
0.0 -10.720000000000006 655.5799999999886
0.0 -10.720000000000006 655.5799999999886
0.0 -10.700000000000006 655.5799999999886
0.0 -10.700000000000006 655.5799999999886
0.0 -10.720000000000006 655.5799999999886
0.0 -10.720000000000006 655.5799999999886
0.0 -10.720000000000006 655.5799999999886
0.0 -10.720000000000006 655.5799999999886
0.0 -10.740000000000006 655.5799999999886
0.0 -10.740000000000006 655.5799999999886
0.0 -10.740000000000006 655.5799999999886
0.0 -10.740000000000006 655.5799999999886
0.0 -10.720000000000006 655.5799999999886
0.0 -10.720000000000006 655.5799999999886
0.0 -10.700000000000006 655.5799999999886
0.0 -10.700000000000006 655.5799999999886
0.0 -10.700000000000006 655.5799999999886
0.0 -10.700000000000006 655.5799999999886
0.0 -10.720000000000006 655.5799999999886
0.0 -10.720000000000006 655.5799999999886
0.0 -10.700000000000006 655.5799999999886
0.0 -10.700000000000006 655.5799999999886
0.0 -10.680000000000007 655.5799999999886
0.0 -10.680000000000007 655.5799999999886
0.0 -10.680000000000007 655.5799999999886
0.0 -10.680000000000007 655.5799999999886
0.0 -10.660000000000007 655.5799999999886
0.0 -10.660000000000007 655.5799999999886
0.0 -10.660000000000007 655.5799999999886
0.0 -10.660000000000007 655.5799999999886
0.0 -10.660000000000007 655.5799999999886
0.0 -10.660000000000007 655.5799999999886
0.0 -10.660000000000007 655.5799999999886
0.0 -10.660000000000007 655.5799999999886
0.0 -10.660000000000007 655.5799999999886
0.0 -10.660000000000007 655.5799999999886
0.0 -10.680000000000007 655.5799999999886
0.0 -10.680000000000007 655.5799999999886
0.0 -10.660000000000007 655.5799999999886
0.0 -10.660000000000007 655.5799999999886
0.0 -10.660000000000007 655.5799999999886
0.0 -10.660000000000007 655.5799999999886
0.0 -10.660000000000007 655.5799999999886
0.0 -10.660000000000007 655.5799999999886
0.0 -10.680000000000007 655.5799999999886
0.0 -10.680000000000007 655.5799999999886
0.0 -10.700000000000006 655.5799999999886
0.0 -10.700000000000006 655.5799999999886
0.0 -10.720000000000006 655.5799999999886
0.0 -10.720000000000006 655.5799999999886
0.0 -10.720000000000006 655.5799999999886
0.0 -10.720000000000006 655.5799999999886
0.0 -10.700000000000006 655.5799999999886
0.0 -10.700000000000006 655.5799999999886
0.0 -10.720000000000006 655.5799999999886
0.0 -10.720000000000006 655.5799999999886
0.0 -10.680000000000007 655.5799999999886
0.0 -10.680000000000007 655.5799999999886
0.0 -10.660000000000007 655.5799999999886
0.0 -10.660000000000007 655.5799999999886
0.0 -10.640000000000008 655.5799999999886
0.0 -10.640000000000008 655.5799999999886
0.0 -10.620000000000008 655.5799999999886
0.0 -10.620000000000008 655.5799999999886
0.0 -10.620000000000008 655.5799999999886
0.0 -10.620000000000008 655.5799999999886
0.0 -10.620000000000008 655.5799999999886
0.0 -10.620000000000008 655.5799999999886
0.0 -10.640000000000008 655.5799999999886
0.0 -10.640000000000008 655.5799999999886
0.0 -10.640000000000008 655.5799999999886
0.0 -10.640000000000008 655.5799999999886
0.0 -10.640000000000008 655.5799999999886
0.0 -10.640000000000008 655.5799999999886
0.0 -10.620000000000008 655.5799999999886
0.0 -10.620000000000008 655.5799999999886
0.0 -10.600000000000009 655.5799999999886
0.0 -10.600000000000009 655.5799999999886
0.0 -10.580000000000009 655.5799999999886
0.0 -10.580000000000009 655.5799999999886
0.0 -10.580000000000009 655.5799999999886
0.0 -10.580000000000009 655.5799999999886
0.0 -10.580000000000009 655.5799999999886
0.0 -10.580000000000009 655.5799999999886
0.0 -10.56000000000001 655.5799999999886
0.0 -10.56000000000001 655.5799999999886
0.0 -10.580000000000009 655.5799999999886
0.0 -10.580000000000009 655.5799999999886
0.0 -10.580000000000009 655.5799999999886
0.0 -10.580000000000009 655.5799999999886
0.0 -10.56000000000001 655.5799999999886
0.0 -10.56000000000001 655.5799999999886
0.0 -10.56000000000001 655.5799999999886
0.0 -10.56000000000001 655.5799999999886
0.0 -10.54000000000001 655.5799999999886
0.0 -10.54000000000001 655.5799999999886
0.0 -10.56000000000001 655.5799999999886
0.0 -10.56000000000001 655.5799999999886
0.0 -10.54000000000001 655.5799999999886
0.0 -10.54000000000001 655.5799999999886
0.0 -10.54000000000001 655.5799999999886
0.0 -10.54000000000001 655.5799999999886
0.0 -10.280000000000015 655.5799999999886
0.0 -10.280000000000015 655.5799999999886
0.0 -10.240000000000016 655.5799999999886
0.0 -10.240000000000016 655.5799999999886
0.0 -10.240000000000016 655.5799999999886
0.0 -10.240000000000016 655.5799999999886
0.0 -10.220000000000017 655.5799999999886
0.0 -10.220000000000017 655.5799999999886
0.0 -10.200000000000017 655.5799999999886
0.0 -10.200000000000017 655.5799999999886
0.0 -10.200000000000017 655.5799999999886
0.0 -10.200000000000017 655.5799999999886
0.0 -10.200000000000017 655.5799999999886
0.0 -10.200000000000017 655.5799999999886
0.0 -10.160000000000018 655.5799999999886
0.0 -10.160000000000018 655.5799999999886
0.0 -10.180000000000017 655.5799999999886
0.0 -10.180000000000017 655.5799999999886
0.0 -10.180000000000017 655.5799999999886
0.0 -10.180000000000017 655.5799999999886
0.0 -10.180000000000017 655.5799999999886
0.0 -10.180000000000017 655.5799999999886
0.0 -10.180000000000017 655.5799999999886
0.0 -10.180000000000017 655.5799999999886
0.0 -10.180000000000017 655.5799999999886
0.0 -10.180000000000017 655.5799999999886
0.0 -10.160000000000018 655.5799999999886
0.0 -10.160000000000018 655.5799999999886
0.0 -10.160000000000018 655.5799999999886
0.0 -10.160000000000018 655.5799999999886
0.0 -10.160000000000018 655.5799999999886
0.0 -10.160000000000018 655.5799999999886
0.0 -10.160000000000018 655.5799999999886
0.0 -10.160000000000018 655.5799999999886
0.0 -10.160000000000018 655.5799999999886
0.0 -10.160000000000018 655.5799999999886
0.0 -10.200000000000017 655.5799999999886
0.0 -10.200000000000017 655.5799999999886
0.0 -10.160000000000018 655.5799999999886
0.0 -10.160000000000018 655.5799999999886
0.0 -10.180000000000017 655.5799999999886
0.0 -10.180000000000017 655.5799999999886
0.0 -10.140000000000018 655.5799999999886
0.0 -10.140000000000018 655.5799999999886
0.0 -10.140000000000018 655.5799999999886
0.0 -10.140000000000018 655.5799999999886
0.0 -10.10000000000002 655.5799999999886
0.0 -10.10000000000002 655.5799999999886
0.0 -10.10000000000002 655.5799999999886
0.0 -10.10000000000002 655.5799999999886
0.0 -10.10000000000002 655.5799999999886
0.0 -10.10000000000002 655.5799999999886
0.0 -10.120000000000019 655.5799999999886
0.0 -10.120000000000019 655.5799999999886
0.0 -10.160000000000018 655.5799999999886
0.0 -10.160000000000018 655.5799999999886
0.0 -10.160000000000018 655.5799999999886
0.0 -10.160000000000018 655.5799999999886
0.0 -10.160000000000018 655.5799999999886
0.0 -10.160000000000018 655.5799999999886
0.0 -10.160000000000018 655.5799999999886
0.0 -10.160000000000018 655.5799999999886
0.0 -10.160000000000018 655.5799999999886
0.0 -10.160000000000018 655.5799999999886
0.0 -10.160000000000018 655.5799999999886
0.0 -10.160000000000018 655.5799999999886
0.0 -10.180000000000017 655.5799999999886
0.0 -10.180000000000017 655.5799999999886
0.0 -10.200000000000017 655.5799999999886
0.0 -10.200000000000017 655.5799999999886
0.0 -10.180000000000017 655.5799999999886
0.0 -10.180000000000017 655.5799999999886
0.0 -10.180000000000017 655.5799999999886
0.0 -10.180000000000017 655.5799999999886
0.0 -10.160000000000018 655.5799999999886
0.0 -10.160000000000018 655.5799999999886
0.0 -10.120000000000019 655.5799999999886
0.0 -10.120000000000019 655.5799999999886
0.0 -10.10000000000002 655.5799999999886
0.0 -10.10000000000002 655.5799999999886
0.0 -10.06000000000002 655.5799999999886
0.0 -10.06000000000002 655.5799999999886
0.0 -10.04000000000002 655.5799999999886
0.0 -10.04000000000002 655.5799999999886
-8 4 655.5799999999886
-8 4 655.5799999999886
-5.01 2.9699999999999953 655.5799999999886
-5.01 2.9699999999999953 655.5799999999886
10 -8 655.5799999999886
10 -8 655.5799999999886
24 -6 655.5799999999886
24 -6 655.5799999999886
24 -10 655.5799999999886
24 -10 655.5799999999886
23 -9 655.5799999999886
23 -9 655.5799999999886
4 -6 655.5799999999886
4 -6 655.5799999999886
4 -10 655.5799999999886
4 -10 655.5799999999886
3 -9 655.5799999999886
3 -9 655.5799999999886
