28 2 755.0400000000001
8 22 755.0400000000001
28 22 755.0400000000001
0 29 755.0400000000001
20 29 755.0400000000001
13 29 755.0400000000001
13 29 755.0400000000001
22 8 755.0400000000001
2 28 755.0400000000001
22 28 755.0400000000001
26 0 755.0400000000001
26 20 755.0400000000001
24 14 755.0400000000001
24 14 755.0400000000001
24 4 755.0400000000001
4 24 755.0400000000001
24 24 755.0400000000001
12 24 755.0400000000001
12 24 755.0400000000001
28 0 755.0400000000001
28 20 755.0400000000001
24 10 755.0400000000001
24 10 755.0400000000001
29 3 755.0400000000001
9 23 755.0400000000001
29 23 755.0400000000001
23 11 755.0400000000001
23 11 755.0400000000001
20.0 29.0 755.0400000000001
20.0 29.0 755.0400000000001
26.0 20.0 755.0400000000001
26.0 0.0 755.0400000000001
26.0 20.0 755.0400000000001
26.0 0.0 755.0400000000001
20.0 29.0 755.0400000000001
20.0 29.0 755.0400000000001
25.98 20.0 755.0400000000001
25.98 0.0 755.0400000000001
25.98 20.0 755.0400000000001
25.98 0.0 755.0400000000001
25.98 20.0 755.0400000000001
25.98 0.0 755.0400000000001
25.98 20.0 755.0400000000001
25.98 0.0 755.0400000000001
25.94 20.0 755.0400000000001
25.94 0.0 755.0400000000001
25.94 20.0 755.0400000000001
25.94 0.0 755.0400000000001
20.0 29.0 755.0400000000001
20.0 29.0 755.0400000000001
20.0 29.0 755.0400000000001
20.0 29.0 755.0400000000001
27.98 20.0 755.0400000000001
27.98 0.0 755.0400000000001
27.98 20.0 755.0400000000001
27.98 0.0 755.0400000000001
20.0 29.0 755.0400000000001
20.0 29.0 755.0400000000001
20.0 29.0 755.0400000000001
20.0 29.0 755.0400000000001
28.02 20.0 755.0400000000001
28.02 0.0 755.0400000000001
28.02 20.0 755.0400000000001
28.02 0.0 755.0400000000001
25.900000000000002 20.0 755.0400000000001
25.900000000000002 0.0 755.0400000000001
25.900000000000002 20.0 755.0400000000001
25.900000000000002 0.0 755.0400000000001
25.900000000000002 20.0 755.0400000000001
25.900000000000002 0.0 755.0400000000001
25.900000000000002 20.0 755.0400000000001
25.900000000000002 0.0 755.0400000000001
25.900000000000002 20.0 755.0400000000001
25.900000000000002 0.0 755.0400000000001
25.900000000000002 20.0 755.0400000000001
25.900000000000002 0.0 755.0400000000001
25.880000000000003 20.0 755.0400000000001
25.880000000000003 0.0 755.0400000000001
25.880000000000003 20.0 755.0400000000001
25.880000000000003 0.0 755.0400000000001
20.0 29.0 755.0400000000001
20.0 29.0 755.0400000000001
25.880000000000003 20.0 755.0400000000001
25.880000000000003 0.0 755.0400000000001
25.880000000000003 20.0 755.0400000000001
25.880000000000003 0.0 755.0400000000001
28.0 20.0 755.0400000000001
28.0 0.0 755.0400000000001
28.0 20.0 755.0400000000001
28.0 0.0 755.0400000000001
25.860000000000003 20.0 755.0400000000001
25.860000000000003 0.0 755.0400000000001
25.860000000000003 20.0 755.0400000000001
25.860000000000003 0.0 755.0400000000001
25.840000000000003 20.0 755.0400000000001
25.840000000000003 0.0 755.0400000000001
25.840000000000003 20.0 755.0400000000001
25.840000000000003 0.0 755.0400000000001
28.0 20.0 755.0400000000001
28.0 0.0 755.0400000000001
28.0 20.0 755.0400000000001
28.0 0.0 755.0400000000001
25.820000000000004 20.0 755.0400000000001
25.820000000000004 0.0 755.0400000000001
25.820000000000004 20.0 755.0400000000001
25.820000000000004 0.0 755.0400000000001
25.820000000000004 20.0 755.0400000000001
25.820000000000004 0.0 755.0400000000001
25.820000000000004 20.0 755.0400000000001
25.820000000000004 0.0 755.0400000000001
20.0 28.98 755.0400000000001
20.0 28.98 755.0400000000001
25.800000000000004 20.0 755.0400000000001
25.800000000000004 0.0 755.0400000000001
25.800000000000004 20.0 755.0400000000001
25.800000000000004 0.0 755.0400000000001
25.780000000000005 20.0 755.0400000000001
25.780000000000005 0.0 755.0400000000001
25.780000000000005 20.0 755.0400000000001
25.780000000000005 0.0 755.0400000000001
25.780000000000005 20.0 755.0400000000001
25.780000000000005 0.0 755.0400000000001
25.780000000000005 20.0 755.0400000000001
25.780000000000005 0.0 755.0400000000001
28.0 20.0 755.0400000000001
28.0 0.0 755.0400000000001
28.0 20.0 755.0400000000001
28.0 0.0 755.0400000000001
25.780000000000005 20.0 755.0400000000001
25.780000000000005 0.0 755.0400000000001
25.780000000000005 20.0 755.0400000000001
25.780000000000005 0.0 755.0400000000001
20.0 29.0 755.0400000000001
20.0 29.0 755.0400000000001
25.780000000000005 20.0 755.0400000000001
25.780000000000005 0.0 755.0400000000001
25.780000000000005 20.0 755.0400000000001
25.780000000000005 0.0 755.0400000000001
28.0 20.0 755.0400000000001
28.0 0.0 755.0400000000001
28.0 20.0 755.0400000000001
28.0 0.0 755.0400000000001
20.0 29.02 755.0400000000001
20.0 29.02 755.0400000000001
27.98 20.0 755.0400000000001
27.98 0.0 755.0400000000001
27.98 20.0 755.0400000000001
27.98 0.0 755.0400000000001
27.98 20.0 755.0400000000001
27.98 0.0 755.0400000000001
27.98 20.0 755.0400000000001
27.98 0.0 755.0400000000001
28.0 20.0 755.0400000000001
28.0 0.0 755.0400000000001
28.0 20.0 755.0400000000001
28.0 0.0 755.0400000000001
25.740000000000006 20.0 755.0400000000001
25.740000000000006 0.0 755.0400000000001
25.740000000000006 20.0 755.0400000000001
25.740000000000006 0.0 755.0400000000001
25.720000000000006 20.0 755.0400000000001
25.720000000000006 0.0 755.0400000000001
25.720000000000006 20.0 755.0400000000001
25.720000000000006 0.0 755.0400000000001
27.98 20.0 755.0400000000001
27.98 0.0 755.0400000000001
27.98 20.0 755.0400000000001
27.98 0.0 755.0400000000001
25.700000000000006 20.0 755.0400000000001
25.700000000000006 0.0 755.0400000000001
25.700000000000006 20.0 755.0400000000001
25.700000000000006 0.0 755.0400000000001
28.0 20.0 755.0400000000001
28.0 0.0 755.0400000000001
28.0 20.0 755.0400000000001
28.0 0.0 755.0400000000001
25.700000000000006 20.0 755.0400000000001
25.700000000000006 0.0 755.0400000000001
25.700000000000006 20.0 755.0400000000001
25.700000000000006 0.0 755.0400000000001
20.0 29.04 755.0400000000001
20.0 29.04 755.0400000000001
20.0 29.04 755.0400000000001
20.0 29.04 755.0400000000001
20.0 29.04 755.0400000000001
20.0 29.04 755.0400000000001
25.54000000000001 20.0 755.0400000000001
25.54000000000001 0.0 755.0400000000001
25.54000000000001 20.0 755.0400000000001
25.54000000000001 0.0 755.0400000000001
20.0 29.04 755.0400000000001
20.0 29.04 755.0400000000001
25.52000000000001 20.0 755.0400000000001
25.52000000000001 0.0 755.0400000000001
25.52000000000001 20.0 755.0400000000001
25.52000000000001 0.0 755.0400000000001
25.50000000000001 20.0 755.0400000000001
25.50000000000001 0.0 755.0400000000001
25.50000000000001 20.0 755.0400000000001
25.50000000000001 0.0 755.0400000000001
20.0 29.02 755.0400000000001
20.0 29.02 755.0400000000001
25.48000000000001 20.0 755.0400000000001
25.48000000000001 0.0 755.0400000000001
25.48000000000001 20.0 755.0400000000001
25.48000000000001 0.0 755.0400000000001
28.0 20.0 755.0400000000001
28.0 0.0 755.0400000000001
28.0 20.0 755.0400000000001
28.0 0.0 755.0400000000001
28.0 20.0 755.0400000000001
28.0 0.0 755.0400000000001
28.0 20.0 755.0400000000001
28.0 0.0 755.0400000000001
25.46000000000001 20.0 755.0400000000001
25.46000000000001 0.0 755.0400000000001
25.46000000000001 20.0 755.0400000000001
25.46000000000001 0.0 755.0400000000001
20.0 29.0 755.0400000000001
20.0 29.0 755.0400000000001
25.420000000000012 20.0 755.0400000000001
25.420000000000012 0.0 755.0400000000001
25.420000000000012 20.0 755.0400000000001
25.420000000000012 0.0 755.0400000000001
25.380000000000013 20.0 755.0400000000001
25.380000000000013 0.0 755.0400000000001
25.380000000000013 20.0 755.0400000000001
25.380000000000013 0.0 755.0400000000001
25.360000000000014 20.0 755.0400000000001
25.360000000000014 0.0 755.0400000000001
25.360000000000014 20.0 755.0400000000001
25.360000000000014 0.0 755.0400000000001
20.0 29.0 755.0400000000001
20.0 29.0 755.0400000000001
25.360000000000014 20.0 755.0400000000001
25.360000000000014 0.0 755.0400000000001
25.360000000000014 20.0 755.0400000000001
25.360000000000014 0.0 755.0400000000001
20.0 29.0 755.0400000000001
20.0 29.0 755.0400000000001
25.300000000000015 20.0 755.0400000000001
25.300000000000015 0.0 755.0400000000001
25.300000000000015 20.0 755.0400000000001
25.300000000000015 0.0 755.0400000000001
20.0 29.0 755.0400000000001
20.0 29.0 755.0400000000001
28.0 20.0 755.0400000000001
28.0 0.0 755.0400000000001
28.0 20.0 755.0400000000001
28.0 0.0 755.0400000000001
25.280000000000015 20.0 755.0400000000001
25.280000000000015 0.0 755.0400000000001
25.280000000000015 20.0 755.0400000000001
25.280000000000015 0.0 755.0400000000001
25.240000000000016 20.0 755.0400000000001
25.240000000000016 0.0 755.0400000000001
25.240000000000016 20.0 755.0400000000001
25.240000000000016 0.0 755.0400000000001
20.0 29.0 755.0400000000001
20.0 29.0 755.0400000000001
25.220000000000017 20.0 755.0400000000001
25.220000000000017 0.0 755.0400000000001
25.220000000000017 20.0 755.0400000000001
25.220000000000017 0.0 755.0400000000001
20.0 29.0 755.0400000000001
20.0 29.0 755.0400000000001
28.0 20.0 755.0400000000001
28.0 0.0 755.0400000000001
28.0 20.0 755.0400000000001
28.0 0.0 755.0400000000001
28.0 20.0 755.0400000000001
28.0 0.0 755.0400000000001
28.0 20.0 755.0400000000001
28.0 0.0 755.0400000000001
25.160000000000018 20.0 755.0400000000001
25.160000000000018 0.0 755.0400000000001
25.160000000000018 20.0 755.0400000000001
25.160000000000018 0.0 755.0400000000001
25.14000000000002 20.0 755.0400000000001
25.14000000000002 0.0 755.0400000000001
25.14000000000002 20.0 755.0400000000001
25.14000000000002 0.0 755.0400000000001
27.98 20.0 755.0400000000001
27.98 0.0 755.0400000000001
27.98 20.0 755.0400000000001
27.98 0.0 755.0400000000001
25.14000000000002 20.0 755.0400000000001
25.14000000000002 0.0 755.0400000000001
25.14000000000002 20.0 755.0400000000001
25.14000000000002 0.0 755.0400000000001
25.12000000000002 20.0 755.0400000000001
25.12000000000002 0.0 755.0400000000001
25.12000000000002 20.0 755.0400000000001
25.12000000000002 0.0 755.0400000000001
25.12000000000002 20.0 755.0400000000001
25.12000000000002 0.0 755.0400000000001
25.12000000000002 20.0 755.0400000000001
25.12000000000002 0.0 755.0400000000001
20.0 29.099999999999998 755.0400000000001
20.0 29.099999999999998 755.0400000000001
20.0 29.119999999999997 755.0400000000001
20.0 29.119999999999997 755.0400000000001
20.0 29.139999999999997 755.0400000000001
20.0 29.139999999999997 755.0400000000001
24.98000000000002 20.0 755.0400000000001
24.98000000000002 0.0 755.0400000000001
24.98000000000002 20.0 755.0400000000001
24.98000000000002 0.0 755.0400000000001
20.0 29.159999999999997 755.0400000000001
20.0 29.159999999999997 755.0400000000001
20.0 29.159999999999997 755.0400000000001
20.0 29.159999999999997 755.0400000000001
25.02000000000002 20.0 755.0400000000001
25.02000000000002 0.0 755.0400000000001
25.02000000000002 20.0 755.0400000000001
25.02000000000002 0.0 755.0400000000001
25.02000000000002 20.0 755.0400000000001
25.02000000000002 0.0 755.0400000000001
25.02000000000002 20.0 755.0400000000001
25.02000000000002 0.0 755.0400000000001
25.00000000000002 20.0 755.0400000000001
25.00000000000002 0.0 755.0400000000001
25.00000000000002 20.0 755.0400000000001
25.00000000000002 0.0 755.0400000000001
25.00000000000002 20.0 755.0400000000001
25.00000000000002 0.0 755.0400000000001
25.00000000000002 20.0 755.0400000000001
25.00000000000002 0.0 755.0400000000001
24.98000000000002 20.0 755.0400000000001
24.98000000000002 0.0 755.0400000000001
24.98000000000002 20.0 755.0400000000001
24.98000000000002 0.0 755.0400000000001
24.960000000000022 20.0 755.0400000000001
24.960000000000022 0.0 755.0400000000001
24.960000000000022 20.0 755.0400000000001
24.960000000000022 0.0 755.0400000000001
24.940000000000023 20.0 755.0400000000001
24.940000000000023 0.0 755.0400000000001
24.940000000000023 20.0 755.0400000000001
24.940000000000023 0.0 755.0400000000001
24.920000000000023 20.0 755.0400000000001
24.920000000000023 0.0 755.0400000000001
24.920000000000023 20.0 755.0400000000001
24.920000000000023 0.0 755.0400000000001
20.0 29.179999999999996 755.0400000000001
20.0 29.179999999999996 755.0400000000001
20.0 29.179999999999996 755.0400000000001
20.0 29.179999999999996 755.0400000000001
20.0 29.179999999999996 755.0400000000001
20.0 29.179999999999996 755.0400000000001
20.0 29.159999999999997 755.0400000000001
20.0 29.159999999999997 755.0400000000001
20.0 29.179999999999996 755.0400000000001
20.0 29.179999999999996 755.0400000000001
20.0 29.179999999999996 755.0400000000001
20.0 29.179999999999996 755.0400000000001
20.0 29.159999999999997 755.0400000000001
20.0 29.159999999999997 755.0400000000001
20.0 29.159999999999997 755.0400000000001
20.0 29.159999999999997 755.0400000000001
14.99 22.969999999999995 755.0400000000001
14.99 22.969999999999995 755.0400000000001
20.0 29.159999999999997 755.0400000000001
20.0 29.159999999999997 755.0400000000001
20.0 29.159999999999997 755.0400000000001
20.0 29.159999999999997 755.0400000000001
20.0 29.139999999999997 755.0400000000001
20.0 29.139999999999997 755.0400000000001
20.0 29.139999999999997 755.0400000000001
20.0 29.139999999999997 755.0400000000001
20.0 29.159999999999997 755.0400000000001
20.0 29.159999999999997 755.0400000000001
20.0 29.179999999999996 755.0400000000001
20.0 29.179999999999996 755.0400000000001
20.0 29.179999999999996 755.0400000000001
20.0 29.179999999999996 755.0400000000001
28.0 20.0 755.0400000000001
28.0 0.0 755.0400000000001
28.0 20.0 755.0400000000001
28.0 0.0 755.0400000000001
27.98 20.0 755.0400000000001
27.98 0.0 755.0400000000001
27.98 20.0 755.0400000000001
27.98 0.0 755.0400000000001
20.0 29.179999999999996 755.0400000000001
20.0 29.179999999999996 755.0400000000001
28.0 20.0 755.0400000000001
28.0 0.0 755.0400000000001
28.0 20.0 755.0400000000001
28.0 0.0 755.0400000000001
20.0 29.159999999999997 755.0400000000001
20.0 29.159999999999997 755.0400000000001
20.0 29.159999999999997 755.0400000000001
20.0 29.159999999999997 755.0400000000001
28.0 20.0 755.0400000000001
28.0 0.0 755.0400000000001
28.0 20.0 755.0400000000001
28.0 0.0 755.0400000000001
20.0 29.139999999999997 755.0400000000001
20.0 29.139999999999997 755.0400000000001
20.0 29.139999999999997 755.0400000000001
20.0 29.139999999999997 755.0400000000001
28.0 20.0 755.0400000000001
28.0 0.0 755.0400000000001
28.0 20.0 755.0400000000001
28.0 0.0 755.0400000000001
20.0 29.159999999999997 755.0400000000001
20.0 29.159999999999997 755.0400000000001
20.0 29.139999999999997 755.0400000000001
20.0 29.139999999999997 755.0400000000001
20.0 29.139999999999997 755.0400000000001
20.0 29.139999999999997 755.0400000000001
20.0 29.119999999999997 755.0400000000001
20.0 29.119999999999997 755.0400000000001
28.0 20.0 755.0400000000001
28.0 0.0 755.0400000000001
28.0 20.0 755.0400000000001
28.0 0.0 755.0400000000001
20.0 29.139999999999997 755.0400000000001
20.0 29.139999999999997 755.0400000000001
20.0 29.139999999999997 755.0400000000001
20.0 29.139999999999997 755.0400000000001
20.0 29.119999999999997 755.0400000000001
20.0 29.119999999999997 755.0400000000001
20.0 29.099999999999998 755.0400000000001
20.0 29.099999999999998 755.0400000000001
28.0 20.0 755.0400000000001
28.0 0.0 755.0400000000001
28.0 20.0 755.0400000000001
28.0 0.0 755.0400000000001
20.0 29.08 755.0400000000001
20.0 29.08 755.0400000000001
28.0 20.0 755.0400000000001
28.0 0.0 755.0400000000001
28.0 20.0 755.0400000000001
28.0 0.0 755.0400000000001
28.0 20.0 755.0400000000001
28.0 0.0 755.0400000000001
28.0 20.0 755.0400000000001
28.0 0.0 755.0400000000001
20.0 29.06 755.0400000000001
20.0 29.06 755.0400000000001
20.0 29.06 755.0400000000001
20.0 29.06 755.0400000000001
28.0 20.0 755.0400000000001
28.0 0.0 755.0400000000001
28.0 20.0 755.0400000000001
28.0 0.0 755.0400000000001
20.0 29.06 755.0400000000001
20.0 29.06 755.0400000000001
28.0 20.0 755.0400000000001
28.0 0.0 755.0400000000001
28.0 20.0 755.0400000000001
28.0 0.0 755.0400000000001
20.0 29.08 755.0400000000001
20.0 29.08 755.0400000000001
20.0 29.08 755.0400000000001
20.0 29.08 755.0400000000001
20.0 29.08 755.0400000000001
20.0 29.08 755.0400000000001
25.00000000000002 20.0 755.0400000000001
25.00000000000002 0.0 755.0400000000001
25.00000000000002 20.0 755.0400000000001
25.00000000000002 0.0 755.0400000000001
20.0 29.099999999999998 755.0400000000001
20.0 29.099999999999998 755.0400000000001
20.0 29.119999999999997 755.0400000000001
20.0 29.119999999999997 755.0400000000001
20.0 29.119999999999997 755.0400000000001
20.0 29.119999999999997 755.0400000000001
20.0 29.119999999999997 755.0400000000001
20.0 29.119999999999997 755.0400000000001
27.98 20.0 755.0400000000001
27.98 0.0 755.0400000000001
27.98 20.0 755.0400000000001
27.98 0.0 755.0400000000001
25.00000000000002 20.0 755.0400000000001
25.00000000000002 0.0 755.0400000000001
25.00000000000002 20.0 755.0400000000001
25.00000000000002 0.0 755.0400000000001
25.00000000000002 20.0 755.0400000000001
25.00000000000002 0.0 755.0400000000001
25.00000000000002 20.0 755.0400000000001
25.00000000000002 0.0 755.0400000000001
25.00000000000002 20.0 755.0400000000001
25.00000000000002 0.0 755.0400000000001
25.00000000000002 20.0 755.0400000000001
25.00000000000002 0.0 755.0400000000001
20.0 29.139999999999997 755.0400000000001
20.0 29.139999999999997 755.0400000000001
20.0 29.139999999999997 755.0400000000001
20.0 29.139999999999997 755.0400000000001
28.02 20.0 755.0400000000001
28.02 0.0 755.0400000000001
28.02 20.0 755.0400000000001
28.02 0.0 755.0400000000001
20.0 29.159999999999997 755.0400000000001
20.0 29.159999999999997 755.0400000000001
25.00000000000002 20.0 755.0400000000001
25.00000000000002 0.0 755.0400000000001
25.00000000000002 20.0 755.0400000000001
25.00000000000002 0.0 755.0400000000001
24.98000000000002 20.0 755.0400000000001
24.98000000000002 0.0 755.0400000000001
24.98000000000002 20.0 755.0400000000001
24.98000000000002 0.0 755.0400000000001
25.00000000000002 20.0 755.0400000000001
25.00000000000002 0.0 755.0400000000001
25.00000000000002 20.0 755.0400000000001
25.00000000000002 0.0 755.0400000000001
20.0 29.159999999999997 755.0400000000001
20.0 29.159999999999997 755.0400000000001
28.0 20.0 755.0400000000001
28.0 0.0 755.0400000000001
28.0 20.0 755.0400000000001
28.0 0.0 755.0400000000001
20.0 29.179999999999996 755.0400000000001
20.0 29.179999999999996 755.0400000000001
20.0 29.179999999999996 755.0400000000001
20.0 29.179999999999996 755.0400000000001
24.98000000000002 20.0 755.0400000000001
24.98000000000002 0.0 755.0400000000001
24.98000000000002 20.0 755.0400000000001
24.98000000000002 0.0 755.0400000000001
20.0 29.159999999999997 755.0400000000001
20.0 29.159999999999997 755.0400000000001
20.0 29.139999999999997 755.0400000000001
20.0 29.139999999999997 755.0400000000001
28.0 20.0 755.0400000000001
28.0 0.0 755.0400000000001
28.0 20.0 755.0400000000001
28.0 0.0 755.0400000000001
25.00000000000002 20.0 755.0400000000001
25.00000000000002 0.0 755.0400000000001
25.00000000000002 20.0 755.0400000000001
25.00000000000002 0.0 755.0400000000001
20.0 29.179999999999996 755.0400000000001
20.0 29.179999999999996 755.0400000000001
28.0 20.0 755.0400000000001
28.0 0.0 755.0400000000001
28.0 20.0 755.0400000000001
28.0 0.0 755.0400000000001
28.0 20.0 755.0400000000001
28.0 0.0 755.0400000000001
28.0 20.0 755.0400000000001
28.0 0.0 755.0400000000001
20.0 29.179999999999996 755.0400000000001
20.0 29.179999999999996 755.0400000000001
28.0 20.0 755.0400000000001
28.0 0.0 755.0400000000001
28.0 20.0 755.0400000000001
28.0 0.0 755.0400000000001
20.0 29.159999999999997 755.0400000000001
20.0 29.159999999999997 755.0400000000001
20.0 29.159999999999997 755.0400000000001
20.0 29.159999999999997 755.0400000000001
20.0 29.159999999999997 755.0400000000001
20.0 29.159999999999997 755.0400000000001
27.98 20.0 755.0400000000001
27.98 0.0 755.0400000000001
27.98 20.0 755.0400000000001
27.98 0.0 755.0400000000001
20.0 29.159999999999997 755.0400000000001
20.0 29.159999999999997 755.0400000000001
20.0 29.159999999999997 755.0400000000001
20.0 29.159999999999997 755.0400000000001
28.0 20.0 755.0400000000001
28.0 0.0 755.0400000000001
28.0 20.0 755.0400000000001
28.0 0.0 755.0400000000001
20.0 29.179999999999996 755.0400000000001
20.0 29.179999999999996 755.0400000000001
20.0 29.179999999999996 755.0400000000001
20.0 29.179999999999996 755.0400000000001
20.0 29.179999999999996 755.0400000000001
20.0 29.179999999999996 755.0400000000001
20.0 29.179999999999996 755.0400000000001
20.0 29.179999999999996 755.0400000000001
24.960000000000022 20.0 755.0400000000001
24.960000000000022 0.0 755.0400000000001
24.960000000000022 20.0 755.0400000000001
24.960000000000022 0.0 755.0400000000001
24.960000000000022 20.0 755.0400000000001
24.960000000000022 0.0 755.0400000000001
24.960000000000022 20.0 755.0400000000001
24.960000000000022 0.0 755.0400000000001
24.940000000000023 20.0 755.0400000000001
24.940000000000023 0.0 755.0400000000001
24.940000000000023 20.0 755.0400000000001
24.940000000000023 0.0 755.0400000000001
28.0 20.0 755.0400000000001
28.0 0.0 755.0400000000001
28.0 20.0 755.0400000000001
28.0 0.0 755.0400000000001
20.0 29.179999999999996 755.0400000000001
20.0 29.179999999999996 755.0400000000001
24.960000000000022 20.0 755.0400000000001
24.960000000000022 0.0 755.0400000000001
24.960000000000022 20.0 755.0400000000001
24.960000000000022 0.0 755.0400000000001
20.0 29.199999999999996 755.0400000000001
20.0 29.199999999999996 755.0400000000001
28.0 20.0 755.0400000000001
28.0 0.0 755.0400000000001
28.0 20.0 755.0400000000001
28.0 0.0 755.0400000000001
20.0 29.199999999999996 755.0400000000001
20.0 29.199999999999996 755.0400000000001
28.0 20.0 755.0400000000001
28.0 0.0 755.0400000000001
28.0 20.0 755.0400000000001
28.0 0.0 755.0400000000001
20.0 29.199999999999996 755.0400000000001
20.0 29.199999999999996 755.0400000000001
20.0 29.199999999999996 755.0400000000001
20.0 29.199999999999996 755.0400000000001
24.960000000000022 20.0 755.0400000000001
24.960000000000022 0.0 755.0400000000001
24.960000000000022 20.0 755.0400000000001
24.960000000000022 0.0 755.0400000000001
20.0 29.219999999999995 755.0400000000001
20.0 29.219999999999995 755.0400000000001
27.98 20.0 755.0400000000001
27.98 0.0 755.0400000000001
27.98 20.0 755.0400000000001
27.98 0.0 755.0400000000001
24.98000000000002 20.0 755.0400000000001
24.98000000000002 0.0 755.0400000000001
24.98000000000002 20.0 755.0400000000001
24.98000000000002 0.0 755.0400000000001
20.0 29.239999999999995 755.0400000000001
20.0 29.239999999999995 755.0400000000001
20.0 29.259999999999994 755.0400000000001
20.0 29.259999999999994 755.0400000000001
20.0 29.239999999999995 755.0400000000001
20.0 29.239999999999995 755.0400000000001
20.0 29.239999999999995 755.0400000000001
20.0 29.239999999999995 755.0400000000001
28.0 20.0 755.0400000000001
28.0 0.0 755.0400000000001
28.0 20.0 755.0400000000001
28.0 0.0 755.0400000000001
28.0 20.0 755.0400000000001
28.0 0.0 755.0400000000001
28.0 20.0 755.0400000000001
28.0 0.0 755.0400000000001
28.02 20.0 755.0400000000001
28.02 0.0 755.0400000000001
28.02 20.0 755.0400000000001
28.02 0.0 755.0400000000001
20.0 29.259999999999994 755.0400000000001
20.0 29.259999999999994 755.0400000000001
28.0 20.0 755.0400000000001
28.0 0.0 755.0400000000001
28.0 20.0 755.0400000000001
28.0 0.0 755.0400000000001
28.0 20.0 755.0400000000001
28.0 0.0 755.0400000000001
28.0 20.0 755.0400000000001
28.0 0.0 755.0400000000001
20.0 29.239999999999995 755.0400000000001
20.0 29.239999999999995 755.0400000000001
28.0 20.0 755.0400000000001
28.0 0.0 755.0400000000001
28.0 20.0 755.0400000000001
28.0 0.0 755.0400000000001
20.0 29.259999999999994 755.0400000000001
20.0 29.259999999999994 755.0400000000001
20.0 29.259999999999994 755.0400000000001
20.0 29.259999999999994 755.0400000000001
27.98 20.0 755.0400000000001
27.98 0.0 755.0400000000001
27.98 20.0 755.0400000000001
27.98 0.0 755.0400000000001
28.0 20.0 755.0400000000001
28.0 0.0 755.0400000000001
28.0 20.0 755.0400000000001
28.0 0.0 755.0400000000001
20.0 29.279999999999994 755.0400000000001
20.0 29.279999999999994 755.0400000000001
28.0 20.0 755.0400000000001
28.0 0.0 755.0400000000001
28.0 20.0 755.0400000000001
28.0 0.0 755.0400000000001
20.0 29.279999999999994 755.0400000000001
20.0 29.279999999999994 755.0400000000001
28.0 20.0 755.0400000000001
28.0 0.0 755.0400000000001
28.0 20.0 755.0400000000001
28.0 0.0 755.0400000000001
20.0 29.299999999999994 755.0400000000001
20.0 29.299999999999994 755.0400000000001
20.0 29.279999999999994 755.0400000000001
20.0 29.279999999999994 755.0400000000001
20.0 29.279999999999994 755.0400000000001
20.0 29.279999999999994 755.0400000000001
28.0 20.0 755.0400000000001
28.0 0.0 755.0400000000001
28.0 20.0 755.0400000000001
28.0 0.0 755.0400000000001
20.0 29.259999999999994 755.0400000000001
20.0 29.259999999999994 755.0400000000001
20.0 29.259999999999994 755.0400000000001
20.0 29.259999999999994 755.0400000000001
28.0 20.0 755.0400000000001
28.0 0.0 755.0400000000001
28.0 20.0 755.0400000000001
28.0 0.0 755.0400000000001
20.0 29.279999999999994 755.0400000000001
20.0 29.279999999999994 755.0400000000001
28.0 20.0 755.0400000000001
28.0 0.0 755.0400000000001
28.0 20.0 755.0400000000001
28.0 0.0 755.0400000000001
20.0 29.279999999999994 755.0400000000001
20.0 29.279999999999994 755.0400000000001
20.0 29.259999999999994 755.0400000000001
20.0 29.259999999999994 755.0400000000001
20.0 29.259999999999994 755.0400000000001
20.0 29.259999999999994 755.0400000000001
20.0 29.279999999999994 755.0400000000001
20.0 29.279999999999994 755.0400000000001
28.0 20.0 755.0400000000001
28.0 0.0 755.0400000000001
28.0 20.0 755.0400000000001
28.0 0.0 755.0400000000001
20.0 29.279999999999994 755.0400000000001
20.0 29.279999999999994 755.0400000000001
20.0 29.279999999999994 755.0400000000001
20.0 29.279999999999994 755.0400000000001
28.0 20.0 755.0400000000001
28.0 0.0 755.0400000000001
28.0 20.0 755.0400000000001
28.0 0.0 755.0400000000001
28.0 20.0 755.0400000000001
28.0 0.0 755.0400000000001
28.0 20.0 755.0400000000001
28.0 0.0 755.0400000000001
20.0 29.299999999999994 755.0400000000001
20.0 29.299999999999994 755.0400000000001
20.0 29.299999999999994 755.0400000000001
20.0 29.299999999999994 755.0400000000001
20.0 29.299999999999994 755.0400000000001
20.0 29.299999999999994 755.0400000000001
20.0 29.279999999999994 755.0400000000001
20.0 29.279999999999994 755.0400000000001
20.0 29.299999999999994 755.0400000000001
20.0 29.299999999999994 755.0400000000001
20.0 29.279999999999994 755.0400000000001
20.0 29.279999999999994 755.0400000000001
20.0 29.279999999999994 755.0400000000001
20.0 29.279999999999994 755.0400000000001
20.0 29.259999999999994 755.0400000000001
20.0 29.259999999999994 755.0400000000001
28.0 20.0 755.0400000000001
28.0 0.0 755.0400000000001
28.0 20.0 755.0400000000001
28.0 0.0 755.0400000000001
20.0 29.259999999999994 755.0400000000001
20.0 29.259999999999994 755.0400000000001
20.0 29.279999999999994 755.0400000000001
20.0 29.279999999999994 755.0400000000001
28.0 20.0 755.0400000000001
28.0 0.0 755.0400000000001
28.0 20.0 755.0400000000001
28.0 0.0 755.0400000000001
28.0 20.0 755.0400000000001
28.0 0.0 755.0400000000001
28.0 20.0 755.0400000000001
28.0 0.0 755.0400000000001
20.0 29.299999999999994 755.0400000000001
20.0 29.299999999999994 755.0400000000001
28.0 20.0 755.0400000000001
28.0 0.0 755.0400000000001
28.0 20.0 755.0400000000001
28.0 0.0 755.0400000000001
20.0 29.299999999999994 755.0400000000001
20.0 29.299999999999994 755.0400000000001
20.0 29.279999999999994 755.0400000000001
20.0 29.279999999999994 755.0400000000001
28.0 20.0 755.0400000000001
28.0 0.0 755.0400000000001
28.0 20.0 755.0400000000001
28.0 0.0 755.0400000000001
20.0 29.299999999999994 755.0400000000001
20.0 29.299999999999994 755.0400000000001
28.0 20.0 755.0400000000001
28.0 0.0 755.0400000000001
28.0 20.0 755.0400000000001
28.0 0.0 755.0400000000001
20.0 29.319999999999993 755.0400000000001
20.0 29.319999999999993 755.0400000000001
25.00000000000002 20.0 755.0400000000001
25.00000000000002 0.0 755.0400000000001
25.00000000000002 20.0 755.0400000000001
25.00000000000002 0.0 755.0400000000001
28.0 20.0 755.0400000000001
28.0 0.0 755.0400000000001
28.0 20.0 755.0400000000001
28.0 0.0 755.0400000000001
20.0 29.319999999999993 755.0400000000001
20.0 29.319999999999993 755.0400000000001
20.0 29.339999999999993 755.0400000000001
20.0 29.339999999999993 755.0400000000001
25.00000000000002 20.0 755.0400000000001
25.00000000000002 0.0 755.0400000000001
25.00000000000002 20.0 755.0400000000001
25.00000000000002 0.0 755.0400000000001
20.0 29.339999999999993 755.0400000000001
20.0 29.339999999999993 755.0400000000001
25.00000000000002 20.0 755.0400000000001
25.00000000000002 0.0 755.0400000000001
25.00000000000002 20.0 755.0400000000001
25.00000000000002 0.0 755.0400000000001
25.00000000000002 20.0 755.0400000000001
25.00000000000002 0.0 755.0400000000001
25.00000000000002 20.0 755.0400000000001
25.00000000000002 0.0 755.0400000000001
20.0 29.339999999999993 755.0400000000001
20.0 29.339999999999993 755.0400000000001
20.0 29.339999999999993 755.0400000000001
20.0 29.339999999999993 755.0400000000001
20.0 29.339999999999993 755.0400000000001
20.0 29.339999999999993 755.0400000000001
20.0 29.319999999999993 755.0400000000001
20.0 29.319999999999993 755.0400000000001
20.0 29.339999999999993 755.0400000000001
20.0 29.339999999999993 755.0400000000001
8.0 0.019999999999999997 755.0400000000001
20.0 29.339999999999993 755.0400000000001
20.0 29.339999999999993 755.0400000000001
13.079999999999998 20.699999999999797 755.0400000000001
13.079999999999998 20.699999999999797 755.0400000000001
25.00000000000002 20.0 755.0400000000001
25.00000000000002 0.0 755.0400000000001
25.00000000000002 20.0 755.0400000000001
25.00000000000002 0.0 755.0400000000001
25.00000000000002 20.0 755.0400000000001
25.00000000000002 0.0 755.0400000000001
25.00000000000002 20.0 755.0400000000001
25.00000000000002 0.0 755.0400000000001
20.0 29.339999999999993 755.0400000000001
20.0 29.339999999999993 755.0400000000001
0.99 13.009999999999957 755.0400000000001
7.000000000000021 2.519999999999989 755.0400000000001
9.99 13.009999999999978 755.0400000000001
0.0 9.339999999999993 755.0400000000001
13.0 1.4599999999999993 755.0400000000001
17.98999999999999 18.909999999999986 755.0400000000001
3.5499999999999883 11.01 755.0400000000001
4.9000000000000234 18.999999999999844 755.0400000000001
0.480000000000155 5.980000000000022 755.0400000000001
4.02 4.02 755.0400000000001
8.0 17.479999999999606 755.0400000000001
3.07000000000002 15.98999999999996 755.0400000000001
11.97 5.0099999999999785 755.0400000000001
8.97 6.549999999999924 755.0400000000001
16.94999999999968 6.99 755.0400000000001
18.01999999999969 9.02 755.0400000000001
17.90999999999998 0.11000000000015475 755.0400000000001
12.940000000000001 9.059999999999999 755.0400000000001
5.020000000000021 0.04 755.0400000000001
6.059999999999956 10.079999999999998 755.0400000000001
11.809999999999961 16.989999999999686 755.0400000000001
18.30999999999958 3.049999999999999 755.0400000000001
10.04 1.0400000000001555 755.0400000000001
15.95999999999969 15.999999999999533 755.0400000000001
2.9999999999999787 7.98 755.0400000000001
1.04 1.9000000000000212 755.0400000000001
17.909999999999517 12.949999999999958 755.0400000000001
15.0 3.0 755.0400000000001
-10 12 755.0400000000001
-10 12 755.0400000000001
-7 9 755.0400000000001
-7 9 755.0400000000001
-10 -8 755.0400000000001
-10 -8 755.0400000000001
-7 -11 755.0400000000001
-7 -11 755.0400000000001
-8 -16 755.0400000000001
-8 -16 755.0400000000001
0.0 -11.0 755.0400000000001
0.0 -11.0 755.0400000000001
0.0 -11.0 755.0400000000001
0.0 -11.0 755.0400000000001
0.0 -11.0 755.0400000000001
0.0 -11.0 755.0400000000001
0.0 -11.0 755.0400000000001
0.0 -11.0 755.0400000000001
0.0 -11.0 755.0400000000001
0.0 -11.0 755.0400000000001
0.0 -11.0 755.0400000000001
0.0 -11.0 755.0400000000001
0.0 -11.0 755.0400000000001
0.0 -11.0 755.0400000000001
0.0 -11.02 755.0400000000001
0.0 -11.02 755.0400000000001
0.0 -11.0 755.0400000000001
0.0 -11.0 755.0400000000001
0.0 -10.98 755.0400000000001
0.0 -10.98 755.0400000000001
0.0 -10.96 755.0400000000001
0.0 -10.96 755.0400000000001
0.0 -10.96 755.0400000000001
0.0 -10.96 755.0400000000001
0.0 -10.96 755.0400000000001
0.0 -10.96 755.0400000000001
0.0 -10.96 755.0400000000001
0.0 -10.96 755.0400000000001
0.0 -10.98 755.0400000000001
0.0 -10.98 755.0400000000001
0.0 -11.0 755.0400000000001
0.0 -11.0 755.0400000000001
0.0 -11.0 755.0400000000001
0.0 -11.0 755.0400000000001
0.0 -11.0 755.0400000000001
0.0 -11.0 755.0400000000001
0.0 -11.0 755.0400000000001
0.0 -11.0 755.0400000000001
0.0 -11.0 755.0400000000001
0.0 -11.0 755.0400000000001
0.0 -11.0 755.0400000000001
0.0 -11.0 755.0400000000001
0.0 -10.900000000000002 755.0400000000001
0.0 -10.900000000000002 755.0400000000001
0.0 -10.880000000000003 755.0400000000001
0.0 -10.880000000000003 755.0400000000001
0.0 -10.860000000000003 755.0400000000001
0.0 -10.860000000000003 755.0400000000001
0.0 -10.840000000000003 755.0400000000001
0.0 -10.840000000000003 755.0400000000001
0.0 -10.840000000000003 755.0400000000001
0.0 -10.840000000000003 755.0400000000001
0.0 -10.820000000000004 755.0400000000001
0.0 -10.820000000000004 755.0400000000001
0.0 -10.820000000000004 755.0400000000001
0.0 -10.820000000000004 755.0400000000001
0.0 -10.820000000000004 755.0400000000001
0.0 -10.820000000000004 755.0400000000001
0.0 -10.840000000000003 755.0400000000001
0.0 -10.840000000000003 755.0400000000001
0.0 -10.820000000000004 755.0400000000001
0.0 -10.820000000000004 755.0400000000001
0.0 -10.820000000000004 755.0400000000001
0.0 -10.820000000000004 755.0400000000001
0.0 -10.840000000000003 755.0400000000001
0.0 -10.840000000000003 755.0400000000001
0.0 -10.840000000000003 755.0400000000001
0.0 -10.840000000000003 755.0400000000001
-5.01 -17.030000000000005 755.0400000000001
-5.01 -17.030000000000005 755.0400000000001
0.0 -10.840000000000003 755.0400000000001
0.0 -10.840000000000003 755.0400000000001
0.0 -10.840000000000003 755.0400000000001
0.0 -10.840000000000003 755.0400000000001
0.0 -10.860000000000003 755.0400000000001
0.0 -10.860000000000003 755.0400000000001
0.0 -10.860000000000003 755.0400000000001
0.0 -10.860000000000003 755.0400000000001
0.0 -10.840000000000003 755.0400000000001
0.0 -10.840000000000003 755.0400000000001
0.0 -10.820000000000004 755.0400000000001
0.0 -10.820000000000004 755.0400000000001
0.0 -10.820000000000004 755.0400000000001
0.0 -10.820000000000004 755.0400000000001
0.0 -10.820000000000004 755.0400000000001
0.0 -10.820000000000004 755.0400000000001
0.0 -10.840000000000003 755.0400000000001
0.0 -10.840000000000003 755.0400000000001
0.0 -10.840000000000003 755.0400000000001
0.0 -10.840000000000003 755.0400000000001
0.0 -10.860000000000003 755.0400000000001
0.0 -10.860000000000003 755.0400000000001
0.0 -10.860000000000003 755.0400000000001
0.0 -10.860000000000003 755.0400000000001
0.0 -10.840000000000003 755.0400000000001
0.0 -10.840000000000003 755.0400000000001
0.0 -10.860000000000003 755.0400000000001
0.0 -10.860000000000003 755.0400000000001
0.0 -10.860000000000003 755.0400000000001
0.0 -10.860000000000003 755.0400000000001
0.0 -10.880000000000003 755.0400000000001
0.0 -10.880000000000003 755.0400000000001
0.0 -10.860000000000003 755.0400000000001
0.0 -10.860000000000003 755.0400000000001
0.0 -10.860000000000003 755.0400000000001
0.0 -10.860000000000003 755.0400000000001
0.0 -10.880000000000003 755.0400000000001
0.0 -10.880000000000003 755.0400000000001
0.0 -10.900000000000002 755.0400000000001
0.0 -10.900000000000002 755.0400000000001
0.0 -10.920000000000002 755.0400000000001
0.0 -10.920000000000002 755.0400000000001
0.0 -10.940000000000001 755.0400000000001
0.0 -10.940000000000001 755.0400000000001
0.0 -10.940000000000001 755.0400000000001
0.0 -10.940000000000001 755.0400000000001
0.0 -10.940000000000001 755.0400000000001
0.0 -10.940000000000001 755.0400000000001
0.0 -10.920000000000002 755.0400000000001
0.0 -10.920000000000002 755.0400000000001
0.0 -10.920000000000002 755.0400000000001
0.0 -10.920000000000002 755.0400000000001
0.0 -10.920000000000002 755.0400000000001
0.0 -10.920000000000002 755.0400000000001
0.0 -10.900000000000002 755.0400000000001
0.0 -10.900000000000002 755.0400000000001
0.0 -10.880000000000003 755.0400000000001
0.0 -10.880000000000003 755.0400000000001
0.0 -10.880000000000003 755.0400000000001
0.0 -10.880000000000003 755.0400000000001
0.0 -10.880000000000003 755.0400000000001
0.0 -10.880000000000003 755.0400000000001
0.0 -10.860000000000003 755.0400000000001
0.0 -10.860000000000003 755.0400000000001
0.0 -10.860000000000003 755.0400000000001
0.0 -10.860000000000003 755.0400000000001
0.0 -10.840000000000003 755.0400000000001
0.0 -10.840000000000003 755.0400000000001
0.0 -10.840000000000003 755.0400000000001
0.0 -10.840000000000003 755.0400000000001
0.0 -10.820000000000004 755.0400000000001
0.0 -10.820000000000004 755.0400000000001
0.0 -10.820000000000004 755.0400000000001
0.0 -10.820000000000004 755.0400000000001
0.0 -10.840000000000003 755.0400000000001
0.0 -10.840000000000003 755.0400000000001
0.0 -10.860000000000003 755.0400000000001
0.0 -10.860000000000003 755.0400000000001
0.0 -10.820000000000004 755.0400000000001
0.0 -10.820000000000004 755.0400000000001
0.0 -10.820000000000004 755.0400000000001
0.0 -10.820000000000004 755.0400000000001
0.0 -10.840000000000003 755.0400000000001
0.0 -10.840000000000003 755.0400000000001
0.0 -10.840000000000003 755.0400000000001
0.0 -10.840000000000003 755.0400000000001
0.0 -10.840000000000003 755.0400000000001
0.0 -10.840000000000003 755.0400000000001
0.0 -10.840000000000003 755.0400000000001
0.0 -10.840000000000003 755.0400000000001
0.0 -10.840000000000003 755.0400000000001
0.0 -10.840000000000003 755.0400000000001
0.0 -10.820000000000004 755.0400000000001
0.0 -10.820000000000004 755.0400000000001
0.0 -10.820000000000004 755.0400000000001
0.0 -10.820000000000004 755.0400000000001
0.0 -10.820000000000004 755.0400000000001
0.0 -10.820000000000004 755.0400000000001
0.0 -10.820000000000004 755.0400000000001
0.0 -10.820000000000004 755.0400000000001
0.0 -10.820000000000004 755.0400000000001
0.0 -10.820000000000004 755.0400000000001
0.0 -10.800000000000004 755.0400000000001
0.0 -10.800000000000004 755.0400000000001
0.0 -10.800000000000004 755.0400000000001
0.0 -10.800000000000004 755.0400000000001
0.0 -10.800000000000004 755.0400000000001
0.0 -10.800000000000004 755.0400000000001
0.0 -10.800000000000004 755.0400000000001
0.0 -10.800000000000004 755.0400000000001
0.0 -10.780000000000005 755.0400000000001
0.0 -10.780000000000005 755.0400000000001
0.0 -10.760000000000005 755.0400000000001
0.0 -10.760000000000005 755.0400000000001
0.0 -10.740000000000006 755.0400000000001
0.0 -10.740000000000006 755.0400000000001
0.0 -10.760000000000005 755.0400000000001
0.0 -10.760000000000005 755.0400000000001
0.0 -10.760000000000005 755.0400000000001
0.0 -10.760000000000005 755.0400000000001
0.0 -10.740000000000006 755.0400000000001
0.0 -10.740000000000006 755.0400000000001
0.0 -10.760000000000005 755.0400000000001
0.0 -10.760000000000005 755.0400000000001
0.0 -10.740000000000006 755.0400000000001
0.0 -10.740000000000006 755.0400000000001
0.0 -10.740000000000006 755.0400000000001
0.0 -10.740000000000006 755.0400000000001
0.0 -10.720000000000006 755.0400000000001
0.0 -10.720000000000006 755.0400000000001
0.0 -10.720000000000006 755.0400000000001
0.0 -10.720000000000006 755.0400000000001
0.0 -10.700000000000006 755.0400000000001
0.0 -10.700000000000006 755.0400000000001
0.0 -10.720000000000006 755.0400000000001
0.0 -10.720000000000006 755.0400000000001
0.0 -10.720000000000006 755.0400000000001
0.0 -10.720000000000006 755.0400000000001
0.0 -10.740000000000006 755.0400000000001
0.0 -10.740000000000006 755.0400000000001
0.0 -10.740000000000006 755.0400000000001
0.0 -10.740000000000006 755.0400000000001
0.0 -10.720000000000006 755.0400000000001
0.0 -10.720000000000006 755.0400000000001
0.0 -10.720000000000006 755.0400000000001
0.0 -10.720000000000006 755.0400000000001
0.0 -10.740000000000006 755.0400000000001
0.0 -10.740000000000006 755.0400000000001
0.0 -10.740000000000006 755.0400000000001
0.0 -10.740000000000006 755.0400000000001
0.0 -10.720000000000006 755.0400000000001
0.0 -10.720000000000006 755.0400000000001
0.0 -10.720000000000006 755.0400000000001
0.0 -10.720000000000006 755.0400000000001
0.0 -10.720000000000006 755.0400000000001
0.0 -10.720000000000006 755.0400000000001
0.0 -10.700000000000006 755.0400000000001
0.0 -10.700000000000006 755.0400000000001
0.0 -10.700000000000006 755.0400000000001
0.0 -10.700000000000006 755.0400000000001
0.0 -10.700000000000006 755.0400000000001
0.0 -10.700000000000006 755.0400000000001
0.0 -10.720000000000006 755.0400000000001
0.0 -10.720000000000006 755.0400000000001
0.0 -10.700000000000006 755.0400000000001
0.0 -10.700000000000006 755.0400000000001
0.0 -10.720000000000006 755.0400000000001
0.0 -10.720000000000006 755.0400000000001
0.0 -10.720000000000006 755.0400000000001
0.0 -10.720000000000006 755.0400000000001
0.0 -10.740000000000006 755.0400000000001
0.0 -10.740000000000006 755.0400000000001
0.0 -10.740000000000006 755.0400000000001
0.0 -10.740000000000006 755.0400000000001
0.0 -10.720000000000006 755.0400000000001
0.0 -10.720000000000006 755.0400000000001
0.0 -10.700000000000006 755.0400000000001
0.0 -10.700000000000006 755.0400000000001
0.0 -10.700000000000006 755.0400000000001
0.0 -10.700000000000006 755.0400000000001
0.0 -10.720000000000006 755.0400000000001
0.0 -10.720000000000006 755.0400000000001
0.0 -10.700000000000006 755.0400000000001
0.0 -10.700000000000006 755.0400000000001
0.0 -10.680000000000007 755.0400000000001
0.0 -10.680000000000007 755.0400000000001
0.0 -10.680000000000007 755.0400000000001
0.0 -10.680000000000007 755.0400000000001
0.0 -10.660000000000007 755.0400000000001
0.0 -10.660000000000007 755.0400000000001
0.0 -10.660000000000007 755.0400000000001
0.0 -10.660000000000007 755.0400000000001
0.0 -10.660000000000007 755.0400000000001
0.0 -10.660000000000007 755.0400000000001
0.0 -10.660000000000007 755.0400000000001
0.0 -10.660000000000007 755.0400000000001
0.0 -10.660000000000007 755.0400000000001
0.0 -10.660000000000007 755.0400000000001
0.0 -10.680000000000007 755.0400000000001
0.0 -10.680000000000007 755.0400000000001
0.0 -10.660000000000007 755.0400000000001
0.0 -10.660000000000007 755.0400000000001
0.0 -10.660000000000007 755.0400000000001
0.0 -10.660000000000007 755.0400000000001
-6.920000000000002 0.6999999999997968 755.0400000000001
-6.920000000000002 -19.300000000000203 755.0400000000001
-6.920000000000002 0.6999999999997968 755.0400000000001
-6.920000000000002 -19.300000000000203 755.0400000000001
0.0 -10.660000000000007 755.0400000000001
0.0 -10.660000000000007 755.0400000000001
-8 4 755.0400000000001
-8 4 755.0400000000001
-5.01 2.9699999999999953 755.0400000000001
-5.01 2.9699999999999953 755.0400000000001
10 -8 755.0400000000001
10 -8 755.0400000000001
24 -6 755.0400000000001
24 -6 755.0400000000001
24 -10 755.0400000000001
24 -10 755.0400000000001
23 -9 755.0400000000001
23 -9 755.0400000000001
4 -6 755.0400000000001
4 -6 755.0400000000001
4 -10 755.0400000000001
4 -10 755.0400000000001
3 -9 755.0400000000001
3 -9 755.0400000000001
