0 29 655.6199999999867
20 29 655.6199999999867
13 29 655.6199999999867
13 29 655.6199999999867
26 0 655.6199999999867
26 20 655.6199999999867
24 14 655.6199999999867
24 14 655.6199999999867
24 4 655.6199999999867
4 24 655.6199999999867
24 24 655.6199999999867
12 24 655.6199999999867
12 24 655.6199999999867
28 0 655.6199999999867
28 20 655.6199999999867
24 10 655.6199999999867
24 10 655.6199999999867
29 3 655.6199999999867
9 23 655.6199999999867
29 23 655.6199999999867
23 11 655.6199999999867
23 11 655.6199999999867
20.0 29.0 655.6199999999867
20.0 29.0 655.6199999999867
26.0 20.0 655.6199999999867
26.0 0.0 655.6199999999867
26.0 20.0 655.6199999999867
26.0 0.0 655.6199999999867
20.0 29.0 655.6199999999867
20.0 29.0 655.6199999999867
25.98 20.0 655.6199999999867
25.98 0.0 655.6199999999867
25.98 20.0 655.6199999999867
25.98 0.0 655.6199999999867
25.98 20.0 655.6199999999867
25.98 0.0 655.6199999999867
25.98 20.0 655.6199999999867
25.98 0.0 655.6199999999867
25.94 20.0 655.6199999999867
25.94 0.0 655.6199999999867
25.94 20.0 655.6199999999867
25.94 0.0 655.6199999999867
20.0 29.0 655.6199999999867
20.0 29.0 655.6199999999867
20.0 29.0 655.6199999999867
20.0 29.0 655.6199999999867
27.98 20.0 655.6199999999867
27.98 0.0 655.6199999999867
27.98 20.0 655.6199999999867
27.98 0.0 655.6199999999867
20.0 29.0 655.6199999999867
20.0 29.0 655.6199999999867
20.0 29.0 655.6199999999867
20.0 29.0 655.6199999999867
28.02 20.0 655.6199999999867
28.02 0.0 655.6199999999867
28.02 20.0 655.6199999999867
28.02 0.0 655.6199999999867
25.900000000000002 20.0 655.6199999999867
25.900000000000002 0.0 655.6199999999867
25.900000000000002 20.0 655.6199999999867
25.900000000000002 0.0 655.6199999999867
25.900000000000002 20.0 655.6199999999867
25.900000000000002 0.0 655.6199999999867
25.900000000000002 20.0 655.6199999999867
25.900000000000002 0.0 655.6199999999867
25.900000000000002 20.0 655.6199999999867
25.900000000000002 0.0 655.6199999999867
25.900000000000002 20.0 655.6199999999867
25.900000000000002 0.0 655.6199999999867
25.880000000000003 20.0 655.6199999999867
25.880000000000003 0.0 655.6199999999867
25.880000000000003 20.0 655.6199999999867
25.880000000000003 0.0 655.6199999999867
20.0 29.0 655.6199999999867
20.0 29.0 655.6199999999867
25.880000000000003 20.0 655.6199999999867
25.880000000000003 0.0 655.6199999999867
25.880000000000003 20.0 655.6199999999867
25.880000000000003 0.0 655.6199999999867
28.0 20.0 655.6199999999867
28.0 0.0 655.6199999999867
28.0 20.0 655.6199999999867
28.0 0.0 655.6199999999867
25.860000000000003 20.0 655.6199999999867
25.860000000000003 0.0 655.6199999999867
25.860000000000003 20.0 655.6199999999867
25.860000000000003 0.0 655.6199999999867
25.840000000000003 20.0 655.6199999999867
25.840000000000003 0.0 655.6199999999867
25.840000000000003 20.0 655.6199999999867
25.840000000000003 0.0 655.6199999999867
28.0 20.0 655.6199999999867
28.0 0.0 655.6199999999867
28.0 20.0 655.6199999999867
28.0 0.0 655.6199999999867
25.820000000000004 20.0 655.6199999999867
25.820000000000004 0.0 655.6199999999867
25.820000000000004 20.0 655.6199999999867
25.820000000000004 0.0 655.6199999999867
25.820000000000004 20.0 655.6199999999867
25.820000000000004 0.0 655.6199999999867
25.820000000000004 20.0 655.6199999999867
25.820000000000004 0.0 655.6199999999867
20.0 28.98 655.6199999999867
20.0 28.98 655.6199999999867
25.800000000000004 20.0 655.6199999999867
25.800000000000004 0.0 655.6199999999867
25.800000000000004 20.0 655.6199999999867
25.800000000000004 0.0 655.6199999999867
25.780000000000005 20.0 655.6199999999867
25.780000000000005 0.0 655.6199999999867
25.780000000000005 20.0 655.6199999999867
25.780000000000005 0.0 655.6199999999867
25.780000000000005 20.0 655.6199999999867
25.780000000000005 0.0 655.6199999999867
25.780000000000005 20.0 655.6199999999867
25.780000000000005 0.0 655.6199999999867
28.0 20.0 655.6199999999867
28.0 0.0 655.6199999999867
28.0 20.0 655.6199999999867
28.0 0.0 655.6199999999867
25.780000000000005 20.0 655.6199999999867
25.780000000000005 0.0 655.6199999999867
25.780000000000005 20.0 655.6199999999867
25.780000000000005 0.0 655.6199999999867
20.0 29.0 655.6199999999867
20.0 29.0 655.6199999999867
25.780000000000005 20.0 655.6199999999867
25.780000000000005 0.0 655.6199999999867
25.780000000000005 20.0 655.6199999999867
25.780000000000005 0.0 655.6199999999867
28.0 20.0 655.6199999999867
28.0 0.0 655.6199999999867
28.0 20.0 655.6199999999867
28.0 0.0 655.6199999999867
20.0 29.02 655.6199999999867
20.0 29.02 655.6199999999867
27.98 20.0 655.6199999999867
27.98 0.0 655.6199999999867
27.98 20.0 655.6199999999867
27.98 0.0 655.6199999999867
27.98 20.0 655.6199999999867
27.98 0.0 655.6199999999867
27.98 20.0 655.6199999999867
27.98 0.0 655.6199999999867
28.0 20.0 655.6199999999867
28.0 0.0 655.6199999999867
28.0 20.0 655.6199999999867
28.0 0.0 655.6199999999867
25.740000000000006 20.0 655.6199999999867
25.740000000000006 0.0 655.6199999999867
25.740000000000006 20.0 655.6199999999867
25.740000000000006 0.0 655.6199999999867
25.720000000000006 20.0 655.6199999999867
25.720000000000006 0.0 655.6199999999867
25.720000000000006 20.0 655.6199999999867
25.720000000000006 0.0 655.6199999999867
27.98 20.0 655.6199999999867
27.98 0.0 655.6199999999867
27.98 20.0 655.6199999999867
27.98 0.0 655.6199999999867
25.700000000000006 20.0 655.6199999999867
25.700000000000006 0.0 655.6199999999867
25.700000000000006 20.0 655.6199999999867
25.700000000000006 0.0 655.6199999999867
28.0 20.0 655.6199999999867
28.0 0.0 655.6199999999867
28.0 20.0 655.6199999999867
28.0 0.0 655.6199999999867
25.700000000000006 20.0 655.6199999999867
25.700000000000006 0.0 655.6199999999867
25.700000000000006 20.0 655.6199999999867
25.700000000000006 0.0 655.6199999999867
20.0 29.04 655.6199999999867
20.0 29.04 655.6199999999867
20.0 29.04 655.6199999999867
20.0 29.04 655.6199999999867
20.0 29.04 655.6199999999867
20.0 29.04 655.6199999999867
25.54000000000001 20.0 655.6199999999867
25.54000000000001 0.0 655.6199999999867
25.54000000000001 20.0 655.6199999999867
25.54000000000001 0.0 655.6199999999867
20.0 29.04 655.6199999999867
20.0 29.04 655.6199999999867
25.52000000000001 20.0 655.6199999999867
25.52000000000001 0.0 655.6199999999867
25.52000000000001 20.0 655.6199999999867
25.52000000000001 0.0 655.6199999999867
25.50000000000001 20.0 655.6199999999867
25.50000000000001 0.0 655.6199999999867
25.50000000000001 20.0 655.6199999999867
25.50000000000001 0.0 655.6199999999867
20.0 29.02 655.6199999999867
20.0 29.02 655.6199999999867
25.48000000000001 20.0 655.6199999999867
25.48000000000001 0.0 655.6199999999867
25.48000000000001 20.0 655.6199999999867
25.48000000000001 0.0 655.6199999999867
28.0 20.0 655.6199999999867
28.0 0.0 655.6199999999867
28.0 20.0 655.6199999999867
28.0 0.0 655.6199999999867
28.0 20.0 655.6199999999867
28.0 0.0 655.6199999999867
28.0 20.0 655.6199999999867
28.0 0.0 655.6199999999867
25.46000000000001 20.0 655.6199999999867
25.46000000000001 0.0 655.6199999999867
25.46000000000001 20.0 655.6199999999867
25.46000000000001 0.0 655.6199999999867
20.0 29.0 655.6199999999867
20.0 29.0 655.6199999999867
25.420000000000012 20.0 655.6199999999867
25.420000000000012 0.0 655.6199999999867
25.420000000000012 20.0 655.6199999999867
25.420000000000012 0.0 655.6199999999867
25.380000000000013 20.0 655.6199999999867
25.380000000000013 0.0 655.6199999999867
25.380000000000013 20.0 655.6199999999867
25.380000000000013 0.0 655.6199999999867
25.360000000000014 20.0 655.6199999999867
25.360000000000014 0.0 655.6199999999867
25.360000000000014 20.0 655.6199999999867
25.360000000000014 0.0 655.6199999999867
20.0 29.0 655.6199999999867
20.0 29.0 655.6199999999867
25.360000000000014 20.0 655.6199999999867
25.360000000000014 0.0 655.6199999999867
25.360000000000014 20.0 655.6199999999867
25.360000000000014 0.0 655.6199999999867
20.0 29.0 655.6199999999867
20.0 29.0 655.6199999999867
25.300000000000015 20.0 655.6199999999867
25.300000000000015 0.0 655.6199999999867
25.300000000000015 20.0 655.6199999999867
25.300000000000015 0.0 655.6199999999867
20.0 29.0 655.6199999999867
20.0 29.0 655.6199999999867
28.0 20.0 655.6199999999867
28.0 0.0 655.6199999999867
28.0 20.0 655.6199999999867
28.0 0.0 655.6199999999867
25.280000000000015 20.0 655.6199999999867
25.280000000000015 0.0 655.6199999999867
25.280000000000015 20.0 655.6199999999867
25.280000000000015 0.0 655.6199999999867
25.240000000000016 20.0 655.6199999999867
25.240000000000016 0.0 655.6199999999867
25.240000000000016 20.0 655.6199999999867
25.240000000000016 0.0 655.6199999999867
20.0 29.0 655.6199999999867
20.0 29.0 655.6199999999867
25.220000000000017 20.0 655.6199999999867
25.220000000000017 0.0 655.6199999999867
25.220000000000017 20.0 655.6199999999867
25.220000000000017 0.0 655.6199999999867
20.0 29.0 655.6199999999867
20.0 29.0 655.6199999999867
28.0 20.0 655.6199999999867
28.0 0.0 655.6199999999867
28.0 20.0 655.6199999999867
28.0 0.0 655.6199999999867
28.0 20.0 655.6199999999867
28.0 0.0 655.6199999999867
28.0 20.0 655.6199999999867
28.0 0.0 655.6199999999867
25.160000000000018 20.0 655.6199999999867
25.160000000000018 0.0 655.6199999999867
25.160000000000018 20.0 655.6199999999867
25.160000000000018 0.0 655.6199999999867
25.14000000000002 20.0 655.6199999999867
25.14000000000002 0.0 655.6199999999867
25.14000000000002 20.0 655.6199999999867
25.14000000000002 0.0 655.6199999999867
27.98 20.0 655.6199999999867
27.98 0.0 655.6199999999867
27.98 20.0 655.6199999999867
27.98 0.0 655.6199999999867
25.14000000000002 20.0 655.6199999999867
25.14000000000002 0.0 655.6199999999867
25.14000000000002 20.0 655.6199999999867
25.14000000000002 0.0 655.6199999999867
25.12000000000002 20.0 655.6199999999867
25.12000000000002 0.0 655.6199999999867
25.12000000000002 20.0 655.6199999999867
25.12000000000002 0.0 655.6199999999867
25.12000000000002 20.0 655.6199999999867
25.12000000000002 0.0 655.6199999999867
25.12000000000002 20.0 655.6199999999867
25.12000000000002 0.0 655.6199999999867
20.0 29.099999999999998 655.6199999999867
20.0 29.099999999999998 655.6199999999867
20.0 29.119999999999997 655.6199999999867
20.0 29.119999999999997 655.6199999999867
20.0 29.139999999999997 655.6199999999867
20.0 29.139999999999997 655.6199999999867
24.98000000000002 20.0 655.6199999999867
24.98000000000002 0.0 655.6199999999867
24.98000000000002 20.0 655.6199999999867
24.98000000000002 0.0 655.6199999999867
20.0 29.159999999999997 655.6199999999867
20.0 29.159999999999997 655.6199999999867
20.0 29.159999999999997 655.6199999999867
20.0 29.159999999999997 655.6199999999867
25.02000000000002 20.0 655.6199999999867
25.02000000000002 0.0 655.6199999999867
25.02000000000002 20.0 655.6199999999867
25.02000000000002 0.0 655.6199999999867
25.02000000000002 20.0 655.6199999999867
25.02000000000002 0.0 655.6199999999867
25.02000000000002 20.0 655.6199999999867
25.02000000000002 0.0 655.6199999999867
25.00000000000002 20.0 655.6199999999867
25.00000000000002 0.0 655.6199999999867
25.00000000000002 20.0 655.6199999999867
25.00000000000002 0.0 655.6199999999867
25.00000000000002 20.0 655.6199999999867
25.00000000000002 0.0 655.6199999999867
25.00000000000002 20.0 655.6199999999867
25.00000000000002 0.0 655.6199999999867
24.98000000000002 20.0 655.6199999999867
24.98000000000002 0.0 655.6199999999867
24.98000000000002 20.0 655.6199999999867
24.98000000000002 0.0 655.6199999999867
24.960000000000022 20.0 655.6199999999867
24.960000000000022 0.0 655.6199999999867
24.960000000000022 20.0 655.6199999999867
24.960000000000022 0.0 655.6199999999867
24.940000000000023 20.0 655.6199999999867
24.940000000000023 0.0 655.6199999999867
24.940000000000023 20.0 655.6199999999867
24.940000000000023 0.0 655.6199999999867
24.920000000000023 20.0 655.6199999999867
24.920000000000023 0.0 655.6199999999867
24.920000000000023 20.0 655.6199999999867
24.920000000000023 0.0 655.6199999999867
20.0 29.179999999999996 655.6199999999867
20.0 29.179999999999996 655.6199999999867
20.0 29.179999999999996 655.6199999999867
20.0 29.179999999999996 655.6199999999867
20.0 29.179999999999996 655.6199999999867
20.0 29.179999999999996 655.6199999999867
20.0 29.159999999999997 655.6199999999867
20.0 29.159999999999997 655.6199999999867
20.0 29.179999999999996 655.6199999999867
20.0 29.179999999999996 655.6199999999867
20.0 29.179999999999996 655.6199999999867
20.0 29.179999999999996 655.6199999999867
20.0 29.159999999999997 655.6199999999867
20.0 29.159999999999997 655.6199999999867
20.0 29.159999999999997 655.6199999999867
20.0 29.159999999999997 655.6199999999867
14.99 22.969999999999995 655.6199999999867
14.99 22.969999999999995 655.6199999999867
20.0 29.159999999999997 655.6199999999867
20.0 29.159999999999997 655.6199999999867
20.0 29.159999999999997 655.6199999999867
20.0 29.159999999999997 655.6199999999867
20.0 29.139999999999997 655.6199999999867
20.0 29.139999999999997 655.6199999999867
20.0 29.139999999999997 655.6199999999867
20.0 29.139999999999997 655.6199999999867
20.0 29.159999999999997 655.6199999999867
20.0 29.159999999999997 655.6199999999867
20.0 29.179999999999996 655.6199999999867
20.0 29.179999999999996 655.6199999999867
20.0 29.179999999999996 655.6199999999867
20.0 29.179999999999996 655.6199999999867
28.0 20.0 655.6199999999867
28.0 0.0 655.6199999999867
28.0 20.0 655.6199999999867
28.0 0.0 655.6199999999867
27.98 20.0 655.6199999999867
27.98 0.0 655.6199999999867
27.98 20.0 655.6199999999867
27.98 0.0 655.6199999999867
20.0 29.179999999999996 655.6199999999867
20.0 29.179999999999996 655.6199999999867
28.0 20.0 655.6199999999867
28.0 0.0 655.6199999999867
28.0 20.0 655.6199999999867
28.0 0.0 655.6199999999867
20.0 29.159999999999997 655.6199999999867
20.0 29.159999999999997 655.6199999999867
20.0 29.159999999999997 655.6199999999867
20.0 29.159999999999997 655.6199999999867
28.0 20.0 655.6199999999867
28.0 0.0 655.6199999999867
28.0 20.0 655.6199999999867
28.0 0.0 655.6199999999867
20.0 29.139999999999997 655.6199999999867
20.0 29.139999999999997 655.6199999999867
20.0 29.139999999999997 655.6199999999867
20.0 29.139999999999997 655.6199999999867
28.0 20.0 655.6199999999867
28.0 0.0 655.6199999999867
28.0 20.0 655.6199999999867
28.0 0.0 655.6199999999867
20.0 29.159999999999997 655.6199999999867
20.0 29.159999999999997 655.6199999999867
20.0 29.139999999999997 655.6199999999867
20.0 29.139999999999997 655.6199999999867
20.0 29.139999999999997 655.6199999999867
20.0 29.139999999999997 655.6199999999867
20.0 29.119999999999997 655.6199999999867
20.0 29.119999999999997 655.6199999999867
28.0 20.0 655.6199999999867
28.0 0.0 655.6199999999867
28.0 20.0 655.6199999999867
28.0 0.0 655.6199999999867
20.0 29.139999999999997 655.6199999999867
20.0 29.139999999999997 655.6199999999867
20.0 29.139999999999997 655.6199999999867
20.0 29.139999999999997 655.6199999999867
20.0 29.119999999999997 655.6199999999867
20.0 29.119999999999997 655.6199999999867
20.0 29.099999999999998 655.6199999999867
20.0 29.099999999999998 655.6199999999867
28.0 20.0 655.6199999999867
28.0 0.0 655.6199999999867
28.0 20.0 655.6199999999867
28.0 0.0 655.6199999999867
20.0 29.08 655.6199999999867
20.0 29.08 655.6199999999867
28.0 20.0 655.6199999999867
28.0 0.0 655.6199999999867
28.0 20.0 655.6199999999867
28.0 0.0 655.6199999999867
28.0 20.0 655.6199999999867
28.0 0.0 655.6199999999867
28.0 20.0 655.6199999999867
28.0 0.0 655.6199999999867
20.0 29.06 655.6199999999867
20.0 29.06 655.6199999999867
20.0 29.06 655.6199999999867
20.0 29.06 655.6199999999867
28.0 20.0 655.6199999999867
28.0 0.0 655.6199999999867
28.0 20.0 655.6199999999867
28.0 0.0 655.6199999999867
20.0 29.06 655.6199999999867
20.0 29.06 655.6199999999867
28.0 20.0 655.6199999999867
28.0 0.0 655.6199999999867
28.0 20.0 655.6199999999867
28.0 0.0 655.6199999999867
20.0 29.08 655.6199999999867
20.0 29.08 655.6199999999867
20.0 29.08 655.6199999999867
20.0 29.08 655.6199999999867
20.0 29.08 655.6199999999867
20.0 29.08 655.6199999999867
25.00000000000002 20.0 655.6199999999867
25.00000000000002 0.0 655.6199999999867
25.00000000000002 20.0 655.6199999999867
25.00000000000002 0.0 655.6199999999867
20.0 29.099999999999998 655.6199999999867
20.0 29.099999999999998 655.6199999999867
20.0 29.119999999999997 655.6199999999867
20.0 29.119999999999997 655.6199999999867
20.0 29.119999999999997 655.6199999999867
20.0 29.119999999999997 655.6199999999867
20.0 29.119999999999997 655.6199999999867
20.0 29.119999999999997 655.6199999999867
27.98 20.0 655.6199999999867
27.98 0.0 655.6199999999867
27.98 20.0 655.6199999999867
27.98 0.0 655.6199999999867
25.00000000000002 20.0 655.6199999999867
25.00000000000002 0.0 655.6199999999867
25.00000000000002 20.0 655.6199999999867
25.00000000000002 0.0 655.6199999999867
25.00000000000002 20.0 655.6199999999867
25.00000000000002 0.0 655.6199999999867
25.00000000000002 20.0 655.6199999999867
25.00000000000002 0.0 655.6199999999867
25.00000000000002 20.0 655.6199999999867
25.00000000000002 0.0 655.6199999999867
25.00000000000002 20.0 655.6199999999867
25.00000000000002 0.0 655.6199999999867
20.0 29.139999999999997 655.6199999999867
20.0 29.139999999999997 655.6199999999867
20.0 29.139999999999997 655.6199999999867
20.0 29.139999999999997 655.6199999999867
28.02 20.0 655.6199999999867
28.02 0.0 655.6199999999867
28.02 20.0 655.6199999999867
28.02 0.0 655.6199999999867
20.0 29.159999999999997 655.6199999999867
20.0 29.159999999999997 655.6199999999867
25.00000000000002 20.0 655.6199999999867
25.00000000000002 0.0 655.6199999999867
25.00000000000002 20.0 655.6199999999867
25.00000000000002 0.0 655.6199999999867
24.98000000000002 20.0 655.6199999999867
24.98000000000002 0.0 655.6199999999867
24.98000000000002 20.0 655.6199999999867
24.98000000000002 0.0 655.6199999999867
25.00000000000002 20.0 655.6199999999867
25.00000000000002 0.0 655.6199999999867
25.00000000000002 20.0 655.6199999999867
25.00000000000002 0.0 655.6199999999867
20.0 29.159999999999997 655.6199999999867
20.0 29.159999999999997 655.6199999999867
28.0 20.0 655.6199999999867
28.0 0.0 655.6199999999867
28.0 20.0 655.6199999999867
28.0 0.0 655.6199999999867
20.0 29.179999999999996 655.6199999999867
20.0 29.179999999999996 655.6199999999867
20.0 29.179999999999996 655.6199999999867
20.0 29.179999999999996 655.6199999999867
24.98000000000002 20.0 655.6199999999867
24.98000000000002 0.0 655.6199999999867
24.98000000000002 20.0 655.6199999999867
24.98000000000002 0.0 655.6199999999867
20.0 29.159999999999997 655.6199999999867
20.0 29.159999999999997 655.6199999999867
20.0 29.139999999999997 655.6199999999867
20.0 29.139999999999997 655.6199999999867
28.0 20.0 655.6199999999867
28.0 0.0 655.6199999999867
28.0 20.0 655.6199999999867
28.0 0.0 655.6199999999867
25.00000000000002 20.0 655.6199999999867
25.00000000000002 0.0 655.6199999999867
25.00000000000002 20.0 655.6199999999867
25.00000000000002 0.0 655.6199999999867
20.0 29.179999999999996 655.6199999999867
20.0 29.179999999999996 655.6199999999867
28.0 20.0 655.6199999999867
28.0 0.0 655.6199999999867
28.0 20.0 655.6199999999867
28.0 0.0 655.6199999999867
28.0 20.0 655.6199999999867
28.0 0.0 655.6199999999867
28.0 20.0 655.6199999999867
28.0 0.0 655.6199999999867
20.0 29.179999999999996 655.6199999999867
20.0 29.179999999999996 655.6199999999867
28.0 20.0 655.6199999999867
28.0 0.0 655.6199999999867
28.0 20.0 655.6199999999867
28.0 0.0 655.6199999999867
20.0 29.159999999999997 655.6199999999867
20.0 29.159999999999997 655.6199999999867
20.0 29.159999999999997 655.6199999999867
20.0 29.159999999999997 655.6199999999867
20.0 29.159999999999997 655.6199999999867
20.0 29.159999999999997 655.6199999999867
27.98 20.0 655.6199999999867
27.98 0.0 655.6199999999867
27.98 20.0 655.6199999999867
27.98 0.0 655.6199999999867
20.0 29.159999999999997 655.6199999999867
20.0 29.159999999999997 655.6199999999867
20.0 29.159999999999997 655.6199999999867
20.0 29.159999999999997 655.6199999999867
28.0 20.0 655.6199999999867
28.0 0.0 655.6199999999867
28.0 20.0 655.6199999999867
28.0 0.0 655.6199999999867
20.0 29.179999999999996 655.6199999999867
20.0 29.179999999999996 655.6199999999867
20.0 29.179999999999996 655.6199999999867
20.0 29.179999999999996 655.6199999999867
20.0 29.179999999999996 655.6199999999867
20.0 29.179999999999996 655.6199999999867
20.0 29.179999999999996 655.6199999999867
20.0 29.179999999999996 655.6199999999867
24.960000000000022 20.0 655.6199999999867
24.960000000000022 0.0 655.6199999999867
24.960000000000022 20.0 655.6199999999867
24.960000000000022 0.0 655.6199999999867
24.960000000000022 20.0 655.6199999999867
24.960000000000022 0.0 655.6199999999867
24.960000000000022 20.0 655.6199999999867
24.960000000000022 0.0 655.6199999999867
24.940000000000023 20.0 655.6199999999867
24.940000000000023 0.0 655.6199999999867
24.940000000000023 20.0 655.6199999999867
24.940000000000023 0.0 655.6199999999867
28.0 20.0 655.6199999999867
28.0 0.0 655.6199999999867
28.0 20.0 655.6199999999867
28.0 0.0 655.6199999999867
20.0 29.179999999999996 655.6199999999867
20.0 29.179999999999996 655.6199999999867
24.960000000000022 20.0 655.6199999999867
24.960000000000022 0.0 655.6199999999867
24.960000000000022 20.0 655.6199999999867
24.960000000000022 0.0 655.6199999999867
20.0 29.199999999999996 655.6199999999867
20.0 29.199999999999996 655.6199999999867
28.0 20.0 655.6199999999867
28.0 0.0 655.6199999999867
28.0 20.0 655.6199999999867
28.0 0.0 655.6199999999867
20.0 29.199999999999996 655.6199999999867
20.0 29.199999999999996 655.6199999999867
28.0 20.0 655.6199999999867
28.0 0.0 655.6199999999867
28.0 20.0 655.6199999999867
28.0 0.0 655.6199999999867
20.0 29.199999999999996 655.6199999999867
20.0 29.199999999999996 655.6199999999867
20.0 29.199999999999996 655.6199999999867
20.0 29.199999999999996 655.6199999999867
24.960000000000022 20.0 655.6199999999867
24.960000000000022 0.0 655.6199999999867
24.960000000000022 20.0 655.6199999999867
24.960000000000022 0.0 655.6199999999867
20.0 29.219999999999995 655.6199999999867
20.0 29.219999999999995 655.6199999999867
27.98 20.0 655.6199999999867
27.98 0.0 655.6199999999867
27.98 20.0 655.6199999999867
27.98 0.0 655.6199999999867
24.98000000000002 20.0 655.6199999999867
24.98000000000002 0.0 655.6199999999867
24.98000000000002 20.0 655.6199999999867
24.98000000000002 0.0 655.6199999999867
20.0 29.239999999999995 655.6199999999867
20.0 29.239999999999995 655.6199999999867
20.0 29.259999999999994 655.6199999999867
20.0 29.259999999999994 655.6199999999867
20.0 29.239999999999995 655.6199999999867
20.0 29.239999999999995 655.6199999999867
20.0 29.239999999999995 655.6199999999867
20.0 29.239999999999995 655.6199999999867
28.0 20.0 655.6199999999867
28.0 0.0 655.6199999999867
28.0 20.0 655.6199999999867
28.0 0.0 655.6199999999867
28.0 20.0 655.6199999999867
28.0 0.0 655.6199999999867
28.0 20.0 655.6199999999867
28.0 0.0 655.6199999999867
28.02 20.0 655.6199999999867
28.02 0.0 655.6199999999867
28.02 20.0 655.6199999999867
28.02 0.0 655.6199999999867
20.0 29.259999999999994 655.6199999999867
20.0 29.259999999999994 655.6199999999867
28.0 20.0 655.6199999999867
28.0 0.0 655.6199999999867
28.0 20.0 655.6199999999867
28.0 0.0 655.6199999999867
28.0 20.0 655.6199999999867
28.0 0.0 655.6199999999867
28.0 20.0 655.6199999999867
28.0 0.0 655.6199999999867
20.0 29.239999999999995 655.6199999999867
20.0 29.239999999999995 655.6199999999867
28.0 20.0 655.6199999999867
28.0 0.0 655.6199999999867
28.0 20.0 655.6199999999867
28.0 0.0 655.6199999999867
20.0 29.259999999999994 655.6199999999867
20.0 29.259999999999994 655.6199999999867
20.0 29.259999999999994 655.6199999999867
20.0 29.259999999999994 655.6199999999867
27.98 20.0 655.6199999999867
27.98 0.0 655.6199999999867
27.98 20.0 655.6199999999867
27.98 0.0 655.6199999999867
28.0 20.0 655.6199999999867
28.0 0.0 655.6199999999867
28.0 20.0 655.6199999999867
28.0 0.0 655.6199999999867
20.0 29.279999999999994 655.6199999999867
20.0 29.279999999999994 655.6199999999867
28.0 20.0 655.6199999999867
28.0 0.0 655.6199999999867
28.0 20.0 655.6199999999867
28.0 0.0 655.6199999999867
20.0 29.279999999999994 655.6199999999867
20.0 29.279999999999994 655.6199999999867
28.0 20.0 655.6199999999867
28.0 0.0 655.6199999999867
28.0 20.0 655.6199999999867
28.0 0.0 655.6199999999867
20.0 29.299999999999994 655.6199999999867
20.0 29.299999999999994 655.6199999999867
20.0 29.279999999999994 655.6199999999867
20.0 29.279999999999994 655.6199999999867
20.0 29.279999999999994 655.6199999999867
20.0 29.279999999999994 655.6199999999867
28.0 20.0 655.6199999999867
28.0 0.0 655.6199999999867
28.0 20.0 655.6199999999867
28.0 0.0 655.6199999999867
20.0 29.259999999999994 655.6199999999867
20.0 29.259999999999994 655.6199999999867
20.0 29.259999999999994 655.6199999999867
20.0 29.259999999999994 655.6199999999867
28.0 20.0 655.6199999999867
28.0 0.0 655.6199999999867
28.0 20.0 655.6199999999867
28.0 0.0 655.6199999999867
20.0 29.279999999999994 655.6199999999867
20.0 29.279999999999994 655.6199999999867
28.0 20.0 655.6199999999867
28.0 0.0 655.6199999999867
28.0 20.0 655.6199999999867
28.0 0.0 655.6199999999867
20.0 29.279999999999994 655.6199999999867
20.0 29.279999999999994 655.6199999999867
20.0 29.259999999999994 655.6199999999867
20.0 29.259999999999994 655.6199999999867
20.0 29.259999999999994 655.6199999999867
20.0 29.259999999999994 655.6199999999867
20.0 29.279999999999994 655.6199999999867
20.0 29.279999999999994 655.6199999999867
28.0 20.0 655.6199999999867
28.0 0.0 655.6199999999867
28.0 20.0 655.6199999999867
28.0 0.0 655.6199999999867
20.0 29.279999999999994 655.6199999999867
20.0 29.279999999999994 655.6199999999867
20.0 29.279999999999994 655.6199999999867
20.0 29.279999999999994 655.6199999999867
28.0 20.0 655.6199999999867
28.0 0.0 655.6199999999867
28.0 20.0 655.6199999999867
28.0 0.0 655.6199999999867
28.0 20.0 655.6199999999867
28.0 0.0 655.6199999999867
28.0 20.0 655.6199999999867
28.0 0.0 655.6199999999867
20.0 29.299999999999994 655.6199999999867
20.0 29.299999999999994 655.6199999999867
20.0 29.299999999999994 655.6199999999867
20.0 29.299999999999994 655.6199999999867
20.0 29.299999999999994 655.6199999999867
20.0 29.299999999999994 655.6199999999867
20.0 29.279999999999994 655.6199999999867
20.0 29.279999999999994 655.6199999999867
20.0 29.299999999999994 655.6199999999867
20.0 29.299999999999994 655.6199999999867
20.0 29.279999999999994 655.6199999999867
20.0 29.279999999999994 655.6199999999867
20.0 29.279999999999994 655.6199999999867
20.0 29.279999999999994 655.6199999999867
20.0 29.259999999999994 655.6199999999867
20.0 29.259999999999994 655.6199999999867
28.0 20.0 655.6199999999867
28.0 0.0 655.6199999999867
28.0 20.0 655.6199999999867
28.0 0.0 655.6199999999867
20.0 29.259999999999994 655.6199999999867
20.0 29.259999999999994 655.6199999999867
20.0 29.279999999999994 655.6199999999867
20.0 29.279999999999994 655.6199999999867
28.0 20.0 655.6199999999867
28.0 0.0 655.6199999999867
28.0 20.0 655.6199999999867
28.0 0.0 655.6199999999867
28.0 20.0 655.6199999999867
28.0 0.0 655.6199999999867
28.0 20.0 655.6199999999867
28.0 0.0 655.6199999999867
20.0 29.299999999999994 655.6199999999867
20.0 29.299999999999994 655.6199999999867
28.0 20.0 655.6199999999867
28.0 0.0 655.6199999999867
28.0 20.0 655.6199999999867
28.0 0.0 655.6199999999867
20.0 29.299999999999994 655.6199999999867
20.0 29.299999999999994 655.6199999999867
20.0 29.279999999999994 655.6199999999867
20.0 29.279999999999994 655.6199999999867
28.0 20.0 655.6199999999867
28.0 0.0 655.6199999999867
28.0 20.0 655.6199999999867
28.0 0.0 655.6199999999867
20.0 29.299999999999994 655.6199999999867
20.0 29.299999999999994 655.6199999999867
28.0 20.0 655.6199999999867
28.0 0.0 655.6199999999867
28.0 20.0 655.6199999999867
28.0 0.0 655.6199999999867
20.0 29.319999999999993 655.6199999999867
20.0 29.319999999999993 655.6199999999867
25.00000000000002 20.0 655.6199999999867
25.00000000000002 0.0 655.6199999999867
25.00000000000002 20.0 655.6199999999867
25.00000000000002 0.0 655.6199999999867
28.0 20.0 655.6199999999867
28.0 0.0 655.6199999999867
28.0 20.0 655.6199999999867
28.0 0.0 655.6199999999867
20.0 29.319999999999993 655.6199999999867
20.0 29.319999999999993 655.6199999999867
20.0 29.339999999999993 655.6199999999867
20.0 29.339999999999993 655.6199999999867
25.00000000000002 20.0 655.6199999999867
25.00000000000002 0.0 655.6199999999867
25.00000000000002 20.0 655.6199999999867
25.00000000000002 0.0 655.6199999999867
20.0 29.339999999999993 655.6199999999867
20.0 29.339999999999993 655.6199999999867
25.00000000000002 20.0 655.6199999999867
25.00000000000002 0.0 655.6199999999867
25.00000000000002 20.0 655.6199999999867
25.00000000000002 0.0 655.6199999999867
25.00000000000002 20.0 655.6199999999867
25.00000000000002 0.0 655.6199999999867
25.00000000000002 20.0 655.6199999999867
25.00000000000002 0.0 655.6199999999867
20.0 29.339999999999993 655.6199999999867
20.0 29.339999999999993 655.6199999999867
20.0 29.339999999999993 655.6199999999867
20.0 29.339999999999993 655.6199999999867
20.0 29.339999999999993 655.6199999999867
20.0 29.339999999999993 655.6199999999867
20.0 29.319999999999993 655.6199999999867
20.0 29.319999999999993 655.6199999999867
20.0 29.339999999999993 655.6199999999867
20.0 29.339999999999993 655.6199999999867
20.0 29.339999999999993 655.6199999999867
20.0 29.339999999999993 655.6199999999867
25.00000000000002 20.0 655.6199999999867
25.00000000000002 0.0 655.6199999999867
25.00000000000002 20.0 655.6199999999867
25.00000000000002 0.0 655.6199999999867
25.00000000000002 20.0 655.6199999999867
25.00000000000002 0.0 655.6199999999867
25.00000000000002 20.0 655.6199999999867
25.00000000000002 0.0 655.6199999999867
20.0 29.339999999999993 655.6199999999867
20.0 29.339999999999993 655.6199999999867
20.0 29.319999999999993 655.6199999999867
20.0 29.319999999999993 655.6199999999867
20.0 29.299999999999994 655.6199999999867
20.0 29.299999999999994 655.6199999999867
28.0 20.0 655.6199999999867
28.0 0.0 655.6199999999867
28.0 20.0 655.6199999999867
28.0 0.0 655.6199999999867
20.0 29.279999999999994 655.6199999999867
20.0 29.279999999999994 655.6199999999867
27.98 20.0 655.6199999999867
27.98 0.0 655.6199999999867
27.98 20.0 655.6199999999867
27.98 0.0 655.6199999999867
20.0 29.279999999999994 655.6199999999867
20.0 29.279999999999994 655.6199999999867
27.98 20.0 655.6199999999867
27.98 0.0 655.6199999999867
27.98 20.0 655.6199999999867
27.98 0.0 655.6199999999867
20.0 29.299999999999994 655.6199999999867
20.0 29.299999999999994 655.6199999999867
27.98 20.0 655.6199999999867
27.98 0.0 655.6199999999867
27.98 20.0 655.6199999999867
27.98 0.0 655.6199999999867
20.0 29.279999999999994 655.6199999999867
20.0 29.279999999999994 655.6199999999867
27.98 20.0 655.6199999999867
27.98 0.0 655.6199999999867
27.98 20.0 655.6199999999867
27.98 0.0 655.6199999999867
27.98 20.0 655.6199999999867
27.98 0.0 655.6199999999867
27.98 20.0 655.6199999999867
27.98 0.0 655.6199999999867
20.0 29.319999999999993 655.6199999999867
20.0 29.319999999999993 655.6199999999867
27.96 20.0 655.6199999999867
27.96 0.0 655.6199999999867
27.96 20.0 655.6199999999867
27.96 0.0 655.6199999999867
20.0 29.339999999999993 655.6199999999867
20.0 29.339999999999993 655.6199999999867
20.0 29.359999999999992 655.6199999999867
20.0 29.359999999999992 655.6199999999867
28.0 20.0 655.6199999999867
28.0 0.0 655.6199999999867
28.0 20.0 655.6199999999867
28.0 0.0 655.6199999999867
20.0 29.379999999999992 655.6199999999867
20.0 29.379999999999992 655.6199999999867
20.0 29.379999999999992 655.6199999999867
20.0 29.379999999999992 655.6199999999867
28.0 20.0 655.6199999999867
28.0 0.0 655.6199999999867
28.0 20.0 655.6199999999867
28.0 0.0 655.6199999999867
20.0 29.379999999999992 655.6199999999867
20.0 29.379999999999992 655.6199999999867
28.0 20.0 655.6199999999867
28.0 0.0 655.6199999999867
28.0 20.0 655.6199999999867
28.0 0.0 655.6199999999867
28.02 20.0 655.6199999999867
28.02 0.0 655.6199999999867
28.02 20.0 655.6199999999867
28.02 0.0 655.6199999999867
28.02 20.0 655.6199999999867
28.02 0.0 655.6199999999867
28.02 20.0 655.6199999999867
28.02 0.0 655.6199999999867
28.0 20.0 655.6199999999867
28.0 0.0 655.6199999999867
28.0 20.0 655.6199999999867
28.0 0.0 655.6199999999867
27.98 20.0 655.6199999999867
27.98 0.0 655.6199999999867
27.98 20.0 655.6199999999867
27.98 0.0 655.6199999999867
20.0 29.359999999999992 655.6199999999867
20.0 29.359999999999992 655.6199999999867
20.0 29.359999999999992 655.6199999999867
20.0 29.359999999999992 655.6199999999867
20.0 29.359999999999992 655.6199999999867
20.0 29.359999999999992 655.6199999999867
20.0 29.379999999999992 655.6199999999867
20.0 29.379999999999992 655.6199999999867
27.96 20.0 655.6199999999867
27.96 0.0 655.6199999999867
27.96 20.0 655.6199999999867
27.96 0.0 655.6199999999867
24.960000000000022 20.0 655.6199999999867
24.960000000000022 0.0 655.6199999999867
24.960000000000022 20.0 655.6199999999867
24.960000000000022 0.0 655.6199999999867
27.98 20.0 655.6199999999867
27.98 0.0 655.6199999999867
27.98 20.0 655.6199999999867
27.98 0.0 655.6199999999867
24.940000000000023 20.0 655.6199999999867
24.940000000000023 0.0 655.6199999999867
24.940000000000023 20.0 655.6199999999867
24.940000000000023 0.0 655.6199999999867
24.940000000000023 20.0 655.6199999999867
24.940000000000023 0.0 655.6199999999867
24.940000000000023 20.0 655.6199999999867
24.940000000000023 0.0 655.6199999999867
28.0 20.0 655.6199999999867
28.0 0.0 655.6199999999867
28.0 20.0 655.6199999999867
28.0 0.0 655.6199999999867
28.0 20.0 655.6199999999867
28.0 0.0 655.6199999999867
28.0 20.0 655.6199999999867
28.0 0.0 655.6199999999867
24.940000000000023 20.0 655.6199999999867
24.940000000000023 0.0 655.6199999999867
24.940000000000023 20.0 655.6199999999867
24.940000000000023 0.0 655.6199999999867
24.960000000000022 20.0 655.6199999999867
24.960000000000022 0.0 655.6199999999867
24.960000000000022 20.0 655.6199999999867
24.960000000000022 0.0 655.6199999999867
20.0 29.39999999999999 655.6199999999867
20.0 29.39999999999999 655.6199999999867
20.0 29.41999999999999 655.6199999999867
20.0 29.41999999999999 655.6199999999867
27.98 20.0 655.6199999999867
27.98 0.0 655.6199999999867
27.98 20.0 655.6199999999867
27.98 0.0 655.6199999999867
20.0 29.41999999999999 655.6199999999867
20.0 29.41999999999999 655.6199999999867
27.98 20.0 655.6199999999867
27.98 0.0 655.6199999999867
27.98 20.0 655.6199999999867
27.98 0.0 655.6199999999867
24.960000000000022 20.0 655.6199999999867
24.960000000000022 0.0 655.6199999999867
24.960000000000022 20.0 655.6199999999867
24.960000000000022 0.0 655.6199999999867
27.98 20.0 655.6199999999867
27.98 0.0 655.6199999999867
27.98 20.0 655.6199999999867
27.98 0.0 655.6199999999867
27.98 20.0 655.6199999999867
27.98 0.0 655.6199999999867
27.98 20.0 655.6199999999867
27.98 0.0 655.6199999999867
27.96 20.0 655.6199999999867
27.96 0.0 655.6199999999867
27.96 20.0 655.6199999999867
27.96 0.0 655.6199999999867
20.0 29.41999999999999 655.6199999999867
20.0 29.41999999999999 655.6199999999867
20.0 29.43999999999999 655.6199999999867
20.0 29.43999999999999 655.6199999999867
27.96 20.0 655.6199999999867
27.96 0.0 655.6199999999867
27.96 20.0 655.6199999999867
27.96 0.0 655.6199999999867
27.96 20.0 655.6199999999867
27.96 0.0 655.6199999999867
27.96 20.0 655.6199999999867
27.96 0.0 655.6199999999867
27.98 20.0 655.6199999999867
27.98 0.0 655.6199999999867
27.98 20.0 655.6199999999867
27.98 0.0 655.6199999999867
20.0 29.41999999999999 655.6199999999867
20.0 29.41999999999999 655.6199999999867
20.0 29.41999999999999 655.6199999999867
20.0 29.41999999999999 655.6199999999867
20.0 29.43999999999999 655.6199999999867
20.0 29.43999999999999 655.6199999999867
20.0 29.43999999999999 655.6199999999867
20.0 29.43999999999999 655.6199999999867
20.0 29.45999999999999 655.6199999999867
20.0 29.45999999999999 655.6199999999867
20.0 29.43999999999999 655.6199999999867
20.0 29.43999999999999 655.6199999999867
20.0 29.45999999999999 655.6199999999867
20.0 29.45999999999999 655.6199999999867
20.0 29.45999999999999 655.6199999999867
20.0 29.45999999999999 655.6199999999867
20.0 29.719999999999985 655.6199999999867
20.0 29.719999999999985 655.6199999999867
20.0 29.759999999999984 655.6199999999867
20.0 29.759999999999984 655.6199999999867
20.0 29.759999999999984 655.6199999999867
20.0 29.759999999999984 655.6199999999867
20.0 29.779999999999983 655.6199999999867
20.0 29.779999999999983 655.6199999999867
20.0 29.799999999999983 655.6199999999867
20.0 29.799999999999983 655.6199999999867
20.0 29.799999999999983 655.6199999999867
20.0 29.799999999999983 655.6199999999867
20.0 29.799999999999983 655.6199999999867
20.0 29.799999999999983 655.6199999999867
20.0 29.839999999999982 655.6199999999867
20.0 29.839999999999982 655.6199999999867
20.0 29.819999999999983 655.6199999999867
20.0 29.819999999999983 655.6199999999867
20.0 29.819999999999983 655.6199999999867
20.0 29.819999999999983 655.6199999999867
20.0 29.819999999999983 655.6199999999867
20.0 29.819999999999983 655.6199999999867
20.0 29.819999999999983 655.6199999999867
20.0 29.819999999999983 655.6199999999867
20.0 29.819999999999983 655.6199999999867
20.0 29.819999999999983 655.6199999999867
20.0 29.839999999999982 655.6199999999867
20.0 29.839999999999982 655.6199999999867
20.0 29.839999999999982 655.6199999999867
20.0 29.839999999999982 655.6199999999867
20.0 29.839999999999982 655.6199999999867
20.0 29.839999999999982 655.6199999999867
20.0 29.839999999999982 655.6199999999867
20.0 29.839999999999982 655.6199999999867
20.0 29.839999999999982 655.6199999999867
20.0 29.839999999999982 655.6199999999867
20.0 29.799999999999983 655.6199999999867
20.0 29.799999999999983 655.6199999999867
20.0 29.839999999999982 655.6199999999867
20.0 29.839999999999982 655.6199999999867
20.0 29.819999999999983 655.6199999999867
20.0 29.819999999999983 655.6199999999867
20.0 29.85999999999998 655.6199999999867
20.0 29.85999999999998 655.6199999999867
20.0 29.85999999999998 655.6199999999867
20.0 29.85999999999998 655.6199999999867
20.0 29.89999999999998 655.6199999999867
20.0 29.89999999999998 655.6199999999867
20.0 29.89999999999998 655.6199999999867
20.0 29.89999999999998 655.6199999999867
20.0 29.89999999999998 655.6199999999867
20.0 29.89999999999998 655.6199999999867
20.0 29.87999999999998 655.6199999999867
20.0 29.87999999999998 655.6199999999867
20.0 29.839999999999982 655.6199999999867
20.0 29.839999999999982 655.6199999999867
20.0 29.839999999999982 655.6199999999867
20.0 29.839999999999982 655.6199999999867
20.0 29.839999999999982 655.6199999999867
20.0 29.839999999999982 655.6199999999867
20.0 29.839999999999982 655.6199999999867
20.0 29.839999999999982 655.6199999999867
20.0 29.839999999999982 655.6199999999867
20.0 29.839999999999982 655.6199999999867
20.0 29.839999999999982 655.6199999999867
20.0 29.839999999999982 655.6199999999867
20.0 29.819999999999983 655.6199999999867
20.0 29.819999999999983 655.6199999999867
20.0 29.799999999999983 655.6199999999867
20.0 29.799999999999983 655.6199999999867
20.0 29.819999999999983 655.6199999999867
20.0 29.819999999999983 655.6199999999867
20.0 29.819999999999983 655.6199999999867
20.0 29.819999999999983 655.6199999999867
20.0 29.839999999999982 655.6199999999867
20.0 29.839999999999982 655.6199999999867
20.0 29.87999999999998 655.6199999999867
20.0 29.87999999999998 655.6199999999867
20.0 29.89999999999998 655.6199999999867
20.0 29.89999999999998 655.6199999999867
20.0 29.93999999999998 655.6199999999867
20.0 29.93999999999998 655.6199999999867
20.0 29.95999999999998 655.6199999999867
20.0 29.95999999999998 655.6199999999867
28.0 20.0 655.6199999999867
28.0 0.0 655.6199999999867
28.0 20.0 655.6199999999867
28.0 0.0 655.6199999999867
28.0 20.0 655.6199999999867
28.0 0.0 655.6199999999867
28.0 20.0 655.6199999999867
28.0 0.0 655.6199999999867
12.170000000000018 1.009999999999999 655.6199999999867
18.99999999999953 7.280000000000015 655.6199999999867
18.029999999999692 10.069999999999977 655.6199999999867
14.029999999999731 16.029999999999536 655.6199999999867
1.340000000000042 16.159999999999982 655.6199999999867
17.999999999999993 15.939999999999534 655.6199999999867
16.039999999999225 12.999999999999957 655.6199999999867
9.99 11.97 655.6199999999867
6.999999999999936 10.02 655.6199999999867
7.000000000000021 14.999999999999398 655.6199999999867
16.009999999999533 6.99 655.6199999999867
0.94 13.039999999999957 655.6199999999867
10.01 2.010000000000156 655.6199999999867
0.9500000000000006 9.90999999999998 655.6199999999867
15.03 3.01 655.6199999999867
0.98 1.8800000000000212 655.6199999999867
3.990000000000043 18.90999999999983 655.6199999999867
11.84999999999996 15.009999999999554 655.6199999999867
3.9999999999999787 12.979999999999958 655.6199999999867
18.009999999999533 4.069999999999977 655.6199999999867
7.020000000000021 3.9999999999999574 655.6199999999867
12.98 18.93999999999952 655.6199999999867
17.979999999999905 1.0000000000001554 655.6199999999867
4.930000000000023 0.9900000000000007 655.6199999999867
8.96999999999998 18.02999999999938 655.6199999999867
4.149999999999954 7.99 655.6199999999867
4.029999999999999 3.99 655.6199999999867
7.920000000000002 1.0000000000000007 655.6199999999867
9.0 6.999999999999915 655.6199999999867
17.00999999999976 18.009999999999845 655.6199999999867
12.01 4.989999999999979 655.6199999999867
13.0 9.639999999999986 655.6199999999867
0.9900000000001554 5.950000000000022 655.6199999999867
-10 12 655.6199999999867
-10 12 655.6199999999867
-7 9 655.6199999999867
-7 9 655.6199999999867
-10 -8 655.6199999999867
-10 -8 655.6199999999867
-7 -11 655.6199999999867
-7 -11 655.6199999999867
-8 -16 655.6199999999867
-8 -16 655.6199999999867
0.0 -11.0 655.6199999999867
0.0 -11.0 655.6199999999867
0.0 -11.0 655.6199999999867
0.0 -11.0 655.6199999999867
0.0 -11.0 655.6199999999867
0.0 -11.0 655.6199999999867
0.0 -11.0 655.6199999999867
0.0 -11.0 655.6199999999867
0.0 -11.0 655.6199999999867
0.0 -11.0 655.6199999999867
0.0 -11.0 655.6199999999867
0.0 -11.0 655.6199999999867
0.0 -11.0 655.6199999999867
0.0 -11.0 655.6199999999867
0.0 -11.02 655.6199999999867
0.0 -11.02 655.6199999999867
0.0 -11.0 655.6199999999867
0.0 -11.0 655.6199999999867
0.0 -10.98 655.6199999999867
0.0 -10.98 655.6199999999867
0.0 -10.96 655.6199999999867
0.0 -10.96 655.6199999999867
0.0 -10.96 655.6199999999867
0.0 -10.96 655.6199999999867
0.0 -10.96 655.6199999999867
0.0 -10.96 655.6199999999867
0.0 -10.96 655.6199999999867
0.0 -10.96 655.6199999999867
0.0 -10.98 655.6199999999867
0.0 -10.98 655.6199999999867
0.0 -11.0 655.6199999999867
0.0 -11.0 655.6199999999867
0.0 -11.0 655.6199999999867
0.0 -11.0 655.6199999999867
0.0 -11.0 655.6199999999867
0.0 -11.0 655.6199999999867
0.0 -11.0 655.6199999999867
0.0 -11.0 655.6199999999867
0.0 -11.0 655.6199999999867
0.0 -11.0 655.6199999999867
0.0 -11.0 655.6199999999867
0.0 -11.0 655.6199999999867
0.0 -10.900000000000002 655.6199999999867
0.0 -10.900000000000002 655.6199999999867
0.0 -10.880000000000003 655.6199999999867
0.0 -10.880000000000003 655.6199999999867
0.0 -10.860000000000003 655.6199999999867
0.0 -10.860000000000003 655.6199999999867
0.0 -10.840000000000003 655.6199999999867
0.0 -10.840000000000003 655.6199999999867
0.0 -10.840000000000003 655.6199999999867
0.0 -10.840000000000003 655.6199999999867
0.0 -10.820000000000004 655.6199999999867
0.0 -10.820000000000004 655.6199999999867
0.0 -10.820000000000004 655.6199999999867
0.0 -10.820000000000004 655.6199999999867
0.0 -10.820000000000004 655.6199999999867
0.0 -10.820000000000004 655.6199999999867
0.0 -10.840000000000003 655.6199999999867
0.0 -10.840000000000003 655.6199999999867
0.0 -10.820000000000004 655.6199999999867
0.0 -10.820000000000004 655.6199999999867
0.0 -10.820000000000004 655.6199999999867
0.0 -10.820000000000004 655.6199999999867
0.0 -10.840000000000003 655.6199999999867
0.0 -10.840000000000003 655.6199999999867
0.0 -10.840000000000003 655.6199999999867
0.0 -10.840000000000003 655.6199999999867
-5.01 -17.030000000000005 655.6199999999867
-5.01 -17.030000000000005 655.6199999999867
0.0 -10.840000000000003 655.6199999999867
0.0 -10.840000000000003 655.6199999999867
0.0 -10.840000000000003 655.6199999999867
0.0 -10.840000000000003 655.6199999999867
0.0 -10.860000000000003 655.6199999999867
0.0 -10.860000000000003 655.6199999999867
0.0 -10.860000000000003 655.6199999999867
0.0 -10.860000000000003 655.6199999999867
0.0 -10.840000000000003 655.6199999999867
0.0 -10.840000000000003 655.6199999999867
0.0 -10.820000000000004 655.6199999999867
0.0 -10.820000000000004 655.6199999999867
0.0 -10.820000000000004 655.6199999999867
0.0 -10.820000000000004 655.6199999999867
0.0 -10.820000000000004 655.6199999999867
0.0 -10.820000000000004 655.6199999999867
0.0 -10.840000000000003 655.6199999999867
0.0 -10.840000000000003 655.6199999999867
0.0 -10.840000000000003 655.6199999999867
0.0 -10.840000000000003 655.6199999999867
0.0 -10.860000000000003 655.6199999999867
0.0 -10.860000000000003 655.6199999999867
0.0 -10.860000000000003 655.6199999999867
0.0 -10.860000000000003 655.6199999999867
0.0 -10.840000000000003 655.6199999999867
0.0 -10.840000000000003 655.6199999999867
0.0 -10.860000000000003 655.6199999999867
0.0 -10.860000000000003 655.6199999999867
0.0 -10.860000000000003 655.6199999999867
0.0 -10.860000000000003 655.6199999999867
0.0 -10.880000000000003 655.6199999999867
0.0 -10.880000000000003 655.6199999999867
0.0 -10.860000000000003 655.6199999999867
0.0 -10.860000000000003 655.6199999999867
0.0 -10.860000000000003 655.6199999999867
0.0 -10.860000000000003 655.6199999999867
0.0 -10.880000000000003 655.6199999999867
0.0 -10.880000000000003 655.6199999999867
0.0 -10.900000000000002 655.6199999999867
0.0 -10.900000000000002 655.6199999999867
0.0 -10.920000000000002 655.6199999999867
0.0 -10.920000000000002 655.6199999999867
0.0 -10.940000000000001 655.6199999999867
0.0 -10.940000000000001 655.6199999999867
0.0 -10.940000000000001 655.6199999999867
0.0 -10.940000000000001 655.6199999999867
0.0 -10.940000000000001 655.6199999999867
0.0 -10.940000000000001 655.6199999999867
0.0 -10.920000000000002 655.6199999999867
0.0 -10.920000000000002 655.6199999999867
0.0 -10.920000000000002 655.6199999999867
0.0 -10.920000000000002 655.6199999999867
0.0 -10.920000000000002 655.6199999999867
0.0 -10.920000000000002 655.6199999999867
0.0 -10.900000000000002 655.6199999999867
0.0 -10.900000000000002 655.6199999999867
0.0 -10.880000000000003 655.6199999999867
0.0 -10.880000000000003 655.6199999999867
0.0 -10.880000000000003 655.6199999999867
0.0 -10.880000000000003 655.6199999999867
0.0 -10.880000000000003 655.6199999999867
0.0 -10.880000000000003 655.6199999999867
0.0 -10.860000000000003 655.6199999999867
0.0 -10.860000000000003 655.6199999999867
0.0 -10.860000000000003 655.6199999999867
0.0 -10.860000000000003 655.6199999999867
0.0 -10.840000000000003 655.6199999999867
0.0 -10.840000000000003 655.6199999999867
0.0 -10.840000000000003 655.6199999999867
0.0 -10.840000000000003 655.6199999999867
0.0 -10.820000000000004 655.6199999999867
0.0 -10.820000000000004 655.6199999999867
0.0 -10.820000000000004 655.6199999999867
0.0 -10.820000000000004 655.6199999999867
0.0 -10.840000000000003 655.6199999999867
0.0 -10.840000000000003 655.6199999999867
0.0 -10.860000000000003 655.6199999999867
0.0 -10.860000000000003 655.6199999999867
0.0 -10.820000000000004 655.6199999999867
0.0 -10.820000000000004 655.6199999999867
0.0 -10.820000000000004 655.6199999999867
0.0 -10.820000000000004 655.6199999999867
0.0 -10.840000000000003 655.6199999999867
0.0 -10.840000000000003 655.6199999999867
0.0 -10.840000000000003 655.6199999999867
0.0 -10.840000000000003 655.6199999999867
0.0 -10.840000000000003 655.6199999999867
0.0 -10.840000000000003 655.6199999999867
0.0 -10.840000000000003 655.6199999999867
0.0 -10.840000000000003 655.6199999999867
0.0 -10.840000000000003 655.6199999999867
0.0 -10.840000000000003 655.6199999999867
0.0 -10.820000000000004 655.6199999999867
0.0 -10.820000000000004 655.6199999999867
0.0 -10.820000000000004 655.6199999999867
0.0 -10.820000000000004 655.6199999999867
0.0 -10.820000000000004 655.6199999999867
0.0 -10.820000000000004 655.6199999999867
0.0 -10.820000000000004 655.6199999999867
0.0 -10.820000000000004 655.6199999999867
0.0 -10.820000000000004 655.6199999999867
0.0 -10.820000000000004 655.6199999999867
0.0 -10.800000000000004 655.6199999999867
0.0 -10.800000000000004 655.6199999999867
0.0 -10.800000000000004 655.6199999999867
0.0 -10.800000000000004 655.6199999999867
0.0 -10.800000000000004 655.6199999999867
0.0 -10.800000000000004 655.6199999999867
0.0 -10.800000000000004 655.6199999999867
0.0 -10.800000000000004 655.6199999999867
0.0 -10.780000000000005 655.6199999999867
0.0 -10.780000000000005 655.6199999999867
0.0 -10.760000000000005 655.6199999999867
0.0 -10.760000000000005 655.6199999999867
0.0 -10.740000000000006 655.6199999999867
0.0 -10.740000000000006 655.6199999999867
0.0 -10.760000000000005 655.6199999999867
0.0 -10.760000000000005 655.6199999999867
0.0 -10.760000000000005 655.6199999999867
0.0 -10.760000000000005 655.6199999999867
0.0 -10.740000000000006 655.6199999999867
0.0 -10.740000000000006 655.6199999999867
0.0 -10.760000000000005 655.6199999999867
0.0 -10.760000000000005 655.6199999999867
0.0 -10.740000000000006 655.6199999999867
0.0 -10.740000000000006 655.6199999999867
0.0 -10.740000000000006 655.6199999999867
0.0 -10.740000000000006 655.6199999999867
0.0 -10.720000000000006 655.6199999999867
0.0 -10.720000000000006 655.6199999999867
0.0 -10.720000000000006 655.6199999999867
0.0 -10.720000000000006 655.6199999999867
0.0 -10.700000000000006 655.6199999999867
0.0 -10.700000000000006 655.6199999999867
0.0 -10.720000000000006 655.6199999999867
0.0 -10.720000000000006 655.6199999999867
0.0 -10.720000000000006 655.6199999999867
0.0 -10.720000000000006 655.6199999999867
0.0 -10.740000000000006 655.6199999999867
0.0 -10.740000000000006 655.6199999999867
0.0 -10.740000000000006 655.6199999999867
0.0 -10.740000000000006 655.6199999999867
0.0 -10.720000000000006 655.6199999999867
0.0 -10.720000000000006 655.6199999999867
0.0 -10.720000000000006 655.6199999999867
0.0 -10.720000000000006 655.6199999999867
0.0 -10.740000000000006 655.6199999999867
0.0 -10.740000000000006 655.6199999999867
0.0 -10.740000000000006 655.6199999999867
0.0 -10.740000000000006 655.6199999999867
0.0 -10.720000000000006 655.6199999999867
0.0 -10.720000000000006 655.6199999999867
0.0 -10.720000000000006 655.6199999999867
0.0 -10.720000000000006 655.6199999999867
0.0 -10.720000000000006 655.6199999999867
0.0 -10.720000000000006 655.6199999999867
0.0 -10.700000000000006 655.6199999999867
0.0 -10.700000000000006 655.6199999999867
0.0 -10.700000000000006 655.6199999999867
0.0 -10.700000000000006 655.6199999999867
0.0 -10.700000000000006 655.6199999999867
0.0 -10.700000000000006 655.6199999999867
0.0 -10.720000000000006 655.6199999999867
0.0 -10.720000000000006 655.6199999999867
0.0 -10.700000000000006 655.6199999999867
0.0 -10.700000000000006 655.6199999999867
0.0 -10.720000000000006 655.6199999999867
0.0 -10.720000000000006 655.6199999999867
0.0 -10.720000000000006 655.6199999999867
0.0 -10.720000000000006 655.6199999999867
0.0 -10.740000000000006 655.6199999999867
0.0 -10.740000000000006 655.6199999999867
0.0 -10.740000000000006 655.6199999999867
0.0 -10.740000000000006 655.6199999999867
0.0 -10.720000000000006 655.6199999999867
0.0 -10.720000000000006 655.6199999999867
0.0 -10.700000000000006 655.6199999999867
0.0 -10.700000000000006 655.6199999999867
0.0 -10.700000000000006 655.6199999999867
0.0 -10.700000000000006 655.6199999999867
0.0 -10.720000000000006 655.6199999999867
0.0 -10.720000000000006 655.6199999999867
0.0 -10.700000000000006 655.6199999999867
0.0 -10.700000000000006 655.6199999999867
0.0 -10.680000000000007 655.6199999999867
0.0 -10.680000000000007 655.6199999999867
0.0 -10.680000000000007 655.6199999999867
0.0 -10.680000000000007 655.6199999999867
0.0 -10.660000000000007 655.6199999999867
0.0 -10.660000000000007 655.6199999999867
0.0 -10.660000000000007 655.6199999999867
0.0 -10.660000000000007 655.6199999999867
0.0 -10.660000000000007 655.6199999999867
0.0 -10.660000000000007 655.6199999999867
0.0 -10.660000000000007 655.6199999999867
0.0 -10.660000000000007 655.6199999999867
0.0 -10.660000000000007 655.6199999999867
0.0 -10.660000000000007 655.6199999999867
0.0 -10.680000000000007 655.6199999999867
0.0 -10.680000000000007 655.6199999999867
0.0 -10.660000000000007 655.6199999999867
0.0 -10.660000000000007 655.6199999999867
0.0 -10.660000000000007 655.6199999999867
0.0 -10.660000000000007 655.6199999999867
0.0 -10.660000000000007 655.6199999999867
0.0 -10.660000000000007 655.6199999999867
0.0 -10.680000000000007 655.6199999999867
0.0 -10.680000000000007 655.6199999999867
0.0 -10.700000000000006 655.6199999999867
0.0 -10.700000000000006 655.6199999999867
0.0 -10.720000000000006 655.6199999999867
0.0 -10.720000000000006 655.6199999999867
0.0 -10.720000000000006 655.6199999999867
0.0 -10.720000000000006 655.6199999999867
0.0 -10.700000000000006 655.6199999999867
0.0 -10.700000000000006 655.6199999999867
0.0 -10.720000000000006 655.6199999999867
0.0 -10.720000000000006 655.6199999999867
0.0 -10.680000000000007 655.6199999999867
0.0 -10.680000000000007 655.6199999999867
0.0 -10.660000000000007 655.6199999999867
0.0 -10.660000000000007 655.6199999999867
0.0 -10.640000000000008 655.6199999999867
0.0 -10.640000000000008 655.6199999999867
0.0 -10.620000000000008 655.6199999999867
0.0 -10.620000000000008 655.6199999999867
0.0 -10.620000000000008 655.6199999999867
0.0 -10.620000000000008 655.6199999999867
0.0 -10.620000000000008 655.6199999999867
0.0 -10.620000000000008 655.6199999999867
0.0 -10.640000000000008 655.6199999999867
0.0 -10.640000000000008 655.6199999999867
0.0 -10.640000000000008 655.6199999999867
0.0 -10.640000000000008 655.6199999999867
0.0 -10.640000000000008 655.6199999999867
0.0 -10.640000000000008 655.6199999999867
0.0 -10.620000000000008 655.6199999999867
0.0 -10.620000000000008 655.6199999999867
0.0 -10.600000000000009 655.6199999999867
0.0 -10.600000000000009 655.6199999999867
0.0 -10.580000000000009 655.6199999999867
0.0 -10.580000000000009 655.6199999999867
0.0 -10.580000000000009 655.6199999999867
0.0 -10.580000000000009 655.6199999999867
0.0 -10.580000000000009 655.6199999999867
0.0 -10.580000000000009 655.6199999999867
0.0 -10.56000000000001 655.6199999999867
0.0 -10.56000000000001 655.6199999999867
0.0 -10.580000000000009 655.6199999999867
0.0 -10.580000000000009 655.6199999999867
0.0 -10.580000000000009 655.6199999999867
0.0 -10.580000000000009 655.6199999999867
0.0 -10.56000000000001 655.6199999999867
0.0 -10.56000000000001 655.6199999999867
0.0 -10.56000000000001 655.6199999999867
0.0 -10.56000000000001 655.6199999999867
0.0 -10.54000000000001 655.6199999999867
0.0 -10.54000000000001 655.6199999999867
0.0 -10.56000000000001 655.6199999999867
0.0 -10.56000000000001 655.6199999999867
0.0 -10.54000000000001 655.6199999999867
0.0 -10.54000000000001 655.6199999999867
0.0 -10.54000000000001 655.6199999999867
0.0 -10.54000000000001 655.6199999999867
0.0 -10.280000000000015 655.6199999999867
0.0 -10.280000000000015 655.6199999999867
0.0 -10.240000000000016 655.6199999999867
0.0 -10.240000000000016 655.6199999999867
0.0 -10.240000000000016 655.6199999999867
0.0 -10.240000000000016 655.6199999999867
0.0 -10.220000000000017 655.6199999999867
0.0 -10.220000000000017 655.6199999999867
0.0 -10.200000000000017 655.6199999999867
0.0 -10.200000000000017 655.6199999999867
0.0 -10.200000000000017 655.6199999999867
0.0 -10.200000000000017 655.6199999999867
0.0 -10.200000000000017 655.6199999999867
0.0 -10.200000000000017 655.6199999999867
0.0 -10.160000000000018 655.6199999999867
0.0 -10.160000000000018 655.6199999999867
0.0 -10.180000000000017 655.6199999999867
0.0 -10.180000000000017 655.6199999999867
0.0 -10.180000000000017 655.6199999999867
0.0 -10.180000000000017 655.6199999999867
0.0 -10.180000000000017 655.6199999999867
0.0 -10.180000000000017 655.6199999999867
0.0 -10.180000000000017 655.6199999999867
0.0 -10.180000000000017 655.6199999999867
0.0 -10.180000000000017 655.6199999999867
0.0 -10.180000000000017 655.6199999999867
0.0 -10.160000000000018 655.6199999999867
0.0 -10.160000000000018 655.6199999999867
0.0 -10.160000000000018 655.6199999999867
0.0 -10.160000000000018 655.6199999999867
0.0 -10.160000000000018 655.6199999999867
0.0 -10.160000000000018 655.6199999999867
0.0 -10.160000000000018 655.6199999999867
0.0 -10.160000000000018 655.6199999999867
0.0 -10.160000000000018 655.6199999999867
0.0 -10.160000000000018 655.6199999999867
0.0 -10.200000000000017 655.6199999999867
0.0 -10.200000000000017 655.6199999999867
0.0 -10.160000000000018 655.6199999999867
0.0 -10.160000000000018 655.6199999999867
0.0 -10.180000000000017 655.6199999999867
0.0 -10.180000000000017 655.6199999999867
0.0 -10.140000000000018 655.6199999999867
0.0 -10.140000000000018 655.6199999999867
0.0 -10.140000000000018 655.6199999999867
0.0 -10.140000000000018 655.6199999999867
0.0 -10.10000000000002 655.6199999999867
0.0 -10.10000000000002 655.6199999999867
0.0 -10.10000000000002 655.6199999999867
0.0 -10.10000000000002 655.6199999999867
0.0 -10.10000000000002 655.6199999999867
0.0 -10.10000000000002 655.6199999999867
0.0 -10.120000000000019 655.6199999999867
0.0 -10.120000000000019 655.6199999999867
0.0 -10.160000000000018 655.6199999999867
0.0 -10.160000000000018 655.6199999999867
0.0 -10.160000000000018 655.6199999999867
0.0 -10.160000000000018 655.6199999999867
0.0 -10.160000000000018 655.6199999999867
0.0 -10.160000000000018 655.6199999999867
0.0 -10.160000000000018 655.6199999999867
0.0 -10.160000000000018 655.6199999999867
0.0 -10.160000000000018 655.6199999999867
0.0 -10.160000000000018 655.6199999999867
0.0 -10.160000000000018 655.6199999999867
0.0 -10.160000000000018 655.6199999999867
0.0 -10.180000000000017 655.6199999999867
0.0 -10.180000000000017 655.6199999999867
0.0 -10.200000000000017 655.6199999999867
0.0 -10.200000000000017 655.6199999999867
0.0 -10.180000000000017 655.6199999999867
0.0 -10.180000000000017 655.6199999999867
0.0 -10.180000000000017 655.6199999999867
0.0 -10.180000000000017 655.6199999999867
0.0 -10.160000000000018 655.6199999999867
0.0 -10.160000000000018 655.6199999999867
0.0 -10.120000000000019 655.6199999999867
0.0 -10.120000000000019 655.6199999999867
0.0 -10.10000000000002 655.6199999999867
0.0 -10.10000000000002 655.6199999999867
0.0 -10.06000000000002 655.6199999999867
0.0 -10.06000000000002 655.6199999999867
0.0 -10.04000000000002 655.6199999999867
0.0 -10.04000000000002 655.6199999999867
-8 4 655.6199999999867
-8 4 655.6199999999867
-5.01 2.9699999999999953 655.6199999999867
-5.01 2.9699999999999953 655.6199999999867
10 -8 655.6199999999867
10 -8 655.6199999999867
24 -6 655.6199999999867
24 -6 655.6199999999867
24 -10 655.6199999999867
24 -10 655.6199999999867
23 -9 655.6199999999867
23 -9 655.6199999999867
4 -6 655.6199999999867
4 -6 655.6199999999867
4 -10 655.6199999999867
4 -10 655.6199999999867
3 -9 655.6199999999867
3 -9 655.6199999999867
