28 7 0
28 27 0
28 14 0
28 14 0
25 9 0
25 29 0
24 8 0
24 28 0
29 6 0
29 26 0
29 3 0
29 23 0
26 6 0
26 26 0
24 5 0
24 25 0
20.67999999999989 19.999999999999844 0
20.67999999999989 19.999999999999844 0
21.169999999999874 21.00999999999999 0
20.049999999999798 19.869999999999823 0
20.049999999999798 19.869999999999823 0
20.009999999999796 19.929999999999833 0
20.009999999999796 19.929999999999833 0
21.05999999999993 19.999999999999844 0
21.05999999999993 19.999999999999844 0
13.189999999999975 11.010000000000021 0
19.999999999999876 21.479999999999844 0
19.999999999999876 21.479999999999844 0
1.009999999999933 1.1899999999998445 0
19.779999999999497 3.9800000000000004 0
12.97 16.009999999999845 0
16.99 8.730000000000027 0
19.94999999999968 6.99 0
16.990000000000133 13.99 0
3.039999999999999 3.0000000000000213 0
11.989999999999936 5.99 0
8.04 7.979999999999979 0
18.939999999999618 18.299999999999578 0
15.0 3.0199999999999796 0
9.999999999999979 2.9800000000000004 0
6.940000000000023 1.04 0
16.00999999999998 18.00999999999969 0
5.98 5.780000000000005 0
10.01 11.99 0
8 27 0
5 29 0
-10 12 0
-10 12 0
4 28 0
9 26 0
-8 12 0
-8 12 0
9 23 0
6 26 0
4 25 0
1.8799999999999957 20.879999999999978 0
1.8599999999999939 20.859999999999975 0
1.8399999999999908 20.83999999999997 0
-5.970000000000001 14.99 0
-5.970000000000001 14.99 0
1.7799999999999845 20.779999999999962 0
1.7599999999999818 20.75999999999996 0
1.7199999999999787 20.719999999999953 0
1.609999999999976 20.609999999999935 0
1.579999999999973 20.57999999999993 0
1.5499999999999703 20.549999999999926 0
1.5299999999999672 20.529999999999923 0
1.459999999999964 20.459999999999912 0
1.3899999999999606 20.3899999999999 0
1.33999999999996 20.339999999999893 0
1.2499999999999576 20.24999999999988 0
1.2099999999999527 20.209999999999873 0
1.1799999999999495 20.17999999999987 0
1.1499999999999468 20.149999999999864 0
1.1099999999999421 20.10999999999986 0
-4.430000000000012 14.03 0
-4.430000000000012 14.03 0
1.1699999999998738 21.00999999999999 0
0.9999999999999332 19.61999999999979 0
1.4199999999999413 19.739999999999803 0
-1.2434497875801753e-13 1.4799999999998448 0
-1.2434497875801753e-13 1.4799999999998448 0
2.989999999999979 16.90999999999936 0
-0.02000000000021629 19.959999999999837 0
-0.02000000000021629 19.959999999999837 0
6.810000000000025 18.929999999999676 0
0.9900000000001128 11.969999999999958 0
5.029999999999999 9.96999999999998 0
0.8999999999999397 17.119999999999393 0
1.9800000000000426 8.0 0
3.490000000000011 4.99 0
9.03 17.28999999999989 0
5.990000000000043 13.99 0
8 -6 0
8 -6 0
-5 -20 0
-5 -20 0
10 -8 0
10 -8 0
12 -8 0
12 -8 0
0.10999999999980362 -0.19000000000018602 0
0.10999999999980362 -0.19000000000018602 0
0.049999999999797776 -0.13000000000017664 0
0.049999999999797776 -0.13000000000017664 0
0.009999999999793943 -0.13000000000017664 0
0.009999999999793943 -0.13000000000017664 0
0.009999999999793943 -0.11000000000017351 0
0.009999999999793943 -0.11000000000017351 0
0.009999999999793943 -0.07000000000016726 0
0.009999999999793943 -0.07000000000016726 0
-1.2434497875801753e-13 -18.520000000000156 0
-1.2434497875801753e-13 -18.520000000000156 0
-0.02000000000021629 -0.04000000000016257 0
-0.02000000000021629 -0.04000000000016257 0
28 -6 0
28 -6 0
21.84999999999999 0.8499999999999746 0
21.829999999999988 0.8299999999999714 0
21.809999999999985 0.8099999999999683 0
14.03 -5.01 0
14.03 -5.01 0
21.709999999999976 0.7099999999999527 0
21.55999999999997 0.5599999999999292 0
21.519999999999964 0.519999999999923 0
21.37999999999996 0.3799999999999011 0
21.32999999999996 0.32999999999989327 0
21.219999999999953 0.21999999999987607 0
21.129999999999942 0.12999999999986356 0
21.069999999999936 0.0699999999998609 0
0.9199999999999267 -1.5631940186722204e-13 0
0.9199999999999267 -1.5631940186722204e-13 0
20.889999999999922 0.00999999999984368 0
0.8399999999999161 -1.5631940186722204e-13 0
0.8399999999999161 -1.5631940186722204e-13 0
20.80999999999991 0.00999999999984368 0
0.7799999999999099 0.01999999999984368 0
0.6799999999998911 -0.04000000000016257 0
0.6799999999998911 -0.04000000000016257 0
0.659999999999888 -0.020000000000159446 0
0.659999999999888 -0.020000000000159446 0
0.6199999999998818 -1.5631940186722204e-13 0
0.6199999999998818 -1.5631940186722204e-13 0
15.569999999999988 -5.970000000000001 0
15.569999999999988 -5.970000000000001 0
0.6799999999998896 -1.5631940186722204e-13 0
20.67999999999989 -1.5631940186722204e-13 0
0.6799999999998896 -1.5631940186722204e-13 0
20.67999999999989 -1.5631940186722204e-13 0
21.169999999999874 1.0099999999999891 0
20.049999999999798 -0.13000000000017664 0
20.049999999999798 -0.13000000000017664 0
20.009999999999796 -0.07000000000016726 0
20.009999999999796 -0.07000000000016726 0
1.0599999999999317 -1.5631940186722204e-13 0
21.05999999999993 -1.5631940186722204e-13 0
1.0599999999999317 -1.5631940186722204e-13 0
21.05999999999993 -1.5631940186722204e-13 0
3.149999999999913 0.02999999999984368 0
19.979999999999784 -0.04000000000016257 0
19.979999999999784 -0.04000000000016257 0
18.29999999999952 0.9399999999998443 0
9.759999999999984 3.11075817882589e-13 0
13.02 1.1212385186976093e-13 0
-5 0 0
-5 0 0
-10 -8 0
-10 -8 0
-8 -8 0
-8 -8 0
-5.970000000000001 -5.01 0
-5.970000000000001 -5.01 0
-4.430000000000012 -5.970000000000001 0
-4.430000000000012 -5.970000000000001 0
