0 29 653.7200000000028
20 29 653.7200000000028
13 29 653.7200000000028
13 29 653.7200000000028
26 0 653.7200000000028
26 20 653.7200000000028
24 14 653.7200000000028
24 14 653.7200000000028
24 4 653.7200000000028
4 24 653.7200000000028
24 24 653.7200000000028
12 24 653.7200000000028
12 24 653.7200000000028
28 0 653.7200000000028
28 20 653.7200000000028
24 10 653.7200000000028
24 10 653.7200000000028
29 3 653.7200000000028
9 23 653.7200000000028
29 23 653.7200000000028
23 11 653.7200000000028
23 11 653.7200000000028
20.0 29.0 653.7200000000028
20.0 29.0 653.7200000000028
26.0 20.0 653.7200000000028
26.0 0.0 653.7200000000028
26.0 20.0 653.7200000000028
26.0 0.0 653.7200000000028
20.0 29.0 653.7200000000028
20.0 29.0 653.7200000000028
25.98 20.0 653.7200000000028
25.98 0.0 653.7200000000028
25.98 20.0 653.7200000000028
25.98 0.0 653.7200000000028
25.98 20.0 653.7200000000028
25.98 0.0 653.7200000000028
25.98 20.0 653.7200000000028
25.98 0.0 653.7200000000028
25.94 20.0 653.7200000000028
25.94 0.0 653.7200000000028
25.94 20.0 653.7200000000028
25.94 0.0 653.7200000000028
20.0 29.0 653.7200000000028
20.0 29.0 653.7200000000028
20.0 29.0 653.7200000000028
20.0 29.0 653.7200000000028
27.98 20.0 653.7200000000028
27.98 0.0 653.7200000000028
27.98 20.0 653.7200000000028
27.98 0.0 653.7200000000028
20.0 29.0 653.7200000000028
20.0 29.0 653.7200000000028
20.0 29.0 653.7200000000028
20.0 29.0 653.7200000000028
28.02 20.0 653.7200000000028
28.02 0.0 653.7200000000028
28.02 20.0 653.7200000000028
28.02 0.0 653.7200000000028
25.900000000000002 20.0 653.7200000000028
25.900000000000002 0.0 653.7200000000028
25.900000000000002 20.0 653.7200000000028
25.900000000000002 0.0 653.7200000000028
25.900000000000002 20.0 653.7200000000028
25.900000000000002 0.0 653.7200000000028
25.900000000000002 20.0 653.7200000000028
25.900000000000002 0.0 653.7200000000028
25.900000000000002 20.0 653.7200000000028
25.900000000000002 0.0 653.7200000000028
25.900000000000002 20.0 653.7200000000028
25.900000000000002 0.0 653.7200000000028
25.880000000000003 20.0 653.7200000000028
25.880000000000003 0.0 653.7200000000028
25.880000000000003 20.0 653.7200000000028
25.880000000000003 0.0 653.7200000000028
20.0 29.0 653.7200000000028
20.0 29.0 653.7200000000028
25.880000000000003 20.0 653.7200000000028
25.880000000000003 0.0 653.7200000000028
25.880000000000003 20.0 653.7200000000028
25.880000000000003 0.0 653.7200000000028
28.0 20.0 653.7200000000028
28.0 0.0 653.7200000000028
28.0 20.0 653.7200000000028
28.0 0.0 653.7200000000028
25.860000000000003 20.0 653.7200000000028
25.860000000000003 0.0 653.7200000000028
25.860000000000003 20.0 653.7200000000028
25.860000000000003 0.0 653.7200000000028
25.840000000000003 20.0 653.7200000000028
25.840000000000003 0.0 653.7200000000028
25.840000000000003 20.0 653.7200000000028
25.840000000000003 0.0 653.7200000000028
28.0 20.0 653.7200000000028
28.0 0.0 653.7200000000028
28.0 20.0 653.7200000000028
28.0 0.0 653.7200000000028
25.820000000000004 20.0 653.7200000000028
25.820000000000004 0.0 653.7200000000028
25.820000000000004 20.0 653.7200000000028
25.820000000000004 0.0 653.7200000000028
25.820000000000004 20.0 653.7200000000028
25.820000000000004 0.0 653.7200000000028
25.820000000000004 20.0 653.7200000000028
25.820000000000004 0.0 653.7200000000028
20.0 28.98 653.7200000000028
20.0 28.98 653.7200000000028
25.800000000000004 20.0 653.7200000000028
25.800000000000004 0.0 653.7200000000028
25.800000000000004 20.0 653.7200000000028
25.800000000000004 0.0 653.7200000000028
25.780000000000005 20.0 653.7200000000028
25.780000000000005 0.0 653.7200000000028
25.780000000000005 20.0 653.7200000000028
25.780000000000005 0.0 653.7200000000028
25.780000000000005 20.0 653.7200000000028
25.780000000000005 0.0 653.7200000000028
25.780000000000005 20.0 653.7200000000028
25.780000000000005 0.0 653.7200000000028
28.0 20.0 653.7200000000028
28.0 0.0 653.7200000000028
28.0 20.0 653.7200000000028
28.0 0.0 653.7200000000028
25.780000000000005 20.0 653.7200000000028
25.780000000000005 0.0 653.7200000000028
25.780000000000005 20.0 653.7200000000028
25.780000000000005 0.0 653.7200000000028
20.0 29.0 653.7200000000028
20.0 29.0 653.7200000000028
25.780000000000005 20.0 653.7200000000028
25.780000000000005 0.0 653.7200000000028
25.780000000000005 20.0 653.7200000000028
25.780000000000005 0.0 653.7200000000028
28.0 20.0 653.7200000000028
28.0 0.0 653.7200000000028
28.0 20.0 653.7200000000028
28.0 0.0 653.7200000000028
20.0 29.02 653.7200000000028
20.0 29.02 653.7200000000028
27.98 20.0 653.7200000000028
27.98 0.0 653.7200000000028
27.98 20.0 653.7200000000028
27.98 0.0 653.7200000000028
27.98 20.0 653.7200000000028
27.98 0.0 653.7200000000028
27.98 20.0 653.7200000000028
27.98 0.0 653.7200000000028
28.0 20.0 653.7200000000028
28.0 0.0 653.7200000000028
28.0 20.0 653.7200000000028
28.0 0.0 653.7200000000028
25.740000000000006 20.0 653.7200000000028
25.740000000000006 0.0 653.7200000000028
25.740000000000006 20.0 653.7200000000028
25.740000000000006 0.0 653.7200000000028
25.720000000000006 20.0 653.7200000000028
25.720000000000006 0.0 653.7200000000028
25.720000000000006 20.0 653.7200000000028
25.720000000000006 0.0 653.7200000000028
27.98 20.0 653.7200000000028
27.98 0.0 653.7200000000028
27.98 20.0 653.7200000000028
27.98 0.0 653.7200000000028
25.700000000000006 20.0 653.7200000000028
25.700000000000006 0.0 653.7200000000028
25.700000000000006 20.0 653.7200000000028
25.700000000000006 0.0 653.7200000000028
28.0 20.0 653.7200000000028
28.0 0.0 653.7200000000028
28.0 20.0 653.7200000000028
28.0 0.0 653.7200000000028
25.700000000000006 20.0 653.7200000000028
25.700000000000006 0.0 653.7200000000028
25.700000000000006 20.0 653.7200000000028
25.700000000000006 0.0 653.7200000000028
20.0 29.04 653.7200000000028
20.0 29.04 653.7200000000028
20.0 29.04 653.7200000000028
20.0 29.04 653.7200000000028
20.0 29.04 653.7200000000028
20.0 29.04 653.7200000000028
25.54000000000001 20.0 653.7200000000028
25.54000000000001 0.0 653.7200000000028
25.54000000000001 20.0 653.7200000000028
25.54000000000001 0.0 653.7200000000028
20.0 29.04 653.7200000000028
20.0 29.04 653.7200000000028
25.52000000000001 20.0 653.7200000000028
25.52000000000001 0.0 653.7200000000028
25.52000000000001 20.0 653.7200000000028
25.52000000000001 0.0 653.7200000000028
25.50000000000001 20.0 653.7200000000028
25.50000000000001 0.0 653.7200000000028
25.50000000000001 20.0 653.7200000000028
25.50000000000001 0.0 653.7200000000028
20.0 29.02 653.7200000000028
20.0 29.02 653.7200000000028
25.48000000000001 20.0 653.7200000000028
25.48000000000001 0.0 653.7200000000028
25.48000000000001 20.0 653.7200000000028
25.48000000000001 0.0 653.7200000000028
28.0 20.0 653.7200000000028
28.0 0.0 653.7200000000028
28.0 20.0 653.7200000000028
28.0 0.0 653.7200000000028
28.0 20.0 653.7200000000028
28.0 0.0 653.7200000000028
28.0 20.0 653.7200000000028
28.0 0.0 653.7200000000028
25.46000000000001 20.0 653.7200000000028
25.46000000000001 0.0 653.7200000000028
25.46000000000001 20.0 653.7200000000028
25.46000000000001 0.0 653.7200000000028
20.0 29.0 653.7200000000028
20.0 29.0 653.7200000000028
25.420000000000012 20.0 653.7200000000028
25.420000000000012 0.0 653.7200000000028
25.420000000000012 20.0 653.7200000000028
25.420000000000012 0.0 653.7200000000028
25.380000000000013 20.0 653.7200000000028
25.380000000000013 0.0 653.7200000000028
25.380000000000013 20.0 653.7200000000028
25.380000000000013 0.0 653.7200000000028
25.360000000000014 20.0 653.7200000000028
25.360000000000014 0.0 653.7200000000028
25.360000000000014 20.0 653.7200000000028
25.360000000000014 0.0 653.7200000000028
20.0 29.0 653.7200000000028
20.0 29.0 653.7200000000028
25.360000000000014 20.0 653.7200000000028
25.360000000000014 0.0 653.7200000000028
25.360000000000014 20.0 653.7200000000028
25.360000000000014 0.0 653.7200000000028
20.0 29.0 653.7200000000028
20.0 29.0 653.7200000000028
25.300000000000015 20.0 653.7200000000028
25.300000000000015 0.0 653.7200000000028
25.300000000000015 20.0 653.7200000000028
25.300000000000015 0.0 653.7200000000028
20.0 29.0 653.7200000000028
20.0 29.0 653.7200000000028
28.0 20.0 653.7200000000028
28.0 0.0 653.7200000000028
28.0 20.0 653.7200000000028
28.0 0.0 653.7200000000028
25.280000000000015 20.0 653.7200000000028
25.280000000000015 0.0 653.7200000000028
25.280000000000015 20.0 653.7200000000028
25.280000000000015 0.0 653.7200000000028
25.240000000000016 20.0 653.7200000000028
25.240000000000016 0.0 653.7200000000028
25.240000000000016 20.0 653.7200000000028
25.240000000000016 0.0 653.7200000000028
20.0 29.0 653.7200000000028
20.0 29.0 653.7200000000028
25.220000000000017 20.0 653.7200000000028
25.220000000000017 0.0 653.7200000000028
25.220000000000017 20.0 653.7200000000028
25.220000000000017 0.0 653.7200000000028
20.0 29.0 653.7200000000028
20.0 29.0 653.7200000000028
28.0 20.0 653.7200000000028
28.0 0.0 653.7200000000028
28.0 20.0 653.7200000000028
28.0 0.0 653.7200000000028
28.0 20.0 653.7200000000028
28.0 0.0 653.7200000000028
28.0 20.0 653.7200000000028
28.0 0.0 653.7200000000028
25.160000000000018 20.0 653.7200000000028
25.160000000000018 0.0 653.7200000000028
25.160000000000018 20.0 653.7200000000028
25.160000000000018 0.0 653.7200000000028
25.14000000000002 20.0 653.7200000000028
25.14000000000002 0.0 653.7200000000028
25.14000000000002 20.0 653.7200000000028
25.14000000000002 0.0 653.7200000000028
27.98 20.0 653.7200000000028
27.98 0.0 653.7200000000028
27.98 20.0 653.7200000000028
27.98 0.0 653.7200000000028
25.14000000000002 20.0 653.7200000000028
25.14000000000002 0.0 653.7200000000028
25.14000000000002 20.0 653.7200000000028
25.14000000000002 0.0 653.7200000000028
25.12000000000002 20.0 653.7200000000028
25.12000000000002 0.0 653.7200000000028
25.12000000000002 20.0 653.7200000000028
25.12000000000002 0.0 653.7200000000028
25.12000000000002 20.0 653.7200000000028
25.12000000000002 0.0 653.7200000000028
25.12000000000002 20.0 653.7200000000028
25.12000000000002 0.0 653.7200000000028
20.0 29.099999999999998 653.7200000000028
20.0 29.099999999999998 653.7200000000028
20.0 29.119999999999997 653.7200000000028
20.0 29.119999999999997 653.7200000000028
20.0 29.139999999999997 653.7200000000028
20.0 29.139999999999997 653.7200000000028
24.98000000000002 20.0 653.7200000000028
24.98000000000002 0.0 653.7200000000028
24.98000000000002 20.0 653.7200000000028
24.98000000000002 0.0 653.7200000000028
20.0 29.159999999999997 653.7200000000028
20.0 29.159999999999997 653.7200000000028
20.0 29.159999999999997 653.7200000000028
20.0 29.159999999999997 653.7200000000028
25.02000000000002 20.0 653.7200000000028
25.02000000000002 0.0 653.7200000000028
25.02000000000002 20.0 653.7200000000028
25.02000000000002 0.0 653.7200000000028
25.02000000000002 20.0 653.7200000000028
25.02000000000002 0.0 653.7200000000028
25.02000000000002 20.0 653.7200000000028
25.02000000000002 0.0 653.7200000000028
25.00000000000002 20.0 653.7200000000028
25.00000000000002 0.0 653.7200000000028
25.00000000000002 20.0 653.7200000000028
25.00000000000002 0.0 653.7200000000028
25.00000000000002 20.0 653.7200000000028
25.00000000000002 0.0 653.7200000000028
25.00000000000002 20.0 653.7200000000028
25.00000000000002 0.0 653.7200000000028
24.98000000000002 20.0 653.7200000000028
24.98000000000002 0.0 653.7200000000028
24.98000000000002 20.0 653.7200000000028
24.98000000000002 0.0 653.7200000000028
24.960000000000022 20.0 653.7200000000028
24.960000000000022 0.0 653.7200000000028
24.960000000000022 20.0 653.7200000000028
24.960000000000022 0.0 653.7200000000028
24.940000000000023 20.0 653.7200000000028
24.940000000000023 0.0 653.7200000000028
24.940000000000023 20.0 653.7200000000028
24.940000000000023 0.0 653.7200000000028
24.920000000000023 20.0 653.7200000000028
24.920000000000023 0.0 653.7200000000028
24.920000000000023 20.0 653.7200000000028
24.920000000000023 0.0 653.7200000000028
20.0 29.179999999999996 653.7200000000028
20.0 29.179999999999996 653.7200000000028
20.0 29.179999999999996 653.7200000000028
20.0 29.179999999999996 653.7200000000028
20.0 29.179999999999996 653.7200000000028
20.0 29.179999999999996 653.7200000000028
20.0 29.159999999999997 653.7200000000028
20.0 29.159999999999997 653.7200000000028
20.0 29.179999999999996 653.7200000000028
20.0 29.179999999999996 653.7200000000028
20.0 29.179999999999996 653.7200000000028
20.0 29.179999999999996 653.7200000000028
20.0 29.159999999999997 653.7200000000028
20.0 29.159999999999997 653.7200000000028
20.0 29.159999999999997 653.7200000000028
20.0 29.159999999999997 653.7200000000028
14.99 22.969999999999995 653.7200000000028
14.99 22.969999999999995 653.7200000000028
20.0 29.159999999999997 653.7200000000028
20.0 29.159999999999997 653.7200000000028
20.0 29.159999999999997 653.7200000000028
20.0 29.159999999999997 653.7200000000028
20.0 29.139999999999997 653.7200000000028
20.0 29.139999999999997 653.7200000000028
20.0 29.139999999999997 653.7200000000028
20.0 29.139999999999997 653.7200000000028
20.0 29.159999999999997 653.7200000000028
20.0 29.159999999999997 653.7200000000028
20.0 29.179999999999996 653.7200000000028
20.0 29.179999999999996 653.7200000000028
20.0 29.179999999999996 653.7200000000028
20.0 29.179999999999996 653.7200000000028
28.0 20.0 653.7200000000028
28.0 0.0 653.7200000000028
28.0 20.0 653.7200000000028
28.0 0.0 653.7200000000028
27.98 20.0 653.7200000000028
27.98 0.0 653.7200000000028
27.98 20.0 653.7200000000028
27.98 0.0 653.7200000000028
20.0 29.179999999999996 653.7200000000028
20.0 29.179999999999996 653.7200000000028
28.0 20.0 653.7200000000028
28.0 0.0 653.7200000000028
28.0 20.0 653.7200000000028
28.0 0.0 653.7200000000028
20.0 29.159999999999997 653.7200000000028
20.0 29.159999999999997 653.7200000000028
20.0 29.159999999999997 653.7200000000028
20.0 29.159999999999997 653.7200000000028
28.0 20.0 653.7200000000028
28.0 0.0 653.7200000000028
28.0 20.0 653.7200000000028
28.0 0.0 653.7200000000028
20.0 29.139999999999997 653.7200000000028
20.0 29.139999999999997 653.7200000000028
20.0 29.139999999999997 653.7200000000028
20.0 29.139999999999997 653.7200000000028
28.0 20.0 653.7200000000028
28.0 0.0 653.7200000000028
28.0 20.0 653.7200000000028
28.0 0.0 653.7200000000028
20.0 29.159999999999997 653.7200000000028
20.0 29.159999999999997 653.7200000000028
20.0 29.139999999999997 653.7200000000028
20.0 29.139999999999997 653.7200000000028
20.0 29.139999999999997 653.7200000000028
20.0 29.139999999999997 653.7200000000028
20.0 29.119999999999997 653.7200000000028
20.0 29.119999999999997 653.7200000000028
28.0 20.0 653.7200000000028
28.0 0.0 653.7200000000028
28.0 20.0 653.7200000000028
28.0 0.0 653.7200000000028
20.0 29.139999999999997 653.7200000000028
20.0 29.139999999999997 653.7200000000028
20.0 29.139999999999997 653.7200000000028
20.0 29.139999999999997 653.7200000000028
20.0 29.119999999999997 653.7200000000028
20.0 29.119999999999997 653.7200000000028
20.0 29.099999999999998 653.7200000000028
20.0 29.099999999999998 653.7200000000028
28.0 20.0 653.7200000000028
28.0 0.0 653.7200000000028
28.0 20.0 653.7200000000028
28.0 0.0 653.7200000000028
20.0 29.08 653.7200000000028
20.0 29.08 653.7200000000028
28.0 20.0 653.7200000000028
28.0 0.0 653.7200000000028
28.0 20.0 653.7200000000028
28.0 0.0 653.7200000000028
28.0 20.0 653.7200000000028
28.0 0.0 653.7200000000028
28.0 20.0 653.7200000000028
28.0 0.0 653.7200000000028
20.0 29.06 653.7200000000028
20.0 29.06 653.7200000000028
20.0 29.06 653.7200000000028
20.0 29.06 653.7200000000028
28.0 20.0 653.7200000000028
28.0 0.0 653.7200000000028
28.0 20.0 653.7200000000028
28.0 0.0 653.7200000000028
20.0 29.06 653.7200000000028
20.0 29.06 653.7200000000028
28.0 20.0 653.7200000000028
28.0 0.0 653.7200000000028
28.0 20.0 653.7200000000028
28.0 0.0 653.7200000000028
20.0 29.08 653.7200000000028
20.0 29.08 653.7200000000028
20.0 29.08 653.7200000000028
20.0 29.08 653.7200000000028
20.0 29.08 653.7200000000028
20.0 29.08 653.7200000000028
25.00000000000002 20.0 653.7200000000028
25.00000000000002 0.0 653.7200000000028
25.00000000000002 20.0 653.7200000000028
25.00000000000002 0.0 653.7200000000028
20.0 29.099999999999998 653.7200000000028
20.0 29.099999999999998 653.7200000000028
20.0 29.119999999999997 653.7200000000028
20.0 29.119999999999997 653.7200000000028
20.0 29.119999999999997 653.7200000000028
20.0 29.119999999999997 653.7200000000028
20.0 29.119999999999997 653.7200000000028
20.0 29.119999999999997 653.7200000000028
27.98 20.0 653.7200000000028
27.98 0.0 653.7200000000028
27.98 20.0 653.7200000000028
27.98 0.0 653.7200000000028
25.00000000000002 20.0 653.7200000000028
25.00000000000002 0.0 653.7200000000028
25.00000000000002 20.0 653.7200000000028
25.00000000000002 0.0 653.7200000000028
25.00000000000002 20.0 653.7200000000028
25.00000000000002 0.0 653.7200000000028
25.00000000000002 20.0 653.7200000000028
25.00000000000002 0.0 653.7200000000028
25.00000000000002 20.0 653.7200000000028
25.00000000000002 0.0 653.7200000000028
25.00000000000002 20.0 653.7200000000028
25.00000000000002 0.0 653.7200000000028
20.0 29.139999999999997 653.7200000000028
20.0 29.139999999999997 653.7200000000028
20.0 29.139999999999997 653.7200000000028
20.0 29.139999999999997 653.7200000000028
28.02 20.0 653.7200000000028
28.02 0.0 653.7200000000028
28.02 20.0 653.7200000000028
28.02 0.0 653.7200000000028
20.0 29.159999999999997 653.7200000000028
20.0 29.159999999999997 653.7200000000028
25.00000000000002 20.0 653.7200000000028
25.00000000000002 0.0 653.7200000000028
25.00000000000002 20.0 653.7200000000028
25.00000000000002 0.0 653.7200000000028
24.98000000000002 20.0 653.7200000000028
24.98000000000002 0.0 653.7200000000028
24.98000000000002 20.0 653.7200000000028
24.98000000000002 0.0 653.7200000000028
25.00000000000002 20.0 653.7200000000028
25.00000000000002 0.0 653.7200000000028
25.00000000000002 20.0 653.7200000000028
25.00000000000002 0.0 653.7200000000028
20.0 29.159999999999997 653.7200000000028
20.0 29.159999999999997 653.7200000000028
28.0 20.0 653.7200000000028
28.0 0.0 653.7200000000028
28.0 20.0 653.7200000000028
28.0 0.0 653.7200000000028
20.0 29.179999999999996 653.7200000000028
20.0 29.179999999999996 653.7200000000028
20.0 29.179999999999996 653.7200000000028
20.0 29.179999999999996 653.7200000000028
24.98000000000002 20.0 653.7200000000028
24.98000000000002 0.0 653.7200000000028
24.98000000000002 20.0 653.7200000000028
24.98000000000002 0.0 653.7200000000028
20.0 29.159999999999997 653.7200000000028
20.0 29.159999999999997 653.7200000000028
20.0 29.139999999999997 653.7200000000028
20.0 29.139999999999997 653.7200000000028
28.0 20.0 653.7200000000028
28.0 0.0 653.7200000000028
28.0 20.0 653.7200000000028
28.0 0.0 653.7200000000028
25.00000000000002 20.0 653.7200000000028
25.00000000000002 0.0 653.7200000000028
25.00000000000002 20.0 653.7200000000028
25.00000000000002 0.0 653.7200000000028
20.0 29.179999999999996 653.7200000000028
20.0 29.179999999999996 653.7200000000028
28.0 20.0 653.7200000000028
28.0 0.0 653.7200000000028
28.0 20.0 653.7200000000028
28.0 0.0 653.7200000000028
28.0 20.0 653.7200000000028
28.0 0.0 653.7200000000028
28.0 20.0 653.7200000000028
28.0 0.0 653.7200000000028
20.0 29.179999999999996 653.7200000000028
20.0 29.179999999999996 653.7200000000028
28.0 20.0 653.7200000000028
28.0 0.0 653.7200000000028
28.0 20.0 653.7200000000028
28.0 0.0 653.7200000000028
20.0 29.159999999999997 653.7200000000028
20.0 29.159999999999997 653.7200000000028
20.0 29.159999999999997 653.7200000000028
20.0 29.159999999999997 653.7200000000028
20.0 29.159999999999997 653.7200000000028
20.0 29.159999999999997 653.7200000000028
27.98 20.0 653.7200000000028
27.98 0.0 653.7200000000028
27.98 20.0 653.7200000000028
27.98 0.0 653.7200000000028
20.0 29.159999999999997 653.7200000000028
20.0 29.159999999999997 653.7200000000028
20.0 29.159999999999997 653.7200000000028
20.0 29.159999999999997 653.7200000000028
28.0 20.0 653.7200000000028
28.0 0.0 653.7200000000028
28.0 20.0 653.7200000000028
28.0 0.0 653.7200000000028
20.0 29.179999999999996 653.7200000000028
20.0 29.179999999999996 653.7200000000028
20.0 29.179999999999996 653.7200000000028
20.0 29.179999999999996 653.7200000000028
20.0 29.179999999999996 653.7200000000028
20.0 29.179999999999996 653.7200000000028
20.0 29.179999999999996 653.7200000000028
20.0 29.179999999999996 653.7200000000028
24.960000000000022 20.0 653.7200000000028
24.960000000000022 0.0 653.7200000000028
24.960000000000022 20.0 653.7200000000028
24.960000000000022 0.0 653.7200000000028
24.960000000000022 20.0 653.7200000000028
24.960000000000022 0.0 653.7200000000028
24.960000000000022 20.0 653.7200000000028
24.960000000000022 0.0 653.7200000000028
24.940000000000023 20.0 653.7200000000028
24.940000000000023 0.0 653.7200000000028
24.940000000000023 20.0 653.7200000000028
24.940000000000023 0.0 653.7200000000028
28.0 20.0 653.7200000000028
28.0 0.0 653.7200000000028
28.0 20.0 653.7200000000028
28.0 0.0 653.7200000000028
20.0 29.179999999999996 653.7200000000028
20.0 29.179999999999996 653.7200000000028
24.960000000000022 20.0 653.7200000000028
24.960000000000022 0.0 653.7200000000028
24.960000000000022 20.0 653.7200000000028
24.960000000000022 0.0 653.7200000000028
20.0 29.199999999999996 653.7200000000028
20.0 29.199999999999996 653.7200000000028
28.0 20.0 653.7200000000028
28.0 0.0 653.7200000000028
28.0 20.0 653.7200000000028
28.0 0.0 653.7200000000028
20.0 29.199999999999996 653.7200000000028
20.0 29.199999999999996 653.7200000000028
28.0 20.0 653.7200000000028
28.0 0.0 653.7200000000028
28.0 20.0 653.7200000000028
28.0 0.0 653.7200000000028
20.0 29.199999999999996 653.7200000000028
20.0 29.199999999999996 653.7200000000028
20.0 29.199999999999996 653.7200000000028
20.0 29.199999999999996 653.7200000000028
24.960000000000022 20.0 653.7200000000028
24.960000000000022 0.0 653.7200000000028
24.960000000000022 20.0 653.7200000000028
24.960000000000022 0.0 653.7200000000028
20.0 29.219999999999995 653.7200000000028
20.0 29.219999999999995 653.7200000000028
27.98 20.0 653.7200000000028
27.98 0.0 653.7200000000028
27.98 20.0 653.7200000000028
27.98 0.0 653.7200000000028
24.98000000000002 20.0 653.7200000000028
24.98000000000002 0.0 653.7200000000028
24.98000000000002 20.0 653.7200000000028
24.98000000000002 0.0 653.7200000000028
20.0 29.239999999999995 653.7200000000028
20.0 29.239999999999995 653.7200000000028
20.0 29.259999999999994 653.7200000000028
20.0 29.259999999999994 653.7200000000028
20.0 29.239999999999995 653.7200000000028
20.0 29.239999999999995 653.7200000000028
20.0 29.239999999999995 653.7200000000028
20.0 29.239999999999995 653.7200000000028
28.0 20.0 653.7200000000028
28.0 0.0 653.7200000000028
28.0 20.0 653.7200000000028
28.0 0.0 653.7200000000028
28.0 20.0 653.7200000000028
28.0 0.0 653.7200000000028
28.0 20.0 653.7200000000028
28.0 0.0 653.7200000000028
28.02 20.0 653.7200000000028
28.02 0.0 653.7200000000028
28.02 20.0 653.7200000000028
28.02 0.0 653.7200000000028
20.0 29.259999999999994 653.7200000000028
20.0 29.259999999999994 653.7200000000028
28.0 20.0 653.7200000000028
28.0 0.0 653.7200000000028
28.0 20.0 653.7200000000028
28.0 0.0 653.7200000000028
28.0 20.0 653.7200000000028
28.0 0.0 653.7200000000028
28.0 20.0 653.7200000000028
28.0 0.0 653.7200000000028
20.0 29.239999999999995 653.7200000000028
20.0 29.239999999999995 653.7200000000028
28.0 20.0 653.7200000000028
28.0 0.0 653.7200000000028
28.0 20.0 653.7200000000028
28.0 0.0 653.7200000000028
20.0 29.259999999999994 653.7200000000028
20.0 29.259999999999994 653.7200000000028
20.0 29.259999999999994 653.7200000000028
20.0 29.259999999999994 653.7200000000028
27.98 20.0 653.7200000000028
27.98 0.0 653.7200000000028
27.98 20.0 653.7200000000028
27.98 0.0 653.7200000000028
28.0 20.0 653.7200000000028
28.0 0.0 653.7200000000028
28.0 20.0 653.7200000000028
28.0 0.0 653.7200000000028
20.0 29.279999999999994 653.7200000000028
20.0 29.279999999999994 653.7200000000028
28.0 20.0 653.7200000000028
28.0 0.0 653.7200000000028
28.0 20.0 653.7200000000028
28.0 0.0 653.7200000000028
20.0 29.279999999999994 653.7200000000028
20.0 29.279999999999994 653.7200000000028
28.0 20.0 653.7200000000028
28.0 0.0 653.7200000000028
28.0 20.0 653.7200000000028
28.0 0.0 653.7200000000028
20.0 29.299999999999994 653.7200000000028
20.0 29.299999999999994 653.7200000000028
20.0 29.279999999999994 653.7200000000028
20.0 29.279999999999994 653.7200000000028
20.0 29.279999999999994 653.7200000000028
20.0 29.279999999999994 653.7200000000028
28.0 20.0 653.7200000000028
28.0 0.0 653.7200000000028
28.0 20.0 653.7200000000028
28.0 0.0 653.7200000000028
20.0 29.259999999999994 653.7200000000028
20.0 29.259999999999994 653.7200000000028
20.0 29.259999999999994 653.7200000000028
20.0 29.259999999999994 653.7200000000028
28.0 20.0 653.7200000000028
28.0 0.0 653.7200000000028
28.0 20.0 653.7200000000028
28.0 0.0 653.7200000000028
20.0 29.279999999999994 653.7200000000028
20.0 29.279999999999994 653.7200000000028
28.0 20.0 653.7200000000028
28.0 0.0 653.7200000000028
28.0 20.0 653.7200000000028
28.0 0.0 653.7200000000028
20.0 29.279999999999994 653.7200000000028
20.0 29.279999999999994 653.7200000000028
20.0 29.259999999999994 653.7200000000028
20.0 29.259999999999994 653.7200000000028
20.0 29.259999999999994 653.7200000000028
20.0 29.259999999999994 653.7200000000028
20.0 29.279999999999994 653.7200000000028
20.0 29.279999999999994 653.7200000000028
28.0 20.0 653.7200000000028
28.0 0.0 653.7200000000028
28.0 20.0 653.7200000000028
28.0 0.0 653.7200000000028
20.0 29.279999999999994 653.7200000000028
20.0 29.279999999999994 653.7200000000028
20.0 29.279999999999994 653.7200000000028
20.0 29.279999999999994 653.7200000000028
28.0 20.0 653.7200000000028
28.0 0.0 653.7200000000028
28.0 20.0 653.7200000000028
28.0 0.0 653.7200000000028
28.0 20.0 653.7200000000028
28.0 0.0 653.7200000000028
28.0 20.0 653.7200000000028
28.0 0.0 653.7200000000028
20.0 29.299999999999994 653.7200000000028
20.0 29.299999999999994 653.7200000000028
20.0 29.299999999999994 653.7200000000028
20.0 29.299999999999994 653.7200000000028
20.0 29.299999999999994 653.7200000000028
20.0 29.299999999999994 653.7200000000028
20.0 29.279999999999994 653.7200000000028
20.0 29.279999999999994 653.7200000000028
20.0 29.299999999999994 653.7200000000028
20.0 29.299999999999994 653.7200000000028
20.0 29.279999999999994 653.7200000000028
20.0 29.279999999999994 653.7200000000028
20.0 29.279999999999994 653.7200000000028
20.0 29.279999999999994 653.7200000000028
20.0 29.259999999999994 653.7200000000028
20.0 29.259999999999994 653.7200000000028
28.0 20.0 653.7200000000028
28.0 0.0 653.7200000000028
28.0 20.0 653.7200000000028
28.0 0.0 653.7200000000028
20.0 29.259999999999994 653.7200000000028
20.0 29.259999999999994 653.7200000000028
20.0 29.279999999999994 653.7200000000028
20.0 29.279999999999994 653.7200000000028
28.0 20.0 653.7200000000028
28.0 0.0 653.7200000000028
28.0 20.0 653.7200000000028
28.0 0.0 653.7200000000028
28.0 20.0 653.7200000000028
28.0 0.0 653.7200000000028
28.0 20.0 653.7200000000028
28.0 0.0 653.7200000000028
20.0 29.299999999999994 653.7200000000028
20.0 29.299999999999994 653.7200000000028
28.0 20.0 653.7200000000028
28.0 0.0 653.7200000000028
28.0 20.0 653.7200000000028
28.0 0.0 653.7200000000028
20.0 29.299999999999994 653.7200000000028
20.0 29.299999999999994 653.7200000000028
20.0 29.279999999999994 653.7200000000028
20.0 29.279999999999994 653.7200000000028
28.0 20.0 653.7200000000028
28.0 0.0 653.7200000000028
28.0 20.0 653.7200000000028
28.0 0.0 653.7200000000028
20.0 29.299999999999994 653.7200000000028
20.0 29.299999999999994 653.7200000000028
28.0 20.0 653.7200000000028
28.0 0.0 653.7200000000028
28.0 20.0 653.7200000000028
28.0 0.0 653.7200000000028
20.0 29.319999999999993 653.7200000000028
20.0 29.319999999999993 653.7200000000028
25.00000000000002 20.0 653.7200000000028
25.00000000000002 0.0 653.7200000000028
25.00000000000002 20.0 653.7200000000028
25.00000000000002 0.0 653.7200000000028
28.0 20.0 653.7200000000028
28.0 0.0 653.7200000000028
28.0 20.0 653.7200000000028
28.0 0.0 653.7200000000028
20.0 29.319999999999993 653.7200000000028
20.0 29.319999999999993 653.7200000000028
20.0 29.339999999999993 653.7200000000028
20.0 29.339999999999993 653.7200000000028
25.00000000000002 20.0 653.7200000000028
25.00000000000002 0.0 653.7200000000028
25.00000000000002 20.0 653.7200000000028
25.00000000000002 0.0 653.7200000000028
20.0 29.339999999999993 653.7200000000028
20.0 29.339999999999993 653.7200000000028
25.00000000000002 20.0 653.7200000000028
25.00000000000002 0.0 653.7200000000028
25.00000000000002 20.0 653.7200000000028
25.00000000000002 0.0 653.7200000000028
25.00000000000002 20.0 653.7200000000028
25.00000000000002 0.0 653.7200000000028
25.00000000000002 20.0 653.7200000000028
25.00000000000002 0.0 653.7200000000028
20.0 29.339999999999993 653.7200000000028
20.0 29.339999999999993 653.7200000000028
20.0 29.339999999999993 653.7200000000028
20.0 29.339999999999993 653.7200000000028
20.0 29.339999999999993 653.7200000000028
20.0 29.339999999999993 653.7200000000028
20.0 29.319999999999993 653.7200000000028
20.0 29.319999999999993 653.7200000000028
20.0 29.339999999999993 653.7200000000028
20.0 29.339999999999993 653.7200000000028
20.0 29.339999999999993 653.7200000000028
20.0 29.339999999999993 653.7200000000028
25.00000000000002 20.0 653.7200000000028
25.00000000000002 0.0 653.7200000000028
25.00000000000002 20.0 653.7200000000028
25.00000000000002 0.0 653.7200000000028
25.00000000000002 20.0 653.7200000000028
25.00000000000002 0.0 653.7200000000028
25.00000000000002 20.0 653.7200000000028
25.00000000000002 0.0 653.7200000000028
20.0 29.339999999999993 653.7200000000028
20.0 29.339999999999993 653.7200000000028
20.0 29.319999999999993 653.7200000000028
20.0 29.319999999999993 653.7200000000028
20.0 29.299999999999994 653.7200000000028
20.0 29.299999999999994 653.7200000000028
28.0 20.0 653.7200000000028
28.0 0.0 653.7200000000028
28.0 20.0 653.7200000000028
28.0 0.0 653.7200000000028
20.0 29.279999999999994 653.7200000000028
20.0 29.279999999999994 653.7200000000028
27.98 20.0 653.7200000000028
27.98 0.0 653.7200000000028
27.98 20.0 653.7200000000028
27.98 0.0 653.7200000000028
20.0 29.279999999999994 653.7200000000028
20.0 29.279999999999994 653.7200000000028
27.98 20.0 653.7200000000028
27.98 0.0 653.7200000000028
27.98 20.0 653.7200000000028
27.98 0.0 653.7200000000028
20.0 29.299999999999994 653.7200000000028
20.0 29.299999999999994 653.7200000000028
27.98 20.0 653.7200000000028
27.98 0.0 653.7200000000028
27.98 20.0 653.7200000000028
27.98 0.0 653.7200000000028
20.0 29.279999999999994 653.7200000000028
20.0 29.279999999999994 653.7200000000028
27.98 20.0 653.7200000000028
27.98 0.0 653.7200000000028
27.98 20.0 653.7200000000028
27.98 0.0 653.7200000000028
27.98 20.0 653.7200000000028
27.98 0.0 653.7200000000028
27.98 20.0 653.7200000000028
27.98 0.0 653.7200000000028
20.0 29.319999999999993 653.7200000000028
20.0 29.319999999999993 653.7200000000028
27.96 20.0 653.7200000000028
27.96 0.0 653.7200000000028
27.96 20.0 653.7200000000028
27.96 0.0 653.7200000000028
20.0 29.339999999999993 653.7200000000028
20.0 29.339999999999993 653.7200000000028
20.0 29.359999999999992 653.7200000000028
20.0 29.359999999999992 653.7200000000028
28.0 20.0 653.7200000000028
28.0 0.0 653.7200000000028
28.0 20.0 653.7200000000028
28.0 0.0 653.7200000000028
20.0 29.379999999999992 653.7200000000028
20.0 29.379999999999992 653.7200000000028
20.0 29.379999999999992 653.7200000000028
20.0 29.379999999999992 653.7200000000028
28.0 20.0 653.7200000000028
28.0 0.0 653.7200000000028
28.0 20.0 653.7200000000028
28.0 0.0 653.7200000000028
20.0 29.379999999999992 653.7200000000028
20.0 29.379999999999992 653.7200000000028
28.0 20.0 653.7200000000028
28.0 0.0 653.7200000000028
28.0 20.0 653.7200000000028
28.0 0.0 653.7200000000028
28.02 20.0 653.7200000000028
28.02 0.0 653.7200000000028
28.02 20.0 653.7200000000028
28.02 0.0 653.7200000000028
28.02 20.0 653.7200000000028
28.02 0.0 653.7200000000028
28.02 20.0 653.7200000000028
28.02 0.0 653.7200000000028
28.0 20.0 653.7200000000028
28.0 0.0 653.7200000000028
28.0 20.0 653.7200000000028
28.0 0.0 653.7200000000028
27.98 20.0 653.7200000000028
27.98 0.0 653.7200000000028
27.98 20.0 653.7200000000028
27.98 0.0 653.7200000000028
20.0 29.359999999999992 653.7200000000028
20.0 29.359999999999992 653.7200000000028
20.0 29.359999999999992 653.7200000000028
20.0 29.359999999999992 653.7200000000028
20.0 29.359999999999992 653.7200000000028
20.0 29.359999999999992 653.7200000000028
20.0 29.379999999999992 653.7200000000028
20.0 29.379999999999992 653.7200000000028
27.96 20.0 653.7200000000028
27.96 0.0 653.7200000000028
27.96 20.0 653.7200000000028
27.96 0.0 653.7200000000028
24.960000000000022 20.0 653.7200000000028
24.960000000000022 0.0 653.7200000000028
24.960000000000022 20.0 653.7200000000028
24.960000000000022 0.0 653.7200000000028
27.98 20.0 653.7200000000028
27.98 0.0 653.7200000000028
27.98 20.0 653.7200000000028
27.98 0.0 653.7200000000028
24.940000000000023 20.0 653.7200000000028
24.940000000000023 0.0 653.7200000000028
24.940000000000023 20.0 653.7200000000028
24.940000000000023 0.0 653.7200000000028
24.940000000000023 20.0 653.7200000000028
24.940000000000023 0.0 653.7200000000028
24.940000000000023 20.0 653.7200000000028
24.940000000000023 0.0 653.7200000000028
28.0 20.0 653.7200000000028
28.0 0.0 653.7200000000028
28.0 20.0 653.7200000000028
28.0 0.0 653.7200000000028
28.0 20.0 653.7200000000028
28.0 0.0 653.7200000000028
28.0 20.0 653.7200000000028
28.0 0.0 653.7200000000028
24.940000000000023 20.0 653.7200000000028
24.940000000000023 0.0 653.7200000000028
24.940000000000023 20.0 653.7200000000028
24.940000000000023 0.0 653.7200000000028
24.960000000000022 20.0 653.7200000000028
24.960000000000022 0.0 653.7200000000028
24.960000000000022 20.0 653.7200000000028
24.960000000000022 0.0 653.7200000000028
20.0 29.39999999999999 653.7200000000028
20.0 29.39999999999999 653.7200000000028
20.0 29.41999999999999 653.7200000000028
20.0 29.41999999999999 653.7200000000028
27.98 20.0 653.7200000000028
27.98 0.0 653.7200000000028
27.98 20.0 653.7200000000028
27.98 0.0 653.7200000000028
20.0 29.41999999999999 653.7200000000028
20.0 29.41999999999999 653.7200000000028
27.98 20.0 653.7200000000028
27.98 0.0 653.7200000000028
27.98 20.0 653.7200000000028
27.98 0.0 653.7200000000028
24.960000000000022 20.0 653.7200000000028
24.960000000000022 0.0 653.7200000000028
24.960000000000022 20.0 653.7200000000028
24.960000000000022 0.0 653.7200000000028
27.98 20.0 653.7200000000028
27.98 0.0 653.7200000000028
27.98 20.0 653.7200000000028
27.98 0.0 653.7200000000028
27.98 20.0 653.7200000000028
27.98 0.0 653.7200000000028
27.98 20.0 653.7200000000028
27.98 0.0 653.7200000000028
27.96 20.0 653.7200000000028
27.96 0.0 653.7200000000028
27.96 20.0 653.7200000000028
27.96 0.0 653.7200000000028
20.0 29.41999999999999 653.7200000000028
20.0 29.41999999999999 653.7200000000028
20.0 29.43999999999999 653.7200000000028
20.0 29.43999999999999 653.7200000000028
27.96 20.0 653.7200000000028
27.96 0.0 653.7200000000028
27.96 20.0 653.7200000000028
27.96 0.0 653.7200000000028
27.96 20.0 653.7200000000028
27.96 0.0 653.7200000000028
27.96 20.0 653.7200000000028
27.96 0.0 653.7200000000028
27.98 20.0 653.7200000000028
27.98 0.0 653.7200000000028
27.98 20.0 653.7200000000028
27.98 0.0 653.7200000000028
20.0 29.41999999999999 653.7200000000028
20.0 29.41999999999999 653.7200000000028
20.0 29.41999999999999 653.7200000000028
20.0 29.41999999999999 653.7200000000028
20.0 29.43999999999999 653.7200000000028
20.0 29.43999999999999 653.7200000000028
20.0 29.43999999999999 653.7200000000028
20.0 29.43999999999999 653.7200000000028
20.0 29.45999999999999 653.7200000000028
20.0 29.45999999999999 653.7200000000028
20.0 29.43999999999999 653.7200000000028
20.0 29.43999999999999 653.7200000000028
20.0 29.45999999999999 653.7200000000028
20.0 29.45999999999999 653.7200000000028
20.0 29.45999999999999 653.7200000000028
20.0 29.45999999999999 653.7200000000028
20.0 29.719999999999985 653.7200000000028
20.0 29.719999999999985 653.7200000000028
20.0 29.759999999999984 653.7200000000028
20.0 29.759999999999984 653.7200000000028
20.0 29.759999999999984 653.7200000000028
20.0 29.759999999999984 653.7200000000028
20.0 29.779999999999983 653.7200000000028
20.0 29.779999999999983 653.7200000000028
20.0 29.799999999999983 653.7200000000028
20.0 29.799999999999983 653.7200000000028
20.0 29.799999999999983 653.7200000000028
20.0 29.799999999999983 653.7200000000028
20.0 29.799999999999983 653.7200000000028
20.0 29.799999999999983 653.7200000000028
20.0 29.839999999999982 653.7200000000028
20.0 29.839999999999982 653.7200000000028
20.0 29.819999999999983 653.7200000000028
20.0 29.819999999999983 653.7200000000028
20.0 29.819999999999983 653.7200000000028
20.0 29.819999999999983 653.7200000000028
20.0 29.819999999999983 653.7200000000028
20.0 29.819999999999983 653.7200000000028
20.0 29.819999999999983 653.7200000000028
20.0 29.819999999999983 653.7200000000028
20.0 29.819999999999983 653.7200000000028
20.0 29.819999999999983 653.7200000000028
20.0 29.839999999999982 653.7200000000028
20.0 29.839999999999982 653.7200000000028
20.0 29.839999999999982 653.7200000000028
20.0 29.839999999999982 653.7200000000028
20.0 29.839999999999982 653.7200000000028
20.0 29.839999999999982 653.7200000000028
20.0 29.839999999999982 653.7200000000028
20.0 29.839999999999982 653.7200000000028
20.0 29.839999999999982 653.7200000000028
20.0 29.839999999999982 653.7200000000028
20.0 29.799999999999983 653.7200000000028
20.0 29.799999999999983 653.7200000000028
20.0 29.839999999999982 653.7200000000028
20.0 29.839999999999982 653.7200000000028
20.0 29.819999999999983 653.7200000000028
20.0 29.819999999999983 653.7200000000028
20.0 29.85999999999998 653.7200000000028
20.0 29.85999999999998 653.7200000000028
20.0 29.85999999999998 653.7200000000028
20.0 29.85999999999998 653.7200000000028
20.0 29.89999999999998 653.7200000000028
20.0 29.89999999999998 653.7200000000028
20.0 29.89999999999998 653.7200000000028
20.0 29.89999999999998 653.7200000000028
20.0 29.89999999999998 653.7200000000028
20.0 29.89999999999998 653.7200000000028
20.0 29.87999999999998 653.7200000000028
20.0 29.87999999999998 653.7200000000028
20.0 29.839999999999982 653.7200000000028
20.0 29.839999999999982 653.7200000000028
20.0 29.839999999999982 653.7200000000028
20.0 29.839999999999982 653.7200000000028
20.0 29.839999999999982 653.7200000000028
20.0 29.839999999999982 653.7200000000028
20.0 29.839999999999982 653.7200000000028
20.0 29.839999999999982 653.7200000000028
20.0 29.839999999999982 653.7200000000028
20.0 29.839999999999982 653.7200000000028
20.0 29.839999999999982 653.7200000000028
20.0 29.839999999999982 653.7200000000028
20.0 29.819999999999983 653.7200000000028
20.0 29.819999999999983 653.7200000000028
20.0 29.799999999999983 653.7200000000028
20.0 29.799999999999983 653.7200000000028
20.0 29.819999999999983 653.7200000000028
20.0 29.819999999999983 653.7200000000028
20.0 29.819999999999983 653.7200000000028
20.0 29.819999999999983 653.7200000000028
20.0 29.839999999999982 653.7200000000028
20.0 29.839999999999982 653.7200000000028
20.0 29.87999999999998 653.7200000000028
20.0 29.87999999999998 653.7200000000028
20.0 29.89999999999998 653.7200000000028
20.0 29.89999999999998 653.7200000000028
20.0 29.93999999999998 653.7200000000028
20.0 29.93999999999998 653.7200000000028
20.0 29.95999999999998 653.7200000000028
20.0 29.95999999999998 653.7200000000028
28.0 20.0 653.7200000000028
28.0 0.0 653.7200000000028
28.0 20.0 653.7200000000028
28.0 0.0 653.7200000000028
28.0 20.0 653.7200000000028
28.0 0.0 653.7200000000028
28.0 20.0 653.7200000000028
28.0 0.0 653.7200000000028
7.000000000000021 4.059999999999956 653.7200000000028
6.970000000000022 14.989999999999398 653.7200000000028
17.969999999999903 0.9900000000001554 653.7200000000028
18.99999999999953 7.200000000000017 653.7200000000028
3.9999999999999787 12.959999999999958 653.7200000000028
0.9600000000000006 9.979999999999979 653.7200000000028
17.029999999999763 18.009999999999845 653.7200000000028
16.019999999999534 6.98 653.7200000000028
15.99999999999922 12.959999999999958 653.7200000000028
1.0 12.999999999999957 653.7200000000028
3.979999999999958 7.960000000000001 653.7200000000028
1.0700000000000418 16.029999999999962 653.7200000000028
7.940000000000001 1.0000000000000007 653.7200000000028
14.029999999999731 16.009999999999533 653.7200000000028
8.95999999999998 17.999999999999375 653.7200000000028
9.97 11.950000000000001 653.7200000000028
12.99 18.98999999999953 653.7200000000028
14.99 2.9700000000000006 653.7200000000028
12.009999999999957 15.009999999999554 653.7200000000028
4.970000000000022 0.9700000000000006 653.7200000000028
1.03 1.9500000000000213 653.7200000000028
0.9900000000001554 5.950000000000022 653.7200000000028
9.04 7.019999999999914 653.7200000000028
13.0 9.599999999999987 653.7200000000028
3.900000000000002 4.0 653.7200000000028
4.040000000000042 18.619999999999784 653.7200000000028
11.98 4.999999999999979 653.7200000000028
17.98999999999953 4.0099999999999785 653.7200000000028
17.999999999999687 9.999999999999979 653.7200000000028
10.0 2.0000000000001563 653.7200000000028
12.300000000000015 1.019999999999999 653.7200000000028
18.019999999999996 15.899999999999535 653.7200000000028
7.009999999999936 9.950000000000001 653.7200000000028
-10 12 653.7200000000028
-10 12 653.7200000000028
-7 9 653.7200000000028
-7 9 653.7200000000028
-10 -8 653.7200000000028
-10 -8 653.7200000000028
-7 -11 653.7200000000028
-7 -11 653.7200000000028
-8 -16 653.7200000000028
-8 -16 653.7200000000028
0.0 -11.0 653.7200000000028
0.0 -11.0 653.7200000000028
0.0 -11.0 653.7200000000028
0.0 -11.0 653.7200000000028
0.0 -11.0 653.7200000000028
0.0 -11.0 653.7200000000028
0.0 -11.0 653.7200000000028
0.0 -11.0 653.7200000000028
0.0 -11.0 653.7200000000028
0.0 -11.0 653.7200000000028
0.0 -11.0 653.7200000000028
0.0 -11.0 653.7200000000028
0.0 -11.0 653.7200000000028
0.0 -11.0 653.7200000000028
0.0 -11.02 653.7200000000028
0.0 -11.02 653.7200000000028
0.0 -11.0 653.7200000000028
0.0 -11.0 653.7200000000028
0.0 -10.98 653.7200000000028
0.0 -10.98 653.7200000000028
0.0 -10.96 653.7200000000028
0.0 -10.96 653.7200000000028
0.0 -10.96 653.7200000000028
0.0 -10.96 653.7200000000028
0.0 -10.96 653.7200000000028
0.0 -10.96 653.7200000000028
0.0 -10.96 653.7200000000028
0.0 -10.96 653.7200000000028
0.0 -10.98 653.7200000000028
0.0 -10.98 653.7200000000028
0.0 -11.0 653.7200000000028
0.0 -11.0 653.7200000000028
0.0 -11.0 653.7200000000028
0.0 -11.0 653.7200000000028
0.0 -11.0 653.7200000000028
0.0 -11.0 653.7200000000028
0.0 -11.0 653.7200000000028
0.0 -11.0 653.7200000000028
0.0 -11.0 653.7200000000028
0.0 -11.0 653.7200000000028
0.0 -11.0 653.7200000000028
0.0 -11.0 653.7200000000028
0.0 -10.900000000000002 653.7200000000028
0.0 -10.900000000000002 653.7200000000028
0.0 -10.880000000000003 653.7200000000028
0.0 -10.880000000000003 653.7200000000028
0.0 -10.860000000000003 653.7200000000028
0.0 -10.860000000000003 653.7200000000028
0.0 -10.840000000000003 653.7200000000028
0.0 -10.840000000000003 653.7200000000028
0.0 -10.840000000000003 653.7200000000028
0.0 -10.840000000000003 653.7200000000028
0.0 -10.820000000000004 653.7200000000028
0.0 -10.820000000000004 653.7200000000028
0.0 -10.820000000000004 653.7200000000028
0.0 -10.820000000000004 653.7200000000028
0.0 -10.820000000000004 653.7200000000028
0.0 -10.820000000000004 653.7200000000028
0.0 -10.840000000000003 653.7200000000028
0.0 -10.840000000000003 653.7200000000028
0.0 -10.820000000000004 653.7200000000028
0.0 -10.820000000000004 653.7200000000028
0.0 -10.820000000000004 653.7200000000028
0.0 -10.820000000000004 653.7200000000028
0.0 -10.840000000000003 653.7200000000028
0.0 -10.840000000000003 653.7200000000028
0.0 -10.840000000000003 653.7200000000028
0.0 -10.840000000000003 653.7200000000028
-5.01 -17.030000000000005 653.7200000000028
-5.01 -17.030000000000005 653.7200000000028
0.0 -10.840000000000003 653.7200000000028
0.0 -10.840000000000003 653.7200000000028
0.0 -10.840000000000003 653.7200000000028
0.0 -10.840000000000003 653.7200000000028
0.0 -10.860000000000003 653.7200000000028
0.0 -10.860000000000003 653.7200000000028
0.0 -10.860000000000003 653.7200000000028
0.0 -10.860000000000003 653.7200000000028
0.0 -10.840000000000003 653.7200000000028
0.0 -10.840000000000003 653.7200000000028
0.0 -10.820000000000004 653.7200000000028
0.0 -10.820000000000004 653.7200000000028
0.0 -10.820000000000004 653.7200000000028
0.0 -10.820000000000004 653.7200000000028
0.0 -10.820000000000004 653.7200000000028
0.0 -10.820000000000004 653.7200000000028
0.0 -10.840000000000003 653.7200000000028
0.0 -10.840000000000003 653.7200000000028
0.0 -10.840000000000003 653.7200000000028
0.0 -10.840000000000003 653.7200000000028
0.0 -10.860000000000003 653.7200000000028
0.0 -10.860000000000003 653.7200000000028
0.0 -10.860000000000003 653.7200000000028
0.0 -10.860000000000003 653.7200000000028
0.0 -10.840000000000003 653.7200000000028
0.0 -10.840000000000003 653.7200000000028
0.0 -10.860000000000003 653.7200000000028
0.0 -10.860000000000003 653.7200000000028
0.0 -10.860000000000003 653.7200000000028
0.0 -10.860000000000003 653.7200000000028
0.0 -10.880000000000003 653.7200000000028
0.0 -10.880000000000003 653.7200000000028
0.0 -10.860000000000003 653.7200000000028
0.0 -10.860000000000003 653.7200000000028
0.0 -10.860000000000003 653.7200000000028
0.0 -10.860000000000003 653.7200000000028
0.0 -10.880000000000003 653.7200000000028
0.0 -10.880000000000003 653.7200000000028
0.0 -10.900000000000002 653.7200000000028
0.0 -10.900000000000002 653.7200000000028
0.0 -10.920000000000002 653.7200000000028
0.0 -10.920000000000002 653.7200000000028
0.0 -10.940000000000001 653.7200000000028
0.0 -10.940000000000001 653.7200000000028
0.0 -10.940000000000001 653.7200000000028
0.0 -10.940000000000001 653.7200000000028
0.0 -10.940000000000001 653.7200000000028
0.0 -10.940000000000001 653.7200000000028
0.0 -10.920000000000002 653.7200000000028
0.0 -10.920000000000002 653.7200000000028
0.0 -10.920000000000002 653.7200000000028
0.0 -10.920000000000002 653.7200000000028
0.0 -10.920000000000002 653.7200000000028
0.0 -10.920000000000002 653.7200000000028
0.0 -10.900000000000002 653.7200000000028
0.0 -10.900000000000002 653.7200000000028
0.0 -10.880000000000003 653.7200000000028
0.0 -10.880000000000003 653.7200000000028
0.0 -10.880000000000003 653.7200000000028
0.0 -10.880000000000003 653.7200000000028
0.0 -10.880000000000003 653.7200000000028
0.0 -10.880000000000003 653.7200000000028
0.0 -10.860000000000003 653.7200000000028
0.0 -10.860000000000003 653.7200000000028
0.0 -10.860000000000003 653.7200000000028
0.0 -10.860000000000003 653.7200000000028
0.0 -10.840000000000003 653.7200000000028
0.0 -10.840000000000003 653.7200000000028
0.0 -10.840000000000003 653.7200000000028
0.0 -10.840000000000003 653.7200000000028
0.0 -10.820000000000004 653.7200000000028
0.0 -10.820000000000004 653.7200000000028
0.0 -10.820000000000004 653.7200000000028
0.0 -10.820000000000004 653.7200000000028
0.0 -10.840000000000003 653.7200000000028
0.0 -10.840000000000003 653.7200000000028
0.0 -10.860000000000003 653.7200000000028
0.0 -10.860000000000003 653.7200000000028
0.0 -10.820000000000004 653.7200000000028
0.0 -10.820000000000004 653.7200000000028
0.0 -10.820000000000004 653.7200000000028
0.0 -10.820000000000004 653.7200000000028
0.0 -10.840000000000003 653.7200000000028
0.0 -10.840000000000003 653.7200000000028
0.0 -10.840000000000003 653.7200000000028
0.0 -10.840000000000003 653.7200000000028
0.0 -10.840000000000003 653.7200000000028
0.0 -10.840000000000003 653.7200000000028
0.0 -10.840000000000003 653.7200000000028
0.0 -10.840000000000003 653.7200000000028
0.0 -10.840000000000003 653.7200000000028
0.0 -10.840000000000003 653.7200000000028
0.0 -10.820000000000004 653.7200000000028
0.0 -10.820000000000004 653.7200000000028
0.0 -10.820000000000004 653.7200000000028
0.0 -10.820000000000004 653.7200000000028
0.0 -10.820000000000004 653.7200000000028
0.0 -10.820000000000004 653.7200000000028
0.0 -10.820000000000004 653.7200000000028
0.0 -10.820000000000004 653.7200000000028
0.0 -10.820000000000004 653.7200000000028
0.0 -10.820000000000004 653.7200000000028
0.0 -10.800000000000004 653.7200000000028
0.0 -10.800000000000004 653.7200000000028
0.0 -10.800000000000004 653.7200000000028
0.0 -10.800000000000004 653.7200000000028
0.0 -10.800000000000004 653.7200000000028
0.0 -10.800000000000004 653.7200000000028
0.0 -10.800000000000004 653.7200000000028
0.0 -10.800000000000004 653.7200000000028
0.0 -10.780000000000005 653.7200000000028
0.0 -10.780000000000005 653.7200000000028
0.0 -10.760000000000005 653.7200000000028
0.0 -10.760000000000005 653.7200000000028
0.0 -10.740000000000006 653.7200000000028
0.0 -10.740000000000006 653.7200000000028
0.0 -10.760000000000005 653.7200000000028
0.0 -10.760000000000005 653.7200000000028
0.0 -10.760000000000005 653.7200000000028
0.0 -10.760000000000005 653.7200000000028
0.0 -10.740000000000006 653.7200000000028
0.0 -10.740000000000006 653.7200000000028
0.0 -10.760000000000005 653.7200000000028
0.0 -10.760000000000005 653.7200000000028
0.0 -10.740000000000006 653.7200000000028
0.0 -10.740000000000006 653.7200000000028
0.0 -10.740000000000006 653.7200000000028
0.0 -10.740000000000006 653.7200000000028
0.0 -10.720000000000006 653.7200000000028
0.0 -10.720000000000006 653.7200000000028
0.0 -10.720000000000006 653.7200000000028
0.0 -10.720000000000006 653.7200000000028
0.0 -10.700000000000006 653.7200000000028
0.0 -10.700000000000006 653.7200000000028
0.0 -10.720000000000006 653.7200000000028
0.0 -10.720000000000006 653.7200000000028
0.0 -10.720000000000006 653.7200000000028
0.0 -10.720000000000006 653.7200000000028
0.0 -10.740000000000006 653.7200000000028
0.0 -10.740000000000006 653.7200000000028
0.0 -10.740000000000006 653.7200000000028
0.0 -10.740000000000006 653.7200000000028
0.0 -10.720000000000006 653.7200000000028
0.0 -10.720000000000006 653.7200000000028
0.0 -10.720000000000006 653.7200000000028
0.0 -10.720000000000006 653.7200000000028
0.0 -10.740000000000006 653.7200000000028
0.0 -10.740000000000006 653.7200000000028
0.0 -10.740000000000006 653.7200000000028
0.0 -10.740000000000006 653.7200000000028
0.0 -10.720000000000006 653.7200000000028
0.0 -10.720000000000006 653.7200000000028
0.0 -10.720000000000006 653.7200000000028
0.0 -10.720000000000006 653.7200000000028
0.0 -10.720000000000006 653.7200000000028
0.0 -10.720000000000006 653.7200000000028
0.0 -10.700000000000006 653.7200000000028
0.0 -10.700000000000006 653.7200000000028
0.0 -10.700000000000006 653.7200000000028
0.0 -10.700000000000006 653.7200000000028
0.0 -10.700000000000006 653.7200000000028
0.0 -10.700000000000006 653.7200000000028
0.0 -10.720000000000006 653.7200000000028
0.0 -10.720000000000006 653.7200000000028
0.0 -10.700000000000006 653.7200000000028
0.0 -10.700000000000006 653.7200000000028
0.0 -10.720000000000006 653.7200000000028
0.0 -10.720000000000006 653.7200000000028
0.0 -10.720000000000006 653.7200000000028
0.0 -10.720000000000006 653.7200000000028
0.0 -10.740000000000006 653.7200000000028
0.0 -10.740000000000006 653.7200000000028
0.0 -10.740000000000006 653.7200000000028
0.0 -10.740000000000006 653.7200000000028
0.0 -10.720000000000006 653.7200000000028
0.0 -10.720000000000006 653.7200000000028
0.0 -10.700000000000006 653.7200000000028
0.0 -10.700000000000006 653.7200000000028
0.0 -10.700000000000006 653.7200000000028
0.0 -10.700000000000006 653.7200000000028
0.0 -10.720000000000006 653.7200000000028
0.0 -10.720000000000006 653.7200000000028
0.0 -10.700000000000006 653.7200000000028
0.0 -10.700000000000006 653.7200000000028
0.0 -10.680000000000007 653.7200000000028
0.0 -10.680000000000007 653.7200000000028
0.0 -10.680000000000007 653.7200000000028
0.0 -10.680000000000007 653.7200000000028
0.0 -10.660000000000007 653.7200000000028
0.0 -10.660000000000007 653.7200000000028
0.0 -10.660000000000007 653.7200000000028
0.0 -10.660000000000007 653.7200000000028
0.0 -10.660000000000007 653.7200000000028
0.0 -10.660000000000007 653.7200000000028
0.0 -10.660000000000007 653.7200000000028
0.0 -10.660000000000007 653.7200000000028
0.0 -10.660000000000007 653.7200000000028
0.0 -10.660000000000007 653.7200000000028
0.0 -10.680000000000007 653.7200000000028
0.0 -10.680000000000007 653.7200000000028
0.0 -10.660000000000007 653.7200000000028
0.0 -10.660000000000007 653.7200000000028
0.0 -10.660000000000007 653.7200000000028
0.0 -10.660000000000007 653.7200000000028
0.0 -10.660000000000007 653.7200000000028
0.0 -10.660000000000007 653.7200000000028
0.0 -10.680000000000007 653.7200000000028
0.0 -10.680000000000007 653.7200000000028
0.0 -10.700000000000006 653.7200000000028
0.0 -10.700000000000006 653.7200000000028
0.0 -10.720000000000006 653.7200000000028
0.0 -10.720000000000006 653.7200000000028
0.0 -10.720000000000006 653.7200000000028
0.0 -10.720000000000006 653.7200000000028
0.0 -10.700000000000006 653.7200000000028
0.0 -10.700000000000006 653.7200000000028
0.0 -10.720000000000006 653.7200000000028
0.0 -10.720000000000006 653.7200000000028
0.0 -10.680000000000007 653.7200000000028
0.0 -10.680000000000007 653.7200000000028
0.0 -10.660000000000007 653.7200000000028
0.0 -10.660000000000007 653.7200000000028
0.0 -10.640000000000008 653.7200000000028
0.0 -10.640000000000008 653.7200000000028
0.0 -10.620000000000008 653.7200000000028
0.0 -10.620000000000008 653.7200000000028
0.0 -10.620000000000008 653.7200000000028
0.0 -10.620000000000008 653.7200000000028
0.0 -10.620000000000008 653.7200000000028
0.0 -10.620000000000008 653.7200000000028
0.0 -10.640000000000008 653.7200000000028
0.0 -10.640000000000008 653.7200000000028
0.0 -10.640000000000008 653.7200000000028
0.0 -10.640000000000008 653.7200000000028
0.0 -10.640000000000008 653.7200000000028
0.0 -10.640000000000008 653.7200000000028
0.0 -10.620000000000008 653.7200000000028
0.0 -10.620000000000008 653.7200000000028
0.0 -10.600000000000009 653.7200000000028
0.0 -10.600000000000009 653.7200000000028
0.0 -10.580000000000009 653.7200000000028
0.0 -10.580000000000009 653.7200000000028
0.0 -10.580000000000009 653.7200000000028
0.0 -10.580000000000009 653.7200000000028
0.0 -10.580000000000009 653.7200000000028
0.0 -10.580000000000009 653.7200000000028
0.0 -10.56000000000001 653.7200000000028
0.0 -10.56000000000001 653.7200000000028
0.0 -10.580000000000009 653.7200000000028
0.0 -10.580000000000009 653.7200000000028
0.0 -10.580000000000009 653.7200000000028
0.0 -10.580000000000009 653.7200000000028
0.0 -10.56000000000001 653.7200000000028
0.0 -10.56000000000001 653.7200000000028
0.0 -10.56000000000001 653.7200000000028
0.0 -10.56000000000001 653.7200000000028
0.0 -10.54000000000001 653.7200000000028
0.0 -10.54000000000001 653.7200000000028
0.0 -10.56000000000001 653.7200000000028
0.0 -10.56000000000001 653.7200000000028
0.0 -10.54000000000001 653.7200000000028
0.0 -10.54000000000001 653.7200000000028
0.0 -10.54000000000001 653.7200000000028
0.0 -10.54000000000001 653.7200000000028
0.0 -10.280000000000015 653.7200000000028
0.0 -10.280000000000015 653.7200000000028
0.0 -10.240000000000016 653.7200000000028
0.0 -10.240000000000016 653.7200000000028
0.0 -10.240000000000016 653.7200000000028
0.0 -10.240000000000016 653.7200000000028
0.0 -10.220000000000017 653.7200000000028
0.0 -10.220000000000017 653.7200000000028
0.0 -10.200000000000017 653.7200000000028
0.0 -10.200000000000017 653.7200000000028
0.0 -10.200000000000017 653.7200000000028
0.0 -10.200000000000017 653.7200000000028
0.0 -10.200000000000017 653.7200000000028
0.0 -10.200000000000017 653.7200000000028
0.0 -10.160000000000018 653.7200000000028
0.0 -10.160000000000018 653.7200000000028
0.0 -10.180000000000017 653.7200000000028
0.0 -10.180000000000017 653.7200000000028
0.0 -10.180000000000017 653.7200000000028
0.0 -10.180000000000017 653.7200000000028
0.0 -10.180000000000017 653.7200000000028
0.0 -10.180000000000017 653.7200000000028
0.0 -10.180000000000017 653.7200000000028
0.0 -10.180000000000017 653.7200000000028
0.0 -10.180000000000017 653.7200000000028
0.0 -10.180000000000017 653.7200000000028
0.0 -10.160000000000018 653.7200000000028
0.0 -10.160000000000018 653.7200000000028
0.0 -10.160000000000018 653.7200000000028
0.0 -10.160000000000018 653.7200000000028
0.0 -10.160000000000018 653.7200000000028
0.0 -10.160000000000018 653.7200000000028
0.0 -10.160000000000018 653.7200000000028
0.0 -10.160000000000018 653.7200000000028
0.0 -10.160000000000018 653.7200000000028
0.0 -10.160000000000018 653.7200000000028
0.0 -10.200000000000017 653.7200000000028
0.0 -10.200000000000017 653.7200000000028
0.0 -10.160000000000018 653.7200000000028
0.0 -10.160000000000018 653.7200000000028
0.0 -10.180000000000017 653.7200000000028
0.0 -10.180000000000017 653.7200000000028
0.0 -10.140000000000018 653.7200000000028
0.0 -10.140000000000018 653.7200000000028
0.0 -10.140000000000018 653.7200000000028
0.0 -10.140000000000018 653.7200000000028
0.0 -10.10000000000002 653.7200000000028
0.0 -10.10000000000002 653.7200000000028
0.0 -10.10000000000002 653.7200000000028
0.0 -10.10000000000002 653.7200000000028
0.0 -10.10000000000002 653.7200000000028
0.0 -10.10000000000002 653.7200000000028
0.0 -10.120000000000019 653.7200000000028
0.0 -10.120000000000019 653.7200000000028
0.0 -10.160000000000018 653.7200000000028
0.0 -10.160000000000018 653.7200000000028
0.0 -10.160000000000018 653.7200000000028
0.0 -10.160000000000018 653.7200000000028
0.0 -10.160000000000018 653.7200000000028
0.0 -10.160000000000018 653.7200000000028
0.0 -10.160000000000018 653.7200000000028
0.0 -10.160000000000018 653.7200000000028
0.0 -10.160000000000018 653.7200000000028
0.0 -10.160000000000018 653.7200000000028
0.0 -10.160000000000018 653.7200000000028
0.0 -10.160000000000018 653.7200000000028
0.0 -10.180000000000017 653.7200000000028
0.0 -10.180000000000017 653.7200000000028
0.0 -10.200000000000017 653.7200000000028
0.0 -10.200000000000017 653.7200000000028
0.0 -10.180000000000017 653.7200000000028
0.0 -10.180000000000017 653.7200000000028
0.0 -10.180000000000017 653.7200000000028
0.0 -10.180000000000017 653.7200000000028
0.0 -10.160000000000018 653.7200000000028
0.0 -10.160000000000018 653.7200000000028
0.0 -10.120000000000019 653.7200000000028
0.0 -10.120000000000019 653.7200000000028
0.0 -10.10000000000002 653.7200000000028
0.0 -10.10000000000002 653.7200000000028
0.0 -10.06000000000002 653.7200000000028
0.0 -10.06000000000002 653.7200000000028
0.0 -10.04000000000002 653.7200000000028
0.0 -10.04000000000002 653.7200000000028
-8 4 653.7200000000028
-8 4 653.7200000000028
-5.01 2.9699999999999953 653.7200000000028
-5.01 2.9699999999999953 653.7200000000028
10 -8 653.7200000000028
10 -8 653.7200000000028
24 -6 653.7200000000028
24 -6 653.7200000000028
24 -10 653.7200000000028
24 -10 653.7200000000028
23 -9 653.7200000000028
23 -9 653.7200000000028
4 -6 653.7200000000028
4 -6 653.7200000000028
4 -10 653.7200000000028
4 -10 653.7200000000028
3 -9 653.7200000000028
3 -9 653.7200000000028
