28 7 0
28 27 0
28 14 0
28 14 0
25 9 0
25 29 0
24 8 0
24 28 0
29 6 0
29 26 0
29 3 0
29 23 0
26 6 0
26 26 0
24 5 0
24 25 0
21.80999999999997 6.9300000000000015 0
21.80999999999997 26.93 0
21.78999999999997 21.00999999999999 0
21.069999999999936 20.06999999999986 0
7.840000000000003 1.0 0
27.830000000000005 20.80999999999997 0
7.99 7.109999999999998 0
22.61999999999994 3.960000000000001 0
22.61999999999994 23.96 0
15.689999999999985 14.01 0
2.9400000000000013 2.820000000000025 0
20.989999999999934 20.009999999999845 0
15.319999999999993 19.15999999999987 0
10.01 12.03 0
29.089999999999996 18.230000000000036 0
29.089999999999996 18.230000000000036 0
10.179999999999975 5.98 0
9.529999999999989 2.99 0
5.99 5.9300000000000015 0
3.7300000000000058 5.029999999999999 0
17.040000000000006 9.280000000000015 0
12.99 17.01 0
12.03 11.450000000000012 0
8 27 0
5 29 0
-10 12 0
-10 12 0
4 28 0
9 26 0
-8 12 0
-8 12 0
9 23 0
6 26 0
4 25 0
1.8799999999999957 20.879999999999978 0
1.8599999999999939 20.859999999999975 0
1.8399999999999908 20.83999999999997 0
-5.970000000000001 14.99 0
-5.970000000000001 14.99 0
1.7799999999999845 20.779999999999962 0
1.7599999999999818 20.75999999999996 0
1.7199999999999787 20.719999999999953 0
1.609999999999976 20.609999999999935 0
1.579999999999973 20.57999999999993 0
1.5499999999999703 20.549999999999926 0
1.5299999999999672 20.529999999999923 0
1.459999999999964 20.459999999999912 0
1.3899999999999606 20.3899999999999 0
1.33999999999996 20.339999999999893 0
1.2499999999999576 20.24999999999988 0
1.2099999999999527 20.209999999999873 0
1.1799999999999495 20.17999999999987 0
1.1499999999999468 20.149999999999864 0
1.1099999999999421 20.10999999999986 0
1.079999999999941 20.079999999999856 0
1.8099999999999703 26.93 0
1.7899999999999707 21.00999999999999 0
1.0699999999999363 20.06999999999986 0
7.830000000000004 20.80999999999997 0
2.6199999999999406 23.96 0
0.9999999999999398 19.879999999999825 0
8.910000000000002 17.949999999999992 0
-4.690000000000007 14.01 0
-4.690000000000007 14.01 0
0.9899999999999345 20.009999999999845 0
2.9000000000000234 8.0 0
5.01 9.349999999999993 0
-2.2800000000001432 10.239999999999995 0
-2.2800000000001432 10.239999999999995 0
6.7100000000000275 14.01 0
-7.02 17.039999999999992 0
-7.02 17.039999999999992 0
2.099999999999998 19.959999999999837 0
8 -6 0
8 -6 0
-5 -20 0
-5 -20 0
10 -8 0
10 -8 0
12 -8 0
12 -8 0
17.719999999999857 -9.760000000000005 0
-2.2800000000001432 -9.760000000000005 0
17.719999999999857 -9.760000000000005 0
-2.2800000000001432 -9.760000000000005 0
28 -6 0
28 -6 0
21.84999999999999 0.8499999999999746 0
21.829999999999988 0.8299999999999714 0
21.809999999999985 0.8099999999999683 0
14.03 -5.01 0
14.03 -5.01 0
21.709999999999976 0.7099999999999527 0
21.55999999999997 0.5599999999999292 0
21.519999999999964 0.519999999999923 0
21.37999999999996 0.3799999999999011 0
21.32999999999996 0.32999999999989327 0
21.219999999999953 0.21999999999987607 0
21.129999999999942 0.12999999999986356 0
21.78999999999997 1.0099999999999891 0
21.069999999999936 0.0699999999998609 0
27.830000000000005 0.8099999999999703 0
15.309999999999993 -5.99 0
15.309999999999993 -5.99 0
0.9999999999999365 -1.5631940186722204e-13 0
0.9999999999999365 -1.5631940186722204e-13 0
20.989999999999934 0.00999999999984368 0
9.089999999999998 -1.769999999999964 0
29.089999999999996 -1.769999999999964 0
9.089999999999998 -1.769999999999964 0
29.089999999999996 -1.769999999999964 0
15.01 1.1900000000000008 0
12.98 -2.960000000000008 0
12.98 -2.960000000000008 0
-5 0 0
-5 0 0
-10 -8 0
-10 -8 0
-8 -8 0
-8 -8 0
-5.970000000000001 -5.01 0
-5.970000000000001 -5.01 0
-4.690000000000007 -5.99 0
-4.690000000000007 -5.99 0
-7.02 -2.960000000000008 0
-7.02 -2.960000000000008 0
