28 7 0
28 27 0
28 14 0
28 14 0
25 9 0
25 29 0
24 8 0
24 28 0
29 6 0
29 26 0
29 3 0
29 23 0
26 6 0
26 26 0
24 5 0
24 25 0
29.11 18.25000000000004 0
29.11 18.25000000000004 0
21.059999999999935 20.05999999999986 0
7.99 7.0699999999999985 0
21.789999999999967 6.9300000000000015 0
21.789999999999967 26.93 0
21.039999999999935 19.999999999999844 0
21.039999999999935 19.999999999999844 0
27.840000000000003 20.79999999999997 0
15.389999999999992 19.04999999999985 0
21.769999999999968 21.02999999999999 0
3.680000000000007 5.02 0
17.01 9.170000000000018 0
9.619999999999987 2.9800000000000004 0
22.55999999999993 4.0 0
22.55999999999993 24.0 0
5.99 5.910000000000002 0
9.99 12.01 0
10.229999999999974 5.970000000000001 0
12.97 16.92999999999999 0
15.789999999999983 14.01 0
7.820000000000004 1.0 0
2.9300000000000015 2.8900000000000237 0
12.04 11.340000000000014 0
8 27 0
5 29 0
-10 12 0
-10 12 0
4 28 0
9 26 0
-8 12 0
-8 12 0
9 23 0
6 26 0
4 25 0
1.8799999999999957 20.879999999999978 0
1.8599999999999939 20.859999999999975 0
1.8399999999999908 20.83999999999997 0
-5.970000000000001 14.99 0
-5.970000000000001 14.99 0
1.7799999999999845 20.779999999999962 0
1.7599999999999818 20.75999999999996 0
1.7199999999999787 20.719999999999953 0
1.609999999999976 20.609999999999935 0
1.579999999999973 20.57999999999993 0
1.5499999999999703 20.549999999999926 0
1.5299999999999672 20.529999999999923 0
1.459999999999964 20.459999999999912 0
1.3899999999999606 20.3899999999999 0
1.33999999999996 20.339999999999893 0
1.2499999999999576 20.24999999999988 0
1.2099999999999527 20.209999999999873 0
1.1799999999999495 20.17999999999987 0
1.1499999999999468 20.149999999999864 0
1.1099999999999421 20.10999999999986 0
1.079999999999941 20.079999999999856 0
0.9799999999999398 19.859999999999822 0
-7.0 17.059999999999988 0
-7.0 17.059999999999988 0
1.0599999999999348 20.05999999999986 0
1.7899999999999672 26.93 0
2.1199999999999974 19.859999999999822 0
7.840000000000003 20.79999999999997 0
-2.250000000000149 10.249999999999995 0
-2.250000000000149 10.249999999999995 0
1.7699999999999676 21.02999999999999 0
8.940000000000001 17.93999999999999 0
2.8500000000000245 8.03 0
2.559999999999931 24.0 0
-4.630000000000008 13.99 0
-4.630000000000008 13.99 0
6.670000000000028 14.01 0
4.99 9.409999999999991 0
8 -6 0
8 -6 0
-5 -20 0
-5 -20 0
10 -8 0
10 -8 0
12 -8 0
12 -8 0
17.74999999999985 -9.750000000000005 0
-2.250000000000149 -9.750000000000005 0
17.74999999999985 -9.750000000000005 0
-2.250000000000149 -9.750000000000005 0
28 -6 0
28 -6 0
21.84999999999999 0.8499999999999746 0
21.829999999999988 0.8299999999999714 0
21.809999999999985 0.8099999999999683 0
14.03 -5.01 0
14.03 -5.01 0
21.709999999999976 0.7099999999999527 0
21.55999999999997 0.5599999999999292 0
21.519999999999964 0.519999999999923 0
21.37999999999996 0.3799999999999011 0
21.32999999999996 0.32999999999989327 0
21.219999999999953 0.21999999999987607 0
21.129999999999942 0.12999999999986356 0
21.069999999999936 0.0699999999998609 0
20.989999999999934 0.00999999999984368 0
9.109999999999998 -1.749999999999961 0
29.11 -1.749999999999961 0
9.109999999999998 -1.749999999999961 0
29.11 -1.749999999999961 0
0.9699999999999329 0.00999999999984368 0
13.0 -2.940000000000012 0
13.0 -2.940000000000012 0
21.059999999999935 0.059999999999860165 0
1.0399999999999365 -1.5631940186722204e-13 0
21.039999999999935 -1.5631940186722204e-13 0
1.0399999999999365 -1.5631940186722204e-13 0
21.039999999999935 -1.5631940186722204e-13 0
27.840000000000003 0.7999999999999687 0
21.769999999999968 1.0299999999999891 0
15.369999999999992 -6.01 0
15.369999999999992 -6.01 0
15.01 1.2500000000000009 0
-5 0 0
-5 0 0
-10 -8 0
-10 -8 0
-8 -8 0
-8 -8 0
-5.970000000000001 -5.01 0
-5.970000000000001 -5.01 0
-7.0 -2.940000000000012 0
-7.0 -2.940000000000012 0
-4.630000000000008 -6.01 0
-4.630000000000008 -6.01 0
