28 7 0
28 27 0
28 14 0
28 14 0
29 18 0
29 18 0
25 9 0
25 29 0
28 21 0
24 8 0
24 28 0
29 6 0
29 26 0
29 3 0
29 23 0
26 6 0
26 26 0
24 5 0
24 25 0
22.979999999999997 4.0 0
22.979999999999997 24.0 0
21.939999999999994 20.95999999999999 0
21.959999999999994 6.98 0
21.959999999999994 26.98 0
8.0 7.0 0
8.99 3.0299999999999994 0
22.0 20.87999999999998 0
15.079999999999998 19.919999999999987 0
8.02 1.0 0
12.03 11.930000000000001 0
15.04 13.940000000000001 0
3.950000000000001 5.01 0
13.0 17.0 0
16.859999999999978 9.860000000000003 0
5.99 5.9300000000000015 0
9.159999999999997 6.0 0
2.9400000000000013 3.7400000000000055 0
14.03 15.01 0
21.869999999999994 20.869999999999976 0
9.96 12.0 0
8 27 0
5 29 0
-10 12 0
-10 12 0
8 21 0
4 28 0
9 26 0
-8 12 0
-8 12 0
-7 17 0
-7 17 0
9 23 0
6 26 0
4 25 0
-5.98 15.0 0
-5.98 15.0 0
-4.960000000000001 13.98 0
-4.960000000000001 13.98 0
2.979999999999997 24.0 0
1.9399999999999942 20.95999999999999 0
1.9599999999999937 26.98 0
2.0 20.87999999999998 0
4.99 9.03 0
1.8799999999999957 20.879999999999978 0
3.860000000000003 8.04 0
9.03 17.99 0
-2.960000000000008 10.0 0
-2.960000000000008 10.0 0
1.869999999999994 20.869999999999976 0
7.810000000000004 14.01 0
8 -6 0
8 -6 0
-5 -20 0
-5 -20 0
10 -8 0
10 -8 0
12 -8 0
12 -8 0
17.039999999999992 -10.0 0
-2.960000000000008 -10.0 0
17.039999999999992 -10.0 0
-2.960000000000008 -10.0 0
28 -6 0
28 -6 0
9 -2 0
29 -2 0
9 -2 0
29 -2 0
28 1 0
13 -3 0
13 -3 0
14.02 -5.0 0
14.02 -5.0 0
15.04 -6.02 0
15.04 -6.02 0
21.939999999999994 0.9599999999999891 0
22.0 0.8799999999999812 0
15.04 0.22000000000000006 0
21.869999999999994 0.8699999999999761 0
-5 0 0
-5 0 0
-10 -8 0
-10 -8 0
-8 -8 0
-8 -8 0
-7 -3 0
-7 -3 0
-5.98 -5.0 0
-5.98 -5.0 0
-4.960000000000001 -6.02 0
-4.960000000000001 -6.02 0
