28 7 0
28 27 0
28 14 0
28 14 0
25 9 0
25 29 0
24 8 0
24 28 0
29 6 0
29 26 0
29 3 0
29 23 0
26 6 0
26 26 0
24 5 0
24 25 0
20.67999999999989 19.999999999999844 0
20.67999999999989 19.999999999999844 0
21.169999999999874 21.00999999999999 0
20.049999999999798 19.869999999999823 0
20.049999999999798 19.869999999999823 0
19.869999999999774 20.049999999999844 0
19.869999999999774 20.049999999999844 0
15.949999999999982 18.00999999999969 0
19.989999999999792 20.029999999999845 0
19.989999999999792 20.029999999999845 0
3.1699999999999964 2.9900000000000215 0
29.969999999999978 19.99000000000031 0
29.969999999999978 19.99000000000031 0
13.969999999999958 10.930000000000023 0
13.03 15.949999999999847 0
19.00999999999963 17.789999999999498 0
18.57999999999931 4.0 0
17.010000000000137 13.690000000000007 0
12.019999999999936 6.899999999999981 0
9.96999999999998 3.089999999999998 0
3.99 4.99 0
10.02 12.0 0
16.979999999999997 9.000000000000021 0
8.069999999999999 8.009999999999978 0
6.970000000000022 0.99 0
18.98999999999953 7.169999999999996 0
15.0 3.0799999999999783 0
6.0 5.480000000000011 0
8 27 0
5 29 0
-10 12 0
-10 12 0
4 28 0
9 26 0
-8 12 0
-8 12 0
9 23 0
6 26 0
4 25 0
1.8799999999999957 20.879999999999978 0
1.8599999999999939 20.859999999999975 0
1.8399999999999908 20.83999999999997 0
-5.970000000000001 14.99 0
-5.970000000000001 14.99 0
1.7799999999999845 20.779999999999962 0
1.7599999999999818 20.75999999999996 0
1.7199999999999787 20.719999999999953 0
1.609999999999976 20.609999999999935 0
1.579999999999973 20.57999999999993 0
1.5499999999999703 20.549999999999926 0
1.5299999999999672 20.529999999999923 0
1.459999999999964 20.459999999999912 0
1.3899999999999606 20.3899999999999 0
1.33999999999996 20.339999999999893 0
1.2499999999999576 20.24999999999988 0
1.2099999999999527 20.209999999999873 0
1.1799999999999495 20.17999999999987 0
1.1499999999999468 20.149999999999864 0
1.1099999999999421 20.10999999999986 0
-4.430000000000012 14.03 0
-4.430000000000012 14.03 0
1.1699999999998738 21.00999999999999 0
-0.01000000000020762 19.949999999999836 0
-0.01000000000020762 19.949999999999836 0
-0.01000000000020762 0.02999999999984368 0
-0.01000000000020762 0.02999999999984368 0
1.009999999999933 2.029999999999845 0
1.0299999999999399 16.249999999999257 0
0.9999999999999332 19.339999999999748 0
-2.1316282072803006e-13 19.439999999999756 0
-2.1316282072803006e-13 19.439999999999756 0
5.9600000000000435 18.89999999999967 0
5.0 10.039999999999978 0
1.9800000000000426 8.02 0
6.010000000000042 13.99 0
0.9900000000001128 12.069999999999956 0
0.009999999999875655 2.5099999999998346 0
1.9499999999999418 19.20999999999972 0
3.1599999999999753 16.95999999999937 0
9.02 16.999999999999844 0
8 -6 0
8 -6 0
-5 -20 0
-5 -20 0
10 -8 0
10 -8 0
12 -8 0
12 -8 0
0.10999999999980362 -0.19000000000018602 0
0.10999999999980362 -0.19000000000018602 0
0.049999999999797776 -0.13000000000017664 0
0.049999999999797776 -0.13000000000017664 0
-0.13000000000022638 -19.950000000000156 0
-0.13000000000022638 -19.950000000000156 0
-0.01000000000020762 -0.050000000000164135 0
-0.01000000000020762 -0.050000000000164135 0
-0.01000000000020762 -19.970000000000155 0
-0.01000000000020762 -19.970000000000155 0
-2.1316282072803006e-13 -0.5600000000002439 0
-2.1316282072803006e-13 -0.5600000000002439 0
28 -6 0
28 -6 0
21.84999999999999 0.8499999999999746 0
21.829999999999988 0.8299999999999714 0
21.809999999999985 0.8099999999999683 0
14.03 -5.01 0
14.03 -5.01 0
21.709999999999976 0.7099999999999527 0
21.55999999999997 0.5599999999999292 0
21.519999999999964 0.519999999999923 0
21.37999999999996 0.3799999999999011 0
21.32999999999996 0.32999999999989327 0
21.219999999999953 0.21999999999987607 0
21.129999999999942 0.12999999999986356 0
21.069999999999936 0.0699999999998609 0
20.889999999999922 0.00999999999984368 0
0.8399999999999161 -1.5631940186722204e-13 0
0.8399999999999161 -1.5631940186722204e-13 0
20.80999999999991 0.00999999999984368 0
0.7799999999999099 0.01999999999984368 0
0.6799999999998911 -0.04000000000016257 0
0.6799999999998911 -0.04000000000016257 0
0.659999999999888 -0.020000000000159446 0
0.659999999999888 -0.020000000000159446 0
0.6199999999998818 -1.5631940186722204e-13 0
0.6199999999998818 -1.5631940186722204e-13 0
15.569999999999988 -5.970000000000001 0
15.569999999999988 -5.970000000000001 0
0.6799999999998896 -1.5631940186722204e-13 0
20.67999999999989 -1.5631940186722204e-13 0
0.6799999999998896 -1.5631940186722204e-13 0
20.67999999999989 -1.5631940186722204e-13 0
21.169999999999874 1.0099999999999891 0
20.049999999999798 -0.13000000000017664 0
20.049999999999798 -0.13000000000017664 0
19.989999999999792 -0.050000000000164135 0
19.989999999999792 -0.050000000000164135 0
9.96999999999998 -0.009999999999688924 0
29.969999999999978 -0.009999999999688924 0
9.96999999999998 -0.009999999999688924 0
29.969999999999978 -0.009999999999688924 0
3.559999999999904 0.01999999999984368 0
19.999999999999787 -0.5600000000002439 0
19.999999999999787 -0.5600000000002439 0
17.989999999999473 0.9899999999998443 0
0.9499999999999267 0.00999999999984368 0
1.1399999999999317 0.03999999999984368 0
12.97 0.2700000000001122 0
-5 0 0
-5 0 0
-0.13000000000022638 0.04999999999984368 0
-0.13000000000022638 0.04999999999984368 0
-10 -8 0
-10 -8 0
-8 -8 0
-8 -8 0
-5.970000000000001 -5.01 0
-5.970000000000001 -5.01 0
-4.430000000000012 -5.970000000000001 0
-4.430000000000012 -5.970000000000001 0
