28 7 0
28 27 0
28 14 0
28 14 0
25 9 0
25 29 0
24 8 0
24 28 0
29 6 0
29 26 0
29 3 0
29 23 0
26 6 0
26 26 0
24 5 0
24 25 0
20.67999999999989 19.999999999999844 0
20.67999999999989 19.999999999999844 0
21.169999999999874 21.00999999999999 0
20.049999999999798 19.869999999999823 0
20.049999999999798 19.869999999999823 0
19.869999999999774 20.049999999999844 0
19.869999999999774 20.049999999999844 0
18.989999999999625 17.789999999999498 0
7.000000000000021 1.0 0
19.999999999999876 22.619999999999834 0
19.999999999999876 22.619999999999834 0
16.00999999999998 17.989999999999686 0
19.009999999999533 7.2099999999999955 0
6.0 5.420000000000012 0
3.900000000000002 5.0 0
10.039999999999978 3.2199999999999953 0
18.419999999999284 4.0 0
3.1999999999999957 2.9800000000000217 0
7.960000000000001 7.999999999999979 0
14.009999999999957 10.990000000000022 0
13.02 16.019999999999847 0
14.97 3.1099999999999777 0
17.04000000000014 13.720000000000006 0
10.02 11.98 0
12.009999999999936 6.989999999999979 0
16.959999999999994 8.980000000000022 0
8 27 0
5 29 0
-10 12 0
-10 12 0
4 28 0
9 26 0
-8 12 0
-8 12 0
9 23 0
6 26 0
4 25 0
1.8799999999999957 20.879999999999978 0
1.8599999999999939 20.859999999999975 0
1.8399999999999908 20.83999999999997 0
-5.970000000000001 14.99 0
-5.970000000000001 14.99 0
1.7799999999999845 20.779999999999962 0
1.7599999999999818 20.75999999999996 0
1.7199999999999787 20.719999999999953 0
1.609999999999976 20.609999999999935 0
1.579999999999973 20.57999999999993 0
1.5499999999999703 20.549999999999926 0
1.5299999999999672 20.529999999999923 0
1.459999999999964 20.459999999999912 0
1.3899999999999606 20.3899999999999 0
1.33999999999996 20.339999999999893 0
1.2499999999999576 20.24999999999988 0
1.2099999999999527 20.209999999999873 0
1.1799999999999495 20.17999999999987 0
1.1499999999999468 20.149999999999864 0
1.1099999999999421 20.10999999999986 0
-4.430000000000012 14.03 0
-4.430000000000012 14.03 0
1.1699999999998738 21.00999999999999 0
2.0099999999999416 19.129999999999708 0
1.009999999999933 2.0499999999998444 0
-0.04000000000021231 19.97999999999984 0
-0.04000000000021231 19.97999999999984 0
-2.1316282072803006e-13 19.359999999999744 0
-2.1316282072803006e-13 19.359999999999744 0
5.980000000000043 18.979999999999684 0
-1.2434497875801753e-13 2.6199999999998322 0
-1.2434497875801753e-13 2.6199999999998322 0
2.0100000000000424 7.970000000000001 0
0.9900000000001128 12.029999999999957 0
0.9699999999999398 16.12999999999924 0
-2.0605739337042905e-13 19.999999999999844 0
-2.0605739337042905e-13 19.999999999999844 0
9.049999999999999 17.009999999999845 0
1.0099999999999332 19.28999999999974 0
3.1599999999999753 16.89999999999936 0
6.1000000000000405 14.0 0
4.99 10.009999999999978 0
8 -6 0
8 -6 0
-5 -20 0
-5 -20 0
10 -8 0
10 -8 0
12 -8 0
12 -8 0
0.10999999999980362 -0.19000000000018602 0
0.10999999999980362 -0.19000000000018602 0
0.049999999999797776 -0.13000000000017664 0
0.049999999999797776 -0.13000000000017664 0
-0.13000000000022638 -19.950000000000156 0
-0.13000000000022638 -19.950000000000156 0
-2.1316282072803006e-13 -0.6400000000002564 0
-2.1316282072803006e-13 -0.6400000000002564 0
-1.2434497875801753e-13 -17.380000000000166 0
-1.2434497875801753e-13 -17.380000000000166 0
28 -6 0
28 -6 0
21.84999999999999 0.8499999999999746 0
21.829999999999988 0.8299999999999714 0
21.809999999999985 0.8099999999999683 0
14.03 -5.01 0
14.03 -5.01 0
21.709999999999976 0.7099999999999527 0
21.55999999999997 0.5599999999999292 0
21.519999999999964 0.519999999999923 0
21.37999999999996 0.3799999999999011 0
21.32999999999996 0.32999999999989327 0
21.219999999999953 0.21999999999987607 0
21.129999999999942 0.12999999999986356 0
21.069999999999936 0.0699999999998609 0
20.889999999999922 0.00999999999984368 0
0.8399999999999161 -1.5631940186722204e-13 0
0.8399999999999161 -1.5631940186722204e-13 0
20.80999999999991 0.00999999999984368 0
0.7799999999999099 0.01999999999984368 0
0.6799999999998911 -0.04000000000016257 0
0.6799999999998911 -0.04000000000016257 0
0.659999999999888 -0.020000000000159446 0
0.659999999999888 -0.020000000000159446 0
0.6199999999998818 -1.5631940186722204e-13 0
0.6199999999998818 -1.5631940186722204e-13 0
15.569999999999988 -5.970000000000001 0
15.569999999999988 -5.970000000000001 0
0.6799999999998896 -1.5631940186722204e-13 0
20.67999999999989 -1.5631940186722204e-13 0
0.6799999999998896 -1.5631940186722204e-13 0
20.67999999999989 -1.5631940186722204e-13 0
21.169999999999874 1.0099999999999891 0
20.049999999999798 -0.13000000000017664 0
20.049999999999798 -0.13000000000017664 0
0.9899999999999267 0.02999999999984368 0
1.1899999999999318 0.02999999999984368 0
19.959999999999788 -0.020000000000159446 0
19.959999999999788 -0.020000000000159446 0
19.999999999999787 -0.6400000000002564 0
19.999999999999787 -0.6400000000002564 0
12.99 0.43000000000011235 0
3.5799999999999037 0.019999999999843678 0
19.999999999999794 -1.5631940186722204e-13 0
19.999999999999794 -1.5631940186722204e-13 0
17.89999999999946 0.9999999999998443 0
9.999999999999979 0.020000000000311074 0
-5 0 0
-5 0 0
-0.13000000000022638 0.04999999999984368 0
-0.13000000000022638 0.04999999999984368 0
-10 -8 0
-10 -8 0
-8 -8 0
-8 -8 0
-5.970000000000001 -5.01 0
-5.970000000000001 -5.01 0
-4.430000000000012 -5.970000000000001 0
-4.430000000000012 -5.970000000000001 0
-0.04000000000021231 -0.020000000000159446 0
-0.04000000000021231 -0.020000000000159446 0
-2.0605739337042905e-13 -1.5631940186722204e-13 0
-2.0605739337042905e-13 -1.5631940186722204e-13 0
