28 7 0
28 27 0
28 14 0
28 14 0
25 9 0
25 29 0
24 8 0
24 28 0
29 6 0
29 26 0
29 3 0
29 23 0
26 6 0
26 26 0
24 5 0
24 25 0
21.049999999999933 20.04999999999986 0
21.069999999999936 19.989999999999842 0
21.069999999999936 19.989999999999842 0
27.790000000000006 20.74999999999996 0
29.129999999999995 18.290000000000045 0
29.129999999999995 18.290000000000045 0
21.759999999999962 6.920000000000002 0
21.759999999999962 26.92 0
22.529999999999927 4.01 0
22.529999999999927 24.009999999999998 0
14.99 1.390000000000001 0
9.98 12.02 0
8.01 7.109999999999998 0
2.960000000000001 2.9400000000000226 0
7.830000000000004 1.01 0
15.44999999999999 18.96999999999984 0
6.0 5.920000000000002 0
21.709999999999958 21.04999999999999 0
9.699999999999985 3.0 0
12.97 16.92999999999999 0
10.329999999999972 5.99 0
15.869999999999981 14.049999999999999 0
12.02 11.220000000000017 0
3.580000000000009 5.0 0
17.030000000000005 8.990000000000022 0
8 27 0
5 29 0
-10 12 0
-10 12 0
4 28 0
9 26 0
-8 12 0
-8 12 0
9 23 0
6 26 0
4 25 0
1.8799999999999957 20.879999999999978 0
1.8599999999999939 20.859999999999975 0
1.8399999999999908 20.83999999999997 0
-5.970000000000001 14.99 0
-5.970000000000001 14.99 0
1.7799999999999845 20.779999999999962 0
1.7599999999999818 20.75999999999996 0
1.7199999999999787 20.719999999999953 0
1.609999999999976 20.609999999999935 0
1.579999999999973 20.57999999999993 0
1.5499999999999703 20.549999999999926 0
1.5299999999999672 20.529999999999923 0
1.459999999999964 20.459999999999912 0
1.3899999999999606 20.3899999999999 0
1.33999999999996 20.339999999999893 0
1.2499999999999576 20.24999999999988 0
1.2099999999999527 20.209999999999873 0
1.1799999999999495 20.17999999999987 0
1.1499999999999468 20.149999999999864 0
1.1099999999999421 20.10999999999986 0
1.079999999999941 20.079999999999856 0
1.0499999999999332 20.04999999999986 0
7.7900000000000045 20.74999999999996 0
-4.580000000000009 14.02 0
-4.580000000000009 14.02 0
-2.190000000000161 10.269999999999994 0
-2.190000000000161 10.269999999999994 0
1.7599999999999625 26.92 0
-7.01 17.089999999999982 0
-7.01 17.089999999999982 0
2.5299999999999265 24.009999999999998 0
5.029999999999999 9.42999999999999 0
6.530000000000031 13.99 0
2.1699999999999964 19.669999999999792 0
2.8400000000000247 8.02 0
0.9799999999999398 19.799999999999812 0
1.7099999999999582 21.04999999999999 0
8.96 18.0 0
8 -6 0
8 -6 0
-5 -20 0
-5 -20 0
10 -8 0
10 -8 0
12 -8 0
12 -8 0
17.80999999999984 -9.730000000000006 0
-2.190000000000161 -9.730000000000006 0
17.80999999999984 -9.730000000000006 0
-2.190000000000161 -9.730000000000006 0
28 -6 0
28 -6 0
21.84999999999999 0.8499999999999746 0
21.829999999999988 0.8299999999999714 0
21.809999999999985 0.8099999999999683 0
14.03 -5.01 0
14.03 -5.01 0
21.709999999999976 0.7099999999999527 0
21.55999999999997 0.5599999999999292 0
21.519999999999964 0.519999999999923 0
21.37999999999996 0.3799999999999011 0
21.32999999999996 0.32999999999989327 0
21.219999999999953 0.21999999999987607 0
21.129999999999942 0.12999999999986356 0
21.069999999999936 0.0699999999998609 0
21.049999999999933 0.0499999999998586 0
1.0699999999999363 -0.010000000000157883 0
21.069999999999936 -0.010000000000157883 0
1.0699999999999363 -0.010000000000157883 0
21.069999999999936 -0.010000000000157883 0
27.790000000000006 0.7499999999999609 0
15.419999999999991 -5.98 0
15.419999999999991 -5.98 0
1.1299999999999366 0.00999999999984368 0
9.129999999999997 -1.7099999999999547 0
29.129999999999995 -1.7099999999999547 0
9.129999999999997 -1.7099999999999547 0
29.129999999999995 -1.7099999999999547 0
0.9899999999999329 0.02999999999984368 0
12.99 -2.910000000000018 0
12.99 -2.910000000000018 0
0.9299999999999267 0.00999999999984368 0
21.709999999999958 1.0499999999999892 0
-5 0 0
-5 0 0
-10 -8 0
-10 -8 0
-8 -8 0
-8 -8 0
-5.970000000000001 -5.01 0
-5.970000000000001 -5.01 0
-4.580000000000009 -5.98 0
-4.580000000000009 -5.98 0
-7.01 -2.910000000000018 0
-7.01 -2.910000000000018 0
