28 7 0
28 27 0
28 14 0
28 14 0
25 9 0
25 29 0
24 8 0
24 28 0
29 6 0
29 26 0
29 3 0
29 23 0
26 6 0
26 26 0
24 5 0
24 25 0
20.67999999999989 19.999999999999844 0
20.67999999999989 19.999999999999844 0
21.169999999999874 21.00999999999999 0
1.489999999999932 0.12999999999984366 0
14.97 2.9899999999999802 0
18.01999999999922 4.0 0
18.99999999999953 7.419999999999991 0
13.979999999999958 10.940000000000023 0
12.97 15.989999999999846 0
3.99 5.029999999999999 0
17.000000000000135 13.740000000000006 0
2.99 2.9900000000000215 0
19.00999999999963 17.54999999999946 0
16.899999999999984 8.960000000000022 0
15.97999999999998 17.939999999999678 0
5.99 5.1300000000000185 0
10.0 12.099999999999998 0
8.03 8.009999999999978 0
9.999999999999979 3.4399999999999906 0
12.029999999999935 7.0099999999999785 0
6.9900000000000215 1.01 0
8 27 0
5 29 0
-10 12 0
-10 12 0
4 28 0
9 26 0
-8 12 0
-8 12 0
9 23 0
6 26 0
4 25 0
1.8799999999999957 20.879999999999978 0
1.8599999999999939 20.859999999999975 0
1.8399999999999908 20.83999999999997 0
-5.970000000000001 14.99 0
-5.970000000000001 14.99 0
1.7799999999999845 20.779999999999962 0
1.7599999999999818 20.75999999999996 0
1.7199999999999787 20.719999999999953 0
1.609999999999976 20.609999999999935 0
1.579999999999973 20.57999999999993 0
1.5499999999999703 20.549999999999926 0
1.5299999999999672 20.529999999999923 0
1.459999999999964 20.459999999999912 0
1.3899999999999606 20.3899999999999 0
1.33999999999996 20.339999999999893 0
1.2499999999999576 20.24999999999988 0
1.2099999999999527 20.209999999999873 0
1.1799999999999495 20.17999999999987 0
1.1499999999999468 20.149999999999864 0
1.1099999999999421 20.10999999999986 0
-4.430000000000012 14.03 0
-4.430000000000012 14.03 0
1.1699999999998738 21.00999999999999 0
-2.0605739337042905e-13 19.999999999999844 0
-2.0605739337042905e-13 19.999999999999844 0
-2.0250467969162855e-13 19.999999999999844 0
-2.0250467969162855e-13 19.999999999999844 0
-0.22000000000024045 19.999999999999844 0
-0.22000000000024045 19.999999999999844 0
0.009999999999875655 3.0299999999998235 0
1.0099999999999398 15.869999999999223 0
1.0099999999999332 19.009999999999696 0
6.030000000000042 18.929999999999676 0
0.009999999999786837 19.049999999999695 0
6.050000000000042 13.99 0
4.99 9.989999999999979 0
9.04 17.019999999999847 0
0.009999999999793943 0.22999999999984375 0
2.0199999999999414 18.999999999999687 0
1.9600000000000426 8.0 0
1.009999999999933 2.2299999999998406 0
0.9700000000001128 12.009999999999957 0
3.229999999999974 16.84999999999935 0
8 -6 0
8 -6 0
-5 -20 0
-5 -20 0
10 -8 0
10 -8 0
12 -8 0
12 -8 0
0.10999999999980362 -0.19000000000018602 0
0.10999999999980362 -0.19000000000018602 0
28 -6 0
28 -6 0
21.84999999999999 0.8499999999999746 0
21.829999999999988 0.8299999999999714 0
21.809999999999985 0.8099999999999683 0
14.03 -5.01 0
14.03 -5.01 0
21.709999999999976 0.7099999999999527 0
21.55999999999997 0.5599999999999292 0
21.519999999999964 0.519999999999923 0
21.37999999999996 0.3799999999999011 0
21.32999999999996 0.32999999999989327 0
21.219999999999953 0.21999999999987607 0
21.129999999999942 0.12999999999986356 0
21.069999999999936 0.0699999999998609 0
20.889999999999922 0.00999999999984368 0
0.8399999999999161 -1.5631940186722204e-13 0
0.8399999999999161 -1.5631940186722204e-13 0
20.80999999999991 0.00999999999984368 0
0.7799999999999099 0.01999999999984368 0
0.6799999999998911 -0.04000000000016257 0
0.6799999999998911 -0.04000000000016257 0
0.659999999999888 -0.020000000000159446 0
0.659999999999888 -0.020000000000159446 0
0.6199999999998818 -1.5631940186722204e-13 0
0.6199999999998818 -1.5631940186722204e-13 0
15.569999999999988 -5.970000000000001 0
15.569999999999988 -5.970000000000001 0
0.6799999999998896 -1.5631940186722204e-13 0
20.67999999999989 -1.5631940186722204e-13 0
0.6799999999998896 -1.5631940186722204e-13 0
20.67999999999989 -1.5631940186722204e-13 0
21.169999999999874 1.0099999999999891 0
19.999999999999794 -1.5631940186722204e-13 0
19.999999999999794 -1.5631940186722204e-13 0
19.999999999999797 -1.5631940186722204e-13 0
19.999999999999797 -1.5631940186722204e-13 0
19.77999999999976 -1.5631940186722204e-13 0
19.77999999999976 -1.5631940186722204e-13 0
0.9999999999999267 0.07999999999984368 0
10.009999999999978 0.010000000000311074 0
3.659999999999902 0.03999999999984368 0
17.70999999999943 0.9899999999998443 0
13.0 0.5600000000001124 0
-5 0 0
-5 0 0
-0.22000000000024045 -1.5631940186722204e-13 0
-0.22000000000024045 -1.5631940186722204e-13 0
-10 -8 0
-10 -8 0
-8 -8 0
-8 -8 0
-5.970000000000001 -5.01 0
-5.970000000000001 -5.01 0
-4.430000000000012 -5.970000000000001 0
-4.430000000000012 -5.970000000000001 0
-2.0605739337042905e-13 -1.5631940186722204e-13 0
-2.0605739337042905e-13 -1.5631940186722204e-13 0
-2.0250467969162855e-13 -1.5631940186722204e-13 0
-2.0250467969162855e-13 -1.5631940186722204e-13 0
