28 2 731.1999999999928
8 22 731.1999999999928
28 22 731.1999999999928
0 29 731.1999999999928
20 29 731.1999999999928
13 29 731.1999999999928
13 29 731.1999999999928
22 8 731.1999999999928
2 28 731.1999999999928
22 28 731.1999999999928
26 0 731.1999999999928
26 20 731.1999999999928
24 14 731.1999999999928
24 14 731.1999999999928
24 4 731.1999999999928
4 24 731.1999999999928
24 24 731.1999999999928
12 24 731.1999999999928
12 24 731.1999999999928
28 0 731.1999999999928
28 20 731.1999999999928
24 10 731.1999999999928
24 10 731.1999999999928
29 3 731.1999999999928
9 23 731.1999999999928
29 23 731.1999999999928
23 11 731.1999999999928
23 11 731.1999999999928
20.0 29.0 731.1999999999928
20.0 29.0 731.1999999999928
26.0 20.0 731.1999999999928
26.0 0.0 731.1999999999928
26.0 20.0 731.1999999999928
26.0 0.0 731.1999999999928
20.0 29.0 731.1999999999928
20.0 29.0 731.1999999999928
25.98 20.0 731.1999999999928
25.98 0.0 731.1999999999928
25.98 20.0 731.1999999999928
25.98 0.0 731.1999999999928
25.98 20.0 731.1999999999928
25.98 0.0 731.1999999999928
25.98 20.0 731.1999999999928
25.98 0.0 731.1999999999928
25.94 20.0 731.1999999999928
25.94 0.0 731.1999999999928
25.94 20.0 731.1999999999928
25.94 0.0 731.1999999999928
20.0 29.0 731.1999999999928
20.0 29.0 731.1999999999928
20.0 29.0 731.1999999999928
20.0 29.0 731.1999999999928
27.98 20.0 731.1999999999928
27.98 0.0 731.1999999999928
27.98 20.0 731.1999999999928
27.98 0.0 731.1999999999928
20.0 29.0 731.1999999999928
20.0 29.0 731.1999999999928
20.0 29.0 731.1999999999928
20.0 29.0 731.1999999999928
28.02 20.0 731.1999999999928
28.02 0.0 731.1999999999928
28.02 20.0 731.1999999999928
28.02 0.0 731.1999999999928
25.900000000000002 20.0 731.1999999999928
25.900000000000002 0.0 731.1999999999928
25.900000000000002 20.0 731.1999999999928
25.900000000000002 0.0 731.1999999999928
25.900000000000002 20.0 731.1999999999928
25.900000000000002 0.0 731.1999999999928
25.900000000000002 20.0 731.1999999999928
25.900000000000002 0.0 731.1999999999928
25.900000000000002 20.0 731.1999999999928
25.900000000000002 0.0 731.1999999999928
25.900000000000002 20.0 731.1999999999928
25.900000000000002 0.0 731.1999999999928
25.880000000000003 20.0 731.1999999999928
25.880000000000003 0.0 731.1999999999928
25.880000000000003 20.0 731.1999999999928
25.880000000000003 0.0 731.1999999999928
20.0 29.0 731.1999999999928
20.0 29.0 731.1999999999928
25.880000000000003 20.0 731.1999999999928
25.880000000000003 0.0 731.1999999999928
25.880000000000003 20.0 731.1999999999928
25.880000000000003 0.0 731.1999999999928
28.0 20.0 731.1999999999928
28.0 0.0 731.1999999999928
28.0 20.0 731.1999999999928
28.0 0.0 731.1999999999928
25.860000000000003 20.0 731.1999999999928
25.860000000000003 0.0 731.1999999999928
25.860000000000003 20.0 731.1999999999928
25.860000000000003 0.0 731.1999999999928
25.840000000000003 20.0 731.1999999999928
25.840000000000003 0.0 731.1999999999928
25.840000000000003 20.0 731.1999999999928
25.840000000000003 0.0 731.1999999999928
28.0 20.0 731.1999999999928
28.0 0.0 731.1999999999928
28.0 20.0 731.1999999999928
28.0 0.0 731.1999999999928
25.820000000000004 20.0 731.1999999999928
25.820000000000004 0.0 731.1999999999928
25.820000000000004 20.0 731.1999999999928
25.820000000000004 0.0 731.1999999999928
25.820000000000004 20.0 731.1999999999928
25.820000000000004 0.0 731.1999999999928
25.820000000000004 20.0 731.1999999999928
25.820000000000004 0.0 731.1999999999928
20.0 28.98 731.1999999999928
20.0 28.98 731.1999999999928
25.800000000000004 20.0 731.1999999999928
25.800000000000004 0.0 731.1999999999928
25.800000000000004 20.0 731.1999999999928
25.800000000000004 0.0 731.1999999999928
25.780000000000005 20.0 731.1999999999928
25.780000000000005 0.0 731.1999999999928
25.780000000000005 20.0 731.1999999999928
25.780000000000005 0.0 731.1999999999928
25.780000000000005 20.0 731.1999999999928
25.780000000000005 0.0 731.1999999999928
25.780000000000005 20.0 731.1999999999928
25.780000000000005 0.0 731.1999999999928
28.0 20.0 731.1999999999928
28.0 0.0 731.1999999999928
28.0 20.0 731.1999999999928
28.0 0.0 731.1999999999928
25.780000000000005 20.0 731.1999999999928
25.780000000000005 0.0 731.1999999999928
25.780000000000005 20.0 731.1999999999928
25.780000000000005 0.0 731.1999999999928
20.0 29.0 731.1999999999928
20.0 29.0 731.1999999999928
25.780000000000005 20.0 731.1999999999928
25.780000000000005 0.0 731.1999999999928
25.780000000000005 20.0 731.1999999999928
25.780000000000005 0.0 731.1999999999928
28.0 20.0 731.1999999999928
28.0 0.0 731.1999999999928
28.0 20.0 731.1999999999928
28.0 0.0 731.1999999999928
20.0 29.02 731.1999999999928
20.0 29.02 731.1999999999928
27.98 20.0 731.1999999999928
27.98 0.0 731.1999999999928
27.98 20.0 731.1999999999928
27.98 0.0 731.1999999999928
27.98 20.0 731.1999999999928
27.98 0.0 731.1999999999928
27.98 20.0 731.1999999999928
27.98 0.0 731.1999999999928
28.0 20.0 731.1999999999928
28.0 0.0 731.1999999999928
28.0 20.0 731.1999999999928
28.0 0.0 731.1999999999928
25.740000000000006 20.0 731.1999999999928
25.740000000000006 0.0 731.1999999999928
25.740000000000006 20.0 731.1999999999928
25.740000000000006 0.0 731.1999999999928
25.720000000000006 20.0 731.1999999999928
25.720000000000006 0.0 731.1999999999928
25.720000000000006 20.0 731.1999999999928
25.720000000000006 0.0 731.1999999999928
27.98 20.0 731.1999999999928
27.98 0.0 731.1999999999928
27.98 20.0 731.1999999999928
27.98 0.0 731.1999999999928
25.700000000000006 20.0 731.1999999999928
25.700000000000006 0.0 731.1999999999928
25.700000000000006 20.0 731.1999999999928
25.700000000000006 0.0 731.1999999999928
28.0 20.0 731.1999999999928
28.0 0.0 731.1999999999928
28.0 20.0 731.1999999999928
28.0 0.0 731.1999999999928
25.700000000000006 20.0 731.1999999999928
25.700000000000006 0.0 731.1999999999928
25.700000000000006 20.0 731.1999999999928
25.700000000000006 0.0 731.1999999999928
20.0 29.04 731.1999999999928
20.0 29.04 731.1999999999928
20.0 29.04 731.1999999999928
20.0 29.04 731.1999999999928
20.0 29.04 731.1999999999928
20.0 29.04 731.1999999999928
25.54000000000001 20.0 731.1999999999928
25.54000000000001 0.0 731.1999999999928
25.54000000000001 20.0 731.1999999999928
25.54000000000001 0.0 731.1999999999928
20.0 29.04 731.1999999999928
20.0 29.04 731.1999999999928
25.52000000000001 20.0 731.1999999999928
25.52000000000001 0.0 731.1999999999928
25.52000000000001 20.0 731.1999999999928
25.52000000000001 0.0 731.1999999999928
25.50000000000001 20.0 731.1999999999928
25.50000000000001 0.0 731.1999999999928
25.50000000000001 20.0 731.1999999999928
25.50000000000001 0.0 731.1999999999928
20.0 29.02 731.1999999999928
20.0 29.02 731.1999999999928
25.48000000000001 20.0 731.1999999999928
25.48000000000001 0.0 731.1999999999928
25.48000000000001 20.0 731.1999999999928
25.48000000000001 0.0 731.1999999999928
28.0 20.0 731.1999999999928
28.0 0.0 731.1999999999928
28.0 20.0 731.1999999999928
28.0 0.0 731.1999999999928
28.0 20.0 731.1999999999928
28.0 0.0 731.1999999999928
28.0 20.0 731.1999999999928
28.0 0.0 731.1999999999928
25.46000000000001 20.0 731.1999999999928
25.46000000000001 0.0 731.1999999999928
25.46000000000001 20.0 731.1999999999928
25.46000000000001 0.0 731.1999999999928
20.0 29.0 731.1999999999928
20.0 29.0 731.1999999999928
25.420000000000012 20.0 731.1999999999928
25.420000000000012 0.0 731.1999999999928
25.420000000000012 20.0 731.1999999999928
25.420000000000012 0.0 731.1999999999928
25.380000000000013 20.0 731.1999999999928
25.380000000000013 0.0 731.1999999999928
25.380000000000013 20.0 731.1999999999928
25.380000000000013 0.0 731.1999999999928
25.360000000000014 20.0 731.1999999999928
25.360000000000014 0.0 731.1999999999928
25.360000000000014 20.0 731.1999999999928
25.360000000000014 0.0 731.1999999999928
20.0 29.0 731.1999999999928
20.0 29.0 731.1999999999928
25.360000000000014 20.0 731.1999999999928
25.360000000000014 0.0 731.1999999999928
25.360000000000014 20.0 731.1999999999928
25.360000000000014 0.0 731.1999999999928
20.0 29.0 731.1999999999928
20.0 29.0 731.1999999999928
25.300000000000015 20.0 731.1999999999928
25.300000000000015 0.0 731.1999999999928
25.300000000000015 20.0 731.1999999999928
25.300000000000015 0.0 731.1999999999928
20.0 29.0 731.1999999999928
20.0 29.0 731.1999999999928
28.0 20.0 731.1999999999928
28.0 0.0 731.1999999999928
28.0 20.0 731.1999999999928
28.0 0.0 731.1999999999928
25.280000000000015 20.0 731.1999999999928
25.280000000000015 0.0 731.1999999999928
25.280000000000015 20.0 731.1999999999928
25.280000000000015 0.0 731.1999999999928
25.240000000000016 20.0 731.1999999999928
25.240000000000016 0.0 731.1999999999928
25.240000000000016 20.0 731.1999999999928
25.240000000000016 0.0 731.1999999999928
20.0 29.0 731.1999999999928
20.0 29.0 731.1999999999928
25.220000000000017 20.0 731.1999999999928
25.220000000000017 0.0 731.1999999999928
25.220000000000017 20.0 731.1999999999928
25.220000000000017 0.0 731.1999999999928
20.0 29.0 731.1999999999928
20.0 29.0 731.1999999999928
28.0 20.0 731.1999999999928
28.0 0.0 731.1999999999928
28.0 20.0 731.1999999999928
28.0 0.0 731.1999999999928
28.0 20.0 731.1999999999928
28.0 0.0 731.1999999999928
28.0 20.0 731.1999999999928
28.0 0.0 731.1999999999928
25.160000000000018 20.0 731.1999999999928
25.160000000000018 0.0 731.1999999999928
25.160000000000018 20.0 731.1999999999928
25.160000000000018 0.0 731.1999999999928
25.14000000000002 20.0 731.1999999999928
25.14000000000002 0.0 731.1999999999928
25.14000000000002 20.0 731.1999999999928
25.14000000000002 0.0 731.1999999999928
27.98 20.0 731.1999999999928
27.98 0.0 731.1999999999928
27.98 20.0 731.1999999999928
27.98 0.0 731.1999999999928
25.14000000000002 20.0 731.1999999999928
25.14000000000002 0.0 731.1999999999928
25.14000000000002 20.0 731.1999999999928
25.14000000000002 0.0 731.1999999999928
25.12000000000002 20.0 731.1999999999928
25.12000000000002 0.0 731.1999999999928
25.12000000000002 20.0 731.1999999999928
25.12000000000002 0.0 731.1999999999928
25.12000000000002 20.0 731.1999999999928
25.12000000000002 0.0 731.1999999999928
25.12000000000002 20.0 731.1999999999928
25.12000000000002 0.0 731.1999999999928
20.0 29.099999999999998 731.1999999999928
20.0 29.099999999999998 731.1999999999928
20.0 29.119999999999997 731.1999999999928
20.0 29.119999999999997 731.1999999999928
20.0 29.139999999999997 731.1999999999928
20.0 29.139999999999997 731.1999999999928
24.98000000000002 20.0 731.1999999999928
24.98000000000002 0.0 731.1999999999928
24.98000000000002 20.0 731.1999999999928
24.98000000000002 0.0 731.1999999999928
20.0 29.159999999999997 731.1999999999928
20.0 29.159999999999997 731.1999999999928
20.0 29.159999999999997 731.1999999999928
20.0 29.159999999999997 731.1999999999928
25.02000000000002 20.0 731.1999999999928
25.02000000000002 0.0 731.1999999999928
25.02000000000002 20.0 731.1999999999928
25.02000000000002 0.0 731.1999999999928
25.02000000000002 20.0 731.1999999999928
25.02000000000002 0.0 731.1999999999928
25.02000000000002 20.0 731.1999999999928
25.02000000000002 0.0 731.1999999999928
25.00000000000002 20.0 731.1999999999928
25.00000000000002 0.0 731.1999999999928
25.00000000000002 20.0 731.1999999999928
25.00000000000002 0.0 731.1999999999928
25.00000000000002 20.0 731.1999999999928
25.00000000000002 0.0 731.1999999999928
25.00000000000002 20.0 731.1999999999928
25.00000000000002 0.0 731.1999999999928
24.98000000000002 20.0 731.1999999999928
24.98000000000002 0.0 731.1999999999928
24.98000000000002 20.0 731.1999999999928
24.98000000000002 0.0 731.1999999999928
24.960000000000022 20.0 731.1999999999928
24.960000000000022 0.0 731.1999999999928
24.960000000000022 20.0 731.1999999999928
24.960000000000022 0.0 731.1999999999928
24.940000000000023 20.0 731.1999999999928
24.940000000000023 0.0 731.1999999999928
24.940000000000023 20.0 731.1999999999928
24.940000000000023 0.0 731.1999999999928
24.920000000000023 20.0 731.1999999999928
24.920000000000023 0.0 731.1999999999928
24.920000000000023 20.0 731.1999999999928
24.920000000000023 0.0 731.1999999999928
20.0 29.179999999999996 731.1999999999928
20.0 29.179999999999996 731.1999999999928
20.0 29.179999999999996 731.1999999999928
20.0 29.179999999999996 731.1999999999928
20.0 29.179999999999996 731.1999999999928
20.0 29.179999999999996 731.1999999999928
20.0 29.159999999999997 731.1999999999928
20.0 29.159999999999997 731.1999999999928
20.0 29.179999999999996 731.1999999999928
20.0 29.179999999999996 731.1999999999928
20.0 29.179999999999996 731.1999999999928
20.0 29.179999999999996 731.1999999999928
20.0 29.159999999999997 731.1999999999928
20.0 29.159999999999997 731.1999999999928
20.0 29.159999999999997 731.1999999999928
20.0 29.159999999999997 731.1999999999928
14.99 22.969999999999995 731.1999999999928
14.99 22.969999999999995 731.1999999999928
20.0 29.159999999999997 731.1999999999928
20.0 29.159999999999997 731.1999999999928
20.0 29.159999999999997 731.1999999999928
20.0 29.159999999999997 731.1999999999928
20.0 29.139999999999997 731.1999999999928
20.0 29.139999999999997 731.1999999999928
20.0 29.139999999999997 731.1999999999928
20.0 29.139999999999997 731.1999999999928
20.0 29.159999999999997 731.1999999999928
20.0 29.159999999999997 731.1999999999928
20.0 29.179999999999996 731.1999999999928
20.0 29.179999999999996 731.1999999999928
20.0 29.179999999999996 731.1999999999928
20.0 29.179999999999996 731.1999999999928
28.0 20.0 731.1999999999928
28.0 0.0 731.1999999999928
28.0 20.0 731.1999999999928
28.0 0.0 731.1999999999928
27.98 20.0 731.1999999999928
27.98 0.0 731.1999999999928
27.98 20.0 731.1999999999928
27.98 0.0 731.1999999999928
20.0 29.179999999999996 731.1999999999928
20.0 29.179999999999996 731.1999999999928
28.0 20.0 731.1999999999928
28.0 0.0 731.1999999999928
28.0 20.0 731.1999999999928
28.0 0.0 731.1999999999928
20.0 29.159999999999997 731.1999999999928
20.0 29.159999999999997 731.1999999999928
20.0 29.159999999999997 731.1999999999928
20.0 29.159999999999997 731.1999999999928
28.0 20.0 731.1999999999928
28.0 0.0 731.1999999999928
28.0 20.0 731.1999999999928
28.0 0.0 731.1999999999928
20.0 29.139999999999997 731.1999999999928
20.0 29.139999999999997 731.1999999999928
20.0 29.139999999999997 731.1999999999928
20.0 29.139999999999997 731.1999999999928
28.0 20.0 731.1999999999928
28.0 0.0 731.1999999999928
28.0 20.0 731.1999999999928
28.0 0.0 731.1999999999928
20.0 29.159999999999997 731.1999999999928
20.0 29.159999999999997 731.1999999999928
20.0 29.139999999999997 731.1999999999928
20.0 29.139999999999997 731.1999999999928
20.0 29.139999999999997 731.1999999999928
20.0 29.139999999999997 731.1999999999928
20.0 29.119999999999997 731.1999999999928
20.0 29.119999999999997 731.1999999999928
28.0 20.0 731.1999999999928
28.0 0.0 731.1999999999928
28.0 20.0 731.1999999999928
28.0 0.0 731.1999999999928
20.0 29.139999999999997 731.1999999999928
20.0 29.139999999999997 731.1999999999928
20.0 29.139999999999997 731.1999999999928
20.0 29.139999999999997 731.1999999999928
20.0 29.119999999999997 731.1999999999928
20.0 29.119999999999997 731.1999999999928
20.0 29.099999999999998 731.1999999999928
20.0 29.099999999999998 731.1999999999928
28.0 20.0 731.1999999999928
28.0 0.0 731.1999999999928
28.0 20.0 731.1999999999928
28.0 0.0 731.1999999999928
20.0 29.08 731.1999999999928
20.0 29.08 731.1999999999928
28.0 20.0 731.1999999999928
28.0 0.0 731.1999999999928
28.0 20.0 731.1999999999928
28.0 0.0 731.1999999999928
28.0 20.0 731.1999999999928
28.0 0.0 731.1999999999928
28.0 20.0 731.1999999999928
28.0 0.0 731.1999999999928
20.0 29.06 731.1999999999928
20.0 29.06 731.1999999999928
20.0 29.06 731.1999999999928
20.0 29.06 731.1999999999928
28.0 20.0 731.1999999999928
28.0 0.0 731.1999999999928
28.0 20.0 731.1999999999928
28.0 0.0 731.1999999999928
20.0 29.06 731.1999999999928
20.0 29.06 731.1999999999928
28.0 20.0 731.1999999999928
28.0 0.0 731.1999999999928
28.0 20.0 731.1999999999928
28.0 0.0 731.1999999999928
20.0 29.08 731.1999999999928
20.0 29.08 731.1999999999928
20.0 29.08 731.1999999999928
20.0 29.08 731.1999999999928
20.0 29.08 731.1999999999928
20.0 29.08 731.1999999999928
25.00000000000002 20.0 731.1999999999928
25.00000000000002 0.0 731.1999999999928
25.00000000000002 20.0 731.1999999999928
25.00000000000002 0.0 731.1999999999928
20.0 29.099999999999998 731.1999999999928
20.0 29.099999999999998 731.1999999999928
20.0 29.119999999999997 731.1999999999928
20.0 29.119999999999997 731.1999999999928
20.0 29.119999999999997 731.1999999999928
20.0 29.119999999999997 731.1999999999928
20.0 29.119999999999997 731.1999999999928
20.0 29.119999999999997 731.1999999999928
27.98 20.0 731.1999999999928
27.98 0.0 731.1999999999928
27.98 20.0 731.1999999999928
27.98 0.0 731.1999999999928
25.00000000000002 20.0 731.1999999999928
25.00000000000002 0.0 731.1999999999928
25.00000000000002 20.0 731.1999999999928
25.00000000000002 0.0 731.1999999999928
25.00000000000002 20.0 731.1999999999928
25.00000000000002 0.0 731.1999999999928
25.00000000000002 20.0 731.1999999999928
25.00000000000002 0.0 731.1999999999928
25.00000000000002 20.0 731.1999999999928
25.00000000000002 0.0 731.1999999999928
25.00000000000002 20.0 731.1999999999928
25.00000000000002 0.0 731.1999999999928
20.0 29.139999999999997 731.1999999999928
20.0 29.139999999999997 731.1999999999928
20.0 29.139999999999997 731.1999999999928
20.0 29.139999999999997 731.1999999999928
28.02 20.0 731.1999999999928
28.02 0.0 731.1999999999928
28.02 20.0 731.1999999999928
28.02 0.0 731.1999999999928
20.0 29.159999999999997 731.1999999999928
20.0 29.159999999999997 731.1999999999928
25.00000000000002 20.0 731.1999999999928
25.00000000000002 0.0 731.1999999999928
25.00000000000002 20.0 731.1999999999928
25.00000000000002 0.0 731.1999999999928
24.98000000000002 20.0 731.1999999999928
24.98000000000002 0.0 731.1999999999928
24.98000000000002 20.0 731.1999999999928
24.98000000000002 0.0 731.1999999999928
25.00000000000002 20.0 731.1999999999928
25.00000000000002 0.0 731.1999999999928
25.00000000000002 20.0 731.1999999999928
25.00000000000002 0.0 731.1999999999928
20.0 29.159999999999997 731.1999999999928
20.0 29.159999999999997 731.1999999999928
28.0 20.0 731.1999999999928
28.0 0.0 731.1999999999928
28.0 20.0 731.1999999999928
28.0 0.0 731.1999999999928
20.0 29.179999999999996 731.1999999999928
20.0 29.179999999999996 731.1999999999928
20.0 29.179999999999996 731.1999999999928
20.0 29.179999999999996 731.1999999999928
24.98000000000002 20.0 731.1999999999928
24.98000000000002 0.0 731.1999999999928
24.98000000000002 20.0 731.1999999999928
24.98000000000002 0.0 731.1999999999928
20.0 29.159999999999997 731.1999999999928
20.0 29.159999999999997 731.1999999999928
20.0 29.139999999999997 731.1999999999928
20.0 29.139999999999997 731.1999999999928
28.0 20.0 731.1999999999928
28.0 0.0 731.1999999999928
28.0 20.0 731.1999999999928
28.0 0.0 731.1999999999928
25.00000000000002 20.0 731.1999999999928
25.00000000000002 0.0 731.1999999999928
25.00000000000002 20.0 731.1999999999928
25.00000000000002 0.0 731.1999999999928
20.0 29.179999999999996 731.1999999999928
20.0 29.179999999999996 731.1999999999928
28.0 20.0 731.1999999999928
28.0 0.0 731.1999999999928
28.0 20.0 731.1999999999928
28.0 0.0 731.1999999999928
28.0 20.0 731.1999999999928
28.0 0.0 731.1999999999928
28.0 20.0 731.1999999999928
28.0 0.0 731.1999999999928
20.0 29.179999999999996 731.1999999999928
20.0 29.179999999999996 731.1999999999928
28.0 20.0 731.1999999999928
28.0 0.0 731.1999999999928
28.0 20.0 731.1999999999928
28.0 0.0 731.1999999999928
20.0 29.159999999999997 731.1999999999928
20.0 29.159999999999997 731.1999999999928
20.0 29.159999999999997 731.1999999999928
20.0 29.159999999999997 731.1999999999928
20.0 29.159999999999997 731.1999999999928
20.0 29.159999999999997 731.1999999999928
27.98 20.0 731.1999999999928
27.98 0.0 731.1999999999928
27.98 20.0 731.1999999999928
27.98 0.0 731.1999999999928
20.0 29.159999999999997 731.1999999999928
20.0 29.159999999999997 731.1999999999928
20.0 29.159999999999997 731.1999999999928
20.0 29.159999999999997 731.1999999999928
28.0 20.0 731.1999999999928
28.0 0.0 731.1999999999928
28.0 20.0 731.1999999999928
28.0 0.0 731.1999999999928
20.0 29.179999999999996 731.1999999999928
20.0 29.179999999999996 731.1999999999928
20.0 29.179999999999996 731.1999999999928
20.0 29.179999999999996 731.1999999999928
20.0 29.179999999999996 731.1999999999928
20.0 29.179999999999996 731.1999999999928
20.0 29.179999999999996 731.1999999999928
20.0 29.179999999999996 731.1999999999928
24.960000000000022 20.0 731.1999999999928
24.960000000000022 0.0 731.1999999999928
24.960000000000022 20.0 731.1999999999928
24.960000000000022 0.0 731.1999999999928
24.960000000000022 20.0 731.1999999999928
24.960000000000022 0.0 731.1999999999928
24.960000000000022 20.0 731.1999999999928
24.960000000000022 0.0 731.1999999999928
24.940000000000023 20.0 731.1999999999928
24.940000000000023 0.0 731.1999999999928
24.940000000000023 20.0 731.1999999999928
24.940000000000023 0.0 731.1999999999928
28.0 20.0 731.1999999999928
28.0 0.0 731.1999999999928
28.0 20.0 731.1999999999928
28.0 0.0 731.1999999999928
20.0 29.179999999999996 731.1999999999928
20.0 29.179999999999996 731.1999999999928
24.960000000000022 20.0 731.1999999999928
24.960000000000022 0.0 731.1999999999928
24.960000000000022 20.0 731.1999999999928
24.960000000000022 0.0 731.1999999999928
20.0 29.199999999999996 731.1999999999928
20.0 29.199999999999996 731.1999999999928
28.0 20.0 731.1999999999928
28.0 0.0 731.1999999999928
28.0 20.0 731.1999999999928
28.0 0.0 731.1999999999928
20.0 29.199999999999996 731.1999999999928
20.0 29.199999999999996 731.1999999999928
28.0 20.0 731.1999999999928
28.0 0.0 731.1999999999928
28.0 20.0 731.1999999999928
28.0 0.0 731.1999999999928
20.0 29.199999999999996 731.1999999999928
20.0 29.199999999999996 731.1999999999928
20.0 29.199999999999996 731.1999999999928
20.0 29.199999999999996 731.1999999999928
24.960000000000022 20.0 731.1999999999928
24.960000000000022 0.0 731.1999999999928
24.960000000000022 20.0 731.1999999999928
24.960000000000022 0.0 731.1999999999928
20.0 29.219999999999995 731.1999999999928
20.0 29.219999999999995 731.1999999999928
27.98 20.0 731.1999999999928
27.98 0.0 731.1999999999928
27.98 20.0 731.1999999999928
27.98 0.0 731.1999999999928
24.98000000000002 20.0 731.1999999999928
24.98000000000002 0.0 731.1999999999928
24.98000000000002 20.0 731.1999999999928
24.98000000000002 0.0 731.1999999999928
20.0 29.239999999999995 731.1999999999928
20.0 29.239999999999995 731.1999999999928
20.0 29.259999999999994 731.1999999999928
20.0 29.259999999999994 731.1999999999928
20.0 29.239999999999995 731.1999999999928
20.0 29.239999999999995 731.1999999999928
20.0 29.239999999999995 731.1999999999928
20.0 29.239999999999995 731.1999999999928
28.0 20.0 731.1999999999928
28.0 0.0 731.1999999999928
28.0 20.0 731.1999999999928
28.0 0.0 731.1999999999928
28.0 20.0 731.1999999999928
28.0 0.0 731.1999999999928
28.0 20.0 731.1999999999928
28.0 0.0 731.1999999999928
28.02 20.0 731.1999999999928
28.02 0.0 731.1999999999928
28.02 20.0 731.1999999999928
28.02 0.0 731.1999999999928
20.0 29.259999999999994 731.1999999999928
20.0 29.259999999999994 731.1999999999928
28.0 20.0 731.1999999999928
28.0 0.0 731.1999999999928
28.0 20.0 731.1999999999928
28.0 0.0 731.1999999999928
28.0 20.0 731.1999999999928
28.0 0.0 731.1999999999928
28.0 20.0 731.1999999999928
28.0 0.0 731.1999999999928
20.0 29.239999999999995 731.1999999999928
20.0 29.239999999999995 731.1999999999928
28.0 20.0 731.1999999999928
28.0 0.0 731.1999999999928
28.0 20.0 731.1999999999928
28.0 0.0 731.1999999999928
20.0 29.259999999999994 731.1999999999928
20.0 29.259999999999994 731.1999999999928
20.0 29.259999999999994 731.1999999999928
20.0 29.259999999999994 731.1999999999928
27.98 20.0 731.1999999999928
27.98 0.0 731.1999999999928
27.98 20.0 731.1999999999928
27.98 0.0 731.1999999999928
28.0 20.0 731.1999999999928
28.0 0.0 731.1999999999928
28.0 20.0 731.1999999999928
28.0 0.0 731.1999999999928
20.0 29.279999999999994 731.1999999999928
20.0 29.279999999999994 731.1999999999928
28.0 20.0 731.1999999999928
28.0 0.0 731.1999999999928
28.0 20.0 731.1999999999928
28.0 0.0 731.1999999999928
20.0 29.279999999999994 731.1999999999928
20.0 29.279999999999994 731.1999999999928
28.0 20.0 731.1999999999928
28.0 0.0 731.1999999999928
28.0 20.0 731.1999999999928
28.0 0.0 731.1999999999928
20.0 29.299999999999994 731.1999999999928
20.0 29.299999999999994 731.1999999999928
20.0 29.279999999999994 731.1999999999928
20.0 29.279999999999994 731.1999999999928
20.0 29.279999999999994 731.1999999999928
20.0 29.279999999999994 731.1999999999928
28.0 20.0 731.1999999999928
28.0 0.0 731.1999999999928
28.0 20.0 731.1999999999928
28.0 0.0 731.1999999999928
20.0 29.259999999999994 731.1999999999928
20.0 29.259999999999994 731.1999999999928
20.0 29.259999999999994 731.1999999999928
20.0 29.259999999999994 731.1999999999928
28.0 20.0 731.1999999999928
28.0 0.0 731.1999999999928
28.0 20.0 731.1999999999928
28.0 0.0 731.1999999999928
20.0 29.279999999999994 731.1999999999928
20.0 29.279999999999994 731.1999999999928
28.0 20.0 731.1999999999928
28.0 0.0 731.1999999999928
28.0 20.0 731.1999999999928
28.0 0.0 731.1999999999928
20.0 29.279999999999994 731.1999999999928
20.0 29.279999999999994 731.1999999999928
20.0 29.259999999999994 731.1999999999928
20.0 29.259999999999994 731.1999999999928
20.0 29.259999999999994 731.1999999999928
20.0 29.259999999999994 731.1999999999928
20.0 29.279999999999994 731.1999999999928
20.0 29.279999999999994 731.1999999999928
28.0 20.0 731.1999999999928
28.0 0.0 731.1999999999928
28.0 20.0 731.1999999999928
28.0 0.0 731.1999999999928
20.0 29.279999999999994 731.1999999999928
20.0 29.279999999999994 731.1999999999928
20.0 29.279999999999994 731.1999999999928
20.0 29.279999999999994 731.1999999999928
28.0 20.0 731.1999999999928
28.0 0.0 731.1999999999928
28.0 20.0 731.1999999999928
28.0 0.0 731.1999999999928
28.0 20.0 731.1999999999928
28.0 0.0 731.1999999999928
28.0 20.0 731.1999999999928
28.0 0.0 731.1999999999928
20.0 29.299999999999994 731.1999999999928
20.0 29.299999999999994 731.1999999999928
20.0 29.299999999999994 731.1999999999928
20.0 29.299999999999994 731.1999999999928
20.0 29.299999999999994 731.1999999999928
20.0 29.299999999999994 731.1999999999928
20.0 29.279999999999994 731.1999999999928
20.0 29.279999999999994 731.1999999999928
20.0 29.299999999999994 731.1999999999928
20.0 29.299999999999994 731.1999999999928
20.0 29.279999999999994 731.1999999999928
20.0 29.279999999999994 731.1999999999928
20.0 29.279999999999994 731.1999999999928
20.0 29.279999999999994 731.1999999999928
20.0 29.259999999999994 731.1999999999928
20.0 29.259999999999994 731.1999999999928
28.0 20.0 731.1999999999928
28.0 0.0 731.1999999999928
28.0 20.0 731.1999999999928
28.0 0.0 731.1999999999928
20.0 29.259999999999994 731.1999999999928
20.0 29.259999999999994 731.1999999999928
20.0 29.279999999999994 731.1999999999928
20.0 29.279999999999994 731.1999999999928
28.0 20.0 731.1999999999928
28.0 0.0 731.1999999999928
28.0 20.0 731.1999999999928
28.0 0.0 731.1999999999928
28.0 20.0 731.1999999999928
28.0 0.0 731.1999999999928
28.0 20.0 731.1999999999928
28.0 0.0 731.1999999999928
20.0 29.299999999999994 731.1999999999928
20.0 29.299999999999994 731.1999999999928
28.0 20.0 731.1999999999928
28.0 0.0 731.1999999999928
28.0 20.0 731.1999999999928
28.0 0.0 731.1999999999928
20.0 29.299999999999994 731.1999999999928
20.0 29.299999999999994 731.1999999999928
20.0 29.279999999999994 731.1999999999928
20.0 29.279999999999994 731.1999999999928
28.0 20.0 731.1999999999928
28.0 0.0 731.1999999999928
28.0 20.0 731.1999999999928
28.0 0.0 731.1999999999928
20.0 29.299999999999994 731.1999999999928
20.0 29.299999999999994 731.1999999999928
28.0 20.0 731.1999999999928
28.0 0.0 731.1999999999928
28.0 20.0 731.1999999999928
28.0 0.0 731.1999999999928
20.0 29.319999999999993 731.1999999999928
20.0 29.319999999999993 731.1999999999928
25.00000000000002 20.0 731.1999999999928
25.00000000000002 0.0 731.1999999999928
25.00000000000002 20.0 731.1999999999928
25.00000000000002 0.0 731.1999999999928
28.0 20.0 731.1999999999928
28.0 0.0 731.1999999999928
28.0 20.0 731.1999999999928
28.0 0.0 731.1999999999928
20.0 29.319999999999993 731.1999999999928
20.0 29.319999999999993 731.1999999999928
20.0 29.339999999999993 731.1999999999928
20.0 29.339999999999993 731.1999999999928
25.00000000000002 20.0 731.1999999999928
25.00000000000002 0.0 731.1999999999928
25.00000000000002 20.0 731.1999999999928
25.00000000000002 0.0 731.1999999999928
20.0 29.339999999999993 731.1999999999928
20.0 29.339999999999993 731.1999999999928
25.00000000000002 20.0 731.1999999999928
25.00000000000002 0.0 731.1999999999928
25.00000000000002 20.0 731.1999999999928
25.00000000000002 0.0 731.1999999999928
25.00000000000002 20.0 731.1999999999928
25.00000000000002 0.0 731.1999999999928
25.00000000000002 20.0 731.1999999999928
25.00000000000002 0.0 731.1999999999928
20.0 29.339999999999993 731.1999999999928
20.0 29.339999999999993 731.1999999999928
20.0 29.339999999999993 731.1999999999928
20.0 29.339999999999993 731.1999999999928
20.0 29.339999999999993 731.1999999999928
20.0 29.339999999999993 731.1999999999928
20.0 29.319999999999993 731.1999999999928
20.0 29.319999999999993 731.1999999999928
20.0 29.339999999999993 731.1999999999928
20.0 29.339999999999993 731.1999999999928
20.0 29.339999999999993 731.1999999999928
20.0 29.339999999999993 731.1999999999928
25.00000000000002 20.0 731.1999999999928
25.00000000000002 0.0 731.1999999999928
25.00000000000002 20.0 731.1999999999928
25.00000000000002 0.0 731.1999999999928
25.00000000000002 20.0 731.1999999999928
25.00000000000002 0.0 731.1999999999928
25.00000000000002 20.0 731.1999999999928
25.00000000000002 0.0 731.1999999999928
20.0 29.339999999999993 731.1999999999928
20.0 29.339999999999993 731.1999999999928
20.0 29.319999999999993 731.1999999999928
20.0 29.319999999999993 731.1999999999928
20.0 29.299999999999994 731.1999999999928
20.0 29.299999999999994 731.1999999999928
28.0 20.0 731.1999999999928
28.0 0.0 731.1999999999928
28.0 20.0 731.1999999999928
28.0 0.0 731.1999999999928
20.0 29.279999999999994 731.1999999999928
20.0 29.279999999999994 731.1999999999928
27.98 20.0 731.1999999999928
27.98 0.0 731.1999999999928
27.98 20.0 731.1999999999928
27.98 0.0 731.1999999999928
20.0 29.279999999999994 731.1999999999928
20.0 29.279999999999994 731.1999999999928
27.98 20.0 731.1999999999928
27.98 0.0 731.1999999999928
27.98 20.0 731.1999999999928
27.98 0.0 731.1999999999928
20.0 29.299999999999994 731.1999999999928
20.0 29.299999999999994 731.1999999999928
27.98 20.0 731.1999999999928
27.98 0.0 731.1999999999928
27.98 20.0 731.1999999999928
27.98 0.0 731.1999999999928
20.0 29.279999999999994 731.1999999999928
20.0 29.279999999999994 731.1999999999928
27.98 20.0 731.1999999999928
27.98 0.0 731.1999999999928
27.98 20.0 731.1999999999928
27.98 0.0 731.1999999999928
27.98 20.0 731.1999999999928
27.98 0.0 731.1999999999928
27.98 20.0 731.1999999999928
27.98 0.0 731.1999999999928
20.0 29.319999999999993 731.1999999999928
20.0 29.319999999999993 731.1999999999928
27.96 20.0 731.1999999999928
27.96 0.0 731.1999999999928
27.96 20.0 731.1999999999928
27.96 0.0 731.1999999999928
20.0 29.339999999999993 731.1999999999928
20.0 29.339999999999993 731.1999999999928
20.0 29.359999999999992 731.1999999999928
20.0 29.359999999999992 731.1999999999928
28.0 20.0 731.1999999999928
28.0 0.0 731.1999999999928
28.0 20.0 731.1999999999928
28.0 0.0 731.1999999999928
20.0 29.379999999999992 731.1999999999928
20.0 29.379999999999992 731.1999999999928
20.0 29.379999999999992 731.1999999999928
20.0 29.379999999999992 731.1999999999928
28.0 20.0 731.1999999999928
28.0 0.0 731.1999999999928
28.0 20.0 731.1999999999928
28.0 0.0 731.1999999999928
20.0 29.379999999999992 731.1999999999928
20.0 29.379999999999992 731.1999999999928
28.0 20.0 731.1999999999928
28.0 0.0 731.1999999999928
28.0 20.0 731.1999999999928
28.0 0.0 731.1999999999928
28.02 20.0 731.1999999999928
28.02 0.0 731.1999999999928
28.02 20.0 731.1999999999928
28.02 0.0 731.1999999999928
28.02 20.0 731.1999999999928
28.02 0.0 731.1999999999928
28.02 20.0 731.1999999999928
28.02 0.0 731.1999999999928
28.0 20.0 731.1999999999928
28.0 0.0 731.1999999999928
28.0 20.0 731.1999999999928
28.0 0.0 731.1999999999928
27.98 20.0 731.1999999999928
27.98 0.0 731.1999999999928
27.98 20.0 731.1999999999928
27.98 0.0 731.1999999999928
20.0 29.359999999999992 731.1999999999928
20.0 29.359999999999992 731.1999999999928
20.0 29.359999999999992 731.1999999999928
20.0 29.359999999999992 731.1999999999928
20.0 29.359999999999992 731.1999999999928
20.0 29.359999999999992 731.1999999999928
20.0 29.379999999999992 731.1999999999928
20.0 29.379999999999992 731.1999999999928
27.96 20.0 731.1999999999928
27.96 0.0 731.1999999999928
27.96 20.0 731.1999999999928
27.96 0.0 731.1999999999928
24.960000000000022 20.0 731.1999999999928
24.960000000000022 0.0 731.1999999999928
24.960000000000022 20.0 731.1999999999928
24.960000000000022 0.0 731.1999999999928
27.98 20.0 731.1999999999928
27.98 0.0 731.1999999999928
27.98 20.0 731.1999999999928
27.98 0.0 731.1999999999928
24.940000000000023 20.0 731.1999999999928
24.940000000000023 0.0 731.1999999999928
24.940000000000023 20.0 731.1999999999928
24.940000000000023 0.0 731.1999999999928
24.940000000000023 20.0 731.1999999999928
24.940000000000023 0.0 731.1999999999928
24.940000000000023 20.0 731.1999999999928
24.940000000000023 0.0 731.1999999999928
28.0 20.0 731.1999999999928
28.0 0.0 731.1999999999928
28.0 20.0 731.1999999999928
28.0 0.0 731.1999999999928
28.0 20.0 731.1999999999928
28.0 0.0 731.1999999999928
28.0 20.0 731.1999999999928
28.0 0.0 731.1999999999928
24.940000000000023 20.0 731.1999999999928
24.940000000000023 0.0 731.1999999999928
24.940000000000023 20.0 731.1999999999928
24.940000000000023 0.0 731.1999999999928
24.960000000000022 20.0 731.1999999999928
24.960000000000022 0.0 731.1999999999928
24.960000000000022 20.0 731.1999999999928
24.960000000000022 0.0 731.1999999999928
20.0 29.39999999999999 731.1999999999928
20.0 29.39999999999999 731.1999999999928
20.0 29.41999999999999 731.1999999999928
20.0 29.41999999999999 731.1999999999928
27.98 20.0 731.1999999999928
27.98 0.0 731.1999999999928
27.98 20.0 731.1999999999928
27.98 0.0 731.1999999999928
20.0 29.41999999999999 731.1999999999928
20.0 29.41999999999999 731.1999999999928
27.98 20.0 731.1999999999928
27.98 0.0 731.1999999999928
27.98 20.0 731.1999999999928
27.98 0.0 731.1999999999928
24.960000000000022 20.0 731.1999999999928
24.960000000000022 0.0 731.1999999999928
24.960000000000022 20.0 731.1999999999928
24.960000000000022 0.0 731.1999999999928
27.98 20.0 731.1999999999928
27.98 0.0 731.1999999999928
27.98 20.0 731.1999999999928
27.98 0.0 731.1999999999928
27.98 20.0 731.1999999999928
27.98 0.0 731.1999999999928
27.98 20.0 731.1999999999928
27.98 0.0 731.1999999999928
27.96 20.0 731.1999999999928
27.96 0.0 731.1999999999928
27.96 20.0 731.1999999999928
27.96 0.0 731.1999999999928
20.0 29.41999999999999 731.1999999999928
20.0 29.41999999999999 731.1999999999928
20.0 29.43999999999999 731.1999999999928
20.0 29.43999999999999 731.1999999999928
27.96 20.0 731.1999999999928
27.96 0.0 731.1999999999928
27.96 20.0 731.1999999999928
27.96 0.0 731.1999999999928
27.96 20.0 731.1999999999928
27.96 0.0 731.1999999999928
27.96 20.0 731.1999999999928
27.96 0.0 731.1999999999928
27.98 20.0 731.1999999999928
27.98 0.0 731.1999999999928
27.98 20.0 731.1999999999928
27.98 0.0 731.1999999999928
20.0 29.41999999999999 731.1999999999928
20.0 29.41999999999999 731.1999999999928
20.0 29.41999999999999 731.1999999999928
20.0 29.41999999999999 731.1999999999928
20.0 29.43999999999999 731.1999999999928
20.0 29.43999999999999 731.1999999999928
20.0 29.43999999999999 731.1999999999928
20.0 29.43999999999999 731.1999999999928
20.0 29.45999999999999 731.1999999999928
20.0 29.45999999999999 731.1999999999928
20.0 29.43999999999999 731.1999999999928
20.0 29.43999999999999 731.1999999999928
20.0 29.45999999999999 731.1999999999928
20.0 29.45999999999999 731.1999999999928
20.0 29.45999999999999 731.1999999999928
20.0 29.45999999999999 731.1999999999928
20.0 29.719999999999985 731.1999999999928
20.0 29.719999999999985 731.1999999999928
20.0 29.759999999999984 731.1999999999928
20.0 29.759999999999984 731.1999999999928
20.0 29.759999999999984 731.1999999999928
20.0 29.759999999999984 731.1999999999928
20.0 29.779999999999983 731.1999999999928
20.0 29.779999999999983 731.1999999999928
20.0 29.799999999999983 731.1999999999928
20.0 29.799999999999983 731.1999999999928
20.0 29.799999999999983 731.1999999999928
20.0 29.799999999999983 731.1999999999928
20.0 29.799999999999983 731.1999999999928
20.0 29.799999999999983 731.1999999999928
20.0 29.839999999999982 731.1999999999928
20.0 29.839999999999982 731.1999999999928
4.0 4.099999999999998 731.1999999999928
0.2700000000001548 5.950000000000022 731.1999999999928
10.01 1.5100000000001559 731.1999999999928
13.159999999999997 19.019999999999534 731.1999999999928
4.740000000000027 18.999999999999844 731.1999999999928
17.299999999999823 0.060000000000154756 731.1999999999928
20.0 29.819999999999983 731.1999999999928
20.0 29.819999999999983 731.1999999999928
17.99999999999953 3.0599999999999987 731.1999999999928
16.97999999999937 12.999999999999957 731.1999999999928
-0.010000000000001563 9.809999999999983 731.1999999999928
19.99 29.80999999999998 731.1999999999928
-0.010000000000001563 9.809999999999983 731.1999999999928
19.99 29.80999999999998 731.1999999999928
16.63999999999963 6.880000000000003 731.1999999999928
7.010000000000021 3.0099999999999785 731.1999999999928
4.049999999999978 12.009999999999978 731.1999999999928
1.0 13.119999999999955 731.1999999999928
16.0899999999997 16.009999999999533 731.1999999999928
9.0 6.439999999999927 731.1999999999928
13.0 9.119999999999997 731.1999999999928
4.980000000000022 0.5200000000000002 731.1999999999928
7.970000000000001 0.08999999999999997 731.1999999999928
18.059999999999697 9.059999999999999 731.1999999999928
18.05 18.649999999999945 731.1999999999928
15.0 3.0 731.1999999999928
9.99 13.009999999999978 731.1999999999928
12.009999999999957 16.909999999999673 731.1999999999928
12.01 4.989999999999979 731.1999999999928
6.529999999999946 9.99 731.1999999999928
2.770000000000026 16.049999999999965 731.1999999999928
2.989999999999979 7.99 731.1999999999928
7.99 16.449999999999445 731.1999999999928
12.940000000000001 1.019999999999999 731.1999999999928
0.99 1.9900000000000213 731.1999999999928
-10 12 731.1999999999928
-10 12 731.1999999999928
-7 9 731.1999999999928
-7 9 731.1999999999928
-10 -8 731.1999999999928
-10 -8 731.1999999999928
-7 -11 731.1999999999928
-7 -11 731.1999999999928
-8 -16 731.1999999999928
-8 -16 731.1999999999928
0.0 -11.0 731.1999999999928
0.0 -11.0 731.1999999999928
0.0 -11.0 731.1999999999928
0.0 -11.0 731.1999999999928
0.0 -11.0 731.1999999999928
0.0 -11.0 731.1999999999928
0.0 -11.0 731.1999999999928
0.0 -11.0 731.1999999999928
0.0 -11.0 731.1999999999928
0.0 -11.0 731.1999999999928
0.0 -11.0 731.1999999999928
0.0 -11.0 731.1999999999928
0.0 -11.0 731.1999999999928
0.0 -11.0 731.1999999999928
0.0 -11.02 731.1999999999928
0.0 -11.02 731.1999999999928
0.0 -11.0 731.1999999999928
0.0 -11.0 731.1999999999928
0.0 -10.98 731.1999999999928
0.0 -10.98 731.1999999999928
0.0 -10.96 731.1999999999928
0.0 -10.96 731.1999999999928
0.0 -10.96 731.1999999999928
0.0 -10.96 731.1999999999928
0.0 -10.96 731.1999999999928
0.0 -10.96 731.1999999999928
0.0 -10.96 731.1999999999928
0.0 -10.96 731.1999999999928
0.0 -10.98 731.1999999999928
0.0 -10.98 731.1999999999928
0.0 -11.0 731.1999999999928
0.0 -11.0 731.1999999999928
0.0 -11.0 731.1999999999928
0.0 -11.0 731.1999999999928
0.0 -11.0 731.1999999999928
0.0 -11.0 731.1999999999928
0.0 -11.0 731.1999999999928
0.0 -11.0 731.1999999999928
0.0 -11.0 731.1999999999928
0.0 -11.0 731.1999999999928
0.0 -11.0 731.1999999999928
0.0 -11.0 731.1999999999928
0.0 -10.900000000000002 731.1999999999928
0.0 -10.900000000000002 731.1999999999928
0.0 -10.880000000000003 731.1999999999928
0.0 -10.880000000000003 731.1999999999928
0.0 -10.860000000000003 731.1999999999928
0.0 -10.860000000000003 731.1999999999928
0.0 -10.840000000000003 731.1999999999928
0.0 -10.840000000000003 731.1999999999928
0.0 -10.840000000000003 731.1999999999928
0.0 -10.840000000000003 731.1999999999928
0.0 -10.820000000000004 731.1999999999928
0.0 -10.820000000000004 731.1999999999928
0.0 -10.820000000000004 731.1999999999928
0.0 -10.820000000000004 731.1999999999928
0.0 -10.820000000000004 731.1999999999928
0.0 -10.820000000000004 731.1999999999928
0.0 -10.840000000000003 731.1999999999928
0.0 -10.840000000000003 731.1999999999928
0.0 -10.820000000000004 731.1999999999928
0.0 -10.820000000000004 731.1999999999928
0.0 -10.820000000000004 731.1999999999928
0.0 -10.820000000000004 731.1999999999928
0.0 -10.840000000000003 731.1999999999928
0.0 -10.840000000000003 731.1999999999928
0.0 -10.840000000000003 731.1999999999928
0.0 -10.840000000000003 731.1999999999928
-5.01 -17.030000000000005 731.1999999999928
-5.01 -17.030000000000005 731.1999999999928
0.0 -10.840000000000003 731.1999999999928
0.0 -10.840000000000003 731.1999999999928
0.0 -10.840000000000003 731.1999999999928
0.0 -10.840000000000003 731.1999999999928
0.0 -10.860000000000003 731.1999999999928
0.0 -10.860000000000003 731.1999999999928
0.0 -10.860000000000003 731.1999999999928
0.0 -10.860000000000003 731.1999999999928
0.0 -10.840000000000003 731.1999999999928
0.0 -10.840000000000003 731.1999999999928
0.0 -10.820000000000004 731.1999999999928
0.0 -10.820000000000004 731.1999999999928
0.0 -10.820000000000004 731.1999999999928
0.0 -10.820000000000004 731.1999999999928
0.0 -10.820000000000004 731.1999999999928
0.0 -10.820000000000004 731.1999999999928
0.0 -10.840000000000003 731.1999999999928
0.0 -10.840000000000003 731.1999999999928
0.0 -10.840000000000003 731.1999999999928
0.0 -10.840000000000003 731.1999999999928
0.0 -10.860000000000003 731.1999999999928
0.0 -10.860000000000003 731.1999999999928
0.0 -10.860000000000003 731.1999999999928
0.0 -10.860000000000003 731.1999999999928
0.0 -10.840000000000003 731.1999999999928
0.0 -10.840000000000003 731.1999999999928
0.0 -10.860000000000003 731.1999999999928
0.0 -10.860000000000003 731.1999999999928
0.0 -10.860000000000003 731.1999999999928
0.0 -10.860000000000003 731.1999999999928
0.0 -10.880000000000003 731.1999999999928
0.0 -10.880000000000003 731.1999999999928
0.0 -10.860000000000003 731.1999999999928
0.0 -10.860000000000003 731.1999999999928
0.0 -10.860000000000003 731.1999999999928
0.0 -10.860000000000003 731.1999999999928
0.0 -10.880000000000003 731.1999999999928
0.0 -10.880000000000003 731.1999999999928
0.0 -10.900000000000002 731.1999999999928
0.0 -10.900000000000002 731.1999999999928
0.0 -10.920000000000002 731.1999999999928
0.0 -10.920000000000002 731.1999999999928
0.0 -10.940000000000001 731.1999999999928
0.0 -10.940000000000001 731.1999999999928
0.0 -10.940000000000001 731.1999999999928
0.0 -10.940000000000001 731.1999999999928
0.0 -10.940000000000001 731.1999999999928
0.0 -10.940000000000001 731.1999999999928
0.0 -10.920000000000002 731.1999999999928
0.0 -10.920000000000002 731.1999999999928
0.0 -10.920000000000002 731.1999999999928
0.0 -10.920000000000002 731.1999999999928
0.0 -10.920000000000002 731.1999999999928
0.0 -10.920000000000002 731.1999999999928
0.0 -10.900000000000002 731.1999999999928
0.0 -10.900000000000002 731.1999999999928
0.0 -10.880000000000003 731.1999999999928
0.0 -10.880000000000003 731.1999999999928
0.0 -10.880000000000003 731.1999999999928
0.0 -10.880000000000003 731.1999999999928
0.0 -10.880000000000003 731.1999999999928
0.0 -10.880000000000003 731.1999999999928
0.0 -10.860000000000003 731.1999999999928
0.0 -10.860000000000003 731.1999999999928
0.0 -10.860000000000003 731.1999999999928
0.0 -10.860000000000003 731.1999999999928
0.0 -10.840000000000003 731.1999999999928
0.0 -10.840000000000003 731.1999999999928
0.0 -10.840000000000003 731.1999999999928
0.0 -10.840000000000003 731.1999999999928
0.0 -10.820000000000004 731.1999999999928
0.0 -10.820000000000004 731.1999999999928
0.0 -10.820000000000004 731.1999999999928
0.0 -10.820000000000004 731.1999999999928
0.0 -10.840000000000003 731.1999999999928
0.0 -10.840000000000003 731.1999999999928
0.0 -10.860000000000003 731.1999999999928
0.0 -10.860000000000003 731.1999999999928
0.0 -10.820000000000004 731.1999999999928
0.0 -10.820000000000004 731.1999999999928
0.0 -10.820000000000004 731.1999999999928
0.0 -10.820000000000004 731.1999999999928
0.0 -10.840000000000003 731.1999999999928
0.0 -10.840000000000003 731.1999999999928
0.0 -10.840000000000003 731.1999999999928
0.0 -10.840000000000003 731.1999999999928
0.0 -10.840000000000003 731.1999999999928
0.0 -10.840000000000003 731.1999999999928
0.0 -10.840000000000003 731.1999999999928
0.0 -10.840000000000003 731.1999999999928
0.0 -10.840000000000003 731.1999999999928
0.0 -10.840000000000003 731.1999999999928
0.0 -10.820000000000004 731.1999999999928
0.0 -10.820000000000004 731.1999999999928
0.0 -10.820000000000004 731.1999999999928
0.0 -10.820000000000004 731.1999999999928
0.0 -10.820000000000004 731.1999999999928
0.0 -10.820000000000004 731.1999999999928
0.0 -10.820000000000004 731.1999999999928
0.0 -10.820000000000004 731.1999999999928
0.0 -10.820000000000004 731.1999999999928
0.0 -10.820000000000004 731.1999999999928
0.0 -10.800000000000004 731.1999999999928
0.0 -10.800000000000004 731.1999999999928
0.0 -10.800000000000004 731.1999999999928
0.0 -10.800000000000004 731.1999999999928
0.0 -10.800000000000004 731.1999999999928
0.0 -10.800000000000004 731.1999999999928
0.0 -10.800000000000004 731.1999999999928
0.0 -10.800000000000004 731.1999999999928
0.0 -10.780000000000005 731.1999999999928
0.0 -10.780000000000005 731.1999999999928
0.0 -10.760000000000005 731.1999999999928
0.0 -10.760000000000005 731.1999999999928
0.0 -10.740000000000006 731.1999999999928
0.0 -10.740000000000006 731.1999999999928
0.0 -10.760000000000005 731.1999999999928
0.0 -10.760000000000005 731.1999999999928
0.0 -10.760000000000005 731.1999999999928
0.0 -10.760000000000005 731.1999999999928
0.0 -10.740000000000006 731.1999999999928
0.0 -10.740000000000006 731.1999999999928
0.0 -10.760000000000005 731.1999999999928
0.0 -10.760000000000005 731.1999999999928
0.0 -10.740000000000006 731.1999999999928
0.0 -10.740000000000006 731.1999999999928
0.0 -10.740000000000006 731.1999999999928
0.0 -10.740000000000006 731.1999999999928
0.0 -10.720000000000006 731.1999999999928
0.0 -10.720000000000006 731.1999999999928
0.0 -10.720000000000006 731.1999999999928
0.0 -10.720000000000006 731.1999999999928
0.0 -10.700000000000006 731.1999999999928
0.0 -10.700000000000006 731.1999999999928
0.0 -10.720000000000006 731.1999999999928
0.0 -10.720000000000006 731.1999999999928
0.0 -10.720000000000006 731.1999999999928
0.0 -10.720000000000006 731.1999999999928
0.0 -10.740000000000006 731.1999999999928
0.0 -10.740000000000006 731.1999999999928
0.0 -10.740000000000006 731.1999999999928
0.0 -10.740000000000006 731.1999999999928
0.0 -10.720000000000006 731.1999999999928
0.0 -10.720000000000006 731.1999999999928
0.0 -10.720000000000006 731.1999999999928
0.0 -10.720000000000006 731.1999999999928
0.0 -10.740000000000006 731.1999999999928
0.0 -10.740000000000006 731.1999999999928
0.0 -10.740000000000006 731.1999999999928
0.0 -10.740000000000006 731.1999999999928
0.0 -10.720000000000006 731.1999999999928
0.0 -10.720000000000006 731.1999999999928
0.0 -10.720000000000006 731.1999999999928
0.0 -10.720000000000006 731.1999999999928
0.0 -10.720000000000006 731.1999999999928
0.0 -10.720000000000006 731.1999999999928
0.0 -10.700000000000006 731.1999999999928
0.0 -10.700000000000006 731.1999999999928
0.0 -10.700000000000006 731.1999999999928
0.0 -10.700000000000006 731.1999999999928
0.0 -10.700000000000006 731.1999999999928
0.0 -10.700000000000006 731.1999999999928
0.0 -10.720000000000006 731.1999999999928
0.0 -10.720000000000006 731.1999999999928
0.0 -10.700000000000006 731.1999999999928
0.0 -10.700000000000006 731.1999999999928
0.0 -10.720000000000006 731.1999999999928
0.0 -10.720000000000006 731.1999999999928
0.0 -10.720000000000006 731.1999999999928
0.0 -10.720000000000006 731.1999999999928
0.0 -10.740000000000006 731.1999999999928
0.0 -10.740000000000006 731.1999999999928
0.0 -10.740000000000006 731.1999999999928
0.0 -10.740000000000006 731.1999999999928
0.0 -10.720000000000006 731.1999999999928
0.0 -10.720000000000006 731.1999999999928
0.0 -10.700000000000006 731.1999999999928
0.0 -10.700000000000006 731.1999999999928
0.0 -10.700000000000006 731.1999999999928
0.0 -10.700000000000006 731.1999999999928
0.0 -10.720000000000006 731.1999999999928
0.0 -10.720000000000006 731.1999999999928
0.0 -10.700000000000006 731.1999999999928
0.0 -10.700000000000006 731.1999999999928
0.0 -10.680000000000007 731.1999999999928
0.0 -10.680000000000007 731.1999999999928
0.0 -10.680000000000007 731.1999999999928
0.0 -10.680000000000007 731.1999999999928
0.0 -10.660000000000007 731.1999999999928
0.0 -10.660000000000007 731.1999999999928
0.0 -10.660000000000007 731.1999999999928
0.0 -10.660000000000007 731.1999999999928
0.0 -10.660000000000007 731.1999999999928
0.0 -10.660000000000007 731.1999999999928
0.0 -10.660000000000007 731.1999999999928
0.0 -10.660000000000007 731.1999999999928
0.0 -10.660000000000007 731.1999999999928
0.0 -10.660000000000007 731.1999999999928
0.0 -10.680000000000007 731.1999999999928
0.0 -10.680000000000007 731.1999999999928
0.0 -10.660000000000007 731.1999999999928
0.0 -10.660000000000007 731.1999999999928
0.0 -10.660000000000007 731.1999999999928
0.0 -10.660000000000007 731.1999999999928
0.0 -10.660000000000007 731.1999999999928
0.0 -10.660000000000007 731.1999999999928
0.0 -10.680000000000007 731.1999999999928
0.0 -10.680000000000007 731.1999999999928
0.0 -10.700000000000006 731.1999999999928
0.0 -10.700000000000006 731.1999999999928
0.0 -10.720000000000006 731.1999999999928
0.0 -10.720000000000006 731.1999999999928
0.0 -10.720000000000006 731.1999999999928
0.0 -10.720000000000006 731.1999999999928
0.0 -10.700000000000006 731.1999999999928
0.0 -10.700000000000006 731.1999999999928
0.0 -10.720000000000006 731.1999999999928
0.0 -10.720000000000006 731.1999999999928
0.0 -10.680000000000007 731.1999999999928
0.0 -10.680000000000007 731.1999999999928
0.0 -10.660000000000007 731.1999999999928
0.0 -10.660000000000007 731.1999999999928
0.0 -10.640000000000008 731.1999999999928
0.0 -10.640000000000008 731.1999999999928
0.0 -10.620000000000008 731.1999999999928
0.0 -10.620000000000008 731.1999999999928
0.0 -10.620000000000008 731.1999999999928
0.0 -10.620000000000008 731.1999999999928
0.0 -10.620000000000008 731.1999999999928
0.0 -10.620000000000008 731.1999999999928
0.0 -10.640000000000008 731.1999999999928
0.0 -10.640000000000008 731.1999999999928
0.0 -10.640000000000008 731.1999999999928
0.0 -10.640000000000008 731.1999999999928
0.0 -10.640000000000008 731.1999999999928
0.0 -10.640000000000008 731.1999999999928
0.0 -10.620000000000008 731.1999999999928
0.0 -10.620000000000008 731.1999999999928
0.0 -10.600000000000009 731.1999999999928
0.0 -10.600000000000009 731.1999999999928
0.0 -10.580000000000009 731.1999999999928
0.0 -10.580000000000009 731.1999999999928
0.0 -10.580000000000009 731.1999999999928
0.0 -10.580000000000009 731.1999999999928
0.0 -10.580000000000009 731.1999999999928
0.0 -10.580000000000009 731.1999999999928
0.0 -10.56000000000001 731.1999999999928
0.0 -10.56000000000001 731.1999999999928
0.0 -10.580000000000009 731.1999999999928
0.0 -10.580000000000009 731.1999999999928
0.0 -10.580000000000009 731.1999999999928
0.0 -10.580000000000009 731.1999999999928
0.0 -10.56000000000001 731.1999999999928
0.0 -10.56000000000001 731.1999999999928
0.0 -10.56000000000001 731.1999999999928
0.0 -10.56000000000001 731.1999999999928
0.0 -10.54000000000001 731.1999999999928
0.0 -10.54000000000001 731.1999999999928
0.0 -10.56000000000001 731.1999999999928
0.0 -10.56000000000001 731.1999999999928
0.0 -10.54000000000001 731.1999999999928
0.0 -10.54000000000001 731.1999999999928
0.0 -10.54000000000001 731.1999999999928
0.0 -10.54000000000001 731.1999999999928
0.0 -10.280000000000015 731.1999999999928
0.0 -10.280000000000015 731.1999999999928
0.0 -10.240000000000016 731.1999999999928
0.0 -10.240000000000016 731.1999999999928
0.0 -10.240000000000016 731.1999999999928
0.0 -10.240000000000016 731.1999999999928
0.0 -10.220000000000017 731.1999999999928
0.0 -10.220000000000017 731.1999999999928
0.0 -10.200000000000017 731.1999999999928
0.0 -10.200000000000017 731.1999999999928
0.0 -10.200000000000017 731.1999999999928
0.0 -10.200000000000017 731.1999999999928
0.0 -10.200000000000017 731.1999999999928
0.0 -10.200000000000017 731.1999999999928
0.0 -10.160000000000018 731.1999999999928
0.0 -10.160000000000018 731.1999999999928
0.0 -10.180000000000017 731.1999999999928
0.0 -10.180000000000017 731.1999999999928
-0.010000000000001563 -10.190000000000017 731.1999999999928
-0.010000000000001563 -10.190000000000017 731.1999999999928
-8 4 731.1999999999928
-8 4 731.1999999999928
-5.01 2.9699999999999953 731.1999999999928
-5.01 2.9699999999999953 731.1999999999928
10 -8 731.1999999999928
10 -8 731.1999999999928
24 -6 731.1999999999928
24 -6 731.1999999999928
24 -10 731.1999999999928
24 -10 731.1999999999928
23 -9 731.1999999999928
23 -9 731.1999999999928
4 -6 731.1999999999928
4 -6 731.1999999999928
4 -10 731.1999999999928
4 -10 731.1999999999928
3 -9 731.1999999999928
3 -9 731.1999999999928
