28 7 0
28 27 0
28 14 0
28 14 0
25 9 0
25 29 0
24 8 0
24 28 0
29 6 0
29 26 0
29 3 0
29 23 0
26 6 0
26 26 0
24 5 0
24 25 0
20.67999999999989 19.999999999999844 0
20.67999999999989 19.999999999999844 0
21.169999999999874 21.00999999999999 0
19.999999999999794 20.219999999999843 0
19.999999999999794 20.219999999999843 0
9.98 12.0 0
3.01 2.9900000000000215 0
17.020000000000138 13.620000000000008 0
9.999999999999979 3.4399999999999906 0
18.999999999999627 17.379999999999434 0
7.99 8.009999999999978 0
16.00999999999998 18.00999999999969 0
17.01 8.990000000000022 0
6.01 5.110000000000019 0
6.9900000000000215 1.09 0
12.98 16.019999999999847 0
19.999999999999876 23.139999999999823 0
19.999999999999876 23.139999999999823 0
3.950000000000001 4.99 0
18.99999999999953 7.619999999999987 0
12.009999999999936 7.029999999999978 0
17.99999999999922 4.02 0
15.0 3.2199999999999753 0
14.019999999999957 11.000000000000021 0
8 27 0
5 29 0
-10 12 0
-10 12 0
4 28 0
9 26 0
-8 12 0
-8 12 0
9 23 0
6 26 0
4 25 0
1.8799999999999957 20.879999999999978 0
1.8599999999999939 20.859999999999975 0
1.8399999999999908 20.83999999999997 0
-5.970000000000001 14.99 0
-5.970000000000001 14.99 0
1.7799999999999845 20.779999999999962 0
1.7599999999999818 20.75999999999996 0
1.7199999999999787 20.719999999999953 0
1.609999999999976 20.609999999999935 0
1.579999999999973 20.57999999999993 0
1.5499999999999703 20.549999999999926 0
1.5299999999999672 20.529999999999923 0
1.459999999999964 20.459999999999912 0
1.3899999999999606 20.3899999999999 0
1.33999999999996 20.339999999999893 0
1.2499999999999576 20.24999999999988 0
1.2099999999999527 20.209999999999873 0
1.1799999999999495 20.17999999999987 0
1.1499999999999468 20.149999999999864 0
1.1099999999999421 20.10999999999986 0
-4.430000000000012 14.03 0
-4.430000000000012 14.03 0
1.1699999999998738 21.00999999999999 0
-2.0605739337042905e-13 19.999999999999844 0
-2.0605739337042905e-13 19.999999999999844 0
-2.0250467969162855e-13 19.999999999999844 0
-2.0250467969162855e-13 19.999999999999844 0
1.0099999999999332 18.949999999999687 0
-2.0605739337042905e-13 0.21999999999984374 0
-2.0605739337042905e-13 0.21999999999984374 0
6.000000000000043 18.89999999999967 0
0.009999999999786837 18.969999999999683 0
0.9699999999999398 15.789999999999225 0
9.0 16.999999999999844 0
6.000000000000043 13.98 0
1.009999999999933 2.2699999999998397 0
-1.2434497875801753e-13 3.139999999999821 0
-1.2434497875801753e-13 3.139999999999821 0
2.0099999999999416 18.969999999999683 0
4.970000000000001 10.009999999999978 0
1.0000000000001128 11.999999999999957 0
3.2899999999999725 16.989999999999373 0
1.9500000000000426 7.970000000000001 0
8 -6 0
8 -6 0
-5 -20 0
-5 -20 0
10 -8 0
10 -8 0
12 -8 0
12 -8 0
0.10999999999980362 -0.19000000000018602 0
0.10999999999980362 -0.19000000000018602 0
-2.0605739337042905e-13 -19.780000000000157 0
-2.0605739337042905e-13 -19.780000000000157 0
-1.2434497875801753e-13 -16.860000000000177 0
-1.2434497875801753e-13 -16.860000000000177 0
28 -6 0
28 -6 0
21.84999999999999 0.8499999999999746 0
21.829999999999988 0.8299999999999714 0
21.809999999999985 0.8099999999999683 0
14.03 -5.01 0
14.03 -5.01 0
21.709999999999976 0.7099999999999527 0
21.55999999999997 0.5599999999999292 0
21.519999999999964 0.519999999999923 0
21.37999999999996 0.3799999999999011 0
21.32999999999996 0.32999999999989327 0
21.219999999999953 0.21999999999987607 0
21.129999999999942 0.12999999999986356 0
21.069999999999936 0.0699999999998609 0
20.889999999999922 0.00999999999984368 0
0.8399999999999161 -1.5631940186722204e-13 0
0.8399999999999161 -1.5631940186722204e-13 0
20.80999999999991 0.00999999999984368 0
0.7799999999999099 0.01999999999984368 0
0.6799999999998911 -0.04000000000016257 0
0.6799999999998911 -0.04000000000016257 0
0.659999999999888 -0.020000000000159446 0
0.659999999999888 -0.020000000000159446 0
0.6199999999998818 -1.5631940186722204e-13 0
0.6199999999998818 -1.5631940186722204e-13 0
15.569999999999988 -5.970000000000001 0
15.569999999999988 -5.970000000000001 0
0.6799999999998896 -1.5631940186722204e-13 0
20.67999999999989 -1.5631940186722204e-13 0
0.6799999999998896 -1.5631940186722204e-13 0
20.67999999999989 -1.5631940186722204e-13 0
21.169999999999874 1.0099999999999891 0
19.999999999999794 -1.5631940186722204e-13 0
19.999999999999794 -1.5631940186722204e-13 0
19.999999999999797 -1.5631940186722204e-13 0
19.999999999999797 -1.5631940186722204e-13 0
19.689999999999745 0.00999999999984368 0
0.9999999999999267 0.059999999999843685 0
1.6599999999999322 0.09999999999984367 0
3.6899999999999014 0.00999999999984368 0
9.95999999999998 0.060000000000311075 0
12.98 0.7000000000001125 0
17.64999999999942 1.0099999999998444 0
-5 0 0
-5 0 0
-10 -8 0
-10 -8 0
-8 -8 0
-8 -8 0
-5.970000000000001 -5.01 0
-5.970000000000001 -5.01 0
-4.430000000000012 -5.970000000000001 0
-4.430000000000012 -5.970000000000001 0
-2.0605739337042905e-13 -1.5631940186722204e-13 0
-2.0605739337042905e-13 -1.5631940186722204e-13 0
-2.0250467969162855e-13 -1.5631940186722204e-13 0
-2.0250467969162855e-13 -1.5631940186722204e-13 0
