28 7 0
28 27 0
28 14 0
28 14 0
25 9 0
25 29 0
24 8 0
24 28 0
29 6 0
29 26 0
29 3 0
29 23 0
26 6 0
26 26 0
24 5 0
24 25 0
20.67999999999989 19.999999999999844 0
20.67999999999989 19.999999999999844 0
21.169999999999874 21.00999999999999 0
8.0 7.999999999999979 0
19.999999999999794 20.219999999999843 0
19.999999999999794 20.219999999999843 0
18.999999999999627 17.379999999999434 0
3.0299999999999994 2.9900000000000215 0
12.99 15.989999999999846 0
14.009999999999957 11.010000000000021 0
10.019999999999978 3.4999999999999893 0
6.960000000000022 1.1 0
15.98999999999998 18.00999999999969 0
17.01 8.990000000000022 0
5.99 5.110000000000019 0
15.03 3.289999999999974 0
17.989999999999217 4.01 0
4.0 5.02 0
12.039999999999935 7.039999999999978 0
18.99999999999953 7.639999999999986 0
9.98 11.96 0
17.010000000000137 13.630000000000008 0
8 27 0
5 29 0
-10 12 0
-10 12 0
4 28 0
9 26 0
-8 12 0
-8 12 0
9 23 0
6 26 0
4 25 0
1.8799999999999957 20.879999999999978 0
1.8599999999999939 20.859999999999975 0
1.8399999999999908 20.83999999999997 0
-5.970000000000001 14.99 0
-5.970000000000001 14.99 0
1.7799999999999845 20.779999999999962 0
1.7599999999999818 20.75999999999996 0
1.7199999999999787 20.719999999999953 0
1.609999999999976 20.609999999999935 0
1.579999999999973 20.57999999999993 0
1.5499999999999703 20.549999999999926 0
1.5299999999999672 20.529999999999923 0
1.459999999999964 20.459999999999912 0
1.3899999999999606 20.3899999999999 0
1.33999999999996 20.339999999999893 0
1.2499999999999576 20.24999999999988 0
1.2099999999999527 20.209999999999873 0
1.1799999999999495 20.17999999999987 0
1.1499999999999468 20.149999999999864 0
1.1099999999999421 20.10999999999986 0
-4.430000000000012 14.03 0
-4.430000000000012 14.03 0
1.1699999999998738 21.00999999999999 0
-2.0605739337042905e-13 19.999999999999844 0
-2.0605739337042905e-13 19.999999999999844 0
-2.0250467969162855e-13 19.999999999999844 0
-2.0250467969162855e-13 19.999999999999844 0
2.029999999999941 18.989999999999686 0
0.009999999999786837 18.94999999999968 0
0.009999999999875655 3.1699999999998205 0
-2.0605739337042905e-13 0.21999999999984374 0
-2.0605739337042905e-13 0.21999999999984374 0
-0.3200000000002561 19.999999999999844 0
-0.3200000000002561 19.999999999999844 0
8.99 17.009999999999845 0
0.9999999999999332 18.959999999999688 0
5.990000000000043 13.99 0
0.9999999999999398 15.759999999999225 0
0.9999999999999329 2.299999999999839 0
1.9800000000000426 7.98 0
3.2899999999999725 16.96999999999937 0
6.000000000000043 18.859999999999665 0
1.0800000000001129 11.999999999999957 0
5.0 9.999999999999979 0
8 -6 0
8 -6 0
-5 -20 0
-5 -20 0
10 -8 0
10 -8 0
12 -8 0
12 -8 0
0.10999999999980362 -0.19000000000018602 0
0.10999999999980362 -0.19000000000018602 0
-2.0605739337042905e-13 -19.780000000000157 0
-2.0605739337042905e-13 -19.780000000000157 0
28 -6 0
28 -6 0
21.84999999999999 0.8499999999999746 0
21.829999999999988 0.8299999999999714 0
21.809999999999985 0.8099999999999683 0
14.03 -5.01 0
14.03 -5.01 0
21.709999999999976 0.7099999999999527 0
21.55999999999997 0.5599999999999292 0
21.519999999999964 0.519999999999923 0
21.37999999999996 0.3799999999999011 0
21.32999999999996 0.32999999999989327 0
21.219999999999953 0.21999999999987607 0
21.129999999999942 0.12999999999986356 0
21.069999999999936 0.0699999999998609 0
20.889999999999922 0.00999999999984368 0
0.8399999999999161 -1.5631940186722204e-13 0
0.8399999999999161 -1.5631940186722204e-13 0
20.80999999999991 0.00999999999984368 0
0.7799999999999099 0.01999999999984368 0
0.6799999999998911 -0.04000000000016257 0
0.6799999999998911 -0.04000000000016257 0
0.659999999999888 -0.020000000000159446 0
0.659999999999888 -0.020000000000159446 0
0.6199999999998818 -1.5631940186722204e-13 0
0.6199999999998818 -1.5631940186722204e-13 0
15.569999999999988 -5.970000000000001 0
15.569999999999988 -5.970000000000001 0
0.6799999999998896 -1.5631940186722204e-13 0
20.67999999999989 -1.5631940186722204e-13 0
0.6799999999998896 -1.5631940186722204e-13 0
20.67999999999989 -1.5631940186722204e-13 0
21.169999999999874 1.0099999999999891 0
19.999999999999794 -1.5631940186722204e-13 0
19.999999999999794 -1.5631940186722204e-13 0
19.999999999999797 -1.5631940186722204e-13 0
19.999999999999797 -1.5631940186722204e-13 0
0.9999999999999267 0.059999999999843685 0
1.6899999999999322 0.12999999999984366 0
3.6899999999999014 0.00999999999984368 0
9.989999999999979 0.09000000000031107 0
19.679999999999744 -1.5631940186722204e-13 0
19.679999999999744 -1.5631940186722204e-13 0
17.639999999999418 0.9999999999998443 0
12.99 0.7100000000001125 0
-5 0 0
-5 0 0
-0.3200000000002561 -1.5631940186722204e-13 0
-0.3200000000002561 -1.5631940186722204e-13 0
-10 -8 0
-10 -8 0
-8 -8 0
-8 -8 0
-5.970000000000001 -5.01 0
-5.970000000000001 -5.01 0
-4.430000000000012 -5.970000000000001 0
-4.430000000000012 -5.970000000000001 0
-2.0605739337042905e-13 -1.5631940186722204e-13 0
-2.0605739337042905e-13 -1.5631940186722204e-13 0
-2.0250467969162855e-13 -1.5631940186722204e-13 0
-2.0250467969162855e-13 -1.5631940186722204e-13 0
