28 7 0
28 27 0
28 14 0
28 14 0
25 9 0
25 29 0
24 8 0
24 28 0
29 6 0
29 26 0
29 3 0
29 23 0
26 6 0
26 26 0
24 5 0
24 25 0
21.049999999999933 20.04999999999986 0
21.719999999999956 6.960000000000001 0
21.719999999999956 26.96 0
29.179999999999996 18.44000000000007 0
29.179999999999996 18.44000000000007 0
22.389999999999905 4.01 0
22.389999999999905 24.009999999999998 0
27.730000000000004 20.66999999999995 0
21.02999999999993 19.989999999999842 0
21.02999999999993 19.989999999999842 0
10.009999999999978 2.9300000000000015 0
20.789999999999907 20.009999999999845 0
21.619999999999944 20.99999999999999 0
7.99 7.129999999999997 0
3.5100000000000104 4.99 0
16.119999999999997 14.0 0
1.009999999999933 0.08999999999984368 0
6.0 5.840000000000003 0
15.599999999999987 18.999999999999844 0
12.99 17.01 0
7.680000000000007 0.98 0
2.9400000000000013 3.0000000000000213 0
12.179999999999996 11.000000000000021 0
15.02 1.7600000000000013 0
9.98 11.96 0
17.020000000000003 8.900000000000023 0
10.479999999999968 6.02 0
8 27 0
5 29 0
-10 12 0
-10 12 0
4 28 0
9 26 0
-8 12 0
-8 12 0
9 23 0
6 26 0
4 25 0
1.8799999999999957 20.879999999999978 0
1.8599999999999939 20.859999999999975 0
1.8399999999999908 20.83999999999997 0
-5.970000000000001 14.99 0
-5.970000000000001 14.99 0
1.7799999999999845 20.779999999999962 0
1.7599999999999818 20.75999999999996 0
1.7199999999999787 20.719999999999953 0
1.609999999999976 20.609999999999935 0
1.579999999999973 20.57999999999993 0
1.5499999999999703 20.549999999999926 0
1.5299999999999672 20.529999999999923 0
1.459999999999964 20.459999999999912 0
1.3899999999999606 20.3899999999999 0
1.33999999999996 20.339999999999893 0
1.2499999999999576 20.24999999999988 0
1.2099999999999527 20.209999999999873 0
1.1799999999999495 20.17999999999987 0
1.1499999999999468 20.149999999999864 0
1.1099999999999421 20.10999999999986 0
1.079999999999941 20.079999999999856 0
1.0499999999999332 20.04999999999986 0
1.7199999999999562 26.96 0
-7.01 17.109999999999978 0
-7.01 17.109999999999978 0
2.3899999999999046 24.009999999999998 0
-4.5100000000000104 14.069999999999999 0
-4.5100000000000104 14.069999999999999 0
7.730000000000006 20.66999999999995 0
0.7899999999999068 20.009999999999845 0
-1.9200000000001864 10.359999999999992 0
-1.9200000000001864 10.359999999999992 0
2.3499999999999925 19.129999999999708 0
1.6199999999999442 20.99999999999999 0
2.680000000000028 8.02 0
4.98 9.579999999999988 0
0.9999999999999398 19.479999999999762 0
6.170000000000039 14.01 0
9.0 18.0 0
8 -6 0
8 -6 0
-5 -20 0
-5 -20 0
10 -8 0
10 -8 0
12 -8 0
12 -8 0
18.079999999999814 -9.640000000000008 0
-1.9200000000001864 -9.640000000000008 0
18.079999999999814 -9.640000000000008 0
-1.9200000000001864 -9.640000000000008 0
28 -6 0
28 -6 0
21.84999999999999 0.8499999999999746 0
21.829999999999988 0.8299999999999714 0
21.809999999999985 0.8099999999999683 0
14.03 -5.01 0
14.03 -5.01 0
21.709999999999976 0.7099999999999527 0
21.55999999999997 0.5599999999999292 0
21.519999999999964 0.519999999999923 0
21.37999999999996 0.3799999999999011 0
21.32999999999996 0.32999999999989327 0
21.219999999999953 0.21999999999987607 0
21.129999999999942 0.12999999999986356 0
21.069999999999936 0.0699999999998609 0
21.049999999999933 0.0499999999998586 0
0.9199999999999267 -1.5631940186722204e-13 0
0.9199999999999267 -1.5631940186722204e-13 0
20.889999999999922 0.00999999999984368 0
0.8399999999999161 -1.5631940186722204e-13 0
0.8399999999999161 -1.5631940186722204e-13 0
9.179999999999996 -1.5599999999999312 0
29.179999999999996 -1.5599999999999312 0
9.179999999999996 -1.5599999999999312 0
29.179999999999996 -1.5599999999999312 0
12.99 -2.890000000000022 0
12.99 -2.890000000000022 0
15.48999999999999 -5.9300000000000015 0
15.48999999999999 -5.9300000000000015 0
20.80999999999991 0.00999999999984368 0
27.730000000000004 0.6699999999999484 0
1.0299999999999316 -0.010000000000157883 0
21.02999999999993 -0.010000000000157883 0
1.0299999999999316 -0.010000000000157883 0
21.02999999999993 -0.010000000000157883 0
1.3499999999999368 0.00999999999984368 0
20.789999999999907 0.00999999999984368 0
21.619999999999944 0.9999999999999891 0
0.7799999999999099 0.01999999999984368 0
-5 0 0
-5 0 0
-10 -8 0
-10 -8 0
-8 -8 0
-8 -8 0
-5.970000000000001 -5.01 0
-5.970000000000001 -5.01 0
-7.01 -2.890000000000022 0
-7.01 -2.890000000000022 0
-4.5100000000000104 -5.9300000000000015 0
-4.5100000000000104 -5.9300000000000015 0
