28 7 0
28 27 0
28 14 0
28 14 0
25 9 0
25 29 0
24 8 0
24 28 0
29 6 0
29 26 0
29 3 0
29 23 0
26 6 0
26 26 0
24 5 0
24 25 0
20.67999999999989 19.999999999999844 0
20.67999999999989 19.999999999999844 0
21.169999999999874 21.00999999999999 0
2.019999999999932 0.23999999999984375 0
9.999999999999979 3.699999999999985 0
18.979999999999528 7.9599999999999795 0
17.020000000000003 9.020000000000021 0
18.969999999999622 17.129999999999395 0
12.019999999999936 7.019999999999978 0
13.979999999999958 11.000000000000021 0
12.98 16.059999999999853 0
2.99 2.9900000000000215 0
17.99999999999922 4.079999999999998 0
6.029999999999999 4.970000000000022 0
15.0 4.279999999999953 0
17.09000000000015 13.97 0
10.01 11.99 0
16.019999999999982 17.999999999999687 0
3.9800000000000004 5.299999999999994 0
6.950000000000022 1.07 0
7.99 8.029999999999978 0
8 27 0
5 29 0
-10 12 0
-10 12 0
4 28 0
9 26 0
-8 12 0
-8 12 0
9 23 0
6 26 0
4 25 0
1.8799999999999957 20.879999999999978 0
1.8599999999999939 20.859999999999975 0
1.8399999999999908 20.83999999999997 0
-5.970000000000001 14.99 0
-5.970000000000001 14.99 0
1.7799999999999845 20.779999999999962 0
1.7599999999999818 20.75999999999996 0
1.7199999999999787 20.719999999999953 0
1.609999999999976 20.609999999999935 0
1.579999999999973 20.57999999999993 0
1.5499999999999703 20.549999999999926 0
1.5299999999999672 20.529999999999923 0
1.459999999999964 20.459999999999912 0
1.3899999999999606 20.3899999999999 0
1.33999999999996 20.339999999999893 0
1.2499999999999576 20.24999999999988 0
1.2099999999999527 20.209999999999873 0
1.1799999999999495 20.17999999999987 0
1.1499999999999468 20.149999999999864 0
1.1099999999999421 20.10999999999986 0
-4.430000000000012 14.03 0
-4.430000000000012 14.03 0
1.1699999999998738 21.00999999999999 0
-2.0605739337042905e-13 19.999999999999844 0
-2.0605739337042905e-13 19.999999999999844 0
-2.0250467969162855e-13 19.999999999999844 0
-2.0250467969162855e-13 19.999999999999844 0
-1.9539925233402755e-13 19.999999999999844 0
-1.9539925233402755e-13 19.999999999999844 0
0.9999999999999329 2.6199999999998322 0
0.9999999999999332 18.939999999999685 0
2.039999999999941 18.999999999999687 0
5.01 10.009999999999978 0
0.009999999999875655 3.429999999999815 0
0.009999999999786837 18.68999999999964 0
8.99 17.02999999999985 0
0.9999999999999398 15.459999999999232 0
3.3799999999999706 16.999999999999375 0
0.009999999999793943 0.48999999999984395 0
6.060000000000041 14.04 0
6.010000000000042 18.94999999999968 0
1.9500000000000426 7.99 0
1.0100000000001128 12.009999999999957 0
8 -6 0
8 -6 0
-5 -20 0
-5 -20 0
10 -8 0
10 -8 0
12 -8 0
12 -8 0
28 -6 0
28 -6 0
21.84999999999999 0.8499999999999746 0
21.829999999999988 0.8299999999999714 0
21.809999999999985 0.8099999999999683 0
14.03 -5.01 0
14.03 -5.01 0
21.709999999999976 0.7099999999999527 0
21.55999999999997 0.5599999999999292 0
21.519999999999964 0.519999999999923 0
21.37999999999996 0.3799999999999011 0
21.32999999999996 0.32999999999989327 0
21.219999999999953 0.21999999999987607 0
21.129999999999942 0.12999999999986356 0
21.069999999999936 0.0699999999998609 0
20.889999999999922 0.00999999999984368 0
0.8399999999999161 -1.5631940186722204e-13 0
0.8399999999999161 -1.5631940186722204e-13 0
20.80999999999991 0.00999999999984368 0
0.7799999999999099 0.01999999999984368 0
0.6799999999998911 -0.04000000000016257 0
0.6799999999998911 -0.04000000000016257 0
0.659999999999888 -0.020000000000159446 0
0.659999999999888 -0.020000000000159446 0
0.6199999999998818 -1.5631940186722204e-13 0
0.6199999999998818 -1.5631940186722204e-13 0
15.569999999999988 -5.970000000000001 0
15.569999999999988 -5.970000000000001 0
0.6799999999998896 -1.5631940186722204e-13 0
20.67999999999989 -1.5631940186722204e-13 0
0.6799999999998896 -1.5631940186722204e-13 0
20.67999999999989 -1.5631940186722204e-13 0
21.169999999999874 1.0099999999999891 0
19.999999999999794 -1.5631940186722204e-13 0
19.999999999999794 -1.5631940186722204e-13 0
19.999999999999797 -1.5631940186722204e-13 0
19.999999999999797 -1.5631940186722204e-13 0
19.999999999999805 -1.5631940186722204e-13 0
19.999999999999805 -1.5631940186722204e-13 0
1.0099999999999267 0.04999999999984368 0
19.219999999999672 0.03999999999984368 0
9.979999999999979 0.04000000000031108 0
17.369999999999376 1.1899999999998445 0
3.9999999999998948 0.059999999999843685 0
12.99 1.0100000000001128 0
-5 0 0
-5 0 0
-10 -8 0
-10 -8 0
-8 -8 0
-8 -8 0
-5.970000000000001 -5.01 0
-5.970000000000001 -5.01 0
-4.430000000000012 -5.970000000000001 0
-4.430000000000012 -5.970000000000001 0
-2.0605739337042905e-13 -1.5631940186722204e-13 0
-2.0605739337042905e-13 -1.5631940186722204e-13 0
-2.0250467969162855e-13 -1.5631940186722204e-13 0
-2.0250467969162855e-13 -1.5631940186722204e-13 0
-1.9539925233402755e-13 -1.5631940186722204e-13 0
-1.9539925233402755e-13 -1.5631940186722204e-13 0
