0 29 723.9199999999929
20 29 723.9199999999929
13 29 723.9199999999929
13 29 723.9199999999929
22 8 723.9199999999929
2 28 723.9199999999929
22 28 723.9199999999929
26 0 723.9199999999929
26 20 723.9199999999929
24 14 723.9199999999929
24 14 723.9199999999929
24 4 723.9199999999929
4 24 723.9199999999929
24 24 723.9199999999929
12 24 723.9199999999929
12 24 723.9199999999929
28 0 723.9199999999929
28 20 723.9199999999929
24 10 723.9199999999929
24 10 723.9199999999929
29 3 723.9199999999929
9 23 723.9199999999929
29 23 723.9199999999929
23 11 723.9199999999929
23 11 723.9199999999929
20.0 29.0 723.9199999999929
20.0 29.0 723.9199999999929
26.0 20.0 723.9199999999929
26.0 0.0 723.9199999999929
26.0 20.0 723.9199999999929
26.0 0.0 723.9199999999929
20.0 29.0 723.9199999999929
20.0 29.0 723.9199999999929
25.98 20.0 723.9199999999929
25.98 0.0 723.9199999999929
25.98 20.0 723.9199999999929
25.98 0.0 723.9199999999929
25.98 20.0 723.9199999999929
25.98 0.0 723.9199999999929
25.98 20.0 723.9199999999929
25.98 0.0 723.9199999999929
25.94 20.0 723.9199999999929
25.94 0.0 723.9199999999929
25.94 20.0 723.9199999999929
25.94 0.0 723.9199999999929
20.0 29.0 723.9199999999929
20.0 29.0 723.9199999999929
20.0 29.0 723.9199999999929
20.0 29.0 723.9199999999929
27.98 20.0 723.9199999999929
27.98 0.0 723.9199999999929
27.98 20.0 723.9199999999929
27.98 0.0 723.9199999999929
20.0 29.0 723.9199999999929
20.0 29.0 723.9199999999929
20.0 29.0 723.9199999999929
20.0 29.0 723.9199999999929
28.02 20.0 723.9199999999929
28.02 0.0 723.9199999999929
28.02 20.0 723.9199999999929
28.02 0.0 723.9199999999929
25.900000000000002 20.0 723.9199999999929
25.900000000000002 0.0 723.9199999999929
25.900000000000002 20.0 723.9199999999929
25.900000000000002 0.0 723.9199999999929
25.900000000000002 20.0 723.9199999999929
25.900000000000002 0.0 723.9199999999929
25.900000000000002 20.0 723.9199999999929
25.900000000000002 0.0 723.9199999999929
25.900000000000002 20.0 723.9199999999929
25.900000000000002 0.0 723.9199999999929
25.900000000000002 20.0 723.9199999999929
25.900000000000002 0.0 723.9199999999929
25.880000000000003 20.0 723.9199999999929
25.880000000000003 0.0 723.9199999999929
25.880000000000003 20.0 723.9199999999929
25.880000000000003 0.0 723.9199999999929
20.0 29.0 723.9199999999929
20.0 29.0 723.9199999999929
25.880000000000003 20.0 723.9199999999929
25.880000000000003 0.0 723.9199999999929
25.880000000000003 20.0 723.9199999999929
25.880000000000003 0.0 723.9199999999929
28.0 20.0 723.9199999999929
28.0 0.0 723.9199999999929
28.0 20.0 723.9199999999929
28.0 0.0 723.9199999999929
25.860000000000003 20.0 723.9199999999929
25.860000000000003 0.0 723.9199999999929
25.860000000000003 20.0 723.9199999999929
25.860000000000003 0.0 723.9199999999929
25.840000000000003 20.0 723.9199999999929
25.840000000000003 0.0 723.9199999999929
25.840000000000003 20.0 723.9199999999929
25.840000000000003 0.0 723.9199999999929
28.0 20.0 723.9199999999929
28.0 0.0 723.9199999999929
28.0 20.0 723.9199999999929
28.0 0.0 723.9199999999929
25.820000000000004 20.0 723.9199999999929
25.820000000000004 0.0 723.9199999999929
25.820000000000004 20.0 723.9199999999929
25.820000000000004 0.0 723.9199999999929
25.820000000000004 20.0 723.9199999999929
25.820000000000004 0.0 723.9199999999929
25.820000000000004 20.0 723.9199999999929
25.820000000000004 0.0 723.9199999999929
20.0 28.98 723.9199999999929
20.0 28.98 723.9199999999929
25.800000000000004 20.0 723.9199999999929
25.800000000000004 0.0 723.9199999999929
25.800000000000004 20.0 723.9199999999929
25.800000000000004 0.0 723.9199999999929
25.780000000000005 20.0 723.9199999999929
25.780000000000005 0.0 723.9199999999929
25.780000000000005 20.0 723.9199999999929
25.780000000000005 0.0 723.9199999999929
25.780000000000005 20.0 723.9199999999929
25.780000000000005 0.0 723.9199999999929
25.780000000000005 20.0 723.9199999999929
25.780000000000005 0.0 723.9199999999929
28.0 20.0 723.9199999999929
28.0 0.0 723.9199999999929
28.0 20.0 723.9199999999929
28.0 0.0 723.9199999999929
25.780000000000005 20.0 723.9199999999929
25.780000000000005 0.0 723.9199999999929
25.780000000000005 20.0 723.9199999999929
25.780000000000005 0.0 723.9199999999929
20.0 29.0 723.9199999999929
20.0 29.0 723.9199999999929
25.780000000000005 20.0 723.9199999999929
25.780000000000005 0.0 723.9199999999929
25.780000000000005 20.0 723.9199999999929
25.780000000000005 0.0 723.9199999999929
28.0 20.0 723.9199999999929
28.0 0.0 723.9199999999929
28.0 20.0 723.9199999999929
28.0 0.0 723.9199999999929
20.0 29.02 723.9199999999929
20.0 29.02 723.9199999999929
27.98 20.0 723.9199999999929
27.98 0.0 723.9199999999929
27.98 20.0 723.9199999999929
27.98 0.0 723.9199999999929
27.98 20.0 723.9199999999929
27.98 0.0 723.9199999999929
27.98 20.0 723.9199999999929
27.98 0.0 723.9199999999929
28.0 20.0 723.9199999999929
28.0 0.0 723.9199999999929
28.0 20.0 723.9199999999929
28.0 0.0 723.9199999999929
25.740000000000006 20.0 723.9199999999929
25.740000000000006 0.0 723.9199999999929
25.740000000000006 20.0 723.9199999999929
25.740000000000006 0.0 723.9199999999929
25.720000000000006 20.0 723.9199999999929
25.720000000000006 0.0 723.9199999999929
25.720000000000006 20.0 723.9199999999929
25.720000000000006 0.0 723.9199999999929
27.98 20.0 723.9199999999929
27.98 0.0 723.9199999999929
27.98 20.0 723.9199999999929
27.98 0.0 723.9199999999929
25.700000000000006 20.0 723.9199999999929
25.700000000000006 0.0 723.9199999999929
25.700000000000006 20.0 723.9199999999929
25.700000000000006 0.0 723.9199999999929
28.0 20.0 723.9199999999929
28.0 0.0 723.9199999999929
28.0 20.0 723.9199999999929
28.0 0.0 723.9199999999929
25.700000000000006 20.0 723.9199999999929
25.700000000000006 0.0 723.9199999999929
25.700000000000006 20.0 723.9199999999929
25.700000000000006 0.0 723.9199999999929
20.0 29.04 723.9199999999929
20.0 29.04 723.9199999999929
20.0 29.04 723.9199999999929
20.0 29.04 723.9199999999929
20.0 29.04 723.9199999999929
20.0 29.04 723.9199999999929
25.54000000000001 20.0 723.9199999999929
25.54000000000001 0.0 723.9199999999929
25.54000000000001 20.0 723.9199999999929
25.54000000000001 0.0 723.9199999999929
20.0 29.04 723.9199999999929
20.0 29.04 723.9199999999929
25.52000000000001 20.0 723.9199999999929
25.52000000000001 0.0 723.9199999999929
25.52000000000001 20.0 723.9199999999929
25.52000000000001 0.0 723.9199999999929
25.50000000000001 20.0 723.9199999999929
25.50000000000001 0.0 723.9199999999929
25.50000000000001 20.0 723.9199999999929
25.50000000000001 0.0 723.9199999999929
20.0 29.02 723.9199999999929
20.0 29.02 723.9199999999929
25.48000000000001 20.0 723.9199999999929
25.48000000000001 0.0 723.9199999999929
25.48000000000001 20.0 723.9199999999929
25.48000000000001 0.0 723.9199999999929
28.0 20.0 723.9199999999929
28.0 0.0 723.9199999999929
28.0 20.0 723.9199999999929
28.0 0.0 723.9199999999929
28.0 20.0 723.9199999999929
28.0 0.0 723.9199999999929
28.0 20.0 723.9199999999929
28.0 0.0 723.9199999999929
25.46000000000001 20.0 723.9199999999929
25.46000000000001 0.0 723.9199999999929
25.46000000000001 20.0 723.9199999999929
25.46000000000001 0.0 723.9199999999929
20.0 29.0 723.9199999999929
20.0 29.0 723.9199999999929
25.420000000000012 20.0 723.9199999999929
25.420000000000012 0.0 723.9199999999929
25.420000000000012 20.0 723.9199999999929
25.420000000000012 0.0 723.9199999999929
25.380000000000013 20.0 723.9199999999929
25.380000000000013 0.0 723.9199999999929
25.380000000000013 20.0 723.9199999999929
25.380000000000013 0.0 723.9199999999929
25.360000000000014 20.0 723.9199999999929
25.360000000000014 0.0 723.9199999999929
25.360000000000014 20.0 723.9199999999929
25.360000000000014 0.0 723.9199999999929
20.0 29.0 723.9199999999929
20.0 29.0 723.9199999999929
25.360000000000014 20.0 723.9199999999929
25.360000000000014 0.0 723.9199999999929
25.360000000000014 20.0 723.9199999999929
25.360000000000014 0.0 723.9199999999929
20.0 29.0 723.9199999999929
20.0 29.0 723.9199999999929
25.300000000000015 20.0 723.9199999999929
25.300000000000015 0.0 723.9199999999929
25.300000000000015 20.0 723.9199999999929
25.300000000000015 0.0 723.9199999999929
20.0 29.0 723.9199999999929
20.0 29.0 723.9199999999929
28.0 20.0 723.9199999999929
28.0 0.0 723.9199999999929
28.0 20.0 723.9199999999929
28.0 0.0 723.9199999999929
25.280000000000015 20.0 723.9199999999929
25.280000000000015 0.0 723.9199999999929
25.280000000000015 20.0 723.9199999999929
25.280000000000015 0.0 723.9199999999929
25.240000000000016 20.0 723.9199999999929
25.240000000000016 0.0 723.9199999999929
25.240000000000016 20.0 723.9199999999929
25.240000000000016 0.0 723.9199999999929
20.0 29.0 723.9199999999929
20.0 29.0 723.9199999999929
25.220000000000017 20.0 723.9199999999929
25.220000000000017 0.0 723.9199999999929
25.220000000000017 20.0 723.9199999999929
25.220000000000017 0.0 723.9199999999929
20.0 29.0 723.9199999999929
20.0 29.0 723.9199999999929
28.0 20.0 723.9199999999929
28.0 0.0 723.9199999999929
28.0 20.0 723.9199999999929
28.0 0.0 723.9199999999929
28.0 20.0 723.9199999999929
28.0 0.0 723.9199999999929
28.0 20.0 723.9199999999929
28.0 0.0 723.9199999999929
25.160000000000018 20.0 723.9199999999929
25.160000000000018 0.0 723.9199999999929
25.160000000000018 20.0 723.9199999999929
25.160000000000018 0.0 723.9199999999929
25.14000000000002 20.0 723.9199999999929
25.14000000000002 0.0 723.9199999999929
25.14000000000002 20.0 723.9199999999929
25.14000000000002 0.0 723.9199999999929
27.98 20.0 723.9199999999929
27.98 0.0 723.9199999999929
27.98 20.0 723.9199999999929
27.98 0.0 723.9199999999929
25.14000000000002 20.0 723.9199999999929
25.14000000000002 0.0 723.9199999999929
25.14000000000002 20.0 723.9199999999929
25.14000000000002 0.0 723.9199999999929
25.12000000000002 20.0 723.9199999999929
25.12000000000002 0.0 723.9199999999929
25.12000000000002 20.0 723.9199999999929
25.12000000000002 0.0 723.9199999999929
25.12000000000002 20.0 723.9199999999929
25.12000000000002 0.0 723.9199999999929
25.12000000000002 20.0 723.9199999999929
25.12000000000002 0.0 723.9199999999929
20.0 29.099999999999998 723.9199999999929
20.0 29.099999999999998 723.9199999999929
20.0 29.119999999999997 723.9199999999929
20.0 29.119999999999997 723.9199999999929
20.0 29.139999999999997 723.9199999999929
20.0 29.139999999999997 723.9199999999929
24.98000000000002 20.0 723.9199999999929
24.98000000000002 0.0 723.9199999999929
24.98000000000002 20.0 723.9199999999929
24.98000000000002 0.0 723.9199999999929
20.0 29.159999999999997 723.9199999999929
20.0 29.159999999999997 723.9199999999929
20.0 29.159999999999997 723.9199999999929
20.0 29.159999999999997 723.9199999999929
25.02000000000002 20.0 723.9199999999929
25.02000000000002 0.0 723.9199999999929
25.02000000000002 20.0 723.9199999999929
25.02000000000002 0.0 723.9199999999929
25.02000000000002 20.0 723.9199999999929
25.02000000000002 0.0 723.9199999999929
25.02000000000002 20.0 723.9199999999929
25.02000000000002 0.0 723.9199999999929
25.00000000000002 20.0 723.9199999999929
25.00000000000002 0.0 723.9199999999929
25.00000000000002 20.0 723.9199999999929
25.00000000000002 0.0 723.9199999999929
25.00000000000002 20.0 723.9199999999929
25.00000000000002 0.0 723.9199999999929
25.00000000000002 20.0 723.9199999999929
25.00000000000002 0.0 723.9199999999929
24.98000000000002 20.0 723.9199999999929
24.98000000000002 0.0 723.9199999999929
24.98000000000002 20.0 723.9199999999929
24.98000000000002 0.0 723.9199999999929
24.960000000000022 20.0 723.9199999999929
24.960000000000022 0.0 723.9199999999929
24.960000000000022 20.0 723.9199999999929
24.960000000000022 0.0 723.9199999999929
24.940000000000023 20.0 723.9199999999929
24.940000000000023 0.0 723.9199999999929
24.940000000000023 20.0 723.9199999999929
24.940000000000023 0.0 723.9199999999929
24.920000000000023 20.0 723.9199999999929
24.920000000000023 0.0 723.9199999999929
24.920000000000023 20.0 723.9199999999929
24.920000000000023 0.0 723.9199999999929
20.0 29.179999999999996 723.9199999999929
20.0 29.179999999999996 723.9199999999929
20.0 29.179999999999996 723.9199999999929
20.0 29.179999999999996 723.9199999999929
20.0 29.179999999999996 723.9199999999929
20.0 29.179999999999996 723.9199999999929
20.0 29.159999999999997 723.9199999999929
20.0 29.159999999999997 723.9199999999929
20.0 29.179999999999996 723.9199999999929
20.0 29.179999999999996 723.9199999999929
20.0 29.179999999999996 723.9199999999929
20.0 29.179999999999996 723.9199999999929
20.0 29.159999999999997 723.9199999999929
20.0 29.159999999999997 723.9199999999929
20.0 29.159999999999997 723.9199999999929
20.0 29.159999999999997 723.9199999999929
14.99 22.969999999999995 723.9199999999929
14.99 22.969999999999995 723.9199999999929
20.0 29.159999999999997 723.9199999999929
20.0 29.159999999999997 723.9199999999929
20.0 29.159999999999997 723.9199999999929
20.0 29.159999999999997 723.9199999999929
20.0 29.139999999999997 723.9199999999929
20.0 29.139999999999997 723.9199999999929
20.0 29.139999999999997 723.9199999999929
20.0 29.139999999999997 723.9199999999929
20.0 29.159999999999997 723.9199999999929
20.0 29.159999999999997 723.9199999999929
20.0 29.179999999999996 723.9199999999929
20.0 29.179999999999996 723.9199999999929
20.0 29.179999999999996 723.9199999999929
20.0 29.179999999999996 723.9199999999929
28.0 20.0 723.9199999999929
28.0 0.0 723.9199999999929
28.0 20.0 723.9199999999929
28.0 0.0 723.9199999999929
27.98 20.0 723.9199999999929
27.98 0.0 723.9199999999929
27.98 20.0 723.9199999999929
27.98 0.0 723.9199999999929
20.0 29.179999999999996 723.9199999999929
20.0 29.179999999999996 723.9199999999929
28.0 20.0 723.9199999999929
28.0 0.0 723.9199999999929
28.0 20.0 723.9199999999929
28.0 0.0 723.9199999999929
20.0 29.159999999999997 723.9199999999929
20.0 29.159999999999997 723.9199999999929
20.0 29.159999999999997 723.9199999999929
20.0 29.159999999999997 723.9199999999929
28.0 20.0 723.9199999999929
28.0 0.0 723.9199999999929
28.0 20.0 723.9199999999929
28.0 0.0 723.9199999999929
20.0 29.139999999999997 723.9199999999929
20.0 29.139999999999997 723.9199999999929
20.0 29.139999999999997 723.9199999999929
20.0 29.139999999999997 723.9199999999929
28.0 20.0 723.9199999999929
28.0 0.0 723.9199999999929
28.0 20.0 723.9199999999929
28.0 0.0 723.9199999999929
20.0 29.159999999999997 723.9199999999929
20.0 29.159999999999997 723.9199999999929
20.0 29.139999999999997 723.9199999999929
20.0 29.139999999999997 723.9199999999929
20.0 29.139999999999997 723.9199999999929
20.0 29.139999999999997 723.9199999999929
20.0 29.119999999999997 723.9199999999929
20.0 29.119999999999997 723.9199999999929
28.0 20.0 723.9199999999929
28.0 0.0 723.9199999999929
28.0 20.0 723.9199999999929
28.0 0.0 723.9199999999929
20.0 29.139999999999997 723.9199999999929
20.0 29.139999999999997 723.9199999999929
20.0 29.139999999999997 723.9199999999929
20.0 29.139999999999997 723.9199999999929
20.0 29.119999999999997 723.9199999999929
20.0 29.119999999999997 723.9199999999929
20.0 29.099999999999998 723.9199999999929
20.0 29.099999999999998 723.9199999999929
28.0 20.0 723.9199999999929
28.0 0.0 723.9199999999929
28.0 20.0 723.9199999999929
28.0 0.0 723.9199999999929
20.0 29.08 723.9199999999929
20.0 29.08 723.9199999999929
28.0 20.0 723.9199999999929
28.0 0.0 723.9199999999929
28.0 20.0 723.9199999999929
28.0 0.0 723.9199999999929
28.0 20.0 723.9199999999929
28.0 0.0 723.9199999999929
28.0 20.0 723.9199999999929
28.0 0.0 723.9199999999929
20.0 29.06 723.9199999999929
20.0 29.06 723.9199999999929
20.0 29.06 723.9199999999929
20.0 29.06 723.9199999999929
28.0 20.0 723.9199999999929
28.0 0.0 723.9199999999929
28.0 20.0 723.9199999999929
28.0 0.0 723.9199999999929
20.0 29.06 723.9199999999929
20.0 29.06 723.9199999999929
28.0 20.0 723.9199999999929
28.0 0.0 723.9199999999929
28.0 20.0 723.9199999999929
28.0 0.0 723.9199999999929
20.0 29.08 723.9199999999929
20.0 29.08 723.9199999999929
20.0 29.08 723.9199999999929
20.0 29.08 723.9199999999929
20.0 29.08 723.9199999999929
20.0 29.08 723.9199999999929
25.00000000000002 20.0 723.9199999999929
25.00000000000002 0.0 723.9199999999929
25.00000000000002 20.0 723.9199999999929
25.00000000000002 0.0 723.9199999999929
20.0 29.099999999999998 723.9199999999929
20.0 29.099999999999998 723.9199999999929
20.0 29.119999999999997 723.9199999999929
20.0 29.119999999999997 723.9199999999929
20.0 29.119999999999997 723.9199999999929
20.0 29.119999999999997 723.9199999999929
20.0 29.119999999999997 723.9199999999929
20.0 29.119999999999997 723.9199999999929
27.98 20.0 723.9199999999929
27.98 0.0 723.9199999999929
27.98 20.0 723.9199999999929
27.98 0.0 723.9199999999929
25.00000000000002 20.0 723.9199999999929
25.00000000000002 0.0 723.9199999999929
25.00000000000002 20.0 723.9199999999929
25.00000000000002 0.0 723.9199999999929
25.00000000000002 20.0 723.9199999999929
25.00000000000002 0.0 723.9199999999929
25.00000000000002 20.0 723.9199999999929
25.00000000000002 0.0 723.9199999999929
25.00000000000002 20.0 723.9199999999929
25.00000000000002 0.0 723.9199999999929
25.00000000000002 20.0 723.9199999999929
25.00000000000002 0.0 723.9199999999929
20.0 29.139999999999997 723.9199999999929
20.0 29.139999999999997 723.9199999999929
20.0 29.139999999999997 723.9199999999929
20.0 29.139999999999997 723.9199999999929
28.02 20.0 723.9199999999929
28.02 0.0 723.9199999999929
28.02 20.0 723.9199999999929
28.02 0.0 723.9199999999929
20.0 29.159999999999997 723.9199999999929
20.0 29.159999999999997 723.9199999999929
25.00000000000002 20.0 723.9199999999929
25.00000000000002 0.0 723.9199999999929
25.00000000000002 20.0 723.9199999999929
25.00000000000002 0.0 723.9199999999929
24.98000000000002 20.0 723.9199999999929
24.98000000000002 0.0 723.9199999999929
24.98000000000002 20.0 723.9199999999929
24.98000000000002 0.0 723.9199999999929
25.00000000000002 20.0 723.9199999999929
25.00000000000002 0.0 723.9199999999929
25.00000000000002 20.0 723.9199999999929
25.00000000000002 0.0 723.9199999999929
20.0 29.159999999999997 723.9199999999929
20.0 29.159999999999997 723.9199999999929
28.0 20.0 723.9199999999929
28.0 0.0 723.9199999999929
28.0 20.0 723.9199999999929
28.0 0.0 723.9199999999929
20.0 29.179999999999996 723.9199999999929
20.0 29.179999999999996 723.9199999999929
20.0 29.179999999999996 723.9199999999929
20.0 29.179999999999996 723.9199999999929
24.98000000000002 20.0 723.9199999999929
24.98000000000002 0.0 723.9199999999929
24.98000000000002 20.0 723.9199999999929
24.98000000000002 0.0 723.9199999999929
20.0 29.159999999999997 723.9199999999929
20.0 29.159999999999997 723.9199999999929
20.0 29.139999999999997 723.9199999999929
20.0 29.139999999999997 723.9199999999929
28.0 20.0 723.9199999999929
28.0 0.0 723.9199999999929
28.0 20.0 723.9199999999929
28.0 0.0 723.9199999999929
25.00000000000002 20.0 723.9199999999929
25.00000000000002 0.0 723.9199999999929
25.00000000000002 20.0 723.9199999999929
25.00000000000002 0.0 723.9199999999929
20.0 29.179999999999996 723.9199999999929
20.0 29.179999999999996 723.9199999999929
28.0 20.0 723.9199999999929
28.0 0.0 723.9199999999929
28.0 20.0 723.9199999999929
28.0 0.0 723.9199999999929
28.0 20.0 723.9199999999929
28.0 0.0 723.9199999999929
28.0 20.0 723.9199999999929
28.0 0.0 723.9199999999929
20.0 29.179999999999996 723.9199999999929
20.0 29.179999999999996 723.9199999999929
28.0 20.0 723.9199999999929
28.0 0.0 723.9199999999929
28.0 20.0 723.9199999999929
28.0 0.0 723.9199999999929
20.0 29.159999999999997 723.9199999999929
20.0 29.159999999999997 723.9199999999929
20.0 29.159999999999997 723.9199999999929
20.0 29.159999999999997 723.9199999999929
20.0 29.159999999999997 723.9199999999929
20.0 29.159999999999997 723.9199999999929
27.98 20.0 723.9199999999929
27.98 0.0 723.9199999999929
27.98 20.0 723.9199999999929
27.98 0.0 723.9199999999929
20.0 29.159999999999997 723.9199999999929
20.0 29.159999999999997 723.9199999999929
20.0 29.159999999999997 723.9199999999929
20.0 29.159999999999997 723.9199999999929
28.0 20.0 723.9199999999929
28.0 0.0 723.9199999999929
28.0 20.0 723.9199999999929
28.0 0.0 723.9199999999929
20.0 29.179999999999996 723.9199999999929
20.0 29.179999999999996 723.9199999999929
20.0 29.179999999999996 723.9199999999929
20.0 29.179999999999996 723.9199999999929
20.0 29.179999999999996 723.9199999999929
20.0 29.179999999999996 723.9199999999929
20.0 29.179999999999996 723.9199999999929
20.0 29.179999999999996 723.9199999999929
24.960000000000022 20.0 723.9199999999929
24.960000000000022 0.0 723.9199999999929
24.960000000000022 20.0 723.9199999999929
24.960000000000022 0.0 723.9199999999929
24.960000000000022 20.0 723.9199999999929
24.960000000000022 0.0 723.9199999999929
24.960000000000022 20.0 723.9199999999929
24.960000000000022 0.0 723.9199999999929
24.940000000000023 20.0 723.9199999999929
24.940000000000023 0.0 723.9199999999929
24.940000000000023 20.0 723.9199999999929
24.940000000000023 0.0 723.9199999999929
28.0 20.0 723.9199999999929
28.0 0.0 723.9199999999929
28.0 20.0 723.9199999999929
28.0 0.0 723.9199999999929
20.0 29.179999999999996 723.9199999999929
20.0 29.179999999999996 723.9199999999929
24.960000000000022 20.0 723.9199999999929
24.960000000000022 0.0 723.9199999999929
24.960000000000022 20.0 723.9199999999929
24.960000000000022 0.0 723.9199999999929
20.0 29.199999999999996 723.9199999999929
20.0 29.199999999999996 723.9199999999929
28.0 20.0 723.9199999999929
28.0 0.0 723.9199999999929
28.0 20.0 723.9199999999929
28.0 0.0 723.9199999999929
20.0 29.199999999999996 723.9199999999929
20.0 29.199999999999996 723.9199999999929
28.0 20.0 723.9199999999929
28.0 0.0 723.9199999999929
28.0 20.0 723.9199999999929
28.0 0.0 723.9199999999929
20.0 29.199999999999996 723.9199999999929
20.0 29.199999999999996 723.9199999999929
20.0 29.199999999999996 723.9199999999929
20.0 29.199999999999996 723.9199999999929
24.960000000000022 20.0 723.9199999999929
24.960000000000022 0.0 723.9199999999929
24.960000000000022 20.0 723.9199999999929
24.960000000000022 0.0 723.9199999999929
20.0 29.219999999999995 723.9199999999929
20.0 29.219999999999995 723.9199999999929
27.98 20.0 723.9199999999929
27.98 0.0 723.9199999999929
27.98 20.0 723.9199999999929
27.98 0.0 723.9199999999929
24.98000000000002 20.0 723.9199999999929
24.98000000000002 0.0 723.9199999999929
24.98000000000002 20.0 723.9199999999929
24.98000000000002 0.0 723.9199999999929
20.0 29.239999999999995 723.9199999999929
20.0 29.239999999999995 723.9199999999929
20.0 29.259999999999994 723.9199999999929
20.0 29.259999999999994 723.9199999999929
20.0 29.239999999999995 723.9199999999929
20.0 29.239999999999995 723.9199999999929
20.0 29.239999999999995 723.9199999999929
20.0 29.239999999999995 723.9199999999929
28.0 20.0 723.9199999999929
28.0 0.0 723.9199999999929
28.0 20.0 723.9199999999929
28.0 0.0 723.9199999999929
28.0 20.0 723.9199999999929
28.0 0.0 723.9199999999929
28.0 20.0 723.9199999999929
28.0 0.0 723.9199999999929
28.02 20.0 723.9199999999929
28.02 0.0 723.9199999999929
28.02 20.0 723.9199999999929
28.02 0.0 723.9199999999929
20.0 29.259999999999994 723.9199999999929
20.0 29.259999999999994 723.9199999999929
28.0 20.0 723.9199999999929
28.0 0.0 723.9199999999929
28.0 20.0 723.9199999999929
28.0 0.0 723.9199999999929
28.0 20.0 723.9199999999929
28.0 0.0 723.9199999999929
28.0 20.0 723.9199999999929
28.0 0.0 723.9199999999929
20.0 29.239999999999995 723.9199999999929
20.0 29.239999999999995 723.9199999999929
28.0 20.0 723.9199999999929
28.0 0.0 723.9199999999929
28.0 20.0 723.9199999999929
28.0 0.0 723.9199999999929
20.0 29.259999999999994 723.9199999999929
20.0 29.259999999999994 723.9199999999929
20.0 29.259999999999994 723.9199999999929
20.0 29.259999999999994 723.9199999999929
27.98 20.0 723.9199999999929
27.98 0.0 723.9199999999929
27.98 20.0 723.9199999999929
27.98 0.0 723.9199999999929
28.0 20.0 723.9199999999929
28.0 0.0 723.9199999999929
28.0 20.0 723.9199999999929
28.0 0.0 723.9199999999929
20.0 29.279999999999994 723.9199999999929
20.0 29.279999999999994 723.9199999999929
28.0 20.0 723.9199999999929
28.0 0.0 723.9199999999929
28.0 20.0 723.9199999999929
28.0 0.0 723.9199999999929
20.0 29.279999999999994 723.9199999999929
20.0 29.279999999999994 723.9199999999929
28.0 20.0 723.9199999999929
28.0 0.0 723.9199999999929
28.0 20.0 723.9199999999929
28.0 0.0 723.9199999999929
20.0 29.299999999999994 723.9199999999929
20.0 29.299999999999994 723.9199999999929
20.0 29.279999999999994 723.9199999999929
20.0 29.279999999999994 723.9199999999929
20.0 29.279999999999994 723.9199999999929
20.0 29.279999999999994 723.9199999999929
28.0 20.0 723.9199999999929
28.0 0.0 723.9199999999929
28.0 20.0 723.9199999999929
28.0 0.0 723.9199999999929
20.0 29.259999999999994 723.9199999999929
20.0 29.259999999999994 723.9199999999929
20.0 29.259999999999994 723.9199999999929
20.0 29.259999999999994 723.9199999999929
28.0 20.0 723.9199999999929
28.0 0.0 723.9199999999929
28.0 20.0 723.9199999999929
28.0 0.0 723.9199999999929
20.0 29.279999999999994 723.9199999999929
20.0 29.279999999999994 723.9199999999929
28.0 20.0 723.9199999999929
28.0 0.0 723.9199999999929
28.0 20.0 723.9199999999929
28.0 0.0 723.9199999999929
20.0 29.279999999999994 723.9199999999929
20.0 29.279999999999994 723.9199999999929
20.0 29.259999999999994 723.9199999999929
20.0 29.259999999999994 723.9199999999929
20.0 29.259999999999994 723.9199999999929
20.0 29.259999999999994 723.9199999999929
20.0 29.279999999999994 723.9199999999929
20.0 29.279999999999994 723.9199999999929
28.0 20.0 723.9199999999929
28.0 0.0 723.9199999999929
28.0 20.0 723.9199999999929
28.0 0.0 723.9199999999929
20.0 29.279999999999994 723.9199999999929
20.0 29.279999999999994 723.9199999999929
20.0 29.279999999999994 723.9199999999929
20.0 29.279999999999994 723.9199999999929
28.0 20.0 723.9199999999929
28.0 0.0 723.9199999999929
28.0 20.0 723.9199999999929
28.0 0.0 723.9199999999929
28.0 20.0 723.9199999999929
28.0 0.0 723.9199999999929
28.0 20.0 723.9199999999929
28.0 0.0 723.9199999999929
20.0 29.299999999999994 723.9199999999929
20.0 29.299999999999994 723.9199999999929
20.0 29.299999999999994 723.9199999999929
20.0 29.299999999999994 723.9199999999929
20.0 29.299999999999994 723.9199999999929
20.0 29.299999999999994 723.9199999999929
20.0 29.279999999999994 723.9199999999929
20.0 29.279999999999994 723.9199999999929
20.0 29.299999999999994 723.9199999999929
20.0 29.299999999999994 723.9199999999929
20.0 29.279999999999994 723.9199999999929
20.0 29.279999999999994 723.9199999999929
20.0 29.279999999999994 723.9199999999929
20.0 29.279999999999994 723.9199999999929
20.0 29.259999999999994 723.9199999999929
20.0 29.259999999999994 723.9199999999929
28.0 20.0 723.9199999999929
28.0 0.0 723.9199999999929
28.0 20.0 723.9199999999929
28.0 0.0 723.9199999999929
20.0 29.259999999999994 723.9199999999929
20.0 29.259999999999994 723.9199999999929
20.0 29.279999999999994 723.9199999999929
20.0 29.279999999999994 723.9199999999929
28.0 20.0 723.9199999999929
28.0 0.0 723.9199999999929
28.0 20.0 723.9199999999929
28.0 0.0 723.9199999999929
28.0 20.0 723.9199999999929
28.0 0.0 723.9199999999929
28.0 20.0 723.9199999999929
28.0 0.0 723.9199999999929
20.0 29.299999999999994 723.9199999999929
20.0 29.299999999999994 723.9199999999929
28.0 20.0 723.9199999999929
28.0 0.0 723.9199999999929
28.0 20.0 723.9199999999929
28.0 0.0 723.9199999999929
20.0 29.299999999999994 723.9199999999929
20.0 29.299999999999994 723.9199999999929
20.0 29.279999999999994 723.9199999999929
20.0 29.279999999999994 723.9199999999929
28.0 20.0 723.9199999999929
28.0 0.0 723.9199999999929
28.0 20.0 723.9199999999929
28.0 0.0 723.9199999999929
20.0 29.299999999999994 723.9199999999929
20.0 29.299999999999994 723.9199999999929
28.0 20.0 723.9199999999929
28.0 0.0 723.9199999999929
28.0 20.0 723.9199999999929
28.0 0.0 723.9199999999929
20.0 29.319999999999993 723.9199999999929
20.0 29.319999999999993 723.9199999999929
25.00000000000002 20.0 723.9199999999929
25.00000000000002 0.0 723.9199999999929
25.00000000000002 20.0 723.9199999999929
25.00000000000002 0.0 723.9199999999929
28.0 20.0 723.9199999999929
28.0 0.0 723.9199999999929
28.0 20.0 723.9199999999929
28.0 0.0 723.9199999999929
20.0 29.319999999999993 723.9199999999929
20.0 29.319999999999993 723.9199999999929
20.0 29.339999999999993 723.9199999999929
20.0 29.339999999999993 723.9199999999929
25.00000000000002 20.0 723.9199999999929
25.00000000000002 0.0 723.9199999999929
25.00000000000002 20.0 723.9199999999929
25.00000000000002 0.0 723.9199999999929
20.0 29.339999999999993 723.9199999999929
20.0 29.339999999999993 723.9199999999929
25.00000000000002 20.0 723.9199999999929
25.00000000000002 0.0 723.9199999999929
25.00000000000002 20.0 723.9199999999929
25.00000000000002 0.0 723.9199999999929
25.00000000000002 20.0 723.9199999999929
25.00000000000002 0.0 723.9199999999929
25.00000000000002 20.0 723.9199999999929
25.00000000000002 0.0 723.9199999999929
20.0 29.339999999999993 723.9199999999929
20.0 29.339999999999993 723.9199999999929
20.0 29.339999999999993 723.9199999999929
20.0 29.339999999999993 723.9199999999929
20.0 29.339999999999993 723.9199999999929
20.0 29.339999999999993 723.9199999999929
20.0 29.319999999999993 723.9199999999929
20.0 29.319999999999993 723.9199999999929
20.0 29.339999999999993 723.9199999999929
20.0 29.339999999999993 723.9199999999929
20.0 29.339999999999993 723.9199999999929
20.0 29.339999999999993 723.9199999999929
25.00000000000002 20.0 723.9199999999929
25.00000000000002 0.0 723.9199999999929
25.00000000000002 20.0 723.9199999999929
25.00000000000002 0.0 723.9199999999929
25.00000000000002 20.0 723.9199999999929
25.00000000000002 0.0 723.9199999999929
25.00000000000002 20.0 723.9199999999929
25.00000000000002 0.0 723.9199999999929
20.0 29.339999999999993 723.9199999999929
20.0 29.339999999999993 723.9199999999929
20.0 29.319999999999993 723.9199999999929
20.0 29.319999999999993 723.9199999999929
20.0 29.299999999999994 723.9199999999929
20.0 29.299999999999994 723.9199999999929
28.0 20.0 723.9199999999929
28.0 0.0 723.9199999999929
28.0 20.0 723.9199999999929
28.0 0.0 723.9199999999929
20.0 29.279999999999994 723.9199999999929
20.0 29.279999999999994 723.9199999999929
27.98 20.0 723.9199999999929
27.98 0.0 723.9199999999929
27.98 20.0 723.9199999999929
27.98 0.0 723.9199999999929
20.0 29.279999999999994 723.9199999999929
20.0 29.279999999999994 723.9199999999929
27.98 20.0 723.9199999999929
27.98 0.0 723.9199999999929
27.98 20.0 723.9199999999929
27.98 0.0 723.9199999999929
20.0 29.299999999999994 723.9199999999929
20.0 29.299999999999994 723.9199999999929
27.98 20.0 723.9199999999929
27.98 0.0 723.9199999999929
27.98 20.0 723.9199999999929
27.98 0.0 723.9199999999929
20.0 29.279999999999994 723.9199999999929
20.0 29.279999999999994 723.9199999999929
27.98 20.0 723.9199999999929
27.98 0.0 723.9199999999929
27.98 20.0 723.9199999999929
27.98 0.0 723.9199999999929
27.98 20.0 723.9199999999929
27.98 0.0 723.9199999999929
27.98 20.0 723.9199999999929
27.98 0.0 723.9199999999929
20.0 29.319999999999993 723.9199999999929
20.0 29.319999999999993 723.9199999999929
27.96 20.0 723.9199999999929
27.96 0.0 723.9199999999929
27.96 20.0 723.9199999999929
27.96 0.0 723.9199999999929
20.0 29.339999999999993 723.9199999999929
20.0 29.339999999999993 723.9199999999929
20.0 29.359999999999992 723.9199999999929
20.0 29.359999999999992 723.9199999999929
28.0 20.0 723.9199999999929
28.0 0.0 723.9199999999929
28.0 20.0 723.9199999999929
28.0 0.0 723.9199999999929
20.0 29.379999999999992 723.9199999999929
20.0 29.379999999999992 723.9199999999929
20.0 29.379999999999992 723.9199999999929
20.0 29.379999999999992 723.9199999999929
28.0 20.0 723.9199999999929
28.0 0.0 723.9199999999929
28.0 20.0 723.9199999999929
28.0 0.0 723.9199999999929
20.0 29.379999999999992 723.9199999999929
20.0 29.379999999999992 723.9199999999929
28.0 20.0 723.9199999999929
28.0 0.0 723.9199999999929
28.0 20.0 723.9199999999929
28.0 0.0 723.9199999999929
28.02 20.0 723.9199999999929
28.02 0.0 723.9199999999929
28.02 20.0 723.9199999999929
28.02 0.0 723.9199999999929
28.02 20.0 723.9199999999929
28.02 0.0 723.9199999999929
28.02 20.0 723.9199999999929
28.02 0.0 723.9199999999929
28.0 20.0 723.9199999999929
28.0 0.0 723.9199999999929
28.0 20.0 723.9199999999929
28.0 0.0 723.9199999999929
27.98 20.0 723.9199999999929
27.98 0.0 723.9199999999929
27.98 20.0 723.9199999999929
27.98 0.0 723.9199999999929
20.0 29.359999999999992 723.9199999999929
20.0 29.359999999999992 723.9199999999929
20.0 29.359999999999992 723.9199999999929
20.0 29.359999999999992 723.9199999999929
20.0 29.359999999999992 723.9199999999929
20.0 29.359999999999992 723.9199999999929
20.0 29.379999999999992 723.9199999999929
20.0 29.379999999999992 723.9199999999929
27.96 20.0 723.9199999999929
27.96 0.0 723.9199999999929
27.96 20.0 723.9199999999929
27.96 0.0 723.9199999999929
24.960000000000022 20.0 723.9199999999929
24.960000000000022 0.0 723.9199999999929
24.960000000000022 20.0 723.9199999999929
24.960000000000022 0.0 723.9199999999929
27.98 20.0 723.9199999999929
27.98 0.0 723.9199999999929
27.98 20.0 723.9199999999929
27.98 0.0 723.9199999999929
24.940000000000023 20.0 723.9199999999929
24.940000000000023 0.0 723.9199999999929
24.940000000000023 20.0 723.9199999999929
24.940000000000023 0.0 723.9199999999929
24.940000000000023 20.0 723.9199999999929
24.940000000000023 0.0 723.9199999999929
24.940000000000023 20.0 723.9199999999929
24.940000000000023 0.0 723.9199999999929
28.0 20.0 723.9199999999929
28.0 0.0 723.9199999999929
28.0 20.0 723.9199999999929
28.0 0.0 723.9199999999929
28.0 20.0 723.9199999999929
28.0 0.0 723.9199999999929
28.0 20.0 723.9199999999929
28.0 0.0 723.9199999999929
24.940000000000023 20.0 723.9199999999929
24.940000000000023 0.0 723.9199999999929
24.940000000000023 20.0 723.9199999999929
24.940000000000023 0.0 723.9199999999929
24.960000000000022 20.0 723.9199999999929
24.960000000000022 0.0 723.9199999999929
24.960000000000022 20.0 723.9199999999929
24.960000000000022 0.0 723.9199999999929
20.0 29.39999999999999 723.9199999999929
20.0 29.39999999999999 723.9199999999929
20.0 29.41999999999999 723.9199999999929
20.0 29.41999999999999 723.9199999999929
27.98 20.0 723.9199999999929
27.98 0.0 723.9199999999929
27.98 20.0 723.9199999999929
27.98 0.0 723.9199999999929
20.0 29.41999999999999 723.9199999999929
20.0 29.41999999999999 723.9199999999929
27.98 20.0 723.9199999999929
27.98 0.0 723.9199999999929
27.98 20.0 723.9199999999929
27.98 0.0 723.9199999999929
24.960000000000022 20.0 723.9199999999929
24.960000000000022 0.0 723.9199999999929
24.960000000000022 20.0 723.9199999999929
24.960000000000022 0.0 723.9199999999929
27.98 20.0 723.9199999999929
27.98 0.0 723.9199999999929
27.98 20.0 723.9199999999929
27.98 0.0 723.9199999999929
27.98 20.0 723.9199999999929
27.98 0.0 723.9199999999929
27.98 20.0 723.9199999999929
27.98 0.0 723.9199999999929
27.96 20.0 723.9199999999929
27.96 0.0 723.9199999999929
27.96 20.0 723.9199999999929
27.96 0.0 723.9199999999929
20.0 29.41999999999999 723.9199999999929
20.0 29.41999999999999 723.9199999999929
20.0 29.43999999999999 723.9199999999929
20.0 29.43999999999999 723.9199999999929
27.96 20.0 723.9199999999929
27.96 0.0 723.9199999999929
27.96 20.0 723.9199999999929
27.96 0.0 723.9199999999929
27.96 20.0 723.9199999999929
27.96 0.0 723.9199999999929
27.96 20.0 723.9199999999929
27.96 0.0 723.9199999999929
27.98 20.0 723.9199999999929
27.98 0.0 723.9199999999929
27.98 20.0 723.9199999999929
27.98 0.0 723.9199999999929
20.0 29.41999999999999 723.9199999999929
20.0 29.41999999999999 723.9199999999929
20.0 29.41999999999999 723.9199999999929
20.0 29.41999999999999 723.9199999999929
20.0 29.43999999999999 723.9199999999929
20.0 29.43999999999999 723.9199999999929
20.0 29.43999999999999 723.9199999999929
20.0 29.43999999999999 723.9199999999929
20.0 29.45999999999999 723.9199999999929
20.0 29.45999999999999 723.9199999999929
20.0 29.43999999999999 723.9199999999929
20.0 29.43999999999999 723.9199999999929
20.0 29.45999999999999 723.9199999999929
20.0 29.45999999999999 723.9199999999929
20.0 29.45999999999999 723.9199999999929
20.0 29.45999999999999 723.9199999999929
20.0 29.719999999999985 723.9199999999929
20.0 29.719999999999985 723.9199999999929
20.0 29.759999999999984 723.9199999999929
20.0 29.759999999999984 723.9199999999929
20.0 29.759999999999984 723.9199999999929
20.0 29.759999999999984 723.9199999999929
20.0 29.779999999999983 723.9199999999929
20.0 29.779999999999983 723.9199999999929
20.0 29.799999999999983 723.9199999999929
20.0 29.799999999999983 723.9199999999929
20.0 29.799999999999983 723.9199999999929
20.0 29.799999999999983 723.9199999999929
20.0 29.799999999999983 723.9199999999929
20.0 29.799999999999983 723.9199999999929
20.0 29.839999999999982 723.9199999999929
20.0 29.839999999999982 723.9199999999929
20.0 29.819999999999983 723.9199999999929
20.0 29.819999999999983 723.9199999999929
20.0 29.819999999999983 723.9199999999929
20.0 29.819999999999983 723.9199999999929
20.0 29.819999999999983 723.9199999999929
20.0 29.819999999999983 723.9199999999929
20.0 29.819999999999983 723.9199999999929
20.0 29.819999999999983 723.9199999999929
20.0 29.819999999999983 723.9199999999929
20.0 29.819999999999983 723.9199999999929
20.0 29.839999999999982 723.9199999999929
20.0 29.839999999999982 723.9199999999929
20.0 29.839999999999982 723.9199999999929
20.0 29.839999999999982 723.9199999999929
20.0 29.839999999999982 723.9199999999929
20.0 29.839999999999982 723.9199999999929
20.0 29.839999999999982 723.9199999999929
20.0 29.839999999999982 723.9199999999929
20.0 29.839999999999982 723.9199999999929
20.0 29.839999999999982 723.9199999999929
20.0 29.799999999999983 723.9199999999929
20.0 29.799999999999983 723.9199999999929
20.0 29.839999999999982 723.9199999999929
20.0 29.839999999999982 723.9199999999929
20.0 29.819999999999983 723.9199999999929
20.0 29.819999999999983 723.9199999999929
20.0 29.85999999999998 723.9199999999929
20.0 29.85999999999998 723.9199999999929
20.0 29.85999999999998 723.9199999999929
20.0 29.85999999999998 723.9199999999929
20.0 29.89999999999998 723.9199999999929
20.0 29.89999999999998 723.9199999999929
20.0 29.89999999999998 723.9199999999929
20.0 29.89999999999998 723.9199999999929
20.0 29.89999999999998 723.9199999999929
20.0 29.89999999999998 723.9199999999929
20.0 29.87999999999998 723.9199999999929
20.0 29.87999999999998 723.9199999999929
20.0 29.839999999999982 723.9199999999929
20.0 29.839999999999982 723.9199999999929
20.0 29.839999999999982 723.9199999999929
20.0 29.839999999999982 723.9199999999929
20.0 29.839999999999982 723.9199999999929
20.0 29.839999999999982 723.9199999999929
20.0 29.839999999999982 723.9199999999929
20.0 29.839999999999982 723.9199999999929
20.0 29.839999999999982 723.9199999999929
20.0 29.839999999999982 723.9199999999929
20.0 29.839999999999982 723.9199999999929
20.0 29.839999999999982 723.9199999999929
20.0 29.819999999999983 723.9199999999929
20.0 29.819999999999983 723.9199999999929
20.0 29.799999999999983 723.9199999999929
20.0 29.799999999999983 723.9199999999929
20.0 29.819999999999983 723.9199999999929
20.0 29.819999999999983 723.9199999999929
20.0 29.819999999999983 723.9199999999929
20.0 29.819999999999983 723.9199999999929
20.0 29.839999999999982 723.9199999999929
20.0 29.839999999999982 723.9199999999929
20.0 29.87999999999998 723.9199999999929
20.0 29.87999999999998 723.9199999999929
20.0 29.89999999999998 723.9199999999929
20.0 29.89999999999998 723.9199999999929
20.0 29.93999999999998 723.9199999999929
20.0 29.93999999999998 723.9199999999929
20.0 29.95999999999998 723.9199999999929
20.0 29.95999999999998 723.9199999999929
28.0 20.0 723.9199999999929
28.0 0.0 723.9199999999929
28.0 20.0 723.9199999999929
28.0 0.0 723.9199999999929
28.0 20.0 723.9199999999929
28.0 0.0 723.9199999999929
28.0 20.0 723.9199999999929
28.0 0.0 723.9199999999929
28.02 1.8199999999999719 723.9199999999929
8.02 21.819999999999972 723.9199999999929
28.02 21.819999999999972 723.9199999999929
3.9999999999999787 11.999999999999979 723.9199999999929
13.01 19.009999999999533 723.9199999999929
0.3300000000000001 10.009999999999978 723.9199999999929
14.99 3.0299999999999994 723.9199999999929
0.7800000000001552 5.940000000000023 723.9199999999929
12.96 0.9999999999999989 723.9199999999929
16.44999999999929 12.989999999999958 723.9199999999929
10.04 12.839999999999982 723.9199999999929
10.01 1.8700000000001562 723.9199999999929
3.99 3.99 723.9199999999929
0.98 13.239999999999952 723.9199999999929
17.97999999999999 18.459999999999916 723.9199999999929
17.99999999999953 3.179999999999996 723.9199999999929
4.950000000000022 0.6300000000000003 723.9199999999929
6.970000000000022 3.229999999999974 723.9199999999929
17.049999999999695 6.890000000000002 723.9199999999929
17.999999999999687 9.079999999999998 723.9199999999929
13.0 9.0 723.9199999999929
16.059999999999697 16.019999999999534 723.9199999999929
6.999999999999936 10.0 723.9199999999929
11.999999999999957 16.719999999999644 723.9199999999929
4.9000000000000234 18.999999999999844 723.9199999999929
8.96 6.999999999999915 723.9199999999929
0.99 1.9900000000000213 723.9199999999929
2.4300000000000335 16.06999999999997 723.9199999999929
3.0599999999999774 8.02 723.9199999999929
7.99 16.069999999999386 723.9199999999929
16.999999999999773 0.06000000000015476 723.9199999999929
7.98 0.13999999999999999 723.9199999999929
12.0 4.999999999999979 723.9199999999929
-10 12 723.9199999999929
-10 12 723.9199999999929
-7 9 723.9199999999929
-7 9 723.9199999999929
-10 -8 723.9199999999929
-10 -8 723.9199999999929
-7 -11 723.9199999999929
-7 -11 723.9199999999929
-8 -16 723.9199999999929
-8 -16 723.9199999999929
0.0 -11.0 723.9199999999929
0.0 -11.0 723.9199999999929
0.0 -11.0 723.9199999999929
0.0 -11.0 723.9199999999929
0.0 -11.0 723.9199999999929
0.0 -11.0 723.9199999999929
0.0 -11.0 723.9199999999929
0.0 -11.0 723.9199999999929
0.0 -11.0 723.9199999999929
0.0 -11.0 723.9199999999929
0.0 -11.0 723.9199999999929
0.0 -11.0 723.9199999999929
0.0 -11.0 723.9199999999929
0.0 -11.0 723.9199999999929
0.0 -11.02 723.9199999999929
0.0 -11.02 723.9199999999929
0.0 -11.0 723.9199999999929
0.0 -11.0 723.9199999999929
0.0 -10.98 723.9199999999929
0.0 -10.98 723.9199999999929
0.0 -10.96 723.9199999999929
0.0 -10.96 723.9199999999929
0.0 -10.96 723.9199999999929
0.0 -10.96 723.9199999999929
0.0 -10.96 723.9199999999929
0.0 -10.96 723.9199999999929
0.0 -10.96 723.9199999999929
0.0 -10.96 723.9199999999929
0.0 -10.98 723.9199999999929
0.0 -10.98 723.9199999999929
0.0 -11.0 723.9199999999929
0.0 -11.0 723.9199999999929
0.0 -11.0 723.9199999999929
0.0 -11.0 723.9199999999929
0.0 -11.0 723.9199999999929
0.0 -11.0 723.9199999999929
0.0 -11.0 723.9199999999929
0.0 -11.0 723.9199999999929
0.0 -11.0 723.9199999999929
0.0 -11.0 723.9199999999929
0.0 -11.0 723.9199999999929
0.0 -11.0 723.9199999999929
0.0 -10.900000000000002 723.9199999999929
0.0 -10.900000000000002 723.9199999999929
0.0 -10.880000000000003 723.9199999999929
0.0 -10.880000000000003 723.9199999999929
0.0 -10.860000000000003 723.9199999999929
0.0 -10.860000000000003 723.9199999999929
0.0 -10.840000000000003 723.9199999999929
0.0 -10.840000000000003 723.9199999999929
0.0 -10.840000000000003 723.9199999999929
0.0 -10.840000000000003 723.9199999999929
0.0 -10.820000000000004 723.9199999999929
0.0 -10.820000000000004 723.9199999999929
0.0 -10.820000000000004 723.9199999999929
0.0 -10.820000000000004 723.9199999999929
0.0 -10.820000000000004 723.9199999999929
0.0 -10.820000000000004 723.9199999999929
0.0 -10.840000000000003 723.9199999999929
0.0 -10.840000000000003 723.9199999999929
0.0 -10.820000000000004 723.9199999999929
0.0 -10.820000000000004 723.9199999999929
0.0 -10.820000000000004 723.9199999999929
0.0 -10.820000000000004 723.9199999999929
0.0 -10.840000000000003 723.9199999999929
0.0 -10.840000000000003 723.9199999999929
0.0 -10.840000000000003 723.9199999999929
0.0 -10.840000000000003 723.9199999999929
-5.01 -17.030000000000005 723.9199999999929
-5.01 -17.030000000000005 723.9199999999929
0.0 -10.840000000000003 723.9199999999929
0.0 -10.840000000000003 723.9199999999929
0.0 -10.840000000000003 723.9199999999929
0.0 -10.840000000000003 723.9199999999929
0.0 -10.860000000000003 723.9199999999929
0.0 -10.860000000000003 723.9199999999929
0.0 -10.860000000000003 723.9199999999929
0.0 -10.860000000000003 723.9199999999929
0.0 -10.840000000000003 723.9199999999929
0.0 -10.840000000000003 723.9199999999929
0.0 -10.820000000000004 723.9199999999929
0.0 -10.820000000000004 723.9199999999929
0.0 -10.820000000000004 723.9199999999929
0.0 -10.820000000000004 723.9199999999929
0.0 -10.820000000000004 723.9199999999929
0.0 -10.820000000000004 723.9199999999929
0.0 -10.840000000000003 723.9199999999929
0.0 -10.840000000000003 723.9199999999929
0.0 -10.840000000000003 723.9199999999929
0.0 -10.840000000000003 723.9199999999929
0.0 -10.860000000000003 723.9199999999929
0.0 -10.860000000000003 723.9199999999929
0.0 -10.860000000000003 723.9199999999929
0.0 -10.860000000000003 723.9199999999929
0.0 -10.840000000000003 723.9199999999929
0.0 -10.840000000000003 723.9199999999929
0.0 -10.860000000000003 723.9199999999929
0.0 -10.860000000000003 723.9199999999929
0.0 -10.860000000000003 723.9199999999929
0.0 -10.860000000000003 723.9199999999929
0.0 -10.880000000000003 723.9199999999929
0.0 -10.880000000000003 723.9199999999929
0.0 -10.860000000000003 723.9199999999929
0.0 -10.860000000000003 723.9199999999929
0.0 -10.860000000000003 723.9199999999929
0.0 -10.860000000000003 723.9199999999929
0.0 -10.880000000000003 723.9199999999929
0.0 -10.880000000000003 723.9199999999929
0.0 -10.900000000000002 723.9199999999929
0.0 -10.900000000000002 723.9199999999929
0.0 -10.920000000000002 723.9199999999929
0.0 -10.920000000000002 723.9199999999929
0.0 -10.940000000000001 723.9199999999929
0.0 -10.940000000000001 723.9199999999929
0.0 -10.940000000000001 723.9199999999929
0.0 -10.940000000000001 723.9199999999929
0.0 -10.940000000000001 723.9199999999929
0.0 -10.940000000000001 723.9199999999929
0.0 -10.920000000000002 723.9199999999929
0.0 -10.920000000000002 723.9199999999929
0.0 -10.920000000000002 723.9199999999929
0.0 -10.920000000000002 723.9199999999929
0.0 -10.920000000000002 723.9199999999929
0.0 -10.920000000000002 723.9199999999929
0.0 -10.900000000000002 723.9199999999929
0.0 -10.900000000000002 723.9199999999929
0.0 -10.880000000000003 723.9199999999929
0.0 -10.880000000000003 723.9199999999929
0.0 -10.880000000000003 723.9199999999929
0.0 -10.880000000000003 723.9199999999929
0.0 -10.880000000000003 723.9199999999929
0.0 -10.880000000000003 723.9199999999929
0.0 -10.860000000000003 723.9199999999929
0.0 -10.860000000000003 723.9199999999929
0.0 -10.860000000000003 723.9199999999929
0.0 -10.860000000000003 723.9199999999929
0.0 -10.840000000000003 723.9199999999929
0.0 -10.840000000000003 723.9199999999929
0.0 -10.840000000000003 723.9199999999929
0.0 -10.840000000000003 723.9199999999929
0.0 -10.820000000000004 723.9199999999929
0.0 -10.820000000000004 723.9199999999929
0.0 -10.820000000000004 723.9199999999929
0.0 -10.820000000000004 723.9199999999929
0.0 -10.840000000000003 723.9199999999929
0.0 -10.840000000000003 723.9199999999929
0.0 -10.860000000000003 723.9199999999929
0.0 -10.860000000000003 723.9199999999929
0.0 -10.820000000000004 723.9199999999929
0.0 -10.820000000000004 723.9199999999929
0.0 -10.820000000000004 723.9199999999929
0.0 -10.820000000000004 723.9199999999929
0.0 -10.840000000000003 723.9199999999929
0.0 -10.840000000000003 723.9199999999929
0.0 -10.840000000000003 723.9199999999929
0.0 -10.840000000000003 723.9199999999929
0.0 -10.840000000000003 723.9199999999929
0.0 -10.840000000000003 723.9199999999929
0.0 -10.840000000000003 723.9199999999929
0.0 -10.840000000000003 723.9199999999929
0.0 -10.840000000000003 723.9199999999929
0.0 -10.840000000000003 723.9199999999929
0.0 -10.820000000000004 723.9199999999929
0.0 -10.820000000000004 723.9199999999929
0.0 -10.820000000000004 723.9199999999929
0.0 -10.820000000000004 723.9199999999929
0.0 -10.820000000000004 723.9199999999929
0.0 -10.820000000000004 723.9199999999929
0.0 -10.820000000000004 723.9199999999929
0.0 -10.820000000000004 723.9199999999929
0.0 -10.820000000000004 723.9199999999929
0.0 -10.820000000000004 723.9199999999929
0.0 -10.800000000000004 723.9199999999929
0.0 -10.800000000000004 723.9199999999929
0.0 -10.800000000000004 723.9199999999929
0.0 -10.800000000000004 723.9199999999929
0.0 -10.800000000000004 723.9199999999929
0.0 -10.800000000000004 723.9199999999929
0.0 -10.800000000000004 723.9199999999929
0.0 -10.800000000000004 723.9199999999929
0.0 -10.780000000000005 723.9199999999929
0.0 -10.780000000000005 723.9199999999929
0.0 -10.760000000000005 723.9199999999929
0.0 -10.760000000000005 723.9199999999929
0.0 -10.740000000000006 723.9199999999929
0.0 -10.740000000000006 723.9199999999929
0.0 -10.760000000000005 723.9199999999929
0.0 -10.760000000000005 723.9199999999929
0.0 -10.760000000000005 723.9199999999929
0.0 -10.760000000000005 723.9199999999929
0.0 -10.740000000000006 723.9199999999929
0.0 -10.740000000000006 723.9199999999929
0.0 -10.760000000000005 723.9199999999929
0.0 -10.760000000000005 723.9199999999929
0.0 -10.740000000000006 723.9199999999929
0.0 -10.740000000000006 723.9199999999929
0.0 -10.740000000000006 723.9199999999929
0.0 -10.740000000000006 723.9199999999929
0.0 -10.720000000000006 723.9199999999929
0.0 -10.720000000000006 723.9199999999929
0.0 -10.720000000000006 723.9199999999929
0.0 -10.720000000000006 723.9199999999929
0.0 -10.700000000000006 723.9199999999929
0.0 -10.700000000000006 723.9199999999929
0.0 -10.720000000000006 723.9199999999929
0.0 -10.720000000000006 723.9199999999929
0.0 -10.720000000000006 723.9199999999929
0.0 -10.720000000000006 723.9199999999929
0.0 -10.740000000000006 723.9199999999929
0.0 -10.740000000000006 723.9199999999929
0.0 -10.740000000000006 723.9199999999929
0.0 -10.740000000000006 723.9199999999929
0.0 -10.720000000000006 723.9199999999929
0.0 -10.720000000000006 723.9199999999929
0.0 -10.720000000000006 723.9199999999929
0.0 -10.720000000000006 723.9199999999929
0.0 -10.740000000000006 723.9199999999929
0.0 -10.740000000000006 723.9199999999929
0.0 -10.740000000000006 723.9199999999929
0.0 -10.740000000000006 723.9199999999929
0.0 -10.720000000000006 723.9199999999929
0.0 -10.720000000000006 723.9199999999929
0.0 -10.720000000000006 723.9199999999929
0.0 -10.720000000000006 723.9199999999929
0.0 -10.720000000000006 723.9199999999929
0.0 -10.720000000000006 723.9199999999929
0.0 -10.700000000000006 723.9199999999929
0.0 -10.700000000000006 723.9199999999929
0.0 -10.700000000000006 723.9199999999929
0.0 -10.700000000000006 723.9199999999929
0.0 -10.700000000000006 723.9199999999929
0.0 -10.700000000000006 723.9199999999929
0.0 -10.720000000000006 723.9199999999929
0.0 -10.720000000000006 723.9199999999929
0.0 -10.700000000000006 723.9199999999929
0.0 -10.700000000000006 723.9199999999929
0.0 -10.720000000000006 723.9199999999929
0.0 -10.720000000000006 723.9199999999929
0.0 -10.720000000000006 723.9199999999929
0.0 -10.720000000000006 723.9199999999929
0.0 -10.740000000000006 723.9199999999929
0.0 -10.740000000000006 723.9199999999929
0.0 -10.740000000000006 723.9199999999929
0.0 -10.740000000000006 723.9199999999929
0.0 -10.720000000000006 723.9199999999929
0.0 -10.720000000000006 723.9199999999929
0.0 -10.700000000000006 723.9199999999929
0.0 -10.700000000000006 723.9199999999929
0.0 -10.700000000000006 723.9199999999929
0.0 -10.700000000000006 723.9199999999929
0.0 -10.720000000000006 723.9199999999929
0.0 -10.720000000000006 723.9199999999929
0.0 -10.700000000000006 723.9199999999929
0.0 -10.700000000000006 723.9199999999929
0.0 -10.680000000000007 723.9199999999929
0.0 -10.680000000000007 723.9199999999929
0.0 -10.680000000000007 723.9199999999929
0.0 -10.680000000000007 723.9199999999929
0.0 -10.660000000000007 723.9199999999929
0.0 -10.660000000000007 723.9199999999929
0.0 -10.660000000000007 723.9199999999929
0.0 -10.660000000000007 723.9199999999929
0.0 -10.660000000000007 723.9199999999929
0.0 -10.660000000000007 723.9199999999929
0.0 -10.660000000000007 723.9199999999929
0.0 -10.660000000000007 723.9199999999929
0.0 -10.660000000000007 723.9199999999929
0.0 -10.660000000000007 723.9199999999929
0.0 -10.680000000000007 723.9199999999929
0.0 -10.680000000000007 723.9199999999929
0.0 -10.660000000000007 723.9199999999929
0.0 -10.660000000000007 723.9199999999929
0.0 -10.660000000000007 723.9199999999929
0.0 -10.660000000000007 723.9199999999929
0.0 -10.660000000000007 723.9199999999929
0.0 -10.660000000000007 723.9199999999929
0.0 -10.680000000000007 723.9199999999929
0.0 -10.680000000000007 723.9199999999929
0.0 -10.700000000000006 723.9199999999929
0.0 -10.700000000000006 723.9199999999929
0.0 -10.720000000000006 723.9199999999929
0.0 -10.720000000000006 723.9199999999929
0.0 -10.720000000000006 723.9199999999929
0.0 -10.720000000000006 723.9199999999929
0.0 -10.700000000000006 723.9199999999929
0.0 -10.700000000000006 723.9199999999929
0.0 -10.720000000000006 723.9199999999929
0.0 -10.720000000000006 723.9199999999929
0.0 -10.680000000000007 723.9199999999929
0.0 -10.680000000000007 723.9199999999929
0.0 -10.660000000000007 723.9199999999929
0.0 -10.660000000000007 723.9199999999929
0.0 -10.640000000000008 723.9199999999929
0.0 -10.640000000000008 723.9199999999929
0.0 -10.620000000000008 723.9199999999929
0.0 -10.620000000000008 723.9199999999929
0.0 -10.620000000000008 723.9199999999929
0.0 -10.620000000000008 723.9199999999929
0.0 -10.620000000000008 723.9199999999929
0.0 -10.620000000000008 723.9199999999929
0.0 -10.640000000000008 723.9199999999929
0.0 -10.640000000000008 723.9199999999929
0.0 -10.640000000000008 723.9199999999929
0.0 -10.640000000000008 723.9199999999929
0.0 -10.640000000000008 723.9199999999929
0.0 -10.640000000000008 723.9199999999929
0.0 -10.620000000000008 723.9199999999929
0.0 -10.620000000000008 723.9199999999929
0.0 -10.600000000000009 723.9199999999929
0.0 -10.600000000000009 723.9199999999929
0.0 -10.580000000000009 723.9199999999929
0.0 -10.580000000000009 723.9199999999929
0.0 -10.580000000000009 723.9199999999929
0.0 -10.580000000000009 723.9199999999929
0.0 -10.580000000000009 723.9199999999929
0.0 -10.580000000000009 723.9199999999929
0.0 -10.56000000000001 723.9199999999929
0.0 -10.56000000000001 723.9199999999929
0.0 -10.580000000000009 723.9199999999929
0.0 -10.580000000000009 723.9199999999929
0.0 -10.580000000000009 723.9199999999929
0.0 -10.580000000000009 723.9199999999929
0.0 -10.56000000000001 723.9199999999929
0.0 -10.56000000000001 723.9199999999929
0.0 -10.56000000000001 723.9199999999929
0.0 -10.56000000000001 723.9199999999929
0.0 -10.54000000000001 723.9199999999929
0.0 -10.54000000000001 723.9199999999929
0.0 -10.56000000000001 723.9199999999929
0.0 -10.56000000000001 723.9199999999929
0.0 -10.54000000000001 723.9199999999929
0.0 -10.54000000000001 723.9199999999929
0.0 -10.54000000000001 723.9199999999929
0.0 -10.54000000000001 723.9199999999929
0.0 -10.280000000000015 723.9199999999929
0.0 -10.280000000000015 723.9199999999929
0.0 -10.240000000000016 723.9199999999929
0.0 -10.240000000000016 723.9199999999929
0.0 -10.240000000000016 723.9199999999929
0.0 -10.240000000000016 723.9199999999929
0.0 -10.220000000000017 723.9199999999929
0.0 -10.220000000000017 723.9199999999929
0.0 -10.200000000000017 723.9199999999929
0.0 -10.200000000000017 723.9199999999929
0.0 -10.200000000000017 723.9199999999929
0.0 -10.200000000000017 723.9199999999929
0.0 -10.200000000000017 723.9199999999929
0.0 -10.200000000000017 723.9199999999929
0.0 -10.160000000000018 723.9199999999929
0.0 -10.160000000000018 723.9199999999929
0.0 -10.180000000000017 723.9199999999929
0.0 -10.180000000000017 723.9199999999929
0.0 -10.180000000000017 723.9199999999929
0.0 -10.180000000000017 723.9199999999929
0.0 -10.180000000000017 723.9199999999929
0.0 -10.180000000000017 723.9199999999929
0.0 -10.180000000000017 723.9199999999929
0.0 -10.180000000000017 723.9199999999929
0.0 -10.180000000000017 723.9199999999929
0.0 -10.180000000000017 723.9199999999929
0.0 -10.160000000000018 723.9199999999929
0.0 -10.160000000000018 723.9199999999929
0.0 -10.160000000000018 723.9199999999929
0.0 -10.160000000000018 723.9199999999929
0.0 -10.160000000000018 723.9199999999929
0.0 -10.160000000000018 723.9199999999929
0.0 -10.160000000000018 723.9199999999929
0.0 -10.160000000000018 723.9199999999929
0.0 -10.160000000000018 723.9199999999929
0.0 -10.160000000000018 723.9199999999929
0.0 -10.200000000000017 723.9199999999929
0.0 -10.200000000000017 723.9199999999929
0.0 -10.160000000000018 723.9199999999929
0.0 -10.160000000000018 723.9199999999929
0.0 -10.180000000000017 723.9199999999929
0.0 -10.180000000000017 723.9199999999929
0.0 -10.140000000000018 723.9199999999929
0.0 -10.140000000000018 723.9199999999929
0.0 -10.140000000000018 723.9199999999929
0.0 -10.140000000000018 723.9199999999929
0.0 -10.10000000000002 723.9199999999929
0.0 -10.10000000000002 723.9199999999929
0.0 -10.10000000000002 723.9199999999929
0.0 -10.10000000000002 723.9199999999929
0.0 -10.10000000000002 723.9199999999929
0.0 -10.10000000000002 723.9199999999929
0.0 -10.120000000000019 723.9199999999929
0.0 -10.120000000000019 723.9199999999929
0.0 -10.160000000000018 723.9199999999929
0.0 -10.160000000000018 723.9199999999929
0.0 -10.160000000000018 723.9199999999929
0.0 -10.160000000000018 723.9199999999929
0.0 -10.160000000000018 723.9199999999929
0.0 -10.160000000000018 723.9199999999929
0.0 -10.160000000000018 723.9199999999929
0.0 -10.160000000000018 723.9199999999929
0.0 -10.160000000000018 723.9199999999929
0.0 -10.160000000000018 723.9199999999929
0.0 -10.160000000000018 723.9199999999929
0.0 -10.160000000000018 723.9199999999929
0.0 -10.180000000000017 723.9199999999929
0.0 -10.180000000000017 723.9199999999929
0.0 -10.200000000000017 723.9199999999929
0.0 -10.200000000000017 723.9199999999929
0.0 -10.180000000000017 723.9199999999929
0.0 -10.180000000000017 723.9199999999929
0.0 -10.180000000000017 723.9199999999929
0.0 -10.180000000000017 723.9199999999929
0.0 -10.160000000000018 723.9199999999929
0.0 -10.160000000000018 723.9199999999929
0.0 -10.120000000000019 723.9199999999929
0.0 -10.120000000000019 723.9199999999929
0.0 -10.10000000000002 723.9199999999929
0.0 -10.10000000000002 723.9199999999929
0.0 -10.06000000000002 723.9199999999929
0.0 -10.06000000000002 723.9199999999929
0.0 -10.04000000000002 723.9199999999929
0.0 -10.04000000000002 723.9199999999929
-8 4 723.9199999999929
-8 4 723.9199999999929
-5.01 2.9699999999999953 723.9199999999929
-5.01 2.9699999999999953 723.9199999999929
10 -8 723.9199999999929
10 -8 723.9199999999929
24 -6 723.9199999999929
24 -6 723.9199999999929
24 -10 723.9199999999929
24 -10 723.9199999999929
23 -9 723.9199999999929
23 -9 723.9199999999929
4 -6 723.9199999999929
4 -6 723.9199999999929
4 -10 723.9199999999929
4 -10 723.9199999999929
3 -9 723.9199999999929
3 -9 723.9199999999929
