28 7 0
28 27 0
28 14 0
28 14 0
25 9 0
25 29 0
24 8 0
24 28 0
29 6 0
29 26 0
29 3 0
29 23 0
26 6 0
26 26 0
24 5 0
24 25 0
21.049999999999933 20.04999999999986 0
21.699999999999953 6.940000000000001 0
21.699999999999953 26.94 0
29.199999999999996 18.480000000000075 0
29.199999999999996 18.480000000000075 0
21.019999999999932 19.999999999999844 0
21.019999999999932 19.999999999999844 0
21.559999999999935 21.01999999999999 0
22.329999999999895 3.99 0
22.329999999999895 23.990000000000002 0
6.02 5.840000000000003 0
15.729999999999984 18.869999999999823 0
1.009999999999933 0.10999999999984367 0
7.99 7.129999999999997 0
9.99 11.99 0
16.99 8.910000000000023 0
7.53000000000001 0.97 0
12.049999999999999 10.990000000000022 0
12.99 16.92999999999999 0
15.02 1.9800000000000015 0
20.60999999999988 19.989999999999842 0
20.60999999999988 19.989999999999842 0
2.9800000000000004 3.0000000000000213 0
10.019999999999978 2.9800000000000004 0
10.519999999999968 6.0 0
27.730000000000004 20.60999999999994 0
16.109999999999996 13.97 0
8 27 0
5 29 0
-10 12 0
-10 12 0
4 28 0
9 26 0
-8 12 0
-8 12 0
9 23 0
6 26 0
4 25 0
1.8799999999999957 20.879999999999978 0
1.8599999999999939 20.859999999999975 0
1.8399999999999908 20.83999999999997 0
-5.970000000000001 14.99 0
-5.970000000000001 14.99 0
1.7799999999999845 20.779999999999962 0
1.7599999999999818 20.75999999999996 0
1.7199999999999787 20.719999999999953 0
1.609999999999976 20.609999999999935 0
1.579999999999973 20.57999999999993 0
1.5499999999999703 20.549999999999926 0
1.5299999999999672 20.529999999999923 0
1.459999999999964 20.459999999999912 0
1.3899999999999606 20.3899999999999 0
1.33999999999996 20.339999999999893 0
1.2499999999999576 20.24999999999988 0
1.2099999999999527 20.209999999999873 0
1.1799999999999495 20.17999999999987 0
1.1499999999999468 20.149999999999864 0
1.1099999999999421 20.10999999999986 0
1.079999999999941 20.079999999999856 0
1.0499999999999332 20.04999999999986 0
-4.490000000000011 14.089999999999998 0
-4.490000000000011 14.089999999999998 0
1.699999999999953 26.94 0
-7.039999999999999 17.159999999999968 0
-7.039999999999999 17.159999999999968 0
1.5599999999999348 21.01999999999999 0
2.3299999999998953 23.990000000000002 0
3.4500000000000117 4.99 0
8.99 17.92999999999999 0
0.9999999999999398 19.319999999999737 0
6.12000000000004 14.0 0
2.6100000000000296 8.01 0
-1.7600000000001614 10.319999999999993 0
-1.7600000000001614 10.319999999999993 0
4.940000000000001 9.579999999999988 0
7.730000000000006 20.60999999999994 0
2.369999999999992 18.909999999999673 0
8 -6 0
8 -6 0
-5 -20 0
-5 -20 0
10 -8 0
10 -8 0
12 -8 0
12 -8 0
18.23999999999984 -9.680000000000007 0
-1.7600000000001614 -9.680000000000007 0
18.23999999999984 -9.680000000000007 0
-1.7600000000001614 -9.680000000000007 0
28 -6 0
28 -6 0
21.84999999999999 0.8499999999999746 0
21.829999999999988 0.8299999999999714 0
21.809999999999985 0.8099999999999683 0
14.03 -5.01 0
14.03 -5.01 0
21.709999999999976 0.7099999999999527 0
21.55999999999997 0.5599999999999292 0
21.519999999999964 0.519999999999923 0
21.37999999999996 0.3799999999999011 0
21.32999999999996 0.32999999999989327 0
21.219999999999953 0.21999999999987607 0
21.129999999999942 0.12999999999986356 0
21.069999999999936 0.0699999999998609 0
21.049999999999933 0.0499999999998586 0
0.9199999999999267 -1.5631940186722204e-13 0
0.9199999999999267 -1.5631940186722204e-13 0
20.889999999999922 0.00999999999984368 0
0.8399999999999161 -1.5631940186722204e-13 0
0.8399999999999161 -1.5631940186722204e-13 0
20.80999999999991 0.00999999999984368 0
20.789999999999907 0.00999999999984368 0
0.7799999999999099 0.01999999999984368 0
15.50999999999999 -5.910000000000002 0
15.50999999999999 -5.910000000000002 0
9.199999999999996 -1.519999999999925 0
29.199999999999996 -1.519999999999925 0
9.199999999999996 -1.519999999999925 0
29.199999999999996 -1.519999999999925 0
0.6799999999998911 -0.04000000000016257 0
0.6799999999998911 -0.04000000000016257 0
12.96 -2.840000000000032 0
12.96 -2.840000000000032 0
1.0199999999999316 -1.5631940186722204e-13 0
21.019999999999932 -1.5631940186722204e-13 0
1.0199999999999316 -1.5631940186722204e-13 0
21.019999999999932 -1.5631940186722204e-13 0
21.559999999999935 1.0199999999999891 0
0.659999999999888 -0.020000000000159446 0
0.659999999999888 -0.020000000000159446 0
0.6199999999998818 -1.5631940186722204e-13 0
0.6199999999998818 -1.5631940186722204e-13 0
0.6099999999998786 -0.010000000000157883 0
20.60999999999988 -0.010000000000157883 0
0.6099999999998786 -0.010000000000157883 0
20.60999999999988 -0.010000000000157883 0
1.449999999999937 0.00999999999984368 0
27.730000000000004 0.609999999999939 0
-5 0 0
-5 0 0
-10 -8 0
-10 -8 0
-8 -8 0
-8 -8 0
-5.970000000000001 -5.01 0
-5.970000000000001 -5.01 0
-4.490000000000011 -5.910000000000002 0
-4.490000000000011 -5.910000000000002 0
-7.039999999999999 -2.840000000000032 0
-7.039999999999999 -2.840000000000032 0
