0 29 719.0799999999983
20 29 719.0799999999983
13 29 719.0799999999983
13 29 719.0799999999983
22 8 719.0799999999983
2 28 719.0799999999983
22 28 719.0799999999983
26 0 719.0799999999983
26 20 719.0799999999983
24 14 719.0799999999983
24 14 719.0799999999983
24 4 719.0799999999983
4 24 719.0799999999983
24 24 719.0799999999983
12 24 719.0799999999983
12 24 719.0799999999983
28 0 719.0799999999983
28 20 719.0799999999983
24 10 719.0799999999983
24 10 719.0799999999983
29 3 719.0799999999983
9 23 719.0799999999983
29 23 719.0799999999983
23 11 719.0799999999983
23 11 719.0799999999983
20.0 29.0 719.0799999999983
20.0 29.0 719.0799999999983
26.0 20.0 719.0799999999983
26.0 0.0 719.0799999999983
26.0 20.0 719.0799999999983
26.0 0.0 719.0799999999983
20.0 29.0 719.0799999999983
20.0 29.0 719.0799999999983
25.98 20.0 719.0799999999983
25.98 0.0 719.0799999999983
25.98 20.0 719.0799999999983
25.98 0.0 719.0799999999983
25.98 20.0 719.0799999999983
25.98 0.0 719.0799999999983
25.98 20.0 719.0799999999983
25.98 0.0 719.0799999999983
25.94 20.0 719.0799999999983
25.94 0.0 719.0799999999983
25.94 20.0 719.0799999999983
25.94 0.0 719.0799999999983
20.0 29.0 719.0799999999983
20.0 29.0 719.0799999999983
20.0 29.0 719.0799999999983
20.0 29.0 719.0799999999983
27.98 20.0 719.0799999999983
27.98 0.0 719.0799999999983
27.98 20.0 719.0799999999983
27.98 0.0 719.0799999999983
20.0 29.0 719.0799999999983
20.0 29.0 719.0799999999983
20.0 29.0 719.0799999999983
20.0 29.0 719.0799999999983
28.02 20.0 719.0799999999983
28.02 0.0 719.0799999999983
28.02 20.0 719.0799999999983
28.02 0.0 719.0799999999983
25.900000000000002 20.0 719.0799999999983
25.900000000000002 0.0 719.0799999999983
25.900000000000002 20.0 719.0799999999983
25.900000000000002 0.0 719.0799999999983
25.900000000000002 20.0 719.0799999999983
25.900000000000002 0.0 719.0799999999983
25.900000000000002 20.0 719.0799999999983
25.900000000000002 0.0 719.0799999999983
25.900000000000002 20.0 719.0799999999983
25.900000000000002 0.0 719.0799999999983
25.900000000000002 20.0 719.0799999999983
25.900000000000002 0.0 719.0799999999983
25.880000000000003 20.0 719.0799999999983
25.880000000000003 0.0 719.0799999999983
25.880000000000003 20.0 719.0799999999983
25.880000000000003 0.0 719.0799999999983
20.0 29.0 719.0799999999983
20.0 29.0 719.0799999999983
25.880000000000003 20.0 719.0799999999983
25.880000000000003 0.0 719.0799999999983
25.880000000000003 20.0 719.0799999999983
25.880000000000003 0.0 719.0799999999983
28.0 20.0 719.0799999999983
28.0 0.0 719.0799999999983
28.0 20.0 719.0799999999983
28.0 0.0 719.0799999999983
25.860000000000003 20.0 719.0799999999983
25.860000000000003 0.0 719.0799999999983
25.860000000000003 20.0 719.0799999999983
25.860000000000003 0.0 719.0799999999983
25.840000000000003 20.0 719.0799999999983
25.840000000000003 0.0 719.0799999999983
25.840000000000003 20.0 719.0799999999983
25.840000000000003 0.0 719.0799999999983
28.0 20.0 719.0799999999983
28.0 0.0 719.0799999999983
28.0 20.0 719.0799999999983
28.0 0.0 719.0799999999983
25.820000000000004 20.0 719.0799999999983
25.820000000000004 0.0 719.0799999999983
25.820000000000004 20.0 719.0799999999983
25.820000000000004 0.0 719.0799999999983
25.820000000000004 20.0 719.0799999999983
25.820000000000004 0.0 719.0799999999983
25.820000000000004 20.0 719.0799999999983
25.820000000000004 0.0 719.0799999999983
20.0 28.98 719.0799999999983
20.0 28.98 719.0799999999983
25.800000000000004 20.0 719.0799999999983
25.800000000000004 0.0 719.0799999999983
25.800000000000004 20.0 719.0799999999983
25.800000000000004 0.0 719.0799999999983
25.780000000000005 20.0 719.0799999999983
25.780000000000005 0.0 719.0799999999983
25.780000000000005 20.0 719.0799999999983
25.780000000000005 0.0 719.0799999999983
25.780000000000005 20.0 719.0799999999983
25.780000000000005 0.0 719.0799999999983
25.780000000000005 20.0 719.0799999999983
25.780000000000005 0.0 719.0799999999983
28.0 20.0 719.0799999999983
28.0 0.0 719.0799999999983
28.0 20.0 719.0799999999983
28.0 0.0 719.0799999999983
25.780000000000005 20.0 719.0799999999983
25.780000000000005 0.0 719.0799999999983
25.780000000000005 20.0 719.0799999999983
25.780000000000005 0.0 719.0799999999983
20.0 29.0 719.0799999999983
20.0 29.0 719.0799999999983
25.780000000000005 20.0 719.0799999999983
25.780000000000005 0.0 719.0799999999983
25.780000000000005 20.0 719.0799999999983
25.780000000000005 0.0 719.0799999999983
28.0 20.0 719.0799999999983
28.0 0.0 719.0799999999983
28.0 20.0 719.0799999999983
28.0 0.0 719.0799999999983
20.0 29.02 719.0799999999983
20.0 29.02 719.0799999999983
27.98 20.0 719.0799999999983
27.98 0.0 719.0799999999983
27.98 20.0 719.0799999999983
27.98 0.0 719.0799999999983
27.98 20.0 719.0799999999983
27.98 0.0 719.0799999999983
27.98 20.0 719.0799999999983
27.98 0.0 719.0799999999983
28.0 20.0 719.0799999999983
28.0 0.0 719.0799999999983
28.0 20.0 719.0799999999983
28.0 0.0 719.0799999999983
25.740000000000006 20.0 719.0799999999983
25.740000000000006 0.0 719.0799999999983
25.740000000000006 20.0 719.0799999999983
25.740000000000006 0.0 719.0799999999983
25.720000000000006 20.0 719.0799999999983
25.720000000000006 0.0 719.0799999999983
25.720000000000006 20.0 719.0799999999983
25.720000000000006 0.0 719.0799999999983
27.98 20.0 719.0799999999983
27.98 0.0 719.0799999999983
27.98 20.0 719.0799999999983
27.98 0.0 719.0799999999983
25.700000000000006 20.0 719.0799999999983
25.700000000000006 0.0 719.0799999999983
25.700000000000006 20.0 719.0799999999983
25.700000000000006 0.0 719.0799999999983
28.0 20.0 719.0799999999983
28.0 0.0 719.0799999999983
28.0 20.0 719.0799999999983
28.0 0.0 719.0799999999983
25.700000000000006 20.0 719.0799999999983
25.700000000000006 0.0 719.0799999999983
25.700000000000006 20.0 719.0799999999983
25.700000000000006 0.0 719.0799999999983
20.0 29.04 719.0799999999983
20.0 29.04 719.0799999999983
20.0 29.04 719.0799999999983
20.0 29.04 719.0799999999983
20.0 29.04 719.0799999999983
20.0 29.04 719.0799999999983
25.54000000000001 20.0 719.0799999999983
25.54000000000001 0.0 719.0799999999983
25.54000000000001 20.0 719.0799999999983
25.54000000000001 0.0 719.0799999999983
20.0 29.04 719.0799999999983
20.0 29.04 719.0799999999983
25.52000000000001 20.0 719.0799999999983
25.52000000000001 0.0 719.0799999999983
25.52000000000001 20.0 719.0799999999983
25.52000000000001 0.0 719.0799999999983
25.50000000000001 20.0 719.0799999999983
25.50000000000001 0.0 719.0799999999983
25.50000000000001 20.0 719.0799999999983
25.50000000000001 0.0 719.0799999999983
20.0 29.02 719.0799999999983
20.0 29.02 719.0799999999983
25.48000000000001 20.0 719.0799999999983
25.48000000000001 0.0 719.0799999999983
25.48000000000001 20.0 719.0799999999983
25.48000000000001 0.0 719.0799999999983
28.0 20.0 719.0799999999983
28.0 0.0 719.0799999999983
28.0 20.0 719.0799999999983
28.0 0.0 719.0799999999983
28.0 20.0 719.0799999999983
28.0 0.0 719.0799999999983
28.0 20.0 719.0799999999983
28.0 0.0 719.0799999999983
25.46000000000001 20.0 719.0799999999983
25.46000000000001 0.0 719.0799999999983
25.46000000000001 20.0 719.0799999999983
25.46000000000001 0.0 719.0799999999983
20.0 29.0 719.0799999999983
20.0 29.0 719.0799999999983
25.420000000000012 20.0 719.0799999999983
25.420000000000012 0.0 719.0799999999983
25.420000000000012 20.0 719.0799999999983
25.420000000000012 0.0 719.0799999999983
25.380000000000013 20.0 719.0799999999983
25.380000000000013 0.0 719.0799999999983
25.380000000000013 20.0 719.0799999999983
25.380000000000013 0.0 719.0799999999983
25.360000000000014 20.0 719.0799999999983
25.360000000000014 0.0 719.0799999999983
25.360000000000014 20.0 719.0799999999983
25.360000000000014 0.0 719.0799999999983
20.0 29.0 719.0799999999983
20.0 29.0 719.0799999999983
25.360000000000014 20.0 719.0799999999983
25.360000000000014 0.0 719.0799999999983
25.360000000000014 20.0 719.0799999999983
25.360000000000014 0.0 719.0799999999983
20.0 29.0 719.0799999999983
20.0 29.0 719.0799999999983
25.300000000000015 20.0 719.0799999999983
25.300000000000015 0.0 719.0799999999983
25.300000000000015 20.0 719.0799999999983
25.300000000000015 0.0 719.0799999999983
20.0 29.0 719.0799999999983
20.0 29.0 719.0799999999983
28.0 20.0 719.0799999999983
28.0 0.0 719.0799999999983
28.0 20.0 719.0799999999983
28.0 0.0 719.0799999999983
25.280000000000015 20.0 719.0799999999983
25.280000000000015 0.0 719.0799999999983
25.280000000000015 20.0 719.0799999999983
25.280000000000015 0.0 719.0799999999983
25.240000000000016 20.0 719.0799999999983
25.240000000000016 0.0 719.0799999999983
25.240000000000016 20.0 719.0799999999983
25.240000000000016 0.0 719.0799999999983
20.0 29.0 719.0799999999983
20.0 29.0 719.0799999999983
25.220000000000017 20.0 719.0799999999983
25.220000000000017 0.0 719.0799999999983
25.220000000000017 20.0 719.0799999999983
25.220000000000017 0.0 719.0799999999983
20.0 29.0 719.0799999999983
20.0 29.0 719.0799999999983
28.0 20.0 719.0799999999983
28.0 0.0 719.0799999999983
28.0 20.0 719.0799999999983
28.0 0.0 719.0799999999983
28.0 20.0 719.0799999999983
28.0 0.0 719.0799999999983
28.0 20.0 719.0799999999983
28.0 0.0 719.0799999999983
25.160000000000018 20.0 719.0799999999983
25.160000000000018 0.0 719.0799999999983
25.160000000000018 20.0 719.0799999999983
25.160000000000018 0.0 719.0799999999983
25.14000000000002 20.0 719.0799999999983
25.14000000000002 0.0 719.0799999999983
25.14000000000002 20.0 719.0799999999983
25.14000000000002 0.0 719.0799999999983
27.98 20.0 719.0799999999983
27.98 0.0 719.0799999999983
27.98 20.0 719.0799999999983
27.98 0.0 719.0799999999983
25.14000000000002 20.0 719.0799999999983
25.14000000000002 0.0 719.0799999999983
25.14000000000002 20.0 719.0799999999983
25.14000000000002 0.0 719.0799999999983
25.12000000000002 20.0 719.0799999999983
25.12000000000002 0.0 719.0799999999983
25.12000000000002 20.0 719.0799999999983
25.12000000000002 0.0 719.0799999999983
25.12000000000002 20.0 719.0799999999983
25.12000000000002 0.0 719.0799999999983
25.12000000000002 20.0 719.0799999999983
25.12000000000002 0.0 719.0799999999983
20.0 29.099999999999998 719.0799999999983
20.0 29.099999999999998 719.0799999999983
20.0 29.119999999999997 719.0799999999983
20.0 29.119999999999997 719.0799999999983
20.0 29.139999999999997 719.0799999999983
20.0 29.139999999999997 719.0799999999983
24.98000000000002 20.0 719.0799999999983
24.98000000000002 0.0 719.0799999999983
24.98000000000002 20.0 719.0799999999983
24.98000000000002 0.0 719.0799999999983
20.0 29.159999999999997 719.0799999999983
20.0 29.159999999999997 719.0799999999983
20.0 29.159999999999997 719.0799999999983
20.0 29.159999999999997 719.0799999999983
25.02000000000002 20.0 719.0799999999983
25.02000000000002 0.0 719.0799999999983
25.02000000000002 20.0 719.0799999999983
25.02000000000002 0.0 719.0799999999983
25.02000000000002 20.0 719.0799999999983
25.02000000000002 0.0 719.0799999999983
25.02000000000002 20.0 719.0799999999983
25.02000000000002 0.0 719.0799999999983
25.00000000000002 20.0 719.0799999999983
25.00000000000002 0.0 719.0799999999983
25.00000000000002 20.0 719.0799999999983
25.00000000000002 0.0 719.0799999999983
25.00000000000002 20.0 719.0799999999983
25.00000000000002 0.0 719.0799999999983
25.00000000000002 20.0 719.0799999999983
25.00000000000002 0.0 719.0799999999983
24.98000000000002 20.0 719.0799999999983
24.98000000000002 0.0 719.0799999999983
24.98000000000002 20.0 719.0799999999983
24.98000000000002 0.0 719.0799999999983
24.960000000000022 20.0 719.0799999999983
24.960000000000022 0.0 719.0799999999983
24.960000000000022 20.0 719.0799999999983
24.960000000000022 0.0 719.0799999999983
24.940000000000023 20.0 719.0799999999983
24.940000000000023 0.0 719.0799999999983
24.940000000000023 20.0 719.0799999999983
24.940000000000023 0.0 719.0799999999983
24.920000000000023 20.0 719.0799999999983
24.920000000000023 0.0 719.0799999999983
24.920000000000023 20.0 719.0799999999983
24.920000000000023 0.0 719.0799999999983
20.0 29.179999999999996 719.0799999999983
20.0 29.179999999999996 719.0799999999983
20.0 29.179999999999996 719.0799999999983
20.0 29.179999999999996 719.0799999999983
20.0 29.179999999999996 719.0799999999983
20.0 29.179999999999996 719.0799999999983
20.0 29.159999999999997 719.0799999999983
20.0 29.159999999999997 719.0799999999983
20.0 29.179999999999996 719.0799999999983
20.0 29.179999999999996 719.0799999999983
20.0 29.179999999999996 719.0799999999983
20.0 29.179999999999996 719.0799999999983
20.0 29.159999999999997 719.0799999999983
20.0 29.159999999999997 719.0799999999983
20.0 29.159999999999997 719.0799999999983
20.0 29.159999999999997 719.0799999999983
14.99 22.969999999999995 719.0799999999983
14.99 22.969999999999995 719.0799999999983
20.0 29.159999999999997 719.0799999999983
20.0 29.159999999999997 719.0799999999983
20.0 29.159999999999997 719.0799999999983
20.0 29.159999999999997 719.0799999999983
20.0 29.139999999999997 719.0799999999983
20.0 29.139999999999997 719.0799999999983
20.0 29.139999999999997 719.0799999999983
20.0 29.139999999999997 719.0799999999983
20.0 29.159999999999997 719.0799999999983
20.0 29.159999999999997 719.0799999999983
20.0 29.179999999999996 719.0799999999983
20.0 29.179999999999996 719.0799999999983
20.0 29.179999999999996 719.0799999999983
20.0 29.179999999999996 719.0799999999983
28.0 20.0 719.0799999999983
28.0 0.0 719.0799999999983
28.0 20.0 719.0799999999983
28.0 0.0 719.0799999999983
27.98 20.0 719.0799999999983
27.98 0.0 719.0799999999983
27.98 20.0 719.0799999999983
27.98 0.0 719.0799999999983
20.0 29.179999999999996 719.0799999999983
20.0 29.179999999999996 719.0799999999983
28.0 20.0 719.0799999999983
28.0 0.0 719.0799999999983
28.0 20.0 719.0799999999983
28.0 0.0 719.0799999999983
20.0 29.159999999999997 719.0799999999983
20.0 29.159999999999997 719.0799999999983
20.0 29.159999999999997 719.0799999999983
20.0 29.159999999999997 719.0799999999983
28.0 20.0 719.0799999999983
28.0 0.0 719.0799999999983
28.0 20.0 719.0799999999983
28.0 0.0 719.0799999999983
20.0 29.139999999999997 719.0799999999983
20.0 29.139999999999997 719.0799999999983
20.0 29.139999999999997 719.0799999999983
20.0 29.139999999999997 719.0799999999983
28.0 20.0 719.0799999999983
28.0 0.0 719.0799999999983
28.0 20.0 719.0799999999983
28.0 0.0 719.0799999999983
20.0 29.159999999999997 719.0799999999983
20.0 29.159999999999997 719.0799999999983
20.0 29.139999999999997 719.0799999999983
20.0 29.139999999999997 719.0799999999983
20.0 29.139999999999997 719.0799999999983
20.0 29.139999999999997 719.0799999999983
20.0 29.119999999999997 719.0799999999983
20.0 29.119999999999997 719.0799999999983
28.0 20.0 719.0799999999983
28.0 0.0 719.0799999999983
28.0 20.0 719.0799999999983
28.0 0.0 719.0799999999983
20.0 29.139999999999997 719.0799999999983
20.0 29.139999999999997 719.0799999999983
20.0 29.139999999999997 719.0799999999983
20.0 29.139999999999997 719.0799999999983
20.0 29.119999999999997 719.0799999999983
20.0 29.119999999999997 719.0799999999983
20.0 29.099999999999998 719.0799999999983
20.0 29.099999999999998 719.0799999999983
28.0 20.0 719.0799999999983
28.0 0.0 719.0799999999983
28.0 20.0 719.0799999999983
28.0 0.0 719.0799999999983
20.0 29.08 719.0799999999983
20.0 29.08 719.0799999999983
28.0 20.0 719.0799999999983
28.0 0.0 719.0799999999983
28.0 20.0 719.0799999999983
28.0 0.0 719.0799999999983
28.0 20.0 719.0799999999983
28.0 0.0 719.0799999999983
28.0 20.0 719.0799999999983
28.0 0.0 719.0799999999983
20.0 29.06 719.0799999999983
20.0 29.06 719.0799999999983
20.0 29.06 719.0799999999983
20.0 29.06 719.0799999999983
28.0 20.0 719.0799999999983
28.0 0.0 719.0799999999983
28.0 20.0 719.0799999999983
28.0 0.0 719.0799999999983
20.0 29.06 719.0799999999983
20.0 29.06 719.0799999999983
28.0 20.0 719.0799999999983
28.0 0.0 719.0799999999983
28.0 20.0 719.0799999999983
28.0 0.0 719.0799999999983
20.0 29.08 719.0799999999983
20.0 29.08 719.0799999999983
20.0 29.08 719.0799999999983
20.0 29.08 719.0799999999983
20.0 29.08 719.0799999999983
20.0 29.08 719.0799999999983
25.00000000000002 20.0 719.0799999999983
25.00000000000002 0.0 719.0799999999983
25.00000000000002 20.0 719.0799999999983
25.00000000000002 0.0 719.0799999999983
20.0 29.099999999999998 719.0799999999983
20.0 29.099999999999998 719.0799999999983
20.0 29.119999999999997 719.0799999999983
20.0 29.119999999999997 719.0799999999983
20.0 29.119999999999997 719.0799999999983
20.0 29.119999999999997 719.0799999999983
20.0 29.119999999999997 719.0799999999983
20.0 29.119999999999997 719.0799999999983
27.98 20.0 719.0799999999983
27.98 0.0 719.0799999999983
27.98 20.0 719.0799999999983
27.98 0.0 719.0799999999983
25.00000000000002 20.0 719.0799999999983
25.00000000000002 0.0 719.0799999999983
25.00000000000002 20.0 719.0799999999983
25.00000000000002 0.0 719.0799999999983
25.00000000000002 20.0 719.0799999999983
25.00000000000002 0.0 719.0799999999983
25.00000000000002 20.0 719.0799999999983
25.00000000000002 0.0 719.0799999999983
25.00000000000002 20.0 719.0799999999983
25.00000000000002 0.0 719.0799999999983
25.00000000000002 20.0 719.0799999999983
25.00000000000002 0.0 719.0799999999983
20.0 29.139999999999997 719.0799999999983
20.0 29.139999999999997 719.0799999999983
20.0 29.139999999999997 719.0799999999983
20.0 29.139999999999997 719.0799999999983
28.02 20.0 719.0799999999983
28.02 0.0 719.0799999999983
28.02 20.0 719.0799999999983
28.02 0.0 719.0799999999983
20.0 29.159999999999997 719.0799999999983
20.0 29.159999999999997 719.0799999999983
25.00000000000002 20.0 719.0799999999983
25.00000000000002 0.0 719.0799999999983
25.00000000000002 20.0 719.0799999999983
25.00000000000002 0.0 719.0799999999983
24.98000000000002 20.0 719.0799999999983
24.98000000000002 0.0 719.0799999999983
24.98000000000002 20.0 719.0799999999983
24.98000000000002 0.0 719.0799999999983
25.00000000000002 20.0 719.0799999999983
25.00000000000002 0.0 719.0799999999983
25.00000000000002 20.0 719.0799999999983
25.00000000000002 0.0 719.0799999999983
20.0 29.159999999999997 719.0799999999983
20.0 29.159999999999997 719.0799999999983
28.0 20.0 719.0799999999983
28.0 0.0 719.0799999999983
28.0 20.0 719.0799999999983
28.0 0.0 719.0799999999983
20.0 29.179999999999996 719.0799999999983
20.0 29.179999999999996 719.0799999999983
20.0 29.179999999999996 719.0799999999983
20.0 29.179999999999996 719.0799999999983
24.98000000000002 20.0 719.0799999999983
24.98000000000002 0.0 719.0799999999983
24.98000000000002 20.0 719.0799999999983
24.98000000000002 0.0 719.0799999999983
20.0 29.159999999999997 719.0799999999983
20.0 29.159999999999997 719.0799999999983
20.0 29.139999999999997 719.0799999999983
20.0 29.139999999999997 719.0799999999983
28.0 20.0 719.0799999999983
28.0 0.0 719.0799999999983
28.0 20.0 719.0799999999983
28.0 0.0 719.0799999999983
25.00000000000002 20.0 719.0799999999983
25.00000000000002 0.0 719.0799999999983
25.00000000000002 20.0 719.0799999999983
25.00000000000002 0.0 719.0799999999983
20.0 29.179999999999996 719.0799999999983
20.0 29.179999999999996 719.0799999999983
28.0 20.0 719.0799999999983
28.0 0.0 719.0799999999983
28.0 20.0 719.0799999999983
28.0 0.0 719.0799999999983
28.0 20.0 719.0799999999983
28.0 0.0 719.0799999999983
28.0 20.0 719.0799999999983
28.0 0.0 719.0799999999983
20.0 29.179999999999996 719.0799999999983
20.0 29.179999999999996 719.0799999999983
28.0 20.0 719.0799999999983
28.0 0.0 719.0799999999983
28.0 20.0 719.0799999999983
28.0 0.0 719.0799999999983
20.0 29.159999999999997 719.0799999999983
20.0 29.159999999999997 719.0799999999983
20.0 29.159999999999997 719.0799999999983
20.0 29.159999999999997 719.0799999999983
20.0 29.159999999999997 719.0799999999983
20.0 29.159999999999997 719.0799999999983
27.98 20.0 719.0799999999983
27.98 0.0 719.0799999999983
27.98 20.0 719.0799999999983
27.98 0.0 719.0799999999983
20.0 29.159999999999997 719.0799999999983
20.0 29.159999999999997 719.0799999999983
20.0 29.159999999999997 719.0799999999983
20.0 29.159999999999997 719.0799999999983
28.0 20.0 719.0799999999983
28.0 0.0 719.0799999999983
28.0 20.0 719.0799999999983
28.0 0.0 719.0799999999983
20.0 29.179999999999996 719.0799999999983
20.0 29.179999999999996 719.0799999999983
20.0 29.179999999999996 719.0799999999983
20.0 29.179999999999996 719.0799999999983
20.0 29.179999999999996 719.0799999999983
20.0 29.179999999999996 719.0799999999983
20.0 29.179999999999996 719.0799999999983
20.0 29.179999999999996 719.0799999999983
24.960000000000022 20.0 719.0799999999983
24.960000000000022 0.0 719.0799999999983
24.960000000000022 20.0 719.0799999999983
24.960000000000022 0.0 719.0799999999983
24.960000000000022 20.0 719.0799999999983
24.960000000000022 0.0 719.0799999999983
24.960000000000022 20.0 719.0799999999983
24.960000000000022 0.0 719.0799999999983
24.940000000000023 20.0 719.0799999999983
24.940000000000023 0.0 719.0799999999983
24.940000000000023 20.0 719.0799999999983
24.940000000000023 0.0 719.0799999999983
28.0 20.0 719.0799999999983
28.0 0.0 719.0799999999983
28.0 20.0 719.0799999999983
28.0 0.0 719.0799999999983
20.0 29.179999999999996 719.0799999999983
20.0 29.179999999999996 719.0799999999983
24.960000000000022 20.0 719.0799999999983
24.960000000000022 0.0 719.0799999999983
24.960000000000022 20.0 719.0799999999983
24.960000000000022 0.0 719.0799999999983
20.0 29.199999999999996 719.0799999999983
20.0 29.199999999999996 719.0799999999983
28.0 20.0 719.0799999999983
28.0 0.0 719.0799999999983
28.0 20.0 719.0799999999983
28.0 0.0 719.0799999999983
20.0 29.199999999999996 719.0799999999983
20.0 29.199999999999996 719.0799999999983
28.0 20.0 719.0799999999983
28.0 0.0 719.0799999999983
28.0 20.0 719.0799999999983
28.0 0.0 719.0799999999983
20.0 29.199999999999996 719.0799999999983
20.0 29.199999999999996 719.0799999999983
20.0 29.199999999999996 719.0799999999983
20.0 29.199999999999996 719.0799999999983
24.960000000000022 20.0 719.0799999999983
24.960000000000022 0.0 719.0799999999983
24.960000000000022 20.0 719.0799999999983
24.960000000000022 0.0 719.0799999999983
20.0 29.219999999999995 719.0799999999983
20.0 29.219999999999995 719.0799999999983
27.98 20.0 719.0799999999983
27.98 0.0 719.0799999999983
27.98 20.0 719.0799999999983
27.98 0.0 719.0799999999983
24.98000000000002 20.0 719.0799999999983
24.98000000000002 0.0 719.0799999999983
24.98000000000002 20.0 719.0799999999983
24.98000000000002 0.0 719.0799999999983
20.0 29.239999999999995 719.0799999999983
20.0 29.239999999999995 719.0799999999983
20.0 29.259999999999994 719.0799999999983
20.0 29.259999999999994 719.0799999999983
20.0 29.239999999999995 719.0799999999983
20.0 29.239999999999995 719.0799999999983
20.0 29.239999999999995 719.0799999999983
20.0 29.239999999999995 719.0799999999983
28.0 20.0 719.0799999999983
28.0 0.0 719.0799999999983
28.0 20.0 719.0799999999983
28.0 0.0 719.0799999999983
28.0 20.0 719.0799999999983
28.0 0.0 719.0799999999983
28.0 20.0 719.0799999999983
28.0 0.0 719.0799999999983
28.02 20.0 719.0799999999983
28.02 0.0 719.0799999999983
28.02 20.0 719.0799999999983
28.02 0.0 719.0799999999983
20.0 29.259999999999994 719.0799999999983
20.0 29.259999999999994 719.0799999999983
28.0 20.0 719.0799999999983
28.0 0.0 719.0799999999983
28.0 20.0 719.0799999999983
28.0 0.0 719.0799999999983
28.0 20.0 719.0799999999983
28.0 0.0 719.0799999999983
28.0 20.0 719.0799999999983
28.0 0.0 719.0799999999983
20.0 29.239999999999995 719.0799999999983
20.0 29.239999999999995 719.0799999999983
28.0 20.0 719.0799999999983
28.0 0.0 719.0799999999983
28.0 20.0 719.0799999999983
28.0 0.0 719.0799999999983
20.0 29.259999999999994 719.0799999999983
20.0 29.259999999999994 719.0799999999983
20.0 29.259999999999994 719.0799999999983
20.0 29.259999999999994 719.0799999999983
27.98 20.0 719.0799999999983
27.98 0.0 719.0799999999983
27.98 20.0 719.0799999999983
27.98 0.0 719.0799999999983
28.0 20.0 719.0799999999983
28.0 0.0 719.0799999999983
28.0 20.0 719.0799999999983
28.0 0.0 719.0799999999983
20.0 29.279999999999994 719.0799999999983
20.0 29.279999999999994 719.0799999999983
28.0 20.0 719.0799999999983
28.0 0.0 719.0799999999983
28.0 20.0 719.0799999999983
28.0 0.0 719.0799999999983
20.0 29.279999999999994 719.0799999999983
20.0 29.279999999999994 719.0799999999983
28.0 20.0 719.0799999999983
28.0 0.0 719.0799999999983
28.0 20.0 719.0799999999983
28.0 0.0 719.0799999999983
20.0 29.299999999999994 719.0799999999983
20.0 29.299999999999994 719.0799999999983
20.0 29.279999999999994 719.0799999999983
20.0 29.279999999999994 719.0799999999983
20.0 29.279999999999994 719.0799999999983
20.0 29.279999999999994 719.0799999999983
28.0 20.0 719.0799999999983
28.0 0.0 719.0799999999983
28.0 20.0 719.0799999999983
28.0 0.0 719.0799999999983
20.0 29.259999999999994 719.0799999999983
20.0 29.259999999999994 719.0799999999983
20.0 29.259999999999994 719.0799999999983
20.0 29.259999999999994 719.0799999999983
28.0 20.0 719.0799999999983
28.0 0.0 719.0799999999983
28.0 20.0 719.0799999999983
28.0 0.0 719.0799999999983
20.0 29.279999999999994 719.0799999999983
20.0 29.279999999999994 719.0799999999983
28.0 20.0 719.0799999999983
28.0 0.0 719.0799999999983
28.0 20.0 719.0799999999983
28.0 0.0 719.0799999999983
20.0 29.279999999999994 719.0799999999983
20.0 29.279999999999994 719.0799999999983
20.0 29.259999999999994 719.0799999999983
20.0 29.259999999999994 719.0799999999983
20.0 29.259999999999994 719.0799999999983
20.0 29.259999999999994 719.0799999999983
20.0 29.279999999999994 719.0799999999983
20.0 29.279999999999994 719.0799999999983
28.0 20.0 719.0799999999983
28.0 0.0 719.0799999999983
28.0 20.0 719.0799999999983
28.0 0.0 719.0799999999983
20.0 29.279999999999994 719.0799999999983
20.0 29.279999999999994 719.0799999999983
20.0 29.279999999999994 719.0799999999983
20.0 29.279999999999994 719.0799999999983
28.0 20.0 719.0799999999983
28.0 0.0 719.0799999999983
28.0 20.0 719.0799999999983
28.0 0.0 719.0799999999983
28.0 20.0 719.0799999999983
28.0 0.0 719.0799999999983
28.0 20.0 719.0799999999983
28.0 0.0 719.0799999999983
20.0 29.299999999999994 719.0799999999983
20.0 29.299999999999994 719.0799999999983
20.0 29.299999999999994 719.0799999999983
20.0 29.299999999999994 719.0799999999983
20.0 29.299999999999994 719.0799999999983
20.0 29.299999999999994 719.0799999999983
20.0 29.279999999999994 719.0799999999983
20.0 29.279999999999994 719.0799999999983
20.0 29.299999999999994 719.0799999999983
20.0 29.299999999999994 719.0799999999983
20.0 29.279999999999994 719.0799999999983
20.0 29.279999999999994 719.0799999999983
20.0 29.279999999999994 719.0799999999983
20.0 29.279999999999994 719.0799999999983
20.0 29.259999999999994 719.0799999999983
20.0 29.259999999999994 719.0799999999983
28.0 20.0 719.0799999999983
28.0 0.0 719.0799999999983
28.0 20.0 719.0799999999983
28.0 0.0 719.0799999999983
20.0 29.259999999999994 719.0799999999983
20.0 29.259999999999994 719.0799999999983
20.0 29.279999999999994 719.0799999999983
20.0 29.279999999999994 719.0799999999983
28.0 20.0 719.0799999999983
28.0 0.0 719.0799999999983
28.0 20.0 719.0799999999983
28.0 0.0 719.0799999999983
28.0 20.0 719.0799999999983
28.0 0.0 719.0799999999983
28.0 20.0 719.0799999999983
28.0 0.0 719.0799999999983
20.0 29.299999999999994 719.0799999999983
20.0 29.299999999999994 719.0799999999983
28.0 20.0 719.0799999999983
28.0 0.0 719.0799999999983
28.0 20.0 719.0799999999983
28.0 0.0 719.0799999999983
20.0 29.299999999999994 719.0799999999983
20.0 29.299999999999994 719.0799999999983
20.0 29.279999999999994 719.0799999999983
20.0 29.279999999999994 719.0799999999983
28.0 20.0 719.0799999999983
28.0 0.0 719.0799999999983
28.0 20.0 719.0799999999983
28.0 0.0 719.0799999999983
20.0 29.299999999999994 719.0799999999983
20.0 29.299999999999994 719.0799999999983
28.0 20.0 719.0799999999983
28.0 0.0 719.0799999999983
28.0 20.0 719.0799999999983
28.0 0.0 719.0799999999983
20.0 29.319999999999993 719.0799999999983
20.0 29.319999999999993 719.0799999999983
25.00000000000002 20.0 719.0799999999983
25.00000000000002 0.0 719.0799999999983
25.00000000000002 20.0 719.0799999999983
25.00000000000002 0.0 719.0799999999983
28.0 20.0 719.0799999999983
28.0 0.0 719.0799999999983
28.0 20.0 719.0799999999983
28.0 0.0 719.0799999999983
20.0 29.319999999999993 719.0799999999983
20.0 29.319999999999993 719.0799999999983
20.0 29.339999999999993 719.0799999999983
20.0 29.339999999999993 719.0799999999983
25.00000000000002 20.0 719.0799999999983
25.00000000000002 0.0 719.0799999999983
25.00000000000002 20.0 719.0799999999983
25.00000000000002 0.0 719.0799999999983
20.0 29.339999999999993 719.0799999999983
20.0 29.339999999999993 719.0799999999983
25.00000000000002 20.0 719.0799999999983
25.00000000000002 0.0 719.0799999999983
25.00000000000002 20.0 719.0799999999983
25.00000000000002 0.0 719.0799999999983
25.00000000000002 20.0 719.0799999999983
25.00000000000002 0.0 719.0799999999983
25.00000000000002 20.0 719.0799999999983
25.00000000000002 0.0 719.0799999999983
20.0 29.339999999999993 719.0799999999983
20.0 29.339999999999993 719.0799999999983
20.0 29.339999999999993 719.0799999999983
20.0 29.339999999999993 719.0799999999983
20.0 29.339999999999993 719.0799999999983
20.0 29.339999999999993 719.0799999999983
20.0 29.319999999999993 719.0799999999983
20.0 29.319999999999993 719.0799999999983
20.0 29.339999999999993 719.0799999999983
20.0 29.339999999999993 719.0799999999983
20.0 29.339999999999993 719.0799999999983
20.0 29.339999999999993 719.0799999999983
25.00000000000002 20.0 719.0799999999983
25.00000000000002 0.0 719.0799999999983
25.00000000000002 20.0 719.0799999999983
25.00000000000002 0.0 719.0799999999983
25.00000000000002 20.0 719.0799999999983
25.00000000000002 0.0 719.0799999999983
25.00000000000002 20.0 719.0799999999983
25.00000000000002 0.0 719.0799999999983
20.0 29.339999999999993 719.0799999999983
20.0 29.339999999999993 719.0799999999983
20.0 29.319999999999993 719.0799999999983
20.0 29.319999999999993 719.0799999999983
20.0 29.299999999999994 719.0799999999983
20.0 29.299999999999994 719.0799999999983
28.0 20.0 719.0799999999983
28.0 0.0 719.0799999999983
28.0 20.0 719.0799999999983
28.0 0.0 719.0799999999983
20.0 29.279999999999994 719.0799999999983
20.0 29.279999999999994 719.0799999999983
27.98 20.0 719.0799999999983
27.98 0.0 719.0799999999983
27.98 20.0 719.0799999999983
27.98 0.0 719.0799999999983
20.0 29.279999999999994 719.0799999999983
20.0 29.279999999999994 719.0799999999983
27.98 20.0 719.0799999999983
27.98 0.0 719.0799999999983
27.98 20.0 719.0799999999983
27.98 0.0 719.0799999999983
20.0 29.299999999999994 719.0799999999983
20.0 29.299999999999994 719.0799999999983
27.98 20.0 719.0799999999983
27.98 0.0 719.0799999999983
27.98 20.0 719.0799999999983
27.98 0.0 719.0799999999983
20.0 29.279999999999994 719.0799999999983
20.0 29.279999999999994 719.0799999999983
27.98 20.0 719.0799999999983
27.98 0.0 719.0799999999983
27.98 20.0 719.0799999999983
27.98 0.0 719.0799999999983
27.98 20.0 719.0799999999983
27.98 0.0 719.0799999999983
27.98 20.0 719.0799999999983
27.98 0.0 719.0799999999983
20.0 29.319999999999993 719.0799999999983
20.0 29.319999999999993 719.0799999999983
27.96 20.0 719.0799999999983
27.96 0.0 719.0799999999983
27.96 20.0 719.0799999999983
27.96 0.0 719.0799999999983
20.0 29.339999999999993 719.0799999999983
20.0 29.339999999999993 719.0799999999983
20.0 29.359999999999992 719.0799999999983
20.0 29.359999999999992 719.0799999999983
28.0 20.0 719.0799999999983
28.0 0.0 719.0799999999983
28.0 20.0 719.0799999999983
28.0 0.0 719.0799999999983
20.0 29.379999999999992 719.0799999999983
20.0 29.379999999999992 719.0799999999983
20.0 29.379999999999992 719.0799999999983
20.0 29.379999999999992 719.0799999999983
28.0 20.0 719.0799999999983
28.0 0.0 719.0799999999983
28.0 20.0 719.0799999999983
28.0 0.0 719.0799999999983
20.0 29.379999999999992 719.0799999999983
20.0 29.379999999999992 719.0799999999983
28.0 20.0 719.0799999999983
28.0 0.0 719.0799999999983
28.0 20.0 719.0799999999983
28.0 0.0 719.0799999999983
28.02 20.0 719.0799999999983
28.02 0.0 719.0799999999983
28.02 20.0 719.0799999999983
28.02 0.0 719.0799999999983
28.02 20.0 719.0799999999983
28.02 0.0 719.0799999999983
28.02 20.0 719.0799999999983
28.02 0.0 719.0799999999983
28.0 20.0 719.0799999999983
28.0 0.0 719.0799999999983
28.0 20.0 719.0799999999983
28.0 0.0 719.0799999999983
27.98 20.0 719.0799999999983
27.98 0.0 719.0799999999983
27.98 20.0 719.0799999999983
27.98 0.0 719.0799999999983
20.0 29.359999999999992 719.0799999999983
20.0 29.359999999999992 719.0799999999983
20.0 29.359999999999992 719.0799999999983
20.0 29.359999999999992 719.0799999999983
20.0 29.359999999999992 719.0799999999983
20.0 29.359999999999992 719.0799999999983
20.0 29.379999999999992 719.0799999999983
20.0 29.379999999999992 719.0799999999983
27.96 20.0 719.0799999999983
27.96 0.0 719.0799999999983
27.96 20.0 719.0799999999983
27.96 0.0 719.0799999999983
24.960000000000022 20.0 719.0799999999983
24.960000000000022 0.0 719.0799999999983
24.960000000000022 20.0 719.0799999999983
24.960000000000022 0.0 719.0799999999983
27.98 20.0 719.0799999999983
27.98 0.0 719.0799999999983
27.98 20.0 719.0799999999983
27.98 0.0 719.0799999999983
24.940000000000023 20.0 719.0799999999983
24.940000000000023 0.0 719.0799999999983
24.940000000000023 20.0 719.0799999999983
24.940000000000023 0.0 719.0799999999983
24.940000000000023 20.0 719.0799999999983
24.940000000000023 0.0 719.0799999999983
24.940000000000023 20.0 719.0799999999983
24.940000000000023 0.0 719.0799999999983
28.0 20.0 719.0799999999983
28.0 0.0 719.0799999999983
28.0 20.0 719.0799999999983
28.0 0.0 719.0799999999983
28.0 20.0 719.0799999999983
28.0 0.0 719.0799999999983
28.0 20.0 719.0799999999983
28.0 0.0 719.0799999999983
24.940000000000023 20.0 719.0799999999983
24.940000000000023 0.0 719.0799999999983
24.940000000000023 20.0 719.0799999999983
24.940000000000023 0.0 719.0799999999983
24.960000000000022 20.0 719.0799999999983
24.960000000000022 0.0 719.0799999999983
24.960000000000022 20.0 719.0799999999983
24.960000000000022 0.0 719.0799999999983
20.0 29.39999999999999 719.0799999999983
20.0 29.39999999999999 719.0799999999983
20.0 29.41999999999999 719.0799999999983
20.0 29.41999999999999 719.0799999999983
27.98 20.0 719.0799999999983
27.98 0.0 719.0799999999983
27.98 20.0 719.0799999999983
27.98 0.0 719.0799999999983
20.0 29.41999999999999 719.0799999999983
20.0 29.41999999999999 719.0799999999983
27.98 20.0 719.0799999999983
27.98 0.0 719.0799999999983
27.98 20.0 719.0799999999983
27.98 0.0 719.0799999999983
24.960000000000022 20.0 719.0799999999983
24.960000000000022 0.0 719.0799999999983
24.960000000000022 20.0 719.0799999999983
24.960000000000022 0.0 719.0799999999983
27.98 20.0 719.0799999999983
27.98 0.0 719.0799999999983
27.98 20.0 719.0799999999983
27.98 0.0 719.0799999999983
27.98 20.0 719.0799999999983
27.98 0.0 719.0799999999983
27.98 20.0 719.0799999999983
27.98 0.0 719.0799999999983
27.96 20.0 719.0799999999983
27.96 0.0 719.0799999999983
27.96 20.0 719.0799999999983
27.96 0.0 719.0799999999983
20.0 29.41999999999999 719.0799999999983
20.0 29.41999999999999 719.0799999999983
20.0 29.43999999999999 719.0799999999983
20.0 29.43999999999999 719.0799999999983
27.96 20.0 719.0799999999983
27.96 0.0 719.0799999999983
27.96 20.0 719.0799999999983
27.96 0.0 719.0799999999983
27.96 20.0 719.0799999999983
27.96 0.0 719.0799999999983
27.96 20.0 719.0799999999983
27.96 0.0 719.0799999999983
27.98 20.0 719.0799999999983
27.98 0.0 719.0799999999983
27.98 20.0 719.0799999999983
27.98 0.0 719.0799999999983
20.0 29.41999999999999 719.0799999999983
20.0 29.41999999999999 719.0799999999983
20.0 29.41999999999999 719.0799999999983
20.0 29.41999999999999 719.0799999999983
20.0 29.43999999999999 719.0799999999983
20.0 29.43999999999999 719.0799999999983
20.0 29.43999999999999 719.0799999999983
20.0 29.43999999999999 719.0799999999983
20.0 29.45999999999999 719.0799999999983
20.0 29.45999999999999 719.0799999999983
20.0 29.43999999999999 719.0799999999983
20.0 29.43999999999999 719.0799999999983
20.0 29.45999999999999 719.0799999999983
20.0 29.45999999999999 719.0799999999983
20.0 29.45999999999999 719.0799999999983
20.0 29.45999999999999 719.0799999999983
20.0 29.719999999999985 719.0799999999983
20.0 29.719999999999985 719.0799999999983
20.0 29.759999999999984 719.0799999999983
20.0 29.759999999999984 719.0799999999983
20.0 29.759999999999984 719.0799999999983
20.0 29.759999999999984 719.0799999999983
20.0 29.779999999999983 719.0799999999983
20.0 29.779999999999983 719.0799999999983
20.0 29.799999999999983 719.0799999999983
20.0 29.799999999999983 719.0799999999983
20.0 29.799999999999983 719.0799999999983
20.0 29.799999999999983 719.0799999999983
20.0 29.799999999999983 719.0799999999983
20.0 29.799999999999983 719.0799999999983
20.0 29.839999999999982 719.0799999999983
20.0 29.839999999999982 719.0799999999983
20.0 29.819999999999983 719.0799999999983
20.0 29.819999999999983 719.0799999999983
20.0 29.819999999999983 719.0799999999983
20.0 29.819999999999983 719.0799999999983
20.0 29.819999999999983 719.0799999999983
20.0 29.819999999999983 719.0799999999983
20.0 29.819999999999983 719.0799999999983
20.0 29.819999999999983 719.0799999999983
20.0 29.819999999999983 719.0799999999983
20.0 29.819999999999983 719.0799999999983
20.0 29.839999999999982 719.0799999999983
20.0 29.839999999999982 719.0799999999983
20.0 29.839999999999982 719.0799999999983
20.0 29.839999999999982 719.0799999999983
20.0 29.839999999999982 719.0799999999983
20.0 29.839999999999982 719.0799999999983
20.0 29.839999999999982 719.0799999999983
20.0 29.839999999999982 719.0799999999983
20.0 29.839999999999982 719.0799999999983
20.0 29.839999999999982 719.0799999999983
20.0 29.799999999999983 719.0799999999983
20.0 29.799999999999983 719.0799999999983
20.0 29.839999999999982 719.0799999999983
20.0 29.839999999999982 719.0799999999983
20.0 29.819999999999983 719.0799999999983
20.0 29.819999999999983 719.0799999999983
20.0 29.85999999999998 719.0799999999983
20.0 29.85999999999998 719.0799999999983
20.0 29.85999999999998 719.0799999999983
20.0 29.85999999999998 719.0799999999983
20.0 29.89999999999998 719.0799999999983
20.0 29.89999999999998 719.0799999999983
20.0 29.89999999999998 719.0799999999983
20.0 29.89999999999998 719.0799999999983
20.0 29.89999999999998 719.0799999999983
20.0 29.89999999999998 719.0799999999983
20.0 29.87999999999998 719.0799999999983
20.0 29.87999999999998 719.0799999999983
20.0 29.839999999999982 719.0799999999983
20.0 29.839999999999982 719.0799999999983
20.0 29.839999999999982 719.0799999999983
20.0 29.839999999999982 719.0799999999983
20.0 29.839999999999982 719.0799999999983
20.0 29.839999999999982 719.0799999999983
20.0 29.839999999999982 719.0799999999983
20.0 29.839999999999982 719.0799999999983
20.0 29.839999999999982 719.0799999999983
20.0 29.839999999999982 719.0799999999983
20.0 29.839999999999982 719.0799999999983
20.0 29.839999999999982 719.0799999999983
20.0 29.819999999999983 719.0799999999983
20.0 29.819999999999983 719.0799999999983
20.0 29.799999999999983 719.0799999999983
20.0 29.799999999999983 719.0799999999983
20.0 29.819999999999983 719.0799999999983
20.0 29.819999999999983 719.0799999999983
20.0 29.819999999999983 719.0799999999983
20.0 29.819999999999983 719.0799999999983
20.0 29.839999999999982 719.0799999999983
20.0 29.839999999999982 719.0799999999983
20.0 29.87999999999998 719.0799999999983
20.0 29.87999999999998 719.0799999999983
20.0 29.89999999999998 719.0799999999983
20.0 29.89999999999998 719.0799999999983
20.0 29.93999999999998 719.0799999999983
20.0 29.93999999999998 719.0799999999983
20.0 29.95999999999998 719.0799999999983
20.0 29.95999999999998 719.0799999999983
28.0 20.0 719.0799999999983
28.0 0.0 719.0799999999983
28.0 20.0 719.0799999999983
28.0 0.0 719.0799999999983
28.0 20.0 719.0799999999983
28.0 0.0 719.0799999999983
28.0 20.0 719.0799999999983
28.0 0.0 719.0799999999983
28.04 1.5799999999999343 719.0799999999983
8.04 21.579999999999934 719.0799999999983
28.04 21.579999999999934 719.0799999999983
18.009999999999994 18.329999999999895 719.0799999999983
9.01 7.0099999999999145 719.0799999999983
16.029999999999692 16.009999999999533 719.0799999999983
11.999999999999957 16.69999999999964 719.0799999999983
4.9900000000000215 0.9300000000000006 719.0799999999983
7.9300000000000015 15.989999999999377 719.0799999999983
16.999999999999687 7.0 719.0799999999983
12.900000000000002 0.9799999999999989 719.0799999999983
10.01 2.0300000000001557 719.0799999999983
4.069999999999977 12.149999999999975 719.0799999999983
17.979999999999684 9.099999999999998 719.0799999999983
7.010000000000021 3.9099999999999593 719.0799999999983
4.9900000000000215 19.009999999999845 719.0799999999983
0.99 13.209999999999953 719.0799999999983
7.99 0.4300000000000002 719.0799999999983
0.5000000000000002 10.019999999999978 719.0799999999983
0.97 1.9900000000000213 719.0799999999983
14.950000000000001 3.01 719.0799999999983
11.98 4.999999999999979 719.0799999999983
0.8900000000001553 5.9900000000000215 719.0799999999983
13.0 9.079999999999998 719.0799999999983
6.939999999999937 9.96 719.0799999999983
16.279999999999262 12.959999999999958 719.0799999999983
3.0199999999999783 8.0 719.0799999999983
4.02 4.0 719.0799999999983
2.5600000000000307 16.059999999999967 719.0799999999983
16.999999999999773 0.10000000000015474 719.0799999999983
9.97 12.50999999999999 719.0799999999983
13.099999999999998 18.979999999999528 719.0799999999983
18.04999999999954 3.1299999999999972 719.0799999999983
-10 12 719.0799999999983
-10 12 719.0799999999983
-7 9 719.0799999999983
-7 9 719.0799999999983
-10 -8 719.0799999999983
-10 -8 719.0799999999983
-7 -11 719.0799999999983
-7 -11 719.0799999999983
-8 -16 719.0799999999983
-8 -16 719.0799999999983
0.0 -11.0 719.0799999999983
0.0 -11.0 719.0799999999983
0.0 -11.0 719.0799999999983
0.0 -11.0 719.0799999999983
0.0 -11.0 719.0799999999983
0.0 -11.0 719.0799999999983
0.0 -11.0 719.0799999999983
0.0 -11.0 719.0799999999983
0.0 -11.0 719.0799999999983
0.0 -11.0 719.0799999999983
0.0 -11.0 719.0799999999983
0.0 -11.0 719.0799999999983
0.0 -11.0 719.0799999999983
0.0 -11.0 719.0799999999983
0.0 -11.02 719.0799999999983
0.0 -11.02 719.0799999999983
0.0 -11.0 719.0799999999983
0.0 -11.0 719.0799999999983
0.0 -10.98 719.0799999999983
0.0 -10.98 719.0799999999983
0.0 -10.96 719.0799999999983
0.0 -10.96 719.0799999999983
0.0 -10.96 719.0799999999983
0.0 -10.96 719.0799999999983
0.0 -10.96 719.0799999999983
0.0 -10.96 719.0799999999983
0.0 -10.96 719.0799999999983
0.0 -10.96 719.0799999999983
0.0 -10.98 719.0799999999983
0.0 -10.98 719.0799999999983
0.0 -11.0 719.0799999999983
0.0 -11.0 719.0799999999983
0.0 -11.0 719.0799999999983
0.0 -11.0 719.0799999999983
0.0 -11.0 719.0799999999983
0.0 -11.0 719.0799999999983
0.0 -11.0 719.0799999999983
0.0 -11.0 719.0799999999983
0.0 -11.0 719.0799999999983
0.0 -11.0 719.0799999999983
0.0 -11.0 719.0799999999983
0.0 -11.0 719.0799999999983
0.0 -10.900000000000002 719.0799999999983
0.0 -10.900000000000002 719.0799999999983
0.0 -10.880000000000003 719.0799999999983
0.0 -10.880000000000003 719.0799999999983
0.0 -10.860000000000003 719.0799999999983
0.0 -10.860000000000003 719.0799999999983
0.0 -10.840000000000003 719.0799999999983
0.0 -10.840000000000003 719.0799999999983
0.0 -10.840000000000003 719.0799999999983
0.0 -10.840000000000003 719.0799999999983
0.0 -10.820000000000004 719.0799999999983
0.0 -10.820000000000004 719.0799999999983
0.0 -10.820000000000004 719.0799999999983
0.0 -10.820000000000004 719.0799999999983
0.0 -10.820000000000004 719.0799999999983
0.0 -10.820000000000004 719.0799999999983
0.0 -10.840000000000003 719.0799999999983
0.0 -10.840000000000003 719.0799999999983
0.0 -10.820000000000004 719.0799999999983
0.0 -10.820000000000004 719.0799999999983
0.0 -10.820000000000004 719.0799999999983
0.0 -10.820000000000004 719.0799999999983
0.0 -10.840000000000003 719.0799999999983
0.0 -10.840000000000003 719.0799999999983
0.0 -10.840000000000003 719.0799999999983
0.0 -10.840000000000003 719.0799999999983
-5.01 -17.030000000000005 719.0799999999983
-5.01 -17.030000000000005 719.0799999999983
0.0 -10.840000000000003 719.0799999999983
0.0 -10.840000000000003 719.0799999999983
0.0 -10.840000000000003 719.0799999999983
0.0 -10.840000000000003 719.0799999999983
0.0 -10.860000000000003 719.0799999999983
0.0 -10.860000000000003 719.0799999999983
0.0 -10.860000000000003 719.0799999999983
0.0 -10.860000000000003 719.0799999999983
0.0 -10.840000000000003 719.0799999999983
0.0 -10.840000000000003 719.0799999999983
0.0 -10.820000000000004 719.0799999999983
0.0 -10.820000000000004 719.0799999999983
0.0 -10.820000000000004 719.0799999999983
0.0 -10.820000000000004 719.0799999999983
0.0 -10.820000000000004 719.0799999999983
0.0 -10.820000000000004 719.0799999999983
0.0 -10.840000000000003 719.0799999999983
0.0 -10.840000000000003 719.0799999999983
0.0 -10.840000000000003 719.0799999999983
0.0 -10.840000000000003 719.0799999999983
0.0 -10.860000000000003 719.0799999999983
0.0 -10.860000000000003 719.0799999999983
0.0 -10.860000000000003 719.0799999999983
0.0 -10.860000000000003 719.0799999999983
0.0 -10.840000000000003 719.0799999999983
0.0 -10.840000000000003 719.0799999999983
0.0 -10.860000000000003 719.0799999999983
0.0 -10.860000000000003 719.0799999999983
0.0 -10.860000000000003 719.0799999999983
0.0 -10.860000000000003 719.0799999999983
0.0 -10.880000000000003 719.0799999999983
0.0 -10.880000000000003 719.0799999999983
0.0 -10.860000000000003 719.0799999999983
0.0 -10.860000000000003 719.0799999999983
0.0 -10.860000000000003 719.0799999999983
0.0 -10.860000000000003 719.0799999999983
0.0 -10.880000000000003 719.0799999999983
0.0 -10.880000000000003 719.0799999999983
0.0 -10.900000000000002 719.0799999999983
0.0 -10.900000000000002 719.0799999999983
0.0 -10.920000000000002 719.0799999999983
0.0 -10.920000000000002 719.0799999999983
0.0 -10.940000000000001 719.0799999999983
0.0 -10.940000000000001 719.0799999999983
0.0 -10.940000000000001 719.0799999999983
0.0 -10.940000000000001 719.0799999999983
0.0 -10.940000000000001 719.0799999999983
0.0 -10.940000000000001 719.0799999999983
0.0 -10.920000000000002 719.0799999999983
0.0 -10.920000000000002 719.0799999999983
0.0 -10.920000000000002 719.0799999999983
0.0 -10.920000000000002 719.0799999999983
0.0 -10.920000000000002 719.0799999999983
0.0 -10.920000000000002 719.0799999999983
0.0 -10.900000000000002 719.0799999999983
0.0 -10.900000000000002 719.0799999999983
0.0 -10.880000000000003 719.0799999999983
0.0 -10.880000000000003 719.0799999999983
0.0 -10.880000000000003 719.0799999999983
0.0 -10.880000000000003 719.0799999999983
0.0 -10.880000000000003 719.0799999999983
0.0 -10.880000000000003 719.0799999999983
0.0 -10.860000000000003 719.0799999999983
0.0 -10.860000000000003 719.0799999999983
0.0 -10.860000000000003 719.0799999999983
0.0 -10.860000000000003 719.0799999999983
0.0 -10.840000000000003 719.0799999999983
0.0 -10.840000000000003 719.0799999999983
0.0 -10.840000000000003 719.0799999999983
0.0 -10.840000000000003 719.0799999999983
0.0 -10.820000000000004 719.0799999999983
0.0 -10.820000000000004 719.0799999999983
0.0 -10.820000000000004 719.0799999999983
0.0 -10.820000000000004 719.0799999999983
0.0 -10.840000000000003 719.0799999999983
0.0 -10.840000000000003 719.0799999999983
0.0 -10.860000000000003 719.0799999999983
0.0 -10.860000000000003 719.0799999999983
0.0 -10.820000000000004 719.0799999999983
0.0 -10.820000000000004 719.0799999999983
0.0 -10.820000000000004 719.0799999999983
0.0 -10.820000000000004 719.0799999999983
0.0 -10.840000000000003 719.0799999999983
0.0 -10.840000000000003 719.0799999999983
0.0 -10.840000000000003 719.0799999999983
0.0 -10.840000000000003 719.0799999999983
0.0 -10.840000000000003 719.0799999999983
0.0 -10.840000000000003 719.0799999999983
0.0 -10.840000000000003 719.0799999999983
0.0 -10.840000000000003 719.0799999999983
0.0 -10.840000000000003 719.0799999999983
0.0 -10.840000000000003 719.0799999999983
0.0 -10.820000000000004 719.0799999999983
0.0 -10.820000000000004 719.0799999999983
0.0 -10.820000000000004 719.0799999999983
0.0 -10.820000000000004 719.0799999999983
0.0 -10.820000000000004 719.0799999999983
0.0 -10.820000000000004 719.0799999999983
0.0 -10.820000000000004 719.0799999999983
0.0 -10.820000000000004 719.0799999999983
0.0 -10.820000000000004 719.0799999999983
0.0 -10.820000000000004 719.0799999999983
0.0 -10.800000000000004 719.0799999999983
0.0 -10.800000000000004 719.0799999999983
0.0 -10.800000000000004 719.0799999999983
0.0 -10.800000000000004 719.0799999999983
0.0 -10.800000000000004 719.0799999999983
0.0 -10.800000000000004 719.0799999999983
0.0 -10.800000000000004 719.0799999999983
0.0 -10.800000000000004 719.0799999999983
0.0 -10.780000000000005 719.0799999999983
0.0 -10.780000000000005 719.0799999999983
0.0 -10.760000000000005 719.0799999999983
0.0 -10.760000000000005 719.0799999999983
0.0 -10.740000000000006 719.0799999999983
0.0 -10.740000000000006 719.0799999999983
0.0 -10.760000000000005 719.0799999999983
0.0 -10.760000000000005 719.0799999999983
0.0 -10.760000000000005 719.0799999999983
0.0 -10.760000000000005 719.0799999999983
0.0 -10.740000000000006 719.0799999999983
0.0 -10.740000000000006 719.0799999999983
0.0 -10.760000000000005 719.0799999999983
0.0 -10.760000000000005 719.0799999999983
0.0 -10.740000000000006 719.0799999999983
0.0 -10.740000000000006 719.0799999999983
0.0 -10.740000000000006 719.0799999999983
0.0 -10.740000000000006 719.0799999999983
0.0 -10.720000000000006 719.0799999999983
0.0 -10.720000000000006 719.0799999999983
0.0 -10.720000000000006 719.0799999999983
0.0 -10.720000000000006 719.0799999999983
0.0 -10.700000000000006 719.0799999999983
0.0 -10.700000000000006 719.0799999999983
0.0 -10.720000000000006 719.0799999999983
0.0 -10.720000000000006 719.0799999999983
0.0 -10.720000000000006 719.0799999999983
0.0 -10.720000000000006 719.0799999999983
0.0 -10.740000000000006 719.0799999999983
0.0 -10.740000000000006 719.0799999999983
0.0 -10.740000000000006 719.0799999999983
0.0 -10.740000000000006 719.0799999999983
0.0 -10.720000000000006 719.0799999999983
0.0 -10.720000000000006 719.0799999999983
0.0 -10.720000000000006 719.0799999999983
0.0 -10.720000000000006 719.0799999999983
0.0 -10.740000000000006 719.0799999999983
0.0 -10.740000000000006 719.0799999999983
0.0 -10.740000000000006 719.0799999999983
0.0 -10.740000000000006 719.0799999999983
0.0 -10.720000000000006 719.0799999999983
0.0 -10.720000000000006 719.0799999999983
0.0 -10.720000000000006 719.0799999999983
0.0 -10.720000000000006 719.0799999999983
0.0 -10.720000000000006 719.0799999999983
0.0 -10.720000000000006 719.0799999999983
0.0 -10.700000000000006 719.0799999999983
0.0 -10.700000000000006 719.0799999999983
0.0 -10.700000000000006 719.0799999999983
0.0 -10.700000000000006 719.0799999999983
0.0 -10.700000000000006 719.0799999999983
0.0 -10.700000000000006 719.0799999999983
0.0 -10.720000000000006 719.0799999999983
0.0 -10.720000000000006 719.0799999999983
0.0 -10.700000000000006 719.0799999999983
0.0 -10.700000000000006 719.0799999999983
0.0 -10.720000000000006 719.0799999999983
0.0 -10.720000000000006 719.0799999999983
0.0 -10.720000000000006 719.0799999999983
0.0 -10.720000000000006 719.0799999999983
0.0 -10.740000000000006 719.0799999999983
0.0 -10.740000000000006 719.0799999999983
0.0 -10.740000000000006 719.0799999999983
0.0 -10.740000000000006 719.0799999999983
0.0 -10.720000000000006 719.0799999999983
0.0 -10.720000000000006 719.0799999999983
0.0 -10.700000000000006 719.0799999999983
0.0 -10.700000000000006 719.0799999999983
0.0 -10.700000000000006 719.0799999999983
0.0 -10.700000000000006 719.0799999999983
0.0 -10.720000000000006 719.0799999999983
0.0 -10.720000000000006 719.0799999999983
0.0 -10.700000000000006 719.0799999999983
0.0 -10.700000000000006 719.0799999999983
0.0 -10.680000000000007 719.0799999999983
0.0 -10.680000000000007 719.0799999999983
0.0 -10.680000000000007 719.0799999999983
0.0 -10.680000000000007 719.0799999999983
0.0 -10.660000000000007 719.0799999999983
0.0 -10.660000000000007 719.0799999999983
0.0 -10.660000000000007 719.0799999999983
0.0 -10.660000000000007 719.0799999999983
0.0 -10.660000000000007 719.0799999999983
0.0 -10.660000000000007 719.0799999999983
0.0 -10.660000000000007 719.0799999999983
0.0 -10.660000000000007 719.0799999999983
0.0 -10.660000000000007 719.0799999999983
0.0 -10.660000000000007 719.0799999999983
0.0 -10.680000000000007 719.0799999999983
0.0 -10.680000000000007 719.0799999999983
0.0 -10.660000000000007 719.0799999999983
0.0 -10.660000000000007 719.0799999999983
0.0 -10.660000000000007 719.0799999999983
0.0 -10.660000000000007 719.0799999999983
0.0 -10.660000000000007 719.0799999999983
0.0 -10.660000000000007 719.0799999999983
0.0 -10.680000000000007 719.0799999999983
0.0 -10.680000000000007 719.0799999999983
0.0 -10.700000000000006 719.0799999999983
0.0 -10.700000000000006 719.0799999999983
0.0 -10.720000000000006 719.0799999999983
0.0 -10.720000000000006 719.0799999999983
0.0 -10.720000000000006 719.0799999999983
0.0 -10.720000000000006 719.0799999999983
0.0 -10.700000000000006 719.0799999999983
0.0 -10.700000000000006 719.0799999999983
0.0 -10.720000000000006 719.0799999999983
0.0 -10.720000000000006 719.0799999999983
0.0 -10.680000000000007 719.0799999999983
0.0 -10.680000000000007 719.0799999999983
0.0 -10.660000000000007 719.0799999999983
0.0 -10.660000000000007 719.0799999999983
0.0 -10.640000000000008 719.0799999999983
0.0 -10.640000000000008 719.0799999999983
0.0 -10.620000000000008 719.0799999999983
0.0 -10.620000000000008 719.0799999999983
0.0 -10.620000000000008 719.0799999999983
0.0 -10.620000000000008 719.0799999999983
0.0 -10.620000000000008 719.0799999999983
0.0 -10.620000000000008 719.0799999999983
0.0 -10.640000000000008 719.0799999999983
0.0 -10.640000000000008 719.0799999999983
0.0 -10.640000000000008 719.0799999999983
0.0 -10.640000000000008 719.0799999999983
0.0 -10.640000000000008 719.0799999999983
0.0 -10.640000000000008 719.0799999999983
0.0 -10.620000000000008 719.0799999999983
0.0 -10.620000000000008 719.0799999999983
0.0 -10.600000000000009 719.0799999999983
0.0 -10.600000000000009 719.0799999999983
0.0 -10.580000000000009 719.0799999999983
0.0 -10.580000000000009 719.0799999999983
0.0 -10.580000000000009 719.0799999999983
0.0 -10.580000000000009 719.0799999999983
0.0 -10.580000000000009 719.0799999999983
0.0 -10.580000000000009 719.0799999999983
0.0 -10.56000000000001 719.0799999999983
0.0 -10.56000000000001 719.0799999999983
0.0 -10.580000000000009 719.0799999999983
0.0 -10.580000000000009 719.0799999999983
0.0 -10.580000000000009 719.0799999999983
0.0 -10.580000000000009 719.0799999999983
0.0 -10.56000000000001 719.0799999999983
0.0 -10.56000000000001 719.0799999999983
0.0 -10.56000000000001 719.0799999999983
0.0 -10.56000000000001 719.0799999999983
0.0 -10.54000000000001 719.0799999999983
0.0 -10.54000000000001 719.0799999999983
0.0 -10.56000000000001 719.0799999999983
0.0 -10.56000000000001 719.0799999999983
0.0 -10.54000000000001 719.0799999999983
0.0 -10.54000000000001 719.0799999999983
0.0 -10.54000000000001 719.0799999999983
0.0 -10.54000000000001 719.0799999999983
0.0 -10.280000000000015 719.0799999999983
0.0 -10.280000000000015 719.0799999999983
0.0 -10.240000000000016 719.0799999999983
0.0 -10.240000000000016 719.0799999999983
0.0 -10.240000000000016 719.0799999999983
0.0 -10.240000000000016 719.0799999999983
0.0 -10.220000000000017 719.0799999999983
0.0 -10.220000000000017 719.0799999999983
0.0 -10.200000000000017 719.0799999999983
0.0 -10.200000000000017 719.0799999999983
0.0 -10.200000000000017 719.0799999999983
0.0 -10.200000000000017 719.0799999999983
0.0 -10.200000000000017 719.0799999999983
0.0 -10.200000000000017 719.0799999999983
0.0 -10.160000000000018 719.0799999999983
0.0 -10.160000000000018 719.0799999999983
0.0 -10.180000000000017 719.0799999999983
0.0 -10.180000000000017 719.0799999999983
0.0 -10.180000000000017 719.0799999999983
0.0 -10.180000000000017 719.0799999999983
0.0 -10.180000000000017 719.0799999999983
0.0 -10.180000000000017 719.0799999999983
0.0 -10.180000000000017 719.0799999999983
0.0 -10.180000000000017 719.0799999999983
0.0 -10.180000000000017 719.0799999999983
0.0 -10.180000000000017 719.0799999999983
0.0 -10.160000000000018 719.0799999999983
0.0 -10.160000000000018 719.0799999999983
0.0 -10.160000000000018 719.0799999999983
0.0 -10.160000000000018 719.0799999999983
0.0 -10.160000000000018 719.0799999999983
0.0 -10.160000000000018 719.0799999999983
0.0 -10.160000000000018 719.0799999999983
0.0 -10.160000000000018 719.0799999999983
0.0 -10.160000000000018 719.0799999999983
0.0 -10.160000000000018 719.0799999999983
0.0 -10.200000000000017 719.0799999999983
0.0 -10.200000000000017 719.0799999999983
0.0 -10.160000000000018 719.0799999999983
0.0 -10.160000000000018 719.0799999999983
0.0 -10.180000000000017 719.0799999999983
0.0 -10.180000000000017 719.0799999999983
0.0 -10.140000000000018 719.0799999999983
0.0 -10.140000000000018 719.0799999999983
0.0 -10.140000000000018 719.0799999999983
0.0 -10.140000000000018 719.0799999999983
0.0 -10.10000000000002 719.0799999999983
0.0 -10.10000000000002 719.0799999999983
0.0 -10.10000000000002 719.0799999999983
0.0 -10.10000000000002 719.0799999999983
0.0 -10.10000000000002 719.0799999999983
0.0 -10.10000000000002 719.0799999999983
0.0 -10.120000000000019 719.0799999999983
0.0 -10.120000000000019 719.0799999999983
0.0 -10.160000000000018 719.0799999999983
0.0 -10.160000000000018 719.0799999999983
0.0 -10.160000000000018 719.0799999999983
0.0 -10.160000000000018 719.0799999999983
0.0 -10.160000000000018 719.0799999999983
0.0 -10.160000000000018 719.0799999999983
0.0 -10.160000000000018 719.0799999999983
0.0 -10.160000000000018 719.0799999999983
0.0 -10.160000000000018 719.0799999999983
0.0 -10.160000000000018 719.0799999999983
0.0 -10.160000000000018 719.0799999999983
0.0 -10.160000000000018 719.0799999999983
0.0 -10.180000000000017 719.0799999999983
0.0 -10.180000000000017 719.0799999999983
0.0 -10.200000000000017 719.0799999999983
0.0 -10.200000000000017 719.0799999999983
0.0 -10.180000000000017 719.0799999999983
0.0 -10.180000000000017 719.0799999999983
0.0 -10.180000000000017 719.0799999999983
0.0 -10.180000000000017 719.0799999999983
0.0 -10.160000000000018 719.0799999999983
0.0 -10.160000000000018 719.0799999999983
0.0 -10.120000000000019 719.0799999999983
0.0 -10.120000000000019 719.0799999999983
0.0 -10.10000000000002 719.0799999999983
0.0 -10.10000000000002 719.0799999999983
0.0 -10.06000000000002 719.0799999999983
0.0 -10.06000000000002 719.0799999999983
0.0 -10.04000000000002 719.0799999999983
0.0 -10.04000000000002 719.0799999999983
-8 4 719.0799999999983
-8 4 719.0799999999983
-5.01 2.9699999999999953 719.0799999999983
-5.01 2.9699999999999953 719.0799999999983
10 -8 719.0799999999983
10 -8 719.0799999999983
24 -6 719.0799999999983
24 -6 719.0799999999983
24 -10 719.0799999999983
24 -10 719.0799999999983
23 -9 719.0799999999983
23 -9 719.0799999999983
4 -6 719.0799999999983
4 -6 719.0799999999983
4 -10 719.0799999999983
4 -10 719.0799999999983
3 -9 719.0799999999983
3 -9 719.0799999999983
