28 7 0
28 27 0
28 14 0
28 14 0
25 9 0
25 29 0
24 8 0
24 28 0
29 6 0
29 26 0
29 3 0
29 23 0
26 6 0
26 26 0
24 5 0
24 25 0
21.049999999999933 20.04999999999986 0
21.67999999999995 6.960000000000001 0
21.67999999999995 26.96 0
27.730000000000004 20.54999999999993 0
20.7399999999999 19.999999999999844 0
20.7399999999999 19.999999999999844 0
15.789999999999983 18.84999999999982 0
1.009999999999933 0.1699999999998437 0
21.519999999999936 19.999999999999844 0
21.519999999999936 19.999999999999844 0
7.52000000000001 1.02 0
29.169999999999995 18.51000000000008 0
29.169999999999995 18.51000000000008 0
5.970000000000001 5.870000000000003 0
12.069999999999999 10.970000000000022 0
22.28999999999989 3.99 0
22.28999999999989 23.990000000000002 0
10.009999999999978 2.99 0
21.51999999999993 21.01999999999999 0
15.0 2.0400000000000005 0
12.98 16.87999999999998 0
8.02 7.179999999999996 0
16.99 8.830000000000025 0
9.96 12.0 0
10.629999999999965 6.01 0
2.950000000000001 2.9900000000000215 0
16.119999999999997 13.940000000000001 0
8 27 0
5 29 0
-10 12 0
-10 12 0
4 28 0
9 26 0
-8 12 0
-8 12 0
9 23 0
6 26 0
4 25 0
1.8799999999999957 20.879999999999978 0
1.8599999999999939 20.859999999999975 0
1.8399999999999908 20.83999999999997 0
-5.970000000000001 14.99 0
-5.970000000000001 14.99 0
1.7799999999999845 20.779999999999962 0
1.7599999999999818 20.75999999999996 0
1.7199999999999787 20.719999999999953 0
1.609999999999976 20.609999999999935 0
1.579999999999973 20.57999999999993 0
1.5499999999999703 20.549999999999926 0
1.5299999999999672 20.529999999999923 0
1.459999999999964 20.459999999999912 0
1.3899999999999606 20.3899999999999 0
1.33999999999996 20.339999999999893 0
1.2499999999999576 20.24999999999988 0
1.2099999999999527 20.209999999999873 0
1.1799999999999495 20.17999999999987 0
1.1499999999999468 20.149999999999864 0
1.1099999999999421 20.10999999999986 0
1.079999999999941 20.079999999999856 0
1.0499999999999332 20.04999999999986 0
1.67999999999995 26.96 0
7.730000000000006 20.54999999999993 0
-7.02 17.179999999999964 0
-7.02 17.179999999999964 0
-4.4600000000000115 14.059999999999999 0
-4.4600000000000115 14.059999999999999 0
0.9899999999999398 19.169999999999714 0
-1.6200000000001396 10.379999999999992 0
-1.6200000000001396 10.379999999999992 0
2.429999999999991 18.74999999999965 0
2.289999999999889 23.990000000000002 0
6.000000000000043 14.02 0
1.5199999999999285 21.01999999999999 0
3.430000000000012 4.99 0
9.0 17.919999999999987 0
5.0 9.659999999999986 0
2.540000000000031 7.98 0
8 -6 0
8 -6 0
-5 -20 0
-5 -20 0
10 -8 0
10 -8 0
12 -8 0
12 -8 0
18.37999999999986 -9.620000000000008 0
-1.6200000000001396 -9.620000000000008 0
18.37999999999986 -9.620000000000008 0
-1.6200000000001396 -9.620000000000008 0
28 -6 0
28 -6 0
21.84999999999999 0.8499999999999746 0
21.829999999999988 0.8299999999999714 0
21.809999999999985 0.8099999999999683 0
14.03 -5.01 0
14.03 -5.01 0
21.709999999999976 0.7099999999999527 0
21.55999999999997 0.5599999999999292 0
21.519999999999964 0.519999999999923 0
21.37999999999996 0.3799999999999011 0
21.32999999999996 0.32999999999989327 0
21.219999999999953 0.21999999999987607 0
21.129999999999942 0.12999999999986356 0
21.069999999999936 0.0699999999998609 0
21.049999999999933 0.0499999999998586 0
0.9199999999999267 -1.5631940186722204e-13 0
0.9199999999999267 -1.5631940186722204e-13 0
20.889999999999922 0.00999999999984368 0
0.8399999999999161 -1.5631940186722204e-13 0
0.8399999999999161 -1.5631940186722204e-13 0
20.80999999999991 0.00999999999984368 0
0.7799999999999099 0.01999999999984368 0
0.6799999999998911 -0.04000000000016257 0
0.6799999999998911 -0.04000000000016257 0
0.659999999999888 -0.020000000000159446 0
0.659999999999888 -0.020000000000159446 0
0.6199999999998818 -1.5631940186722204e-13 0
0.6199999999998818 -1.5631940186722204e-13 0
27.730000000000004 0.5499999999999297 0
1.0099999999999316 0.00999999999984368 0
12.98 -2.820000000000036 0
12.98 -2.820000000000036 0
0.539999999999877 0.03999999999984368 0
15.539999999999988 -5.940000000000001 0
15.539999999999988 -5.940000000000001 0
0.739999999999899 -1.5631940186722204e-13 0
20.7399999999999 -1.5631940186722204e-13 0
0.739999999999899 -1.5631940186722204e-13 0
20.7399999999999 -1.5631940186722204e-13 0
1.519999999999937 -1.5631940186722204e-13 0
21.519999999999936 -1.5631940186722204e-13 0
1.519999999999937 -1.5631940186722204e-13 0
21.519999999999936 -1.5631940186722204e-13 0
9.169999999999996 -1.4899999999999203 0
29.169999999999995 -1.4899999999999203 0
9.169999999999996 -1.4899999999999203 0
29.169999999999995 -1.4899999999999203 0
21.51999999999993 1.0199999999999891 0
-5 0 0
-5 0 0
-10 -8 0
-10 -8 0
-8 -8 0
-8 -8 0
-5.970000000000001 -5.01 0
-5.970000000000001 -5.01 0
-7.02 -2.820000000000036 0
-7.02 -2.820000000000036 0
-4.4600000000000115 -5.940000000000001 0
-4.4600000000000115 -5.940000000000001 0
