28 7 0
28 27 0
28 14 0
28 14 0
25 9 0
25 29 0
24 8 0
24 28 0
29 6 0
29 26 0
29 3 0
29 23 0
26 6 0
26 26 0
24 5 0
24 25 0
20.67999999999989 19.999999999999844 0
20.67999999999989 19.999999999999844 0
21.169999999999874 21.00999999999999 0
20.999999999999925 19.999999999999844 0
20.999999999999925 19.999999999999844 0
19.999999999999876 23.959999999999802 0
19.999999999999876 23.959999999999802 0
18.999999999999627 16.999999999999375 0
2.0099999999999323 0.7099999999998441 0
16.019999999999982 17.979999999999684 0
14.009999999999957 10.930000000000023 0
5.99 4.9900000000000215 0
7.000000000000021 1.0 0
2.99 3.010000000000021 0
19.009999999999533 8.029999999999978 0
17.99999999999922 4.0 0
10.03 11.99 0
7.99 8.029999999999978 0
11.999999999999936 7.019999999999978 0
10.019999999999978 3.9999999999999787 0
12.99 16.009999999999845 0
16.92999999999999 8.990000000000022 0
14.96 4.399999999999951 0
16.980000000000132 13.900000000000002 0
8 27 0
5 29 0
-10 12 0
-10 12 0
4 28 0
9 26 0
-8 12 0
-8 12 0
9 23 0
6 26 0
4 25 0
1.8799999999999957 20.879999999999978 0
1.8599999999999939 20.859999999999975 0
1.8399999999999908 20.83999999999997 0
-5.970000000000001 14.99 0
-5.970000000000001 14.99 0
1.7799999999999845 20.779999999999962 0
1.7599999999999818 20.75999999999996 0
1.7199999999999787 20.719999999999953 0
1.609999999999976 20.609999999999935 0
1.579999999999973 20.57999999999993 0
1.5499999999999703 20.549999999999926 0
1.5299999999999672 20.529999999999923 0
1.459999999999964 20.459999999999912 0
1.3899999999999606 20.3899999999999 0
1.33999999999996 20.339999999999893 0
1.2499999999999576 20.24999999999988 0
1.2099999999999527 20.209999999999873 0
1.1799999999999495 20.17999999999987 0
1.1499999999999468 20.149999999999864 0
1.1099999999999421 20.10999999999986 0
-4.430000000000012 14.03 0
-4.430000000000012 14.03 0
1.1699999999998738 21.00999999999999 0
-2.0605739337042905e-13 19.999999999999844 0
-2.0605739337042905e-13 19.999999999999844 0
-2.0250467969162855e-13 19.999999999999844 0
-2.0250467969162855e-13 19.999999999999844 0
-1.9539925233402755e-13 19.999999999999844 0
-1.9539925233402755e-13 19.999999999999844 0
-1.2434497875801753e-13 3.9599999999998037 0
-1.2434497875801753e-13 3.9599999999998037 0
4.0 5.839999999999982 0
0.009999999999793943 0.8299999999998442 0
2.229999999999937 19.00999999999969 0
9.069999999999999 16.989999999999842 0
5.0 9.999999999999979 0
0.009999999999786837 18.269999999999573 0
0.9999999999999332 18.799999999999663 0
1.290000000000113 12.009999999999957 0
1.9200000000000426 8.0 0
1.0199999999999398 14.999999999999241 0
0.9999999999999329 3.19999999999982 0
6.13000000000004 13.99 0
3.9999999999999574 16.999999999999375 0
5.990000000000043 18.76999999999965 0
8 -6 0
8 -6 0
-5 -20 0
-5 -20 0
10 -8 0
10 -8 0
12 -8 0
12 -8 0
-1.2434497875801753e-13 -16.040000000000198 0
-1.2434497875801753e-13 -16.040000000000198 0
28 -6 0
28 -6 0
21.84999999999999 0.8499999999999746 0
21.829999999999988 0.8299999999999714 0
21.809999999999985 0.8099999999999683 0
14.03 -5.01 0
14.03 -5.01 0
21.709999999999976 0.7099999999999527 0
21.55999999999997 0.5599999999999292 0
21.519999999999964 0.519999999999923 0
21.37999999999996 0.3799999999999011 0
21.32999999999996 0.32999999999989327 0
21.219999999999953 0.21999999999987607 0
21.129999999999942 0.12999999999986356 0
21.069999999999936 0.0699999999998609 0
20.889999999999922 0.00999999999984368 0
0.8399999999999161 -1.5631940186722204e-13 0
0.8399999999999161 -1.5631940186722204e-13 0
20.80999999999991 0.00999999999984368 0
0.7799999999999099 0.01999999999984368 0
0.6799999999998911 -0.04000000000016257 0
0.6799999999998911 -0.04000000000016257 0
0.659999999999888 -0.020000000000159446 0
0.659999999999888 -0.020000000000159446 0
15.569999999999988 -5.970000000000001 0
15.569999999999988 -5.970000000000001 0
0.6799999999998896 -1.5631940186722204e-13 0
20.67999999999989 -1.5631940186722204e-13 0
0.6799999999998896 -1.5631940186722204e-13 0
20.67999999999989 -1.5631940186722204e-13 0
21.169999999999874 1.0099999999999891 0
19.999999999999794 -1.5631940186722204e-13 0
19.999999999999794 -1.5631940186722204e-13 0
19.999999999999797 -1.5631940186722204e-13 0
19.999999999999797 -1.5631940186722204e-13 0
19.999999999999805 -1.5631940186722204e-13 0
19.999999999999805 -1.5631940186722204e-13 0
0.9999999999999267 -1.5631940186722204e-13 0
20.999999999999925 -1.5631940186722204e-13 0
0.9999999999999267 -1.5631940186722204e-13 0
20.999999999999925 -1.5631940186722204e-13 0
0.5099999999998817 0.00999999999984368 0
18.999999999999638 0.03999999999984368 0
10.009999999999978 0.1700000000003111 0
4.299999999999889 0.059999999999843685 0
16.8799999999993 0.9999999999998443 0
13.0 1.0000000000001128 0
-5 0 0
-5 0 0
-10 -8 0
-10 -8 0
-8 -8 0
-8 -8 0
-5.970000000000001 -5.01 0
-5.970000000000001 -5.01 0
-4.430000000000012 -5.970000000000001 0
-4.430000000000012 -5.970000000000001 0
-2.0605739337042905e-13 -1.5631940186722204e-13 0
-2.0605739337042905e-13 -1.5631940186722204e-13 0
-2.0250467969162855e-13 -1.5631940186722204e-13 0
-2.0250467969162855e-13 -1.5631940186722204e-13 0
-1.9539925233402755e-13 -1.5631940186722204e-13 0
-1.9539925233402755e-13 -1.5631940186722204e-13 0
