28 7 0
28 27 0
28 14 0
28 14 0
25 9 0
25 29 0
24 8 0
24 28 0
29 6 0
29 26 0
29 3 0
29 23 0
26 6 0
26 26 0
24 5 0
24 25 0
20.67999999999989 19.999999999999844 0
20.67999999999989 19.999999999999844 0
21.169999999999874 21.00999999999999 0
20.479999999999883 19.999999999999844 0
20.479999999999883 19.999999999999844 0
15.959999999999981 17.999999999999687 0
18.999999999999627 16.999999999999375 0
16.99 8.990000000000022 0
7.99 8.009999999999978 0
13.989999999999958 10.970000000000022 0
11.999999999999936 6.999999999999979 0
1.9999999999999323 0.7799999999998442 0
14.97 4.329999999999952 0
17.010000000000137 14.01 0
18.98999999999953 8.009999999999978 0
3.0 3.0000000000000213 0
10.0 11.98 0
12.950000000000001 15.909999999999847 0
17.979999999999215 4.059999999999999 0
10.009999999999978 3.9499999999999797 0
7.020000000000021 1.0 0
5.99 4.9900000000000215 0
8 27 0
5 29 0
-10 12 0
-10 12 0
4 28 0
9 26 0
-8 12 0
-8 12 0
9 23 0
6 26 0
4 25 0
1.8799999999999957 20.879999999999978 0
1.8599999999999939 20.859999999999975 0
1.8399999999999908 20.83999999999997 0
-5.970000000000001 14.99 0
-5.970000000000001 14.99 0
1.7799999999999845 20.779999999999962 0
1.7599999999999818 20.75999999999996 0
1.7199999999999787 20.719999999999953 0
1.609999999999976 20.609999999999935 0
1.579999999999973 20.57999999999993 0
1.5499999999999703 20.549999999999926 0
1.5299999999999672 20.529999999999923 0
1.459999999999964 20.459999999999912 0
1.3899999999999606 20.3899999999999 0
1.33999999999996 20.339999999999893 0
1.2499999999999576 20.24999999999988 0
1.2099999999999527 20.209999999999873 0
1.1799999999999495 20.17999999999987 0
1.1499999999999468 20.149999999999864 0
1.1099999999999421 20.10999999999986 0
-4.430000000000012 14.03 0
-4.430000000000012 14.03 0
1.1699999999998738 21.00999999999999 0
-2.0605739337042905e-13 19.999999999999844 0
-2.0605739337042905e-13 19.999999999999844 0
-2.0250467969162855e-13 19.999999999999844 0
-2.0250467969162855e-13 19.999999999999844 0
-1.9539925233402755e-13 19.999999999999844 0
-1.9539925233402755e-13 19.999999999999844 0
1.0099999999999332 18.76999999999966 0
6.040000000000042 18.799999999999656 0
4.019999999999957 16.95999999999937 0
0.009999999999793943 1.0099999999998444 0
4.99 10.009999999999978 0
0.9899999999999398 14.969999999999242 0
0.009999999999875655 4.009999999999803 0
0.9999999999999329 3.279999999999818 0
2.219999999999937 18.979999999999684 0
-2.1316282072803006e-13 18.199999999999562 0
-2.1316282072803006e-13 18.199999999999562 0
6.020000000000042 14.0 0
9.01 17.009999999999845 0
4.01 5.969999999999979 0
1.9700000000000426 8.01 0
1.4200000000001132 11.999999999999957 0
8 -6 0
8 -6 0
-5 -20 0
-5 -20 0
10 -8 0
10 -8 0
12 -8 0
12 -8 0
-2.1316282072803006e-13 -1.8000000000004377 0
-2.1316282072803006e-13 -1.8000000000004377 0
28 -6 0
28 -6 0
21.84999999999999 0.8499999999999746 0
21.829999999999988 0.8299999999999714 0
21.809999999999985 0.8099999999999683 0
14.03 -5.01 0
14.03 -5.01 0
21.709999999999976 0.7099999999999527 0
21.55999999999997 0.5599999999999292 0
21.519999999999964 0.519999999999923 0
21.37999999999996 0.3799999999999011 0
21.32999999999996 0.32999999999989327 0
21.219999999999953 0.21999999999987607 0
21.129999999999942 0.12999999999986356 0
21.069999999999936 0.0699999999998609 0
20.889999999999922 0.00999999999984368 0
0.8399999999999161 -1.5631940186722204e-13 0
0.8399999999999161 -1.5631940186722204e-13 0
20.80999999999991 0.00999999999984368 0
0.7799999999999099 0.01999999999984368 0
0.6799999999998911 -0.04000000000016257 0
0.6799999999998911 -0.04000000000016257 0
0.659999999999888 -0.020000000000159446 0
0.659999999999888 -0.020000000000159446 0
15.569999999999988 -5.970000000000001 0
15.569999999999988 -5.970000000000001 0
0.6799999999998896 -1.5631940186722204e-13 0
20.67999999999989 -1.5631940186722204e-13 0
0.6799999999998896 -1.5631940186722204e-13 0
20.67999999999989 -1.5631940186722204e-13 0
21.169999999999874 1.0099999999999891 0
19.999999999999794 -1.5631940186722204e-13 0
19.999999999999794 -1.5631940186722204e-13 0
19.999999999999797 -1.5631940186722204e-13 0
19.999999999999797 -1.5631940186722204e-13 0
19.999999999999805 -1.5631940186722204e-13 0
19.999999999999805 -1.5631940186722204e-13 0
0.47999999999988163 -1.5631940186722204e-13 0
20.479999999999883 -1.5631940186722204e-13 0
0.47999999999988163 -1.5631940186722204e-13 0
20.479999999999883 -1.5631940186722204e-13 0
0.9999999999999267 0.019999999999843678 0
16.789999999999285 1.0099999999998444 0
4.3599999999998875 0.03999999999984368 0
18.999999999999638 0.03999999999984368 0
10.009999999999978 0.3300000000003112 0
19.999999999999787 -1.8000000000004377 0
19.999999999999787 -1.8000000000004377 0
13.01 1.0300000000001128 0
-5 0 0
-5 0 0
-10 -8 0
-10 -8 0
-8 -8 0
-8 -8 0
-5.970000000000001 -5.01 0
-5.970000000000001 -5.01 0
-4.430000000000012 -5.970000000000001 0
-4.430000000000012 -5.970000000000001 0
-2.0605739337042905e-13 -1.5631940186722204e-13 0
-2.0605739337042905e-13 -1.5631940186722204e-13 0
-2.0250467969162855e-13 -1.5631940186722204e-13 0
-2.0250467969162855e-13 -1.5631940186722204e-13 0
-1.9539925233402755e-13 -1.5631940186722204e-13 0
-1.9539925233402755e-13 -1.5631940186722204e-13 0
