28 7 0
28 27 0
28 14 0
28 14 0
25 9 0
25 29 0
24 8 0
24 28 0
29 6 0
29 26 0
29 3 0
29 23 0
26 6 0
26 26 0
24 5 0
24 25 0
21.049999999999933 20.04999999999986 0
21.66999999999995 6.970000000000001 0
21.66999999999995 26.97 0
29.199999999999996 18.560000000000088 0
29.199999999999996 18.560000000000088 0
21.45999999999992 21.01999999999999 0
0.9999999999999329 0.23999999999984375 0
27.740000000000006 20.499999999999922 0
7.490000000000011 0.97 0
12.0 10.960000000000022 0
2.9400000000000013 3.0000000000000213 0
5.99 5.810000000000004 0
10.829999999999961 5.99 0
22.199999999999875 3.960000000000001 0
22.199999999999875 23.96 0
20.55999999999987 19.899999999999828 0
20.55999999999987 19.899999999999828 0
15.809999999999983 18.829999999999817 0
16.180000000000007 13.98 0
13.0 16.779999999999966 0
0.43999999999987693 0.059999999999843685 0
10.029999999999978 2.9700000000000006 0
9.940000000000001 11.920000000000002 0
15.04 2.099999999999999 0
17.020000000000003 8.800000000000026 0
7.99 7.129999999999997 0
8 27 0
5 29 0
-10 12 0
-10 12 0
4 28 0
9 26 0
-8 12 0
-8 12 0
9 23 0
6 26 0
4 25 0
1.8799999999999957 20.879999999999978 0
1.8599999999999939 20.859999999999975 0
1.8399999999999908 20.83999999999997 0
-5.970000000000001 14.99 0
-5.970000000000001 14.99 0
1.7799999999999845 20.779999999999962 0
1.7599999999999818 20.75999999999996 0
1.7199999999999787 20.719999999999953 0
1.609999999999976 20.609999999999935 0
1.579999999999973 20.57999999999993 0
1.5499999999999703 20.549999999999926 0
1.5299999999999672 20.529999999999923 0
1.459999999999964 20.459999999999912 0
1.3899999999999606 20.3899999999999 0
1.33999999999996 20.339999999999893 0
1.2499999999999576 20.24999999999988 0
1.2099999999999527 20.209999999999873 0
1.1799999999999495 20.17999999999987 0
1.1499999999999468 20.149999999999864 0
1.1099999999999421 20.10999999999986 0
1.079999999999941 20.079999999999856 0
1.0499999999999332 20.04999999999986 0
-4.4600000000000115 14.059999999999999 0
-4.4600000000000115 14.059999999999999 0
1.6699999999999484 26.97 0
1.4599999999999191 21.01999999999999 0
7.7400000000000055 20.499999999999922 0
-7.02 17.219999999999956 0
-7.02 17.219999999999956 0
9.03 17.99 0
2.199999999999875 23.96 0
2.4300000000000335 8.03 0
0.9799999999999398 19.059999999999697 0
4.960000000000001 9.699999999999985 0
-1.450000000000113 10.46999999999999 0
-1.450000000000113 10.46999999999999 0
2.4899999999999896 18.609999999999626 0
3.3300000000000143 5.029999999999999 0
5.950000000000044 13.99 0
8 -6 0
8 -6 0
-5 -20 0
-5 -20 0
10 -8 0
10 -8 0
12 -8 0
12 -8 0
-1.450000000000113 -9.53000000000001 0
-1.450000000000113 -9.53000000000001 0
28 -6 0
28 -6 0
21.84999999999999 0.8499999999999746 0
21.829999999999988 0.8299999999999714 0
21.809999999999985 0.8099999999999683 0
14.03 -5.01 0
14.03 -5.01 0
21.709999999999976 0.7099999999999527 0
21.55999999999997 0.5599999999999292 0
21.519999999999964 0.519999999999923 0
21.37999999999996 0.3799999999999011 0
21.32999999999996 0.32999999999989327 0
21.219999999999953 0.21999999999987607 0
21.129999999999942 0.12999999999986356 0
21.069999999999936 0.0699999999998609 0
21.049999999999933 0.0499999999998586 0
0.9199999999999267 -1.5631940186722204e-13 0
0.9199999999999267 -1.5631940186722204e-13 0
20.889999999999922 0.00999999999984368 0
0.8399999999999161 -1.5631940186722204e-13 0
0.8399999999999161 -1.5631940186722204e-13 0
20.80999999999991 0.00999999999984368 0
0.7799999999999099 0.01999999999984368 0
0.6799999999998911 -0.04000000000016257 0
0.6799999999998911 -0.04000000000016257 0
0.659999999999888 -0.020000000000159446 0
0.659999999999888 -0.020000000000159446 0
0.6199999999998818 -1.5631940186722204e-13 0
0.6199999999998818 -1.5631940186722204e-13 0
15.539999999999988 -5.940000000000001 0
15.539999999999988 -5.940000000000001 0
20.709999999999894 0.00999999999984368 0
9.199999999999996 -1.4399999999999125 0
29.199999999999996 -1.4399999999999125 0
9.199999999999996 -1.4399999999999125 0
29.199999999999996 -1.4399999999999125 0
21.45999999999992 1.0199999999999891 0
1.0099999999999316 0.00999999999984368 0
1.629999999999937 0.00999999999984368 0
27.740000000000006 0.49999999999992184 0
12.98 -2.7800000000000438 0
12.98 -2.7800000000000438 0
0.5599999999998708 -0.10000000000017195 0
20.55999999999987 -0.10000000000017195 0
0.5599999999998708 -0.10000000000017195 0
20.55999999999987 -0.10000000000017195 0
18.549999999999887 -9.53000000000001 0
18.549999999999887 -9.53000000000001 0
-5 0 0
-5 0 0
-10 -8 0
-10 -8 0
-8 -8 0
-8 -8 0
-5.970000000000001 -5.01 0
-5.970000000000001 -5.01 0
-4.4600000000000115 -5.940000000000001 0
-4.4600000000000115 -5.940000000000001 0
-7.02 -2.7800000000000438 0
-7.02 -2.7800000000000438 0
