28 7 0
28 27 0
28 14 0
28 14 0
25 9 0
25 29 0
24 8 0
24 28 0
29 6 0
29 26 0
29 3 0
29 23 0
26 6 0
26 26 0
24 5 0
24 25 0
21.049999999999933 20.04999999999986 0
20.999999999999932 19.999999999999844 0
20.999999999999932 19.999999999999844 0
1.009999999999933 0.24999999999984376 0
21.40999999999991 21.00999999999999 0
29.239999999999995 18.600000000000094 0
29.239999999999995 18.600000000000094 0
22.119999999999862 4.0 0
22.119999999999862 24.0 0
27.750000000000007 20.469999999999917 0
15.849999999999982 18.809999999999814 0
7.440000000000012 1.0 0
10.01 12.01 0
20.439999999999852 19.859999999999822 0
20.439999999999852 19.859999999999822 0
6.0 5.940000000000001 0
3.01 2.970000000000022 0
10.959999999999958 6.0 0
8.0 7.159999999999997 0
16.19000000000001 14.01 0
17.0 8.720000000000027 0
15.04 2.1199999999999988 0
12.950000000000001 16.80999999999997 0
0.3799999999998769 0.03999999999984368 0
11.99 11.010000000000021 0
10.019999999999978 2.9400000000000013 0
21.589999999999936 6.950000000000001 0
21.589999999999936 26.950000000000003 0
8 27 0
5 29 0
-10 12 0
-10 12 0
4 28 0
9 26 0
-8 12 0
-8 12 0
9 23 0
6 26 0
4 25 0
1.8799999999999957 20.879999999999978 0
1.8599999999999939 20.859999999999975 0
1.8399999999999908 20.83999999999997 0
-5.970000000000001 14.99 0
-5.970000000000001 14.99 0
1.7799999999999845 20.779999999999962 0
1.7599999999999818 20.75999999999996 0
1.7199999999999787 20.719999999999953 0
1.609999999999976 20.609999999999935 0
1.579999999999973 20.57999999999993 0
1.5499999999999703 20.549999999999926 0
1.5299999999999672 20.529999999999923 0
1.459999999999964 20.459999999999912 0
1.3899999999999606 20.3899999999999 0
1.33999999999996 20.339999999999893 0
1.2499999999999576 20.24999999999988 0
1.2099999999999527 20.209999999999873 0
1.1799999999999495 20.17999999999987 0
1.1499999999999468 20.149999999999864 0
1.1099999999999421 20.10999999999986 0
1.079999999999941 20.079999999999856 0
1.0499999999999332 20.04999999999986 0
-4.440000000000012 14.04 0
-4.440000000000012 14.04 0
1.4099999999999113 21.00999999999999 0
2.1199999999998624 24.0 0
7.750000000000005 20.469999999999917 0
2.6299999999999866 18.489999999999608 0
-7.049999999999999 17.30999999999994 0
-7.049999999999999 17.30999999999994 0
5.860000000000046 14.0 0
-1.2500000000000817 10.50999999999999 0
-1.2500000000000817 10.50999999999999 0
5.0 9.779999999999983 0
0.9699999999999398 18.88999999999967 0
8.99 17.99 0
3.240000000000016 5.02 0
2.3000000000000362 8.059999999999999 0
1.589999999999936 26.950000000000003 0
8 -6 0
8 -6 0
-5 -20 0
-5 -20 0
10 -8 0
10 -8 0
12 -8 0
12 -8 0
-1.2500000000000817 -9.49000000000001 0
-1.2500000000000817 -9.49000000000001 0
28 -6 0
28 -6 0
21.84999999999999 0.8499999999999746 0
21.829999999999988 0.8299999999999714 0
21.809999999999985 0.8099999999999683 0
14.03 -5.01 0
14.03 -5.01 0
21.709999999999976 0.7099999999999527 0
21.55999999999997 0.5599999999999292 0
21.519999999999964 0.519999999999923 0
21.37999999999996 0.3799999999999011 0
21.32999999999996 0.32999999999989327 0
21.219999999999953 0.21999999999987607 0
21.129999999999942 0.12999999999986356 0
21.069999999999936 0.0699999999998609 0
21.049999999999933 0.0499999999998586 0
0.9199999999999267 -1.5631940186722204e-13 0
0.9199999999999267 -1.5631940186722204e-13 0
20.889999999999922 0.00999999999984368 0
0.8399999999999161 -1.5631940186722204e-13 0
0.8399999999999161 -1.5631940186722204e-13 0
20.80999999999991 0.00999999999984368 0
0.7799999999999099 0.01999999999984368 0
0.6799999999998911 -0.04000000000016257 0
0.6799999999998911 -0.04000000000016257 0
0.659999999999888 -0.020000000000159446 0
0.659999999999888 -0.020000000000159446 0
0.6199999999998818 -1.5631940186722204e-13 0
0.6199999999998818 -1.5631940186722204e-13 0
20.709999999999894 0.00999999999984368 0
15.559999999999988 -5.960000000000001 0
15.559999999999988 -5.960000000000001 0
0.9999999999999316 -1.5631940186722204e-13 0
20.999999999999932 -1.5631940186722204e-13 0
0.9999999999999316 -1.5631940186722204e-13 0
20.999999999999932 -1.5631940186722204e-13 0
21.40999999999991 1.0099999999999891 0
9.239999999999995 -1.3999999999999062 0
29.239999999999995 -1.3999999999999062 0
9.239999999999995 -1.3999999999999062 0
29.239999999999995 -1.3999999999999062 0
1.679999999999937 0.01999999999984368 0
27.750000000000007 0.46999999999991715 0
12.950000000000001 -2.6900000000000617 0
12.950000000000001 -2.6900000000000617 0
0.43999999999985207 -0.1400000000001782 0
20.439999999999852 -0.1400000000001782 0
0.43999999999985207 -0.1400000000001782 0
20.439999999999852 -0.1400000000001782 0
18.74999999999992 -9.49000000000001 0
18.74999999999992 -9.49000000000001 0
-5 0 0
-5 0 0
-10 -8 0
-10 -8 0
-8 -8 0
-8 -8 0
-5.970000000000001 -5.01 0
-5.970000000000001 -5.01 0
-4.440000000000012 -5.960000000000001 0
-4.440000000000012 -5.960000000000001 0
-7.049999999999999 -2.6900000000000617 0
-7.049999999999999 -2.6900000000000617 0
