0 29 711.0599999999974
20 29 711.0599999999974
13 29 711.0599999999974
13 29 711.0599999999974
26 0 711.0599999999974
26 20 711.0599999999974
24 14 711.0599999999974
24 14 711.0599999999974
24 4 711.0599999999974
4 24 711.0599999999974
24 24 711.0599999999974
12 24 711.0599999999974
12 24 711.0599999999974
28 0 711.0599999999974
28 20 711.0599999999974
24 10 711.0599999999974
24 10 711.0599999999974
29 3 711.0599999999974
9 23 711.0599999999974
29 23 711.0599999999974
23 11 711.0599999999974
23 11 711.0599999999974
20.0 29.0 711.0599999999974
20.0 29.0 711.0599999999974
26.0 20.0 711.0599999999974
26.0 0.0 711.0599999999974
26.0 20.0 711.0599999999974
26.0 0.0 711.0599999999974
20.0 29.0 711.0599999999974
20.0 29.0 711.0599999999974
25.98 20.0 711.0599999999974
25.98 0.0 711.0599999999974
25.98 20.0 711.0599999999974
25.98 0.0 711.0599999999974
25.98 20.0 711.0599999999974
25.98 0.0 711.0599999999974
25.98 20.0 711.0599999999974
25.98 0.0 711.0599999999974
25.94 20.0 711.0599999999974
25.94 0.0 711.0599999999974
25.94 20.0 711.0599999999974
25.94 0.0 711.0599999999974
20.0 29.0 711.0599999999974
20.0 29.0 711.0599999999974
20.0 29.0 711.0599999999974
20.0 29.0 711.0599999999974
27.98 20.0 711.0599999999974
27.98 0.0 711.0599999999974
27.98 20.0 711.0599999999974
27.98 0.0 711.0599999999974
20.0 29.0 711.0599999999974
20.0 29.0 711.0599999999974
20.0 29.0 711.0599999999974
20.0 29.0 711.0599999999974
28.02 20.0 711.0599999999974
28.02 0.0 711.0599999999974
28.02 20.0 711.0599999999974
28.02 0.0 711.0599999999974
25.900000000000002 20.0 711.0599999999974
25.900000000000002 0.0 711.0599999999974
25.900000000000002 20.0 711.0599999999974
25.900000000000002 0.0 711.0599999999974
25.900000000000002 20.0 711.0599999999974
25.900000000000002 0.0 711.0599999999974
25.900000000000002 20.0 711.0599999999974
25.900000000000002 0.0 711.0599999999974
25.900000000000002 20.0 711.0599999999974
25.900000000000002 0.0 711.0599999999974
25.900000000000002 20.0 711.0599999999974
25.900000000000002 0.0 711.0599999999974
25.880000000000003 20.0 711.0599999999974
25.880000000000003 0.0 711.0599999999974
25.880000000000003 20.0 711.0599999999974
25.880000000000003 0.0 711.0599999999974
20.0 29.0 711.0599999999974
20.0 29.0 711.0599999999974
25.880000000000003 20.0 711.0599999999974
25.880000000000003 0.0 711.0599999999974
25.880000000000003 20.0 711.0599999999974
25.880000000000003 0.0 711.0599999999974
28.0 20.0 711.0599999999974
28.0 0.0 711.0599999999974
28.0 20.0 711.0599999999974
28.0 0.0 711.0599999999974
25.860000000000003 20.0 711.0599999999974
25.860000000000003 0.0 711.0599999999974
25.860000000000003 20.0 711.0599999999974
25.860000000000003 0.0 711.0599999999974
25.840000000000003 20.0 711.0599999999974
25.840000000000003 0.0 711.0599999999974
25.840000000000003 20.0 711.0599999999974
25.840000000000003 0.0 711.0599999999974
28.0 20.0 711.0599999999974
28.0 0.0 711.0599999999974
28.0 20.0 711.0599999999974
28.0 0.0 711.0599999999974
25.820000000000004 20.0 711.0599999999974
25.820000000000004 0.0 711.0599999999974
25.820000000000004 20.0 711.0599999999974
25.820000000000004 0.0 711.0599999999974
25.820000000000004 20.0 711.0599999999974
25.820000000000004 0.0 711.0599999999974
25.820000000000004 20.0 711.0599999999974
25.820000000000004 0.0 711.0599999999974
20.0 28.98 711.0599999999974
20.0 28.98 711.0599999999974
25.800000000000004 20.0 711.0599999999974
25.800000000000004 0.0 711.0599999999974
25.800000000000004 20.0 711.0599999999974
25.800000000000004 0.0 711.0599999999974
25.780000000000005 20.0 711.0599999999974
25.780000000000005 0.0 711.0599999999974
25.780000000000005 20.0 711.0599999999974
25.780000000000005 0.0 711.0599999999974
25.780000000000005 20.0 711.0599999999974
25.780000000000005 0.0 711.0599999999974
25.780000000000005 20.0 711.0599999999974
25.780000000000005 0.0 711.0599999999974
28.0 20.0 711.0599999999974
28.0 0.0 711.0599999999974
28.0 20.0 711.0599999999974
28.0 0.0 711.0599999999974
25.780000000000005 20.0 711.0599999999974
25.780000000000005 0.0 711.0599999999974
25.780000000000005 20.0 711.0599999999974
25.780000000000005 0.0 711.0599999999974
20.0 29.0 711.0599999999974
20.0 29.0 711.0599999999974
25.780000000000005 20.0 711.0599999999974
25.780000000000005 0.0 711.0599999999974
25.780000000000005 20.0 711.0599999999974
25.780000000000005 0.0 711.0599999999974
28.0 20.0 711.0599999999974
28.0 0.0 711.0599999999974
28.0 20.0 711.0599999999974
28.0 0.0 711.0599999999974
20.0 29.02 711.0599999999974
20.0 29.02 711.0599999999974
27.98 20.0 711.0599999999974
27.98 0.0 711.0599999999974
27.98 20.0 711.0599999999974
27.98 0.0 711.0599999999974
27.98 20.0 711.0599999999974
27.98 0.0 711.0599999999974
27.98 20.0 711.0599999999974
27.98 0.0 711.0599999999974
28.0 20.0 711.0599999999974
28.0 0.0 711.0599999999974
28.0 20.0 711.0599999999974
28.0 0.0 711.0599999999974
25.740000000000006 20.0 711.0599999999974
25.740000000000006 0.0 711.0599999999974
25.740000000000006 20.0 711.0599999999974
25.740000000000006 0.0 711.0599999999974
25.720000000000006 20.0 711.0599999999974
25.720000000000006 0.0 711.0599999999974
25.720000000000006 20.0 711.0599999999974
25.720000000000006 0.0 711.0599999999974
27.98 20.0 711.0599999999974
27.98 0.0 711.0599999999974
27.98 20.0 711.0599999999974
27.98 0.0 711.0599999999974
25.700000000000006 20.0 711.0599999999974
25.700000000000006 0.0 711.0599999999974
25.700000000000006 20.0 711.0599999999974
25.700000000000006 0.0 711.0599999999974
28.0 20.0 711.0599999999974
28.0 0.0 711.0599999999974
28.0 20.0 711.0599999999974
28.0 0.0 711.0599999999974
25.700000000000006 20.0 711.0599999999974
25.700000000000006 0.0 711.0599999999974
25.700000000000006 20.0 711.0599999999974
25.700000000000006 0.0 711.0599999999974
20.0 29.04 711.0599999999974
20.0 29.04 711.0599999999974
20.0 29.04 711.0599999999974
20.0 29.04 711.0599999999974
20.0 29.04 711.0599999999974
20.0 29.04 711.0599999999974
25.54000000000001 20.0 711.0599999999974
25.54000000000001 0.0 711.0599999999974
25.54000000000001 20.0 711.0599999999974
25.54000000000001 0.0 711.0599999999974
20.0 29.04 711.0599999999974
20.0 29.04 711.0599999999974
25.52000000000001 20.0 711.0599999999974
25.52000000000001 0.0 711.0599999999974
25.52000000000001 20.0 711.0599999999974
25.52000000000001 0.0 711.0599999999974
25.50000000000001 20.0 711.0599999999974
25.50000000000001 0.0 711.0599999999974
25.50000000000001 20.0 711.0599999999974
25.50000000000001 0.0 711.0599999999974
20.0 29.02 711.0599999999974
20.0 29.02 711.0599999999974
25.48000000000001 20.0 711.0599999999974
25.48000000000001 0.0 711.0599999999974
25.48000000000001 20.0 711.0599999999974
25.48000000000001 0.0 711.0599999999974
28.0 20.0 711.0599999999974
28.0 0.0 711.0599999999974
28.0 20.0 711.0599999999974
28.0 0.0 711.0599999999974
28.0 20.0 711.0599999999974
28.0 0.0 711.0599999999974
28.0 20.0 711.0599999999974
28.0 0.0 711.0599999999974
25.46000000000001 20.0 711.0599999999974
25.46000000000001 0.0 711.0599999999974
25.46000000000001 20.0 711.0599999999974
25.46000000000001 0.0 711.0599999999974
20.0 29.0 711.0599999999974
20.0 29.0 711.0599999999974
25.420000000000012 20.0 711.0599999999974
25.420000000000012 0.0 711.0599999999974
25.420000000000012 20.0 711.0599999999974
25.420000000000012 0.0 711.0599999999974
25.380000000000013 20.0 711.0599999999974
25.380000000000013 0.0 711.0599999999974
25.380000000000013 20.0 711.0599999999974
25.380000000000013 0.0 711.0599999999974
25.360000000000014 20.0 711.0599999999974
25.360000000000014 0.0 711.0599999999974
25.360000000000014 20.0 711.0599999999974
25.360000000000014 0.0 711.0599999999974
20.0 29.0 711.0599999999974
20.0 29.0 711.0599999999974
25.360000000000014 20.0 711.0599999999974
25.360000000000014 0.0 711.0599999999974
25.360000000000014 20.0 711.0599999999974
25.360000000000014 0.0 711.0599999999974
20.0 29.0 711.0599999999974
20.0 29.0 711.0599999999974
25.300000000000015 20.0 711.0599999999974
25.300000000000015 0.0 711.0599999999974
25.300000000000015 20.0 711.0599999999974
25.300000000000015 0.0 711.0599999999974
20.0 29.0 711.0599999999974
20.0 29.0 711.0599999999974
28.0 20.0 711.0599999999974
28.0 0.0 711.0599999999974
28.0 20.0 711.0599999999974
28.0 0.0 711.0599999999974
25.280000000000015 20.0 711.0599999999974
25.280000000000015 0.0 711.0599999999974
25.280000000000015 20.0 711.0599999999974
25.280000000000015 0.0 711.0599999999974
25.240000000000016 20.0 711.0599999999974
25.240000000000016 0.0 711.0599999999974
25.240000000000016 20.0 711.0599999999974
25.240000000000016 0.0 711.0599999999974
20.0 29.0 711.0599999999974
20.0 29.0 711.0599999999974
25.220000000000017 20.0 711.0599999999974
25.220000000000017 0.0 711.0599999999974
25.220000000000017 20.0 711.0599999999974
25.220000000000017 0.0 711.0599999999974
20.0 29.0 711.0599999999974
20.0 29.0 711.0599999999974
28.0 20.0 711.0599999999974
28.0 0.0 711.0599999999974
28.0 20.0 711.0599999999974
28.0 0.0 711.0599999999974
28.0 20.0 711.0599999999974
28.0 0.0 711.0599999999974
28.0 20.0 711.0599999999974
28.0 0.0 711.0599999999974
25.160000000000018 20.0 711.0599999999974
25.160000000000018 0.0 711.0599999999974
25.160000000000018 20.0 711.0599999999974
25.160000000000018 0.0 711.0599999999974
25.14000000000002 20.0 711.0599999999974
25.14000000000002 0.0 711.0599999999974
25.14000000000002 20.0 711.0599999999974
25.14000000000002 0.0 711.0599999999974
27.98 20.0 711.0599999999974
27.98 0.0 711.0599999999974
27.98 20.0 711.0599999999974
27.98 0.0 711.0599999999974
25.14000000000002 20.0 711.0599999999974
25.14000000000002 0.0 711.0599999999974
25.14000000000002 20.0 711.0599999999974
25.14000000000002 0.0 711.0599999999974
25.12000000000002 20.0 711.0599999999974
25.12000000000002 0.0 711.0599999999974
25.12000000000002 20.0 711.0599999999974
25.12000000000002 0.0 711.0599999999974
25.12000000000002 20.0 711.0599999999974
25.12000000000002 0.0 711.0599999999974
25.12000000000002 20.0 711.0599999999974
25.12000000000002 0.0 711.0599999999974
20.0 29.099999999999998 711.0599999999974
20.0 29.099999999999998 711.0599999999974
20.0 29.119999999999997 711.0599999999974
20.0 29.119999999999997 711.0599999999974
20.0 29.139999999999997 711.0599999999974
20.0 29.139999999999997 711.0599999999974
24.98000000000002 20.0 711.0599999999974
24.98000000000002 0.0 711.0599999999974
24.98000000000002 20.0 711.0599999999974
24.98000000000002 0.0 711.0599999999974
20.0 29.159999999999997 711.0599999999974
20.0 29.159999999999997 711.0599999999974
20.0 29.159999999999997 711.0599999999974
20.0 29.159999999999997 711.0599999999974
25.02000000000002 20.0 711.0599999999974
25.02000000000002 0.0 711.0599999999974
25.02000000000002 20.0 711.0599999999974
25.02000000000002 0.0 711.0599999999974
25.02000000000002 20.0 711.0599999999974
25.02000000000002 0.0 711.0599999999974
25.02000000000002 20.0 711.0599999999974
25.02000000000002 0.0 711.0599999999974
25.00000000000002 20.0 711.0599999999974
25.00000000000002 0.0 711.0599999999974
25.00000000000002 20.0 711.0599999999974
25.00000000000002 0.0 711.0599999999974
25.00000000000002 20.0 711.0599999999974
25.00000000000002 0.0 711.0599999999974
25.00000000000002 20.0 711.0599999999974
25.00000000000002 0.0 711.0599999999974
24.98000000000002 20.0 711.0599999999974
24.98000000000002 0.0 711.0599999999974
24.98000000000002 20.0 711.0599999999974
24.98000000000002 0.0 711.0599999999974
24.960000000000022 20.0 711.0599999999974
24.960000000000022 0.0 711.0599999999974
24.960000000000022 20.0 711.0599999999974
24.960000000000022 0.0 711.0599999999974
24.940000000000023 20.0 711.0599999999974
24.940000000000023 0.0 711.0599999999974
24.940000000000023 20.0 711.0599999999974
24.940000000000023 0.0 711.0599999999974
24.920000000000023 20.0 711.0599999999974
24.920000000000023 0.0 711.0599999999974
24.920000000000023 20.0 711.0599999999974
24.920000000000023 0.0 711.0599999999974
20.0 29.179999999999996 711.0599999999974
20.0 29.179999999999996 711.0599999999974
20.0 29.179999999999996 711.0599999999974
20.0 29.179999999999996 711.0599999999974
20.0 29.179999999999996 711.0599999999974
20.0 29.179999999999996 711.0599999999974
20.0 29.159999999999997 711.0599999999974
20.0 29.159999999999997 711.0599999999974
20.0 29.179999999999996 711.0599999999974
20.0 29.179999999999996 711.0599999999974
20.0 29.179999999999996 711.0599999999974
20.0 29.179999999999996 711.0599999999974
20.0 29.159999999999997 711.0599999999974
20.0 29.159999999999997 711.0599999999974
20.0 29.159999999999997 711.0599999999974
20.0 29.159999999999997 711.0599999999974
14.99 22.969999999999995 711.0599999999974
14.99 22.969999999999995 711.0599999999974
20.0 29.159999999999997 711.0599999999974
20.0 29.159999999999997 711.0599999999974
20.0 29.159999999999997 711.0599999999974
20.0 29.159999999999997 711.0599999999974
20.0 29.139999999999997 711.0599999999974
20.0 29.139999999999997 711.0599999999974
20.0 29.139999999999997 711.0599999999974
20.0 29.139999999999997 711.0599999999974
20.0 29.159999999999997 711.0599999999974
20.0 29.159999999999997 711.0599999999974
20.0 29.179999999999996 711.0599999999974
20.0 29.179999999999996 711.0599999999974
20.0 29.179999999999996 711.0599999999974
20.0 29.179999999999996 711.0599999999974
28.0 20.0 711.0599999999974
28.0 0.0 711.0599999999974
28.0 20.0 711.0599999999974
28.0 0.0 711.0599999999974
27.98 20.0 711.0599999999974
27.98 0.0 711.0599999999974
27.98 20.0 711.0599999999974
27.98 0.0 711.0599999999974
20.0 29.179999999999996 711.0599999999974
20.0 29.179999999999996 711.0599999999974
28.0 20.0 711.0599999999974
28.0 0.0 711.0599999999974
28.0 20.0 711.0599999999974
28.0 0.0 711.0599999999974
20.0 29.159999999999997 711.0599999999974
20.0 29.159999999999997 711.0599999999974
20.0 29.159999999999997 711.0599999999974
20.0 29.159999999999997 711.0599999999974
28.0 20.0 711.0599999999974
28.0 0.0 711.0599999999974
28.0 20.0 711.0599999999974
28.0 0.0 711.0599999999974
20.0 29.139999999999997 711.0599999999974
20.0 29.139999999999997 711.0599999999974
20.0 29.139999999999997 711.0599999999974
20.0 29.139999999999997 711.0599999999974
28.0 20.0 711.0599999999974
28.0 0.0 711.0599999999974
28.0 20.0 711.0599999999974
28.0 0.0 711.0599999999974
20.0 29.159999999999997 711.0599999999974
20.0 29.159999999999997 711.0599999999974
20.0 29.139999999999997 711.0599999999974
20.0 29.139999999999997 711.0599999999974
20.0 29.139999999999997 711.0599999999974
20.0 29.139999999999997 711.0599999999974
20.0 29.119999999999997 711.0599999999974
20.0 29.119999999999997 711.0599999999974
28.0 20.0 711.0599999999974
28.0 0.0 711.0599999999974
28.0 20.0 711.0599999999974
28.0 0.0 711.0599999999974
20.0 29.139999999999997 711.0599999999974
20.0 29.139999999999997 711.0599999999974
20.0 29.139999999999997 711.0599999999974
20.0 29.139999999999997 711.0599999999974
20.0 29.119999999999997 711.0599999999974
20.0 29.119999999999997 711.0599999999974
20.0 29.099999999999998 711.0599999999974
20.0 29.099999999999998 711.0599999999974
28.0 20.0 711.0599999999974
28.0 0.0 711.0599999999974
28.0 20.0 711.0599999999974
28.0 0.0 711.0599999999974
20.0 29.08 711.0599999999974
20.0 29.08 711.0599999999974
28.0 20.0 711.0599999999974
28.0 0.0 711.0599999999974
28.0 20.0 711.0599999999974
28.0 0.0 711.0599999999974
28.0 20.0 711.0599999999974
28.0 0.0 711.0599999999974
28.0 20.0 711.0599999999974
28.0 0.0 711.0599999999974
20.0 29.06 711.0599999999974
20.0 29.06 711.0599999999974
20.0 29.06 711.0599999999974
20.0 29.06 711.0599999999974
28.0 20.0 711.0599999999974
28.0 0.0 711.0599999999974
28.0 20.0 711.0599999999974
28.0 0.0 711.0599999999974
20.0 29.06 711.0599999999974
20.0 29.06 711.0599999999974
28.0 20.0 711.0599999999974
28.0 0.0 711.0599999999974
28.0 20.0 711.0599999999974
28.0 0.0 711.0599999999974
20.0 29.08 711.0599999999974
20.0 29.08 711.0599999999974
20.0 29.08 711.0599999999974
20.0 29.08 711.0599999999974
20.0 29.08 711.0599999999974
20.0 29.08 711.0599999999974
25.00000000000002 20.0 711.0599999999974
25.00000000000002 0.0 711.0599999999974
25.00000000000002 20.0 711.0599999999974
25.00000000000002 0.0 711.0599999999974
20.0 29.099999999999998 711.0599999999974
20.0 29.099999999999998 711.0599999999974
20.0 29.119999999999997 711.0599999999974
20.0 29.119999999999997 711.0599999999974
20.0 29.119999999999997 711.0599999999974
20.0 29.119999999999997 711.0599999999974
20.0 29.119999999999997 711.0599999999974
20.0 29.119999999999997 711.0599999999974
27.98 20.0 711.0599999999974
27.98 0.0 711.0599999999974
27.98 20.0 711.0599999999974
27.98 0.0 711.0599999999974
25.00000000000002 20.0 711.0599999999974
25.00000000000002 0.0 711.0599999999974
25.00000000000002 20.0 711.0599999999974
25.00000000000002 0.0 711.0599999999974
25.00000000000002 20.0 711.0599999999974
25.00000000000002 0.0 711.0599999999974
25.00000000000002 20.0 711.0599999999974
25.00000000000002 0.0 711.0599999999974
25.00000000000002 20.0 711.0599999999974
25.00000000000002 0.0 711.0599999999974
25.00000000000002 20.0 711.0599999999974
25.00000000000002 0.0 711.0599999999974
20.0 29.139999999999997 711.0599999999974
20.0 29.139999999999997 711.0599999999974
20.0 29.139999999999997 711.0599999999974
20.0 29.139999999999997 711.0599999999974
28.02 20.0 711.0599999999974
28.02 0.0 711.0599999999974
28.02 20.0 711.0599999999974
28.02 0.0 711.0599999999974
20.0 29.159999999999997 711.0599999999974
20.0 29.159999999999997 711.0599999999974
25.00000000000002 20.0 711.0599999999974
25.00000000000002 0.0 711.0599999999974
25.00000000000002 20.0 711.0599999999974
25.00000000000002 0.0 711.0599999999974
24.98000000000002 20.0 711.0599999999974
24.98000000000002 0.0 711.0599999999974
24.98000000000002 20.0 711.0599999999974
24.98000000000002 0.0 711.0599999999974
25.00000000000002 20.0 711.0599999999974
25.00000000000002 0.0 711.0599999999974
25.00000000000002 20.0 711.0599999999974
25.00000000000002 0.0 711.0599999999974
20.0 29.159999999999997 711.0599999999974
20.0 29.159999999999997 711.0599999999974
28.0 20.0 711.0599999999974
28.0 0.0 711.0599999999974
28.0 20.0 711.0599999999974
28.0 0.0 711.0599999999974
20.0 29.179999999999996 711.0599999999974
20.0 29.179999999999996 711.0599999999974
20.0 29.179999999999996 711.0599999999974
20.0 29.179999999999996 711.0599999999974
24.98000000000002 20.0 711.0599999999974
24.98000000000002 0.0 711.0599999999974
24.98000000000002 20.0 711.0599999999974
24.98000000000002 0.0 711.0599999999974
20.0 29.159999999999997 711.0599999999974
20.0 29.159999999999997 711.0599999999974
20.0 29.139999999999997 711.0599999999974
20.0 29.139999999999997 711.0599999999974
28.0 20.0 711.0599999999974
28.0 0.0 711.0599999999974
28.0 20.0 711.0599999999974
28.0 0.0 711.0599999999974
25.00000000000002 20.0 711.0599999999974
25.00000000000002 0.0 711.0599999999974
25.00000000000002 20.0 711.0599999999974
25.00000000000002 0.0 711.0599999999974
20.0 29.179999999999996 711.0599999999974
20.0 29.179999999999996 711.0599999999974
28.0 20.0 711.0599999999974
28.0 0.0 711.0599999999974
28.0 20.0 711.0599999999974
28.0 0.0 711.0599999999974
28.0 20.0 711.0599999999974
28.0 0.0 711.0599999999974
28.0 20.0 711.0599999999974
28.0 0.0 711.0599999999974
20.0 29.179999999999996 711.0599999999974
20.0 29.179999999999996 711.0599999999974
28.0 20.0 711.0599999999974
28.0 0.0 711.0599999999974
28.0 20.0 711.0599999999974
28.0 0.0 711.0599999999974
20.0 29.159999999999997 711.0599999999974
20.0 29.159999999999997 711.0599999999974
20.0 29.159999999999997 711.0599999999974
20.0 29.159999999999997 711.0599999999974
20.0 29.159999999999997 711.0599999999974
20.0 29.159999999999997 711.0599999999974
27.98 20.0 711.0599999999974
27.98 0.0 711.0599999999974
27.98 20.0 711.0599999999974
27.98 0.0 711.0599999999974
20.0 29.159999999999997 711.0599999999974
20.0 29.159999999999997 711.0599999999974
20.0 29.159999999999997 711.0599999999974
20.0 29.159999999999997 711.0599999999974
28.0 20.0 711.0599999999974
28.0 0.0 711.0599999999974
28.0 20.0 711.0599999999974
28.0 0.0 711.0599999999974
20.0 29.179999999999996 711.0599999999974
20.0 29.179999999999996 711.0599999999974
20.0 29.179999999999996 711.0599999999974
20.0 29.179999999999996 711.0599999999974
20.0 29.179999999999996 711.0599999999974
20.0 29.179999999999996 711.0599999999974
20.0 29.179999999999996 711.0599999999974
20.0 29.179999999999996 711.0599999999974
24.960000000000022 20.0 711.0599999999974
24.960000000000022 0.0 711.0599999999974
24.960000000000022 20.0 711.0599999999974
24.960000000000022 0.0 711.0599999999974
24.960000000000022 20.0 711.0599999999974
24.960000000000022 0.0 711.0599999999974
24.960000000000022 20.0 711.0599999999974
24.960000000000022 0.0 711.0599999999974
24.940000000000023 20.0 711.0599999999974
24.940000000000023 0.0 711.0599999999974
24.940000000000023 20.0 711.0599999999974
24.940000000000023 0.0 711.0599999999974
28.0 20.0 711.0599999999974
28.0 0.0 711.0599999999974
28.0 20.0 711.0599999999974
28.0 0.0 711.0599999999974
20.0 29.179999999999996 711.0599999999974
20.0 29.179999999999996 711.0599999999974
24.960000000000022 20.0 711.0599999999974
24.960000000000022 0.0 711.0599999999974
24.960000000000022 20.0 711.0599999999974
24.960000000000022 0.0 711.0599999999974
20.0 29.199999999999996 711.0599999999974
20.0 29.199999999999996 711.0599999999974
28.0 20.0 711.0599999999974
28.0 0.0 711.0599999999974
28.0 20.0 711.0599999999974
28.0 0.0 711.0599999999974
20.0 29.199999999999996 711.0599999999974
20.0 29.199999999999996 711.0599999999974
28.0 20.0 711.0599999999974
28.0 0.0 711.0599999999974
28.0 20.0 711.0599999999974
28.0 0.0 711.0599999999974
20.0 29.199999999999996 711.0599999999974
20.0 29.199999999999996 711.0599999999974
20.0 29.199999999999996 711.0599999999974
20.0 29.199999999999996 711.0599999999974
24.960000000000022 20.0 711.0599999999974
24.960000000000022 0.0 711.0599999999974
24.960000000000022 20.0 711.0599999999974
24.960000000000022 0.0 711.0599999999974
20.0 29.219999999999995 711.0599999999974
20.0 29.219999999999995 711.0599999999974
27.98 20.0 711.0599999999974
27.98 0.0 711.0599999999974
27.98 20.0 711.0599999999974
27.98 0.0 711.0599999999974
24.98000000000002 20.0 711.0599999999974
24.98000000000002 0.0 711.0599999999974
24.98000000000002 20.0 711.0599999999974
24.98000000000002 0.0 711.0599999999974
20.0 29.239999999999995 711.0599999999974
20.0 29.239999999999995 711.0599999999974
20.0 29.259999999999994 711.0599999999974
20.0 29.259999999999994 711.0599999999974
20.0 29.239999999999995 711.0599999999974
20.0 29.239999999999995 711.0599999999974
20.0 29.239999999999995 711.0599999999974
20.0 29.239999999999995 711.0599999999974
28.0 20.0 711.0599999999974
28.0 0.0 711.0599999999974
28.0 20.0 711.0599999999974
28.0 0.0 711.0599999999974
28.0 20.0 711.0599999999974
28.0 0.0 711.0599999999974
28.0 20.0 711.0599999999974
28.0 0.0 711.0599999999974
28.02 20.0 711.0599999999974
28.02 0.0 711.0599999999974
28.02 20.0 711.0599999999974
28.02 0.0 711.0599999999974
20.0 29.259999999999994 711.0599999999974
20.0 29.259999999999994 711.0599999999974
28.0 20.0 711.0599999999974
28.0 0.0 711.0599999999974
28.0 20.0 711.0599999999974
28.0 0.0 711.0599999999974
28.0 20.0 711.0599999999974
28.0 0.0 711.0599999999974
28.0 20.0 711.0599999999974
28.0 0.0 711.0599999999974
20.0 29.239999999999995 711.0599999999974
20.0 29.239999999999995 711.0599999999974
28.0 20.0 711.0599999999974
28.0 0.0 711.0599999999974
28.0 20.0 711.0599999999974
28.0 0.0 711.0599999999974
20.0 29.259999999999994 711.0599999999974
20.0 29.259999999999994 711.0599999999974
20.0 29.259999999999994 711.0599999999974
20.0 29.259999999999994 711.0599999999974
27.98 20.0 711.0599999999974
27.98 0.0 711.0599999999974
27.98 20.0 711.0599999999974
27.98 0.0 711.0599999999974
28.0 20.0 711.0599999999974
28.0 0.0 711.0599999999974
28.0 20.0 711.0599999999974
28.0 0.0 711.0599999999974
20.0 29.279999999999994 711.0599999999974
20.0 29.279999999999994 711.0599999999974
28.0 20.0 711.0599999999974
28.0 0.0 711.0599999999974
28.0 20.0 711.0599999999974
28.0 0.0 711.0599999999974
20.0 29.279999999999994 711.0599999999974
20.0 29.279999999999994 711.0599999999974
28.0 20.0 711.0599999999974
28.0 0.0 711.0599999999974
28.0 20.0 711.0599999999974
28.0 0.0 711.0599999999974
20.0 29.299999999999994 711.0599999999974
20.0 29.299999999999994 711.0599999999974
20.0 29.279999999999994 711.0599999999974
20.0 29.279999999999994 711.0599999999974
20.0 29.279999999999994 711.0599999999974
20.0 29.279999999999994 711.0599999999974
28.0 20.0 711.0599999999974
28.0 0.0 711.0599999999974
28.0 20.0 711.0599999999974
28.0 0.0 711.0599999999974
20.0 29.259999999999994 711.0599999999974
20.0 29.259999999999994 711.0599999999974
20.0 29.259999999999994 711.0599999999974
20.0 29.259999999999994 711.0599999999974
28.0 20.0 711.0599999999974
28.0 0.0 711.0599999999974
28.0 20.0 711.0599999999974
28.0 0.0 711.0599999999974
20.0 29.279999999999994 711.0599999999974
20.0 29.279999999999994 711.0599999999974
28.0 20.0 711.0599999999974
28.0 0.0 711.0599999999974
28.0 20.0 711.0599999999974
28.0 0.0 711.0599999999974
20.0 29.279999999999994 711.0599999999974
20.0 29.279999999999994 711.0599999999974
20.0 29.259999999999994 711.0599999999974
20.0 29.259999999999994 711.0599999999974
20.0 29.259999999999994 711.0599999999974
20.0 29.259999999999994 711.0599999999974
20.0 29.279999999999994 711.0599999999974
20.0 29.279999999999994 711.0599999999974
28.0 20.0 711.0599999999974
28.0 0.0 711.0599999999974
28.0 20.0 711.0599999999974
28.0 0.0 711.0599999999974
20.0 29.279999999999994 711.0599999999974
20.0 29.279999999999994 711.0599999999974
20.0 29.279999999999994 711.0599999999974
20.0 29.279999999999994 711.0599999999974
28.0 20.0 711.0599999999974
28.0 0.0 711.0599999999974
28.0 20.0 711.0599999999974
28.0 0.0 711.0599999999974
28.0 20.0 711.0599999999974
28.0 0.0 711.0599999999974
28.0 20.0 711.0599999999974
28.0 0.0 711.0599999999974
20.0 29.299999999999994 711.0599999999974
20.0 29.299999999999994 711.0599999999974
20.0 29.299999999999994 711.0599999999974
20.0 29.299999999999994 711.0599999999974
20.0 29.299999999999994 711.0599999999974
20.0 29.299999999999994 711.0599999999974
20.0 29.279999999999994 711.0599999999974
20.0 29.279999999999994 711.0599999999974
20.0 29.299999999999994 711.0599999999974
20.0 29.299999999999994 711.0599999999974
20.0 29.279999999999994 711.0599999999974
20.0 29.279999999999994 711.0599999999974
20.0 29.279999999999994 711.0599999999974
20.0 29.279999999999994 711.0599999999974
20.0 29.259999999999994 711.0599999999974
20.0 29.259999999999994 711.0599999999974
28.0 20.0 711.0599999999974
28.0 0.0 711.0599999999974
28.0 20.0 711.0599999999974
28.0 0.0 711.0599999999974
20.0 29.259999999999994 711.0599999999974
20.0 29.259999999999994 711.0599999999974
20.0 29.279999999999994 711.0599999999974
20.0 29.279999999999994 711.0599999999974
28.0 20.0 711.0599999999974
28.0 0.0 711.0599999999974
28.0 20.0 711.0599999999974
28.0 0.0 711.0599999999974
28.0 20.0 711.0599999999974
28.0 0.0 711.0599999999974
28.0 20.0 711.0599999999974
28.0 0.0 711.0599999999974
20.0 29.299999999999994 711.0599999999974
20.0 29.299999999999994 711.0599999999974
28.0 20.0 711.0599999999974
28.0 0.0 711.0599999999974
28.0 20.0 711.0599999999974
28.0 0.0 711.0599999999974
20.0 29.299999999999994 711.0599999999974
20.0 29.299999999999994 711.0599999999974
20.0 29.279999999999994 711.0599999999974
20.0 29.279999999999994 711.0599999999974
28.0 20.0 711.0599999999974
28.0 0.0 711.0599999999974
28.0 20.0 711.0599999999974
28.0 0.0 711.0599999999974
20.0 29.299999999999994 711.0599999999974
20.0 29.299999999999994 711.0599999999974
28.0 20.0 711.0599999999974
28.0 0.0 711.0599999999974
28.0 20.0 711.0599999999974
28.0 0.0 711.0599999999974
20.0 29.319999999999993 711.0599999999974
20.0 29.319999999999993 711.0599999999974
25.00000000000002 20.0 711.0599999999974
25.00000000000002 0.0 711.0599999999974
25.00000000000002 20.0 711.0599999999974
25.00000000000002 0.0 711.0599999999974
28.0 20.0 711.0599999999974
28.0 0.0 711.0599999999974
28.0 20.0 711.0599999999974
28.0 0.0 711.0599999999974
20.0 29.319999999999993 711.0599999999974
20.0 29.319999999999993 711.0599999999974
20.0 29.339999999999993 711.0599999999974
20.0 29.339999999999993 711.0599999999974
25.00000000000002 20.0 711.0599999999974
25.00000000000002 0.0 711.0599999999974
25.00000000000002 20.0 711.0599999999974
25.00000000000002 0.0 711.0599999999974
20.0 29.339999999999993 711.0599999999974
20.0 29.339999999999993 711.0599999999974
25.00000000000002 20.0 711.0599999999974
25.00000000000002 0.0 711.0599999999974
25.00000000000002 20.0 711.0599999999974
25.00000000000002 0.0 711.0599999999974
25.00000000000002 20.0 711.0599999999974
25.00000000000002 0.0 711.0599999999974
25.00000000000002 20.0 711.0599999999974
25.00000000000002 0.0 711.0599999999974
20.0 29.339999999999993 711.0599999999974
20.0 29.339999999999993 711.0599999999974
20.0 29.339999999999993 711.0599999999974
20.0 29.339999999999993 711.0599999999974
20.0 29.339999999999993 711.0599999999974
20.0 29.339999999999993 711.0599999999974
20.0 29.319999999999993 711.0599999999974
20.0 29.319999999999993 711.0599999999974
20.0 29.339999999999993 711.0599999999974
20.0 29.339999999999993 711.0599999999974
20.0 29.339999999999993 711.0599999999974
20.0 29.339999999999993 711.0599999999974
25.00000000000002 20.0 711.0599999999974
25.00000000000002 0.0 711.0599999999974
25.00000000000002 20.0 711.0599999999974
25.00000000000002 0.0 711.0599999999974
25.00000000000002 20.0 711.0599999999974
25.00000000000002 0.0 711.0599999999974
25.00000000000002 20.0 711.0599999999974
25.00000000000002 0.0 711.0599999999974
20.0 29.339999999999993 711.0599999999974
20.0 29.339999999999993 711.0599999999974
20.0 29.319999999999993 711.0599999999974
20.0 29.319999999999993 711.0599999999974
20.0 29.299999999999994 711.0599999999974
20.0 29.299999999999994 711.0599999999974
28.0 20.0 711.0599999999974
28.0 0.0 711.0599999999974
28.0 20.0 711.0599999999974
28.0 0.0 711.0599999999974
20.0 29.279999999999994 711.0599999999974
20.0 29.279999999999994 711.0599999999974
27.98 20.0 711.0599999999974
27.98 0.0 711.0599999999974
27.98 20.0 711.0599999999974
27.98 0.0 711.0599999999974
20.0 29.279999999999994 711.0599999999974
20.0 29.279999999999994 711.0599999999974
27.98 20.0 711.0599999999974
27.98 0.0 711.0599999999974
27.98 20.0 711.0599999999974
27.98 0.0 711.0599999999974
20.0 29.299999999999994 711.0599999999974
20.0 29.299999999999994 711.0599999999974
27.98 20.0 711.0599999999974
27.98 0.0 711.0599999999974
27.98 20.0 711.0599999999974
27.98 0.0 711.0599999999974
20.0 29.279999999999994 711.0599999999974
20.0 29.279999999999994 711.0599999999974
27.98 20.0 711.0599999999974
27.98 0.0 711.0599999999974
27.98 20.0 711.0599999999974
27.98 0.0 711.0599999999974
27.98 20.0 711.0599999999974
27.98 0.0 711.0599999999974
27.98 20.0 711.0599999999974
27.98 0.0 711.0599999999974
20.0 29.319999999999993 711.0599999999974
20.0 29.319999999999993 711.0599999999974
27.96 20.0 711.0599999999974
27.96 0.0 711.0599999999974
27.96 20.0 711.0599999999974
27.96 0.0 711.0599999999974
20.0 29.339999999999993 711.0599999999974
20.0 29.339999999999993 711.0599999999974
20.0 29.359999999999992 711.0599999999974
20.0 29.359999999999992 711.0599999999974
28.0 20.0 711.0599999999974
28.0 0.0 711.0599999999974
28.0 20.0 711.0599999999974
28.0 0.0 711.0599999999974
20.0 29.379999999999992 711.0599999999974
20.0 29.379999999999992 711.0599999999974
20.0 29.379999999999992 711.0599999999974
20.0 29.379999999999992 711.0599999999974
28.0 20.0 711.0599999999974
28.0 0.0 711.0599999999974
28.0 20.0 711.0599999999974
28.0 0.0 711.0599999999974
20.0 29.379999999999992 711.0599999999974
20.0 29.379999999999992 711.0599999999974
28.0 20.0 711.0599999999974
28.0 0.0 711.0599999999974
28.0 20.0 711.0599999999974
28.0 0.0 711.0599999999974
28.02 20.0 711.0599999999974
28.02 0.0 711.0599999999974
28.02 20.0 711.0599999999974
28.02 0.0 711.0599999999974
28.02 20.0 711.0599999999974
28.02 0.0 711.0599999999974
28.02 20.0 711.0599999999974
28.02 0.0 711.0599999999974
28.0 20.0 711.0599999999974
28.0 0.0 711.0599999999974
28.0 20.0 711.0599999999974
28.0 0.0 711.0599999999974
27.98 20.0 711.0599999999974
27.98 0.0 711.0599999999974
27.98 20.0 711.0599999999974
27.98 0.0 711.0599999999974
20.0 29.359999999999992 711.0599999999974
20.0 29.359999999999992 711.0599999999974
20.0 29.359999999999992 711.0599999999974
20.0 29.359999999999992 711.0599999999974
20.0 29.359999999999992 711.0599999999974
20.0 29.359999999999992 711.0599999999974
20.0 29.379999999999992 711.0599999999974
20.0 29.379999999999992 711.0599999999974
27.96 20.0 711.0599999999974
27.96 0.0 711.0599999999974
27.96 20.0 711.0599999999974
27.96 0.0 711.0599999999974
24.960000000000022 20.0 711.0599999999974
24.960000000000022 0.0 711.0599999999974
24.960000000000022 20.0 711.0599999999974
24.960000000000022 0.0 711.0599999999974
27.98 20.0 711.0599999999974
27.98 0.0 711.0599999999974
27.98 20.0 711.0599999999974
27.98 0.0 711.0599999999974
24.940000000000023 20.0 711.0599999999974
24.940000000000023 0.0 711.0599999999974
24.940000000000023 20.0 711.0599999999974
24.940000000000023 0.0 711.0599999999974
24.940000000000023 20.0 711.0599999999974
24.940000000000023 0.0 711.0599999999974
24.940000000000023 20.0 711.0599999999974
24.940000000000023 0.0 711.0599999999974
28.0 20.0 711.0599999999974
28.0 0.0 711.0599999999974
28.0 20.0 711.0599999999974
28.0 0.0 711.0599999999974
28.0 20.0 711.0599999999974
28.0 0.0 711.0599999999974
28.0 20.0 711.0599999999974
28.0 0.0 711.0599999999974
24.940000000000023 20.0 711.0599999999974
24.940000000000023 0.0 711.0599999999974
24.940000000000023 20.0 711.0599999999974
24.940000000000023 0.0 711.0599999999974
24.960000000000022 20.0 711.0599999999974
24.960000000000022 0.0 711.0599999999974
24.960000000000022 20.0 711.0599999999974
24.960000000000022 0.0 711.0599999999974
20.0 29.39999999999999 711.0599999999974
20.0 29.39999999999999 711.0599999999974
20.0 29.41999999999999 711.0599999999974
20.0 29.41999999999999 711.0599999999974
27.98 20.0 711.0599999999974
27.98 0.0 711.0599999999974
27.98 20.0 711.0599999999974
27.98 0.0 711.0599999999974
20.0 29.41999999999999 711.0599999999974
20.0 29.41999999999999 711.0599999999974
27.98 20.0 711.0599999999974
27.98 0.0 711.0599999999974
27.98 20.0 711.0599999999974
27.98 0.0 711.0599999999974
24.960000000000022 20.0 711.0599999999974
24.960000000000022 0.0 711.0599999999974
24.960000000000022 20.0 711.0599999999974
24.960000000000022 0.0 711.0599999999974
27.98 20.0 711.0599999999974
27.98 0.0 711.0599999999974
27.98 20.0 711.0599999999974
27.98 0.0 711.0599999999974
27.98 20.0 711.0599999999974
27.98 0.0 711.0599999999974
27.98 20.0 711.0599999999974
27.98 0.0 711.0599999999974
27.96 20.0 711.0599999999974
27.96 0.0 711.0599999999974
27.96 20.0 711.0599999999974
27.96 0.0 711.0599999999974
20.0 29.41999999999999 711.0599999999974
20.0 29.41999999999999 711.0599999999974
20.0 29.43999999999999 711.0599999999974
20.0 29.43999999999999 711.0599999999974
27.96 20.0 711.0599999999974
27.96 0.0 711.0599999999974
27.96 20.0 711.0599999999974
27.96 0.0 711.0599999999974
27.96 20.0 711.0599999999974
27.96 0.0 711.0599999999974
27.96 20.0 711.0599999999974
27.96 0.0 711.0599999999974
27.98 20.0 711.0599999999974
27.98 0.0 711.0599999999974
27.98 20.0 711.0599999999974
27.98 0.0 711.0599999999974
20.0 29.41999999999999 711.0599999999974
20.0 29.41999999999999 711.0599999999974
20.0 29.41999999999999 711.0599999999974
20.0 29.41999999999999 711.0599999999974
20.0 29.43999999999999 711.0599999999974
20.0 29.43999999999999 711.0599999999974
20.0 29.43999999999999 711.0599999999974
20.0 29.43999999999999 711.0599999999974
20.0 29.45999999999999 711.0599999999974
20.0 29.45999999999999 711.0599999999974
20.0 29.43999999999999 711.0599999999974
20.0 29.43999999999999 711.0599999999974
20.0 29.45999999999999 711.0599999999974
20.0 29.45999999999999 711.0599999999974
20.0 29.45999999999999 711.0599999999974
20.0 29.45999999999999 711.0599999999974
20.0 29.719999999999985 711.0599999999974
20.0 29.719999999999985 711.0599999999974
20.0 29.759999999999984 711.0599999999974
20.0 29.759999999999984 711.0599999999974
20.0 29.759999999999984 711.0599999999974
20.0 29.759999999999984 711.0599999999974
20.0 29.779999999999983 711.0599999999974
20.0 29.779999999999983 711.0599999999974
20.0 29.799999999999983 711.0599999999974
20.0 29.799999999999983 711.0599999999974
20.0 29.799999999999983 711.0599999999974
20.0 29.799999999999983 711.0599999999974
20.0 29.799999999999983 711.0599999999974
20.0 29.799999999999983 711.0599999999974
20.0 29.839999999999982 711.0599999999974
20.0 29.839999999999982 711.0599999999974
20.0 29.819999999999983 711.0599999999974
20.0 29.819999999999983 711.0599999999974
20.0 29.819999999999983 711.0599999999974
20.0 29.819999999999983 711.0599999999974
20.0 29.819999999999983 711.0599999999974
20.0 29.819999999999983 711.0599999999974
20.0 29.819999999999983 711.0599999999974
20.0 29.819999999999983 711.0599999999974
20.0 29.819999999999983 711.0599999999974
20.0 29.819999999999983 711.0599999999974
20.0 29.839999999999982 711.0599999999974
20.0 29.839999999999982 711.0599999999974
20.0 29.839999999999982 711.0599999999974
20.0 29.839999999999982 711.0599999999974
20.0 29.839999999999982 711.0599999999974
20.0 29.839999999999982 711.0599999999974
20.0 29.839999999999982 711.0599999999974
20.0 29.839999999999982 711.0599999999974
20.0 29.839999999999982 711.0599999999974
20.0 29.839999999999982 711.0599999999974
20.0 29.799999999999983 711.0599999999974
20.0 29.799999999999983 711.0599999999974
20.0 29.839999999999982 711.0599999999974
20.0 29.839999999999982 711.0599999999974
20.0 29.819999999999983 711.0599999999974
20.0 29.819999999999983 711.0599999999974
20.0 29.85999999999998 711.0599999999974
20.0 29.85999999999998 711.0599999999974
20.0 29.85999999999998 711.0599999999974
20.0 29.85999999999998 711.0599999999974
20.0 29.89999999999998 711.0599999999974
20.0 29.89999999999998 711.0599999999974
20.0 29.89999999999998 711.0599999999974
20.0 29.89999999999998 711.0599999999974
20.0 29.89999999999998 711.0599999999974
20.0 29.89999999999998 711.0599999999974
20.0 29.87999999999998 711.0599999999974
20.0 29.87999999999998 711.0599999999974
20.0 29.839999999999982 711.0599999999974
20.0 29.839999999999982 711.0599999999974
20.0 29.839999999999982 711.0599999999974
20.0 29.839999999999982 711.0599999999974
20.0 29.839999999999982 711.0599999999974
20.0 29.839999999999982 711.0599999999974
20.0 29.839999999999982 711.0599999999974
20.0 29.839999999999982 711.0599999999974
20.0 29.839999999999982 711.0599999999974
20.0 29.839999999999982 711.0599999999974
20.0 29.839999999999982 711.0599999999974
20.0 29.839999999999982 711.0599999999974
20.0 29.819999999999983 711.0599999999974
20.0 29.819999999999983 711.0599999999974
20.0 29.799999999999983 711.0599999999974
20.0 29.799999999999983 711.0599999999974
20.0 29.819999999999983 711.0599999999974
20.0 29.819999999999983 711.0599999999974
20.0 29.819999999999983 711.0599999999974
20.0 29.819999999999983 711.0599999999974
20.0 29.839999999999982 711.0599999999974
20.0 29.839999999999982 711.0599999999974
20.0 29.87999999999998 711.0599999999974
20.0 29.87999999999998 711.0599999999974
20.0 29.89999999999998 711.0599999999974
20.0 29.89999999999998 711.0599999999974
20.0 29.93999999999998 711.0599999999974
20.0 29.93999999999998 711.0599999999974
20.0 29.95999999999998 711.0599999999974
20.0 29.95999999999998 711.0599999999974
28.0 20.0 711.0599999999974
28.0 0.0 711.0599999999974
28.0 20.0 711.0599999999974
28.0 0.0 711.0599999999974
28.0 20.0 711.0599999999974
28.0 0.0 711.0599999999974
28.0 20.0 711.0599999999974
28.0 0.0 711.0599999999974
21.93999999999999 8.0 711.0599999999974
1.9399999999999906 28.0 711.0599999999974
21.93999999999999 28.0 711.0599999999974
17.999999999999687 9.999999999999979 711.0599999999974
28.249999999999993 0.6699999999997921 711.0599999999974
8.249999999999995 20.669999999999792 711.0599999999974
28.249999999999993 20.669999999999792 711.0599999999974
18.009999999999533 3.0699999999999985 711.0599999999974
11.999999999999957 16.299999999999578 711.0599999999974
7.99 0.7900000000000005 711.0599999999974
16.999999999999773 0.06000000000015477 711.0599999999974
14.97 2.9700000000000006 711.0599999999974
0.98 1.9000000000000212 711.0599999999974
13.42999999999999 18.98999999999953 711.0599999999974
12.810000000000004 0.9899999999999989 711.0599999999974
0.7600000000000005 10.019999999999978 711.0599999999974
3.9400000000000013 4.139999999999997 711.0599999999974
7.000000000000021 4.0399999999999565 711.0599999999974
16.039999999999225 12.999999999999957 711.0599999999974
15.97999999999969 16.019999999999534 711.0599999999974
18.009999999999994 17.829999999999817 711.0599999999974
2.6700000000000284 16.029999999999962 711.0599999999974
0.9900000000001554 5.970000000000022 711.0599999999974
7.009999999999936 10.01 711.0599999999974
3.1099999999999763 8.03 711.0599999999974
4.239999999999974 12.079999999999977 711.0599999999974
9.98 2.0000000000001563 711.0599999999974
9.03 7.1499999999999115 711.0599999999974
0.99 13.029999999999957 711.0599999999974
5.000000000000021 1.0000000000000007 711.0599999999974
12.0 5.039999999999978 711.0599999999974
16.609999999999626 6.970000000000001 711.0599999999974
10.0 12.619999999999987 711.0599999999974
13.0 9.219999999999995 711.0599999999974
7.98 15.999999999999376 711.0599999999974
4.500000000000032 18.999999999999844 711.0599999999974
-10 12 711.0599999999974
-10 12 711.0599999999974
-7 9 711.0599999999974
-7 9 711.0599999999974
-10 -8 711.0599999999974
-10 -8 711.0599999999974
-7 -11 711.0599999999974
-7 -11 711.0599999999974
-8 -16 711.0599999999974
-8 -16 711.0599999999974
0.0 -11.0 711.0599999999974
0.0 -11.0 711.0599999999974
0.0 -11.0 711.0599999999974
0.0 -11.0 711.0599999999974
0.0 -11.0 711.0599999999974
0.0 -11.0 711.0599999999974
0.0 -11.0 711.0599999999974
0.0 -11.0 711.0599999999974
0.0 -11.0 711.0599999999974
0.0 -11.0 711.0599999999974
0.0 -11.0 711.0599999999974
0.0 -11.0 711.0599999999974
0.0 -11.0 711.0599999999974
0.0 -11.0 711.0599999999974
0.0 -11.02 711.0599999999974
0.0 -11.02 711.0599999999974
0.0 -11.0 711.0599999999974
0.0 -11.0 711.0599999999974
0.0 -10.98 711.0599999999974
0.0 -10.98 711.0599999999974
0.0 -10.96 711.0599999999974
0.0 -10.96 711.0599999999974
0.0 -10.96 711.0599999999974
0.0 -10.96 711.0599999999974
0.0 -10.96 711.0599999999974
0.0 -10.96 711.0599999999974
0.0 -10.96 711.0599999999974
0.0 -10.96 711.0599999999974
0.0 -10.98 711.0599999999974
0.0 -10.98 711.0599999999974
0.0 -11.0 711.0599999999974
0.0 -11.0 711.0599999999974
0.0 -11.0 711.0599999999974
0.0 -11.0 711.0599999999974
0.0 -11.0 711.0599999999974
0.0 -11.0 711.0599999999974
0.0 -11.0 711.0599999999974
0.0 -11.0 711.0599999999974
0.0 -11.0 711.0599999999974
0.0 -11.0 711.0599999999974
0.0 -11.0 711.0599999999974
0.0 -11.0 711.0599999999974
0.0 -10.900000000000002 711.0599999999974
0.0 -10.900000000000002 711.0599999999974
0.0 -10.880000000000003 711.0599999999974
0.0 -10.880000000000003 711.0599999999974
0.0 -10.860000000000003 711.0599999999974
0.0 -10.860000000000003 711.0599999999974
0.0 -10.840000000000003 711.0599999999974
0.0 -10.840000000000003 711.0599999999974
0.0 -10.840000000000003 711.0599999999974
0.0 -10.840000000000003 711.0599999999974
0.0 -10.820000000000004 711.0599999999974
0.0 -10.820000000000004 711.0599999999974
0.0 -10.820000000000004 711.0599999999974
0.0 -10.820000000000004 711.0599999999974
0.0 -10.820000000000004 711.0599999999974
0.0 -10.820000000000004 711.0599999999974
0.0 -10.840000000000003 711.0599999999974
0.0 -10.840000000000003 711.0599999999974
0.0 -10.820000000000004 711.0599999999974
0.0 -10.820000000000004 711.0599999999974
0.0 -10.820000000000004 711.0599999999974
0.0 -10.820000000000004 711.0599999999974
0.0 -10.840000000000003 711.0599999999974
0.0 -10.840000000000003 711.0599999999974
0.0 -10.840000000000003 711.0599999999974
0.0 -10.840000000000003 711.0599999999974
-5.01 -17.030000000000005 711.0599999999974
-5.01 -17.030000000000005 711.0599999999974
0.0 -10.840000000000003 711.0599999999974
0.0 -10.840000000000003 711.0599999999974
0.0 -10.840000000000003 711.0599999999974
0.0 -10.840000000000003 711.0599999999974
0.0 -10.860000000000003 711.0599999999974
0.0 -10.860000000000003 711.0599999999974
0.0 -10.860000000000003 711.0599999999974
0.0 -10.860000000000003 711.0599999999974
0.0 -10.840000000000003 711.0599999999974
0.0 -10.840000000000003 711.0599999999974
0.0 -10.820000000000004 711.0599999999974
0.0 -10.820000000000004 711.0599999999974
0.0 -10.820000000000004 711.0599999999974
0.0 -10.820000000000004 711.0599999999974
0.0 -10.820000000000004 711.0599999999974
0.0 -10.820000000000004 711.0599999999974
0.0 -10.840000000000003 711.0599999999974
0.0 -10.840000000000003 711.0599999999974
0.0 -10.840000000000003 711.0599999999974
0.0 -10.840000000000003 711.0599999999974
0.0 -10.860000000000003 711.0599999999974
0.0 -10.860000000000003 711.0599999999974
0.0 -10.860000000000003 711.0599999999974
0.0 -10.860000000000003 711.0599999999974
0.0 -10.840000000000003 711.0599999999974
0.0 -10.840000000000003 711.0599999999974
0.0 -10.860000000000003 711.0599999999974
0.0 -10.860000000000003 711.0599999999974
0.0 -10.860000000000003 711.0599999999974
0.0 -10.860000000000003 711.0599999999974
0.0 -10.880000000000003 711.0599999999974
0.0 -10.880000000000003 711.0599999999974
0.0 -10.860000000000003 711.0599999999974
0.0 -10.860000000000003 711.0599999999974
0.0 -10.860000000000003 711.0599999999974
0.0 -10.860000000000003 711.0599999999974
0.0 -10.880000000000003 711.0599999999974
0.0 -10.880000000000003 711.0599999999974
0.0 -10.900000000000002 711.0599999999974
0.0 -10.900000000000002 711.0599999999974
0.0 -10.920000000000002 711.0599999999974
0.0 -10.920000000000002 711.0599999999974
0.0 -10.940000000000001 711.0599999999974
0.0 -10.940000000000001 711.0599999999974
0.0 -10.940000000000001 711.0599999999974
0.0 -10.940000000000001 711.0599999999974
0.0 -10.940000000000001 711.0599999999974
0.0 -10.940000000000001 711.0599999999974
0.0 -10.920000000000002 711.0599999999974
0.0 -10.920000000000002 711.0599999999974
0.0 -10.920000000000002 711.0599999999974
0.0 -10.920000000000002 711.0599999999974
0.0 -10.920000000000002 711.0599999999974
0.0 -10.920000000000002 711.0599999999974
0.0 -10.900000000000002 711.0599999999974
0.0 -10.900000000000002 711.0599999999974
0.0 -10.880000000000003 711.0599999999974
0.0 -10.880000000000003 711.0599999999974
0.0 -10.880000000000003 711.0599999999974
0.0 -10.880000000000003 711.0599999999974
0.0 -10.880000000000003 711.0599999999974
0.0 -10.880000000000003 711.0599999999974
0.0 -10.860000000000003 711.0599999999974
0.0 -10.860000000000003 711.0599999999974
0.0 -10.860000000000003 711.0599999999974
0.0 -10.860000000000003 711.0599999999974
0.0 -10.840000000000003 711.0599999999974
0.0 -10.840000000000003 711.0599999999974
0.0 -10.840000000000003 711.0599999999974
0.0 -10.840000000000003 711.0599999999974
0.0 -10.820000000000004 711.0599999999974
0.0 -10.820000000000004 711.0599999999974
0.0 -10.820000000000004 711.0599999999974
0.0 -10.820000000000004 711.0599999999974
0.0 -10.840000000000003 711.0599999999974
0.0 -10.840000000000003 711.0599999999974
0.0 -10.860000000000003 711.0599999999974
0.0 -10.860000000000003 711.0599999999974
0.0 -10.820000000000004 711.0599999999974
0.0 -10.820000000000004 711.0599999999974
0.0 -10.820000000000004 711.0599999999974
0.0 -10.820000000000004 711.0599999999974
0.0 -10.840000000000003 711.0599999999974
0.0 -10.840000000000003 711.0599999999974
0.0 -10.840000000000003 711.0599999999974
0.0 -10.840000000000003 711.0599999999974
0.0 -10.840000000000003 711.0599999999974
0.0 -10.840000000000003 711.0599999999974
0.0 -10.840000000000003 711.0599999999974
0.0 -10.840000000000003 711.0599999999974
0.0 -10.840000000000003 711.0599999999974
0.0 -10.840000000000003 711.0599999999974
0.0 -10.820000000000004 711.0599999999974
0.0 -10.820000000000004 711.0599999999974
0.0 -10.820000000000004 711.0599999999974
0.0 -10.820000000000004 711.0599999999974
0.0 -10.820000000000004 711.0599999999974
0.0 -10.820000000000004 711.0599999999974
0.0 -10.820000000000004 711.0599999999974
0.0 -10.820000000000004 711.0599999999974
0.0 -10.820000000000004 711.0599999999974
0.0 -10.820000000000004 711.0599999999974
0.0 -10.800000000000004 711.0599999999974
0.0 -10.800000000000004 711.0599999999974
0.0 -10.800000000000004 711.0599999999974
0.0 -10.800000000000004 711.0599999999974
0.0 -10.800000000000004 711.0599999999974
0.0 -10.800000000000004 711.0599999999974
0.0 -10.800000000000004 711.0599999999974
0.0 -10.800000000000004 711.0599999999974
0.0 -10.780000000000005 711.0599999999974
0.0 -10.780000000000005 711.0599999999974
0.0 -10.760000000000005 711.0599999999974
0.0 -10.760000000000005 711.0599999999974
0.0 -10.740000000000006 711.0599999999974
0.0 -10.740000000000006 711.0599999999974
0.0 -10.760000000000005 711.0599999999974
0.0 -10.760000000000005 711.0599999999974
0.0 -10.760000000000005 711.0599999999974
0.0 -10.760000000000005 711.0599999999974
0.0 -10.740000000000006 711.0599999999974
0.0 -10.740000000000006 711.0599999999974
0.0 -10.760000000000005 711.0599999999974
0.0 -10.760000000000005 711.0599999999974
0.0 -10.740000000000006 711.0599999999974
0.0 -10.740000000000006 711.0599999999974
0.0 -10.740000000000006 711.0599999999974
0.0 -10.740000000000006 711.0599999999974
0.0 -10.720000000000006 711.0599999999974
0.0 -10.720000000000006 711.0599999999974
0.0 -10.720000000000006 711.0599999999974
0.0 -10.720000000000006 711.0599999999974
0.0 -10.700000000000006 711.0599999999974
0.0 -10.700000000000006 711.0599999999974
0.0 -10.720000000000006 711.0599999999974
0.0 -10.720000000000006 711.0599999999974
0.0 -10.720000000000006 711.0599999999974
0.0 -10.720000000000006 711.0599999999974
0.0 -10.740000000000006 711.0599999999974
0.0 -10.740000000000006 711.0599999999974
0.0 -10.740000000000006 711.0599999999974
0.0 -10.740000000000006 711.0599999999974
0.0 -10.720000000000006 711.0599999999974
0.0 -10.720000000000006 711.0599999999974
0.0 -10.720000000000006 711.0599999999974
0.0 -10.720000000000006 711.0599999999974
0.0 -10.740000000000006 711.0599999999974
0.0 -10.740000000000006 711.0599999999974
0.0 -10.740000000000006 711.0599999999974
0.0 -10.740000000000006 711.0599999999974
0.0 -10.720000000000006 711.0599999999974
0.0 -10.720000000000006 711.0599999999974
0.0 -10.720000000000006 711.0599999999974
0.0 -10.720000000000006 711.0599999999974
0.0 -10.720000000000006 711.0599999999974
0.0 -10.720000000000006 711.0599999999974
0.0 -10.700000000000006 711.0599999999974
0.0 -10.700000000000006 711.0599999999974
0.0 -10.700000000000006 711.0599999999974
0.0 -10.700000000000006 711.0599999999974
0.0 -10.700000000000006 711.0599999999974
0.0 -10.700000000000006 711.0599999999974
0.0 -10.720000000000006 711.0599999999974
0.0 -10.720000000000006 711.0599999999974
0.0 -10.700000000000006 711.0599999999974
0.0 -10.700000000000006 711.0599999999974
0.0 -10.720000000000006 711.0599999999974
0.0 -10.720000000000006 711.0599999999974
0.0 -10.720000000000006 711.0599999999974
0.0 -10.720000000000006 711.0599999999974
0.0 -10.740000000000006 711.0599999999974
0.0 -10.740000000000006 711.0599999999974
0.0 -10.740000000000006 711.0599999999974
0.0 -10.740000000000006 711.0599999999974
0.0 -10.720000000000006 711.0599999999974
0.0 -10.720000000000006 711.0599999999974
0.0 -10.700000000000006 711.0599999999974
0.0 -10.700000000000006 711.0599999999974
0.0 -10.700000000000006 711.0599999999974
0.0 -10.700000000000006 711.0599999999974
0.0 -10.720000000000006 711.0599999999974
0.0 -10.720000000000006 711.0599999999974
0.0 -10.700000000000006 711.0599999999974
0.0 -10.700000000000006 711.0599999999974
0.0 -10.680000000000007 711.0599999999974
0.0 -10.680000000000007 711.0599999999974
0.0 -10.680000000000007 711.0599999999974
0.0 -10.680000000000007 711.0599999999974
0.0 -10.660000000000007 711.0599999999974
0.0 -10.660000000000007 711.0599999999974
0.0 -10.660000000000007 711.0599999999974
0.0 -10.660000000000007 711.0599999999974
0.0 -10.660000000000007 711.0599999999974
0.0 -10.660000000000007 711.0599999999974
0.0 -10.660000000000007 711.0599999999974
0.0 -10.660000000000007 711.0599999999974
0.0 -10.660000000000007 711.0599999999974
0.0 -10.660000000000007 711.0599999999974
0.0 -10.680000000000007 711.0599999999974
0.0 -10.680000000000007 711.0599999999974
0.0 -10.660000000000007 711.0599999999974
0.0 -10.660000000000007 711.0599999999974
0.0 -10.660000000000007 711.0599999999974
0.0 -10.660000000000007 711.0599999999974
0.0 -10.660000000000007 711.0599999999974
0.0 -10.660000000000007 711.0599999999974
0.0 -10.680000000000007 711.0599999999974
0.0 -10.680000000000007 711.0599999999974
0.0 -10.700000000000006 711.0599999999974
0.0 -10.700000000000006 711.0599999999974
0.0 -10.720000000000006 711.0599999999974
0.0 -10.720000000000006 711.0599999999974
0.0 -10.720000000000006 711.0599999999974
0.0 -10.720000000000006 711.0599999999974
0.0 -10.700000000000006 711.0599999999974
0.0 -10.700000000000006 711.0599999999974
0.0 -10.720000000000006 711.0599999999974
0.0 -10.720000000000006 711.0599999999974
0.0 -10.680000000000007 711.0599999999974
0.0 -10.680000000000007 711.0599999999974
0.0 -10.660000000000007 711.0599999999974
0.0 -10.660000000000007 711.0599999999974
0.0 -10.640000000000008 711.0599999999974
0.0 -10.640000000000008 711.0599999999974
0.0 -10.620000000000008 711.0599999999974
0.0 -10.620000000000008 711.0599999999974
0.0 -10.620000000000008 711.0599999999974
0.0 -10.620000000000008 711.0599999999974
0.0 -10.620000000000008 711.0599999999974
0.0 -10.620000000000008 711.0599999999974
0.0 -10.640000000000008 711.0599999999974
0.0 -10.640000000000008 711.0599999999974
0.0 -10.640000000000008 711.0599999999974
0.0 -10.640000000000008 711.0599999999974
0.0 -10.640000000000008 711.0599999999974
0.0 -10.640000000000008 711.0599999999974
0.0 -10.620000000000008 711.0599999999974
0.0 -10.620000000000008 711.0599999999974
0.0 -10.600000000000009 711.0599999999974
0.0 -10.600000000000009 711.0599999999974
0.0 -10.580000000000009 711.0599999999974
0.0 -10.580000000000009 711.0599999999974
0.0 -10.580000000000009 711.0599999999974
0.0 -10.580000000000009 711.0599999999974
0.0 -10.580000000000009 711.0599999999974
0.0 -10.580000000000009 711.0599999999974
0.0 -10.56000000000001 711.0599999999974
0.0 -10.56000000000001 711.0599999999974
0.0 -10.580000000000009 711.0599999999974
0.0 -10.580000000000009 711.0599999999974
0.0 -10.580000000000009 711.0599999999974
0.0 -10.580000000000009 711.0599999999974
0.0 -10.56000000000001 711.0599999999974
0.0 -10.56000000000001 711.0599999999974
0.0 -10.56000000000001 711.0599999999974
0.0 -10.56000000000001 711.0599999999974
0.0 -10.54000000000001 711.0599999999974
0.0 -10.54000000000001 711.0599999999974
0.0 -10.56000000000001 711.0599999999974
0.0 -10.56000000000001 711.0599999999974
0.0 -10.54000000000001 711.0599999999974
0.0 -10.54000000000001 711.0599999999974
0.0 -10.54000000000001 711.0599999999974
0.0 -10.54000000000001 711.0599999999974
0.0 -10.280000000000015 711.0599999999974
0.0 -10.280000000000015 711.0599999999974
0.0 -10.240000000000016 711.0599999999974
0.0 -10.240000000000016 711.0599999999974
0.0 -10.240000000000016 711.0599999999974
0.0 -10.240000000000016 711.0599999999974
0.0 -10.220000000000017 711.0599999999974
0.0 -10.220000000000017 711.0599999999974
0.0 -10.200000000000017 711.0599999999974
0.0 -10.200000000000017 711.0599999999974
0.0 -10.200000000000017 711.0599999999974
0.0 -10.200000000000017 711.0599999999974
0.0 -10.200000000000017 711.0599999999974
0.0 -10.200000000000017 711.0599999999974
0.0 -10.160000000000018 711.0599999999974
0.0 -10.160000000000018 711.0599999999974
0.0 -10.180000000000017 711.0599999999974
0.0 -10.180000000000017 711.0599999999974
0.0 -10.180000000000017 711.0599999999974
0.0 -10.180000000000017 711.0599999999974
0.0 -10.180000000000017 711.0599999999974
0.0 -10.180000000000017 711.0599999999974
0.0 -10.180000000000017 711.0599999999974
0.0 -10.180000000000017 711.0599999999974
0.0 -10.180000000000017 711.0599999999974
0.0 -10.180000000000017 711.0599999999974
0.0 -10.160000000000018 711.0599999999974
0.0 -10.160000000000018 711.0599999999974
0.0 -10.160000000000018 711.0599999999974
0.0 -10.160000000000018 711.0599999999974
0.0 -10.160000000000018 711.0599999999974
0.0 -10.160000000000018 711.0599999999974
0.0 -10.160000000000018 711.0599999999974
0.0 -10.160000000000018 711.0599999999974
0.0 -10.160000000000018 711.0599999999974
0.0 -10.160000000000018 711.0599999999974
0.0 -10.200000000000017 711.0599999999974
0.0 -10.200000000000017 711.0599999999974
0.0 -10.160000000000018 711.0599999999974
0.0 -10.160000000000018 711.0599999999974
0.0 -10.180000000000017 711.0599999999974
0.0 -10.180000000000017 711.0599999999974
0.0 -10.140000000000018 711.0599999999974
0.0 -10.140000000000018 711.0599999999974
0.0 -10.140000000000018 711.0599999999974
0.0 -10.140000000000018 711.0599999999974
0.0 -10.10000000000002 711.0599999999974
0.0 -10.10000000000002 711.0599999999974
0.0 -10.10000000000002 711.0599999999974
0.0 -10.10000000000002 711.0599999999974
0.0 -10.10000000000002 711.0599999999974
0.0 -10.10000000000002 711.0599999999974
0.0 -10.120000000000019 711.0599999999974
0.0 -10.120000000000019 711.0599999999974
0.0 -10.160000000000018 711.0599999999974
0.0 -10.160000000000018 711.0599999999974
0.0 -10.160000000000018 711.0599999999974
0.0 -10.160000000000018 711.0599999999974
0.0 -10.160000000000018 711.0599999999974
0.0 -10.160000000000018 711.0599999999974
0.0 -10.160000000000018 711.0599999999974
0.0 -10.160000000000018 711.0599999999974
0.0 -10.160000000000018 711.0599999999974
0.0 -10.160000000000018 711.0599999999974
0.0 -10.160000000000018 711.0599999999974
0.0 -10.160000000000018 711.0599999999974
0.0 -10.180000000000017 711.0599999999974
0.0 -10.180000000000017 711.0599999999974
0.0 -10.200000000000017 711.0599999999974
0.0 -10.200000000000017 711.0599999999974
0.0 -10.180000000000017 711.0599999999974
0.0 -10.180000000000017 711.0599999999974
0.0 -10.180000000000017 711.0599999999974
0.0 -10.180000000000017 711.0599999999974
0.0 -10.160000000000018 711.0599999999974
0.0 -10.160000000000018 711.0599999999974
0.0 -10.120000000000019 711.0599999999974
0.0 -10.120000000000019 711.0599999999974
0.0 -10.10000000000002 711.0599999999974
0.0 -10.10000000000002 711.0599999999974
0.0 -10.06000000000002 711.0599999999974
0.0 -10.06000000000002 711.0599999999974
0.0 -10.04000000000002 711.0599999999974
0.0 -10.04000000000002 711.0599999999974
-8 4 711.0599999999974
-8 4 711.0599999999974
-5.01 2.9699999999999953 711.0599999999974
-5.01 2.9699999999999953 711.0599999999974
10 -8 711.0599999999974
10 -8 711.0599999999974
24 -6 711.0599999999974
24 -6 711.0599999999974
24 -10 711.0599999999974
24 -10 711.0599999999974
23 -9 711.0599999999974
23 -9 711.0599999999974
4 -6 711.0599999999974
4 -6 711.0599999999974
4 -10 711.0599999999974
4 -10 711.0599999999974
3 -9 711.0599999999974
3 -9 711.0599999999974
