0 29 709.4000000000054
20 29 709.4000000000054
13 29 709.4000000000054
13 29 709.4000000000054
26 0 709.4000000000054
26 20 709.4000000000054
24 14 709.4000000000054
24 14 709.4000000000054
24 4 709.4000000000054
4 24 709.4000000000054
24 24 709.4000000000054
12 24 709.4000000000054
12 24 709.4000000000054
28 0 709.4000000000054
28 20 709.4000000000054
24 10 709.4000000000054
24 10 709.4000000000054
29 3 709.4000000000054
9 23 709.4000000000054
29 23 709.4000000000054
23 11 709.4000000000054
23 11 709.4000000000054
20.0 29.0 709.4000000000054
20.0 29.0 709.4000000000054
26.0 20.0 709.4000000000054
26.0 0.0 709.4000000000054
26.0 20.0 709.4000000000054
26.0 0.0 709.4000000000054
20.0 29.0 709.4000000000054
20.0 29.0 709.4000000000054
25.98 20.0 709.4000000000054
25.98 0.0 709.4000000000054
25.98 20.0 709.4000000000054
25.98 0.0 709.4000000000054
25.98 20.0 709.4000000000054
25.98 0.0 709.4000000000054
25.98 20.0 709.4000000000054
25.98 0.0 709.4000000000054
25.94 20.0 709.4000000000054
25.94 0.0 709.4000000000054
25.94 20.0 709.4000000000054
25.94 0.0 709.4000000000054
20.0 29.0 709.4000000000054
20.0 29.0 709.4000000000054
20.0 29.0 709.4000000000054
20.0 29.0 709.4000000000054
27.98 20.0 709.4000000000054
27.98 0.0 709.4000000000054
27.98 20.0 709.4000000000054
27.98 0.0 709.4000000000054
20.0 29.0 709.4000000000054
20.0 29.0 709.4000000000054
20.0 29.0 709.4000000000054
20.0 29.0 709.4000000000054
28.02 20.0 709.4000000000054
28.02 0.0 709.4000000000054
28.02 20.0 709.4000000000054
28.02 0.0 709.4000000000054
25.900000000000002 20.0 709.4000000000054
25.900000000000002 0.0 709.4000000000054
25.900000000000002 20.0 709.4000000000054
25.900000000000002 0.0 709.4000000000054
25.900000000000002 20.0 709.4000000000054
25.900000000000002 0.0 709.4000000000054
25.900000000000002 20.0 709.4000000000054
25.900000000000002 0.0 709.4000000000054
25.900000000000002 20.0 709.4000000000054
25.900000000000002 0.0 709.4000000000054
25.900000000000002 20.0 709.4000000000054
25.900000000000002 0.0 709.4000000000054
25.880000000000003 20.0 709.4000000000054
25.880000000000003 0.0 709.4000000000054
25.880000000000003 20.0 709.4000000000054
25.880000000000003 0.0 709.4000000000054
20.0 29.0 709.4000000000054
20.0 29.0 709.4000000000054
25.880000000000003 20.0 709.4000000000054
25.880000000000003 0.0 709.4000000000054
25.880000000000003 20.0 709.4000000000054
25.880000000000003 0.0 709.4000000000054
28.0 20.0 709.4000000000054
28.0 0.0 709.4000000000054
28.0 20.0 709.4000000000054
28.0 0.0 709.4000000000054
25.860000000000003 20.0 709.4000000000054
25.860000000000003 0.0 709.4000000000054
25.860000000000003 20.0 709.4000000000054
25.860000000000003 0.0 709.4000000000054
25.840000000000003 20.0 709.4000000000054
25.840000000000003 0.0 709.4000000000054
25.840000000000003 20.0 709.4000000000054
25.840000000000003 0.0 709.4000000000054
28.0 20.0 709.4000000000054
28.0 0.0 709.4000000000054
28.0 20.0 709.4000000000054
28.0 0.0 709.4000000000054
25.820000000000004 20.0 709.4000000000054
25.820000000000004 0.0 709.4000000000054
25.820000000000004 20.0 709.4000000000054
25.820000000000004 0.0 709.4000000000054
25.820000000000004 20.0 709.4000000000054
25.820000000000004 0.0 709.4000000000054
25.820000000000004 20.0 709.4000000000054
25.820000000000004 0.0 709.4000000000054
20.0 28.98 709.4000000000054
20.0 28.98 709.4000000000054
25.800000000000004 20.0 709.4000000000054
25.800000000000004 0.0 709.4000000000054
25.800000000000004 20.0 709.4000000000054
25.800000000000004 0.0 709.4000000000054
25.780000000000005 20.0 709.4000000000054
25.780000000000005 0.0 709.4000000000054
25.780000000000005 20.0 709.4000000000054
25.780000000000005 0.0 709.4000000000054
25.780000000000005 20.0 709.4000000000054
25.780000000000005 0.0 709.4000000000054
25.780000000000005 20.0 709.4000000000054
25.780000000000005 0.0 709.4000000000054
28.0 20.0 709.4000000000054
28.0 0.0 709.4000000000054
28.0 20.0 709.4000000000054
28.0 0.0 709.4000000000054
25.780000000000005 20.0 709.4000000000054
25.780000000000005 0.0 709.4000000000054
25.780000000000005 20.0 709.4000000000054
25.780000000000005 0.0 709.4000000000054
20.0 29.0 709.4000000000054
20.0 29.0 709.4000000000054
25.780000000000005 20.0 709.4000000000054
25.780000000000005 0.0 709.4000000000054
25.780000000000005 20.0 709.4000000000054
25.780000000000005 0.0 709.4000000000054
28.0 20.0 709.4000000000054
28.0 0.0 709.4000000000054
28.0 20.0 709.4000000000054
28.0 0.0 709.4000000000054
20.0 29.02 709.4000000000054
20.0 29.02 709.4000000000054
27.98 20.0 709.4000000000054
27.98 0.0 709.4000000000054
27.98 20.0 709.4000000000054
27.98 0.0 709.4000000000054
27.98 20.0 709.4000000000054
27.98 0.0 709.4000000000054
27.98 20.0 709.4000000000054
27.98 0.0 709.4000000000054
28.0 20.0 709.4000000000054
28.0 0.0 709.4000000000054
28.0 20.0 709.4000000000054
28.0 0.0 709.4000000000054
25.740000000000006 20.0 709.4000000000054
25.740000000000006 0.0 709.4000000000054
25.740000000000006 20.0 709.4000000000054
25.740000000000006 0.0 709.4000000000054
25.720000000000006 20.0 709.4000000000054
25.720000000000006 0.0 709.4000000000054
25.720000000000006 20.0 709.4000000000054
25.720000000000006 0.0 709.4000000000054
27.98 20.0 709.4000000000054
27.98 0.0 709.4000000000054
27.98 20.0 709.4000000000054
27.98 0.0 709.4000000000054
25.700000000000006 20.0 709.4000000000054
25.700000000000006 0.0 709.4000000000054
25.700000000000006 20.0 709.4000000000054
25.700000000000006 0.0 709.4000000000054
28.0 20.0 709.4000000000054
28.0 0.0 709.4000000000054
28.0 20.0 709.4000000000054
28.0 0.0 709.4000000000054
25.700000000000006 20.0 709.4000000000054
25.700000000000006 0.0 709.4000000000054
25.700000000000006 20.0 709.4000000000054
25.700000000000006 0.0 709.4000000000054
20.0 29.04 709.4000000000054
20.0 29.04 709.4000000000054
20.0 29.04 709.4000000000054
20.0 29.04 709.4000000000054
20.0 29.04 709.4000000000054
20.0 29.04 709.4000000000054
25.54000000000001 20.0 709.4000000000054
25.54000000000001 0.0 709.4000000000054
25.54000000000001 20.0 709.4000000000054
25.54000000000001 0.0 709.4000000000054
20.0 29.04 709.4000000000054
20.0 29.04 709.4000000000054
25.52000000000001 20.0 709.4000000000054
25.52000000000001 0.0 709.4000000000054
25.52000000000001 20.0 709.4000000000054
25.52000000000001 0.0 709.4000000000054
25.50000000000001 20.0 709.4000000000054
25.50000000000001 0.0 709.4000000000054
25.50000000000001 20.0 709.4000000000054
25.50000000000001 0.0 709.4000000000054
20.0 29.02 709.4000000000054
20.0 29.02 709.4000000000054
25.48000000000001 20.0 709.4000000000054
25.48000000000001 0.0 709.4000000000054
25.48000000000001 20.0 709.4000000000054
25.48000000000001 0.0 709.4000000000054
28.0 20.0 709.4000000000054
28.0 0.0 709.4000000000054
28.0 20.0 709.4000000000054
28.0 0.0 709.4000000000054
28.0 20.0 709.4000000000054
28.0 0.0 709.4000000000054
28.0 20.0 709.4000000000054
28.0 0.0 709.4000000000054
25.46000000000001 20.0 709.4000000000054
25.46000000000001 0.0 709.4000000000054
25.46000000000001 20.0 709.4000000000054
25.46000000000001 0.0 709.4000000000054
20.0 29.0 709.4000000000054
20.0 29.0 709.4000000000054
25.420000000000012 20.0 709.4000000000054
25.420000000000012 0.0 709.4000000000054
25.420000000000012 20.0 709.4000000000054
25.420000000000012 0.0 709.4000000000054
25.380000000000013 20.0 709.4000000000054
25.380000000000013 0.0 709.4000000000054
25.380000000000013 20.0 709.4000000000054
25.380000000000013 0.0 709.4000000000054
25.360000000000014 20.0 709.4000000000054
25.360000000000014 0.0 709.4000000000054
25.360000000000014 20.0 709.4000000000054
25.360000000000014 0.0 709.4000000000054
20.0 29.0 709.4000000000054
20.0 29.0 709.4000000000054
25.360000000000014 20.0 709.4000000000054
25.360000000000014 0.0 709.4000000000054
25.360000000000014 20.0 709.4000000000054
25.360000000000014 0.0 709.4000000000054
20.0 29.0 709.4000000000054
20.0 29.0 709.4000000000054
25.300000000000015 20.0 709.4000000000054
25.300000000000015 0.0 709.4000000000054
25.300000000000015 20.0 709.4000000000054
25.300000000000015 0.0 709.4000000000054
20.0 29.0 709.4000000000054
20.0 29.0 709.4000000000054
28.0 20.0 709.4000000000054
28.0 0.0 709.4000000000054
28.0 20.0 709.4000000000054
28.0 0.0 709.4000000000054
25.280000000000015 20.0 709.4000000000054
25.280000000000015 0.0 709.4000000000054
25.280000000000015 20.0 709.4000000000054
25.280000000000015 0.0 709.4000000000054
25.240000000000016 20.0 709.4000000000054
25.240000000000016 0.0 709.4000000000054
25.240000000000016 20.0 709.4000000000054
25.240000000000016 0.0 709.4000000000054
20.0 29.0 709.4000000000054
20.0 29.0 709.4000000000054
25.220000000000017 20.0 709.4000000000054
25.220000000000017 0.0 709.4000000000054
25.220000000000017 20.0 709.4000000000054
25.220000000000017 0.0 709.4000000000054
20.0 29.0 709.4000000000054
20.0 29.0 709.4000000000054
28.0 20.0 709.4000000000054
28.0 0.0 709.4000000000054
28.0 20.0 709.4000000000054
28.0 0.0 709.4000000000054
28.0 20.0 709.4000000000054
28.0 0.0 709.4000000000054
28.0 20.0 709.4000000000054
28.0 0.0 709.4000000000054
25.160000000000018 20.0 709.4000000000054
25.160000000000018 0.0 709.4000000000054
25.160000000000018 20.0 709.4000000000054
25.160000000000018 0.0 709.4000000000054
25.14000000000002 20.0 709.4000000000054
25.14000000000002 0.0 709.4000000000054
25.14000000000002 20.0 709.4000000000054
25.14000000000002 0.0 709.4000000000054
27.98 20.0 709.4000000000054
27.98 0.0 709.4000000000054
27.98 20.0 709.4000000000054
27.98 0.0 709.4000000000054
25.14000000000002 20.0 709.4000000000054
25.14000000000002 0.0 709.4000000000054
25.14000000000002 20.0 709.4000000000054
25.14000000000002 0.0 709.4000000000054
25.12000000000002 20.0 709.4000000000054
25.12000000000002 0.0 709.4000000000054
25.12000000000002 20.0 709.4000000000054
25.12000000000002 0.0 709.4000000000054
25.12000000000002 20.0 709.4000000000054
25.12000000000002 0.0 709.4000000000054
25.12000000000002 20.0 709.4000000000054
25.12000000000002 0.0 709.4000000000054
20.0 29.099999999999998 709.4000000000054
20.0 29.099999999999998 709.4000000000054
20.0 29.119999999999997 709.4000000000054
20.0 29.119999999999997 709.4000000000054
20.0 29.139999999999997 709.4000000000054
20.0 29.139999999999997 709.4000000000054
24.98000000000002 20.0 709.4000000000054
24.98000000000002 0.0 709.4000000000054
24.98000000000002 20.0 709.4000000000054
24.98000000000002 0.0 709.4000000000054
20.0 29.159999999999997 709.4000000000054
20.0 29.159999999999997 709.4000000000054
20.0 29.159999999999997 709.4000000000054
20.0 29.159999999999997 709.4000000000054
25.02000000000002 20.0 709.4000000000054
25.02000000000002 0.0 709.4000000000054
25.02000000000002 20.0 709.4000000000054
25.02000000000002 0.0 709.4000000000054
25.02000000000002 20.0 709.4000000000054
25.02000000000002 0.0 709.4000000000054
25.02000000000002 20.0 709.4000000000054
25.02000000000002 0.0 709.4000000000054
25.00000000000002 20.0 709.4000000000054
25.00000000000002 0.0 709.4000000000054
25.00000000000002 20.0 709.4000000000054
25.00000000000002 0.0 709.4000000000054
25.00000000000002 20.0 709.4000000000054
25.00000000000002 0.0 709.4000000000054
25.00000000000002 20.0 709.4000000000054
25.00000000000002 0.0 709.4000000000054
24.98000000000002 20.0 709.4000000000054
24.98000000000002 0.0 709.4000000000054
24.98000000000002 20.0 709.4000000000054
24.98000000000002 0.0 709.4000000000054
24.960000000000022 20.0 709.4000000000054
24.960000000000022 0.0 709.4000000000054
24.960000000000022 20.0 709.4000000000054
24.960000000000022 0.0 709.4000000000054
24.940000000000023 20.0 709.4000000000054
24.940000000000023 0.0 709.4000000000054
24.940000000000023 20.0 709.4000000000054
24.940000000000023 0.0 709.4000000000054
24.920000000000023 20.0 709.4000000000054
24.920000000000023 0.0 709.4000000000054
24.920000000000023 20.0 709.4000000000054
24.920000000000023 0.0 709.4000000000054
20.0 29.179999999999996 709.4000000000054
20.0 29.179999999999996 709.4000000000054
20.0 29.179999999999996 709.4000000000054
20.0 29.179999999999996 709.4000000000054
20.0 29.179999999999996 709.4000000000054
20.0 29.179999999999996 709.4000000000054
20.0 29.159999999999997 709.4000000000054
20.0 29.159999999999997 709.4000000000054
20.0 29.179999999999996 709.4000000000054
20.0 29.179999999999996 709.4000000000054
20.0 29.179999999999996 709.4000000000054
20.0 29.179999999999996 709.4000000000054
20.0 29.159999999999997 709.4000000000054
20.0 29.159999999999997 709.4000000000054
20.0 29.159999999999997 709.4000000000054
20.0 29.159999999999997 709.4000000000054
14.99 22.969999999999995 709.4000000000054
14.99 22.969999999999995 709.4000000000054
20.0 29.159999999999997 709.4000000000054
20.0 29.159999999999997 709.4000000000054
20.0 29.159999999999997 709.4000000000054
20.0 29.159999999999997 709.4000000000054
20.0 29.139999999999997 709.4000000000054
20.0 29.139999999999997 709.4000000000054
20.0 29.139999999999997 709.4000000000054
20.0 29.139999999999997 709.4000000000054
20.0 29.159999999999997 709.4000000000054
20.0 29.159999999999997 709.4000000000054
20.0 29.179999999999996 709.4000000000054
20.0 29.179999999999996 709.4000000000054
20.0 29.179999999999996 709.4000000000054
20.0 29.179999999999996 709.4000000000054
28.0 20.0 709.4000000000054
28.0 0.0 709.4000000000054
28.0 20.0 709.4000000000054
28.0 0.0 709.4000000000054
27.98 20.0 709.4000000000054
27.98 0.0 709.4000000000054
27.98 20.0 709.4000000000054
27.98 0.0 709.4000000000054
20.0 29.179999999999996 709.4000000000054
20.0 29.179999999999996 709.4000000000054
28.0 20.0 709.4000000000054
28.0 0.0 709.4000000000054
28.0 20.0 709.4000000000054
28.0 0.0 709.4000000000054
20.0 29.159999999999997 709.4000000000054
20.0 29.159999999999997 709.4000000000054
20.0 29.159999999999997 709.4000000000054
20.0 29.159999999999997 709.4000000000054
28.0 20.0 709.4000000000054
28.0 0.0 709.4000000000054
28.0 20.0 709.4000000000054
28.0 0.0 709.4000000000054
20.0 29.139999999999997 709.4000000000054
20.0 29.139999999999997 709.4000000000054
20.0 29.139999999999997 709.4000000000054
20.0 29.139999999999997 709.4000000000054
28.0 20.0 709.4000000000054
28.0 0.0 709.4000000000054
28.0 20.0 709.4000000000054
28.0 0.0 709.4000000000054
20.0 29.159999999999997 709.4000000000054
20.0 29.159999999999997 709.4000000000054
20.0 29.139999999999997 709.4000000000054
20.0 29.139999999999997 709.4000000000054
20.0 29.139999999999997 709.4000000000054
20.0 29.139999999999997 709.4000000000054
20.0 29.119999999999997 709.4000000000054
20.0 29.119999999999997 709.4000000000054
28.0 20.0 709.4000000000054
28.0 0.0 709.4000000000054
28.0 20.0 709.4000000000054
28.0 0.0 709.4000000000054
20.0 29.139999999999997 709.4000000000054
20.0 29.139999999999997 709.4000000000054
20.0 29.139999999999997 709.4000000000054
20.0 29.139999999999997 709.4000000000054
20.0 29.119999999999997 709.4000000000054
20.0 29.119999999999997 709.4000000000054
20.0 29.099999999999998 709.4000000000054
20.0 29.099999999999998 709.4000000000054
28.0 20.0 709.4000000000054
28.0 0.0 709.4000000000054
28.0 20.0 709.4000000000054
28.0 0.0 709.4000000000054
20.0 29.08 709.4000000000054
20.0 29.08 709.4000000000054
28.0 20.0 709.4000000000054
28.0 0.0 709.4000000000054
28.0 20.0 709.4000000000054
28.0 0.0 709.4000000000054
28.0 20.0 709.4000000000054
28.0 0.0 709.4000000000054
28.0 20.0 709.4000000000054
28.0 0.0 709.4000000000054
20.0 29.06 709.4000000000054
20.0 29.06 709.4000000000054
20.0 29.06 709.4000000000054
20.0 29.06 709.4000000000054
28.0 20.0 709.4000000000054
28.0 0.0 709.4000000000054
28.0 20.0 709.4000000000054
28.0 0.0 709.4000000000054
20.0 29.06 709.4000000000054
20.0 29.06 709.4000000000054
28.0 20.0 709.4000000000054
28.0 0.0 709.4000000000054
28.0 20.0 709.4000000000054
28.0 0.0 709.4000000000054
20.0 29.08 709.4000000000054
20.0 29.08 709.4000000000054
20.0 29.08 709.4000000000054
20.0 29.08 709.4000000000054
20.0 29.08 709.4000000000054
20.0 29.08 709.4000000000054
25.00000000000002 20.0 709.4000000000054
25.00000000000002 0.0 709.4000000000054
25.00000000000002 20.0 709.4000000000054
25.00000000000002 0.0 709.4000000000054
20.0 29.099999999999998 709.4000000000054
20.0 29.099999999999998 709.4000000000054
20.0 29.119999999999997 709.4000000000054
20.0 29.119999999999997 709.4000000000054
20.0 29.119999999999997 709.4000000000054
20.0 29.119999999999997 709.4000000000054
20.0 29.119999999999997 709.4000000000054
20.0 29.119999999999997 709.4000000000054
27.98 20.0 709.4000000000054
27.98 0.0 709.4000000000054
27.98 20.0 709.4000000000054
27.98 0.0 709.4000000000054
25.00000000000002 20.0 709.4000000000054
25.00000000000002 0.0 709.4000000000054
25.00000000000002 20.0 709.4000000000054
25.00000000000002 0.0 709.4000000000054
25.00000000000002 20.0 709.4000000000054
25.00000000000002 0.0 709.4000000000054
25.00000000000002 20.0 709.4000000000054
25.00000000000002 0.0 709.4000000000054
25.00000000000002 20.0 709.4000000000054
25.00000000000002 0.0 709.4000000000054
25.00000000000002 20.0 709.4000000000054
25.00000000000002 0.0 709.4000000000054
20.0 29.139999999999997 709.4000000000054
20.0 29.139999999999997 709.4000000000054
20.0 29.139999999999997 709.4000000000054
20.0 29.139999999999997 709.4000000000054
28.02 20.0 709.4000000000054
28.02 0.0 709.4000000000054
28.02 20.0 709.4000000000054
28.02 0.0 709.4000000000054
20.0 29.159999999999997 709.4000000000054
20.0 29.159999999999997 709.4000000000054
25.00000000000002 20.0 709.4000000000054
25.00000000000002 0.0 709.4000000000054
25.00000000000002 20.0 709.4000000000054
25.00000000000002 0.0 709.4000000000054
24.98000000000002 20.0 709.4000000000054
24.98000000000002 0.0 709.4000000000054
24.98000000000002 20.0 709.4000000000054
24.98000000000002 0.0 709.4000000000054
25.00000000000002 20.0 709.4000000000054
25.00000000000002 0.0 709.4000000000054
25.00000000000002 20.0 709.4000000000054
25.00000000000002 0.0 709.4000000000054
20.0 29.159999999999997 709.4000000000054
20.0 29.159999999999997 709.4000000000054
28.0 20.0 709.4000000000054
28.0 0.0 709.4000000000054
28.0 20.0 709.4000000000054
28.0 0.0 709.4000000000054
20.0 29.179999999999996 709.4000000000054
20.0 29.179999999999996 709.4000000000054
20.0 29.179999999999996 709.4000000000054
20.0 29.179999999999996 709.4000000000054
24.98000000000002 20.0 709.4000000000054
24.98000000000002 0.0 709.4000000000054
24.98000000000002 20.0 709.4000000000054
24.98000000000002 0.0 709.4000000000054
20.0 29.159999999999997 709.4000000000054
20.0 29.159999999999997 709.4000000000054
20.0 29.139999999999997 709.4000000000054
20.0 29.139999999999997 709.4000000000054
28.0 20.0 709.4000000000054
28.0 0.0 709.4000000000054
28.0 20.0 709.4000000000054
28.0 0.0 709.4000000000054
25.00000000000002 20.0 709.4000000000054
25.00000000000002 0.0 709.4000000000054
25.00000000000002 20.0 709.4000000000054
25.00000000000002 0.0 709.4000000000054
20.0 29.179999999999996 709.4000000000054
20.0 29.179999999999996 709.4000000000054
28.0 20.0 709.4000000000054
28.0 0.0 709.4000000000054
28.0 20.0 709.4000000000054
28.0 0.0 709.4000000000054
28.0 20.0 709.4000000000054
28.0 0.0 709.4000000000054
28.0 20.0 709.4000000000054
28.0 0.0 709.4000000000054
20.0 29.179999999999996 709.4000000000054
20.0 29.179999999999996 709.4000000000054
28.0 20.0 709.4000000000054
28.0 0.0 709.4000000000054
28.0 20.0 709.4000000000054
28.0 0.0 709.4000000000054
20.0 29.159999999999997 709.4000000000054
20.0 29.159999999999997 709.4000000000054
20.0 29.159999999999997 709.4000000000054
20.0 29.159999999999997 709.4000000000054
20.0 29.159999999999997 709.4000000000054
20.0 29.159999999999997 709.4000000000054
27.98 20.0 709.4000000000054
27.98 0.0 709.4000000000054
27.98 20.0 709.4000000000054
27.98 0.0 709.4000000000054
20.0 29.159999999999997 709.4000000000054
20.0 29.159999999999997 709.4000000000054
20.0 29.159999999999997 709.4000000000054
20.0 29.159999999999997 709.4000000000054
28.0 20.0 709.4000000000054
28.0 0.0 709.4000000000054
28.0 20.0 709.4000000000054
28.0 0.0 709.4000000000054
20.0 29.179999999999996 709.4000000000054
20.0 29.179999999999996 709.4000000000054
20.0 29.179999999999996 709.4000000000054
20.0 29.179999999999996 709.4000000000054
20.0 29.179999999999996 709.4000000000054
20.0 29.179999999999996 709.4000000000054
20.0 29.179999999999996 709.4000000000054
20.0 29.179999999999996 709.4000000000054
24.960000000000022 20.0 709.4000000000054
24.960000000000022 0.0 709.4000000000054
24.960000000000022 20.0 709.4000000000054
24.960000000000022 0.0 709.4000000000054
24.960000000000022 20.0 709.4000000000054
24.960000000000022 0.0 709.4000000000054
24.960000000000022 20.0 709.4000000000054
24.960000000000022 0.0 709.4000000000054
24.940000000000023 20.0 709.4000000000054
24.940000000000023 0.0 709.4000000000054
24.940000000000023 20.0 709.4000000000054
24.940000000000023 0.0 709.4000000000054
28.0 20.0 709.4000000000054
28.0 0.0 709.4000000000054
28.0 20.0 709.4000000000054
28.0 0.0 709.4000000000054
20.0 29.179999999999996 709.4000000000054
20.0 29.179999999999996 709.4000000000054
24.960000000000022 20.0 709.4000000000054
24.960000000000022 0.0 709.4000000000054
24.960000000000022 20.0 709.4000000000054
24.960000000000022 0.0 709.4000000000054
20.0 29.199999999999996 709.4000000000054
20.0 29.199999999999996 709.4000000000054
28.0 20.0 709.4000000000054
28.0 0.0 709.4000000000054
28.0 20.0 709.4000000000054
28.0 0.0 709.4000000000054
20.0 29.199999999999996 709.4000000000054
20.0 29.199999999999996 709.4000000000054
28.0 20.0 709.4000000000054
28.0 0.0 709.4000000000054
28.0 20.0 709.4000000000054
28.0 0.0 709.4000000000054
20.0 29.199999999999996 709.4000000000054
20.0 29.199999999999996 709.4000000000054
20.0 29.199999999999996 709.4000000000054
20.0 29.199999999999996 709.4000000000054
24.960000000000022 20.0 709.4000000000054
24.960000000000022 0.0 709.4000000000054
24.960000000000022 20.0 709.4000000000054
24.960000000000022 0.0 709.4000000000054
20.0 29.219999999999995 709.4000000000054
20.0 29.219999999999995 709.4000000000054
27.98 20.0 709.4000000000054
27.98 0.0 709.4000000000054
27.98 20.0 709.4000000000054
27.98 0.0 709.4000000000054
24.98000000000002 20.0 709.4000000000054
24.98000000000002 0.0 709.4000000000054
24.98000000000002 20.0 709.4000000000054
24.98000000000002 0.0 709.4000000000054
20.0 29.239999999999995 709.4000000000054
20.0 29.239999999999995 709.4000000000054
20.0 29.259999999999994 709.4000000000054
20.0 29.259999999999994 709.4000000000054
20.0 29.239999999999995 709.4000000000054
20.0 29.239999999999995 709.4000000000054
20.0 29.239999999999995 709.4000000000054
20.0 29.239999999999995 709.4000000000054
28.0 20.0 709.4000000000054
28.0 0.0 709.4000000000054
28.0 20.0 709.4000000000054
28.0 0.0 709.4000000000054
28.0 20.0 709.4000000000054
28.0 0.0 709.4000000000054
28.0 20.0 709.4000000000054
28.0 0.0 709.4000000000054
28.02 20.0 709.4000000000054
28.02 0.0 709.4000000000054
28.02 20.0 709.4000000000054
28.02 0.0 709.4000000000054
20.0 29.259999999999994 709.4000000000054
20.0 29.259999999999994 709.4000000000054
28.0 20.0 709.4000000000054
28.0 0.0 709.4000000000054
28.0 20.0 709.4000000000054
28.0 0.0 709.4000000000054
28.0 20.0 709.4000000000054
28.0 0.0 709.4000000000054
28.0 20.0 709.4000000000054
28.0 0.0 709.4000000000054
20.0 29.239999999999995 709.4000000000054
20.0 29.239999999999995 709.4000000000054
28.0 20.0 709.4000000000054
28.0 0.0 709.4000000000054
28.0 20.0 709.4000000000054
28.0 0.0 709.4000000000054
20.0 29.259999999999994 709.4000000000054
20.0 29.259999999999994 709.4000000000054
20.0 29.259999999999994 709.4000000000054
20.0 29.259999999999994 709.4000000000054
27.98 20.0 709.4000000000054
27.98 0.0 709.4000000000054
27.98 20.0 709.4000000000054
27.98 0.0 709.4000000000054
28.0 20.0 709.4000000000054
28.0 0.0 709.4000000000054
28.0 20.0 709.4000000000054
28.0 0.0 709.4000000000054
20.0 29.279999999999994 709.4000000000054
20.0 29.279999999999994 709.4000000000054
28.0 20.0 709.4000000000054
28.0 0.0 709.4000000000054
28.0 20.0 709.4000000000054
28.0 0.0 709.4000000000054
20.0 29.279999999999994 709.4000000000054
20.0 29.279999999999994 709.4000000000054
28.0 20.0 709.4000000000054
28.0 0.0 709.4000000000054
28.0 20.0 709.4000000000054
28.0 0.0 709.4000000000054
20.0 29.299999999999994 709.4000000000054
20.0 29.299999999999994 709.4000000000054
20.0 29.279999999999994 709.4000000000054
20.0 29.279999999999994 709.4000000000054
20.0 29.279999999999994 709.4000000000054
20.0 29.279999999999994 709.4000000000054
28.0 20.0 709.4000000000054
28.0 0.0 709.4000000000054
28.0 20.0 709.4000000000054
28.0 0.0 709.4000000000054
20.0 29.259999999999994 709.4000000000054
20.0 29.259999999999994 709.4000000000054
20.0 29.259999999999994 709.4000000000054
20.0 29.259999999999994 709.4000000000054
28.0 20.0 709.4000000000054
28.0 0.0 709.4000000000054
28.0 20.0 709.4000000000054
28.0 0.0 709.4000000000054
20.0 29.279999999999994 709.4000000000054
20.0 29.279999999999994 709.4000000000054
28.0 20.0 709.4000000000054
28.0 0.0 709.4000000000054
28.0 20.0 709.4000000000054
28.0 0.0 709.4000000000054
20.0 29.279999999999994 709.4000000000054
20.0 29.279999999999994 709.4000000000054
20.0 29.259999999999994 709.4000000000054
20.0 29.259999999999994 709.4000000000054
20.0 29.259999999999994 709.4000000000054
20.0 29.259999999999994 709.4000000000054
20.0 29.279999999999994 709.4000000000054
20.0 29.279999999999994 709.4000000000054
28.0 20.0 709.4000000000054
28.0 0.0 709.4000000000054
28.0 20.0 709.4000000000054
28.0 0.0 709.4000000000054
20.0 29.279999999999994 709.4000000000054
20.0 29.279999999999994 709.4000000000054
20.0 29.279999999999994 709.4000000000054
20.0 29.279999999999994 709.4000000000054
28.0 20.0 709.4000000000054
28.0 0.0 709.4000000000054
28.0 20.0 709.4000000000054
28.0 0.0 709.4000000000054
28.0 20.0 709.4000000000054
28.0 0.0 709.4000000000054
28.0 20.0 709.4000000000054
28.0 0.0 709.4000000000054
20.0 29.299999999999994 709.4000000000054
20.0 29.299999999999994 709.4000000000054
20.0 29.299999999999994 709.4000000000054
20.0 29.299999999999994 709.4000000000054
20.0 29.299999999999994 709.4000000000054
20.0 29.299999999999994 709.4000000000054
20.0 29.279999999999994 709.4000000000054
20.0 29.279999999999994 709.4000000000054
20.0 29.299999999999994 709.4000000000054
20.0 29.299999999999994 709.4000000000054
20.0 29.279999999999994 709.4000000000054
20.0 29.279999999999994 709.4000000000054
20.0 29.279999999999994 709.4000000000054
20.0 29.279999999999994 709.4000000000054
20.0 29.259999999999994 709.4000000000054
20.0 29.259999999999994 709.4000000000054
28.0 20.0 709.4000000000054
28.0 0.0 709.4000000000054
28.0 20.0 709.4000000000054
28.0 0.0 709.4000000000054
20.0 29.259999999999994 709.4000000000054
20.0 29.259999999999994 709.4000000000054
20.0 29.279999999999994 709.4000000000054
20.0 29.279999999999994 709.4000000000054
28.0 20.0 709.4000000000054
28.0 0.0 709.4000000000054
28.0 20.0 709.4000000000054
28.0 0.0 709.4000000000054
28.0 20.0 709.4000000000054
28.0 0.0 709.4000000000054
28.0 20.0 709.4000000000054
28.0 0.0 709.4000000000054
20.0 29.299999999999994 709.4000000000054
20.0 29.299999999999994 709.4000000000054
28.0 20.0 709.4000000000054
28.0 0.0 709.4000000000054
28.0 20.0 709.4000000000054
28.0 0.0 709.4000000000054
20.0 29.299999999999994 709.4000000000054
20.0 29.299999999999994 709.4000000000054
20.0 29.279999999999994 709.4000000000054
20.0 29.279999999999994 709.4000000000054
28.0 20.0 709.4000000000054
28.0 0.0 709.4000000000054
28.0 20.0 709.4000000000054
28.0 0.0 709.4000000000054
20.0 29.299999999999994 709.4000000000054
20.0 29.299999999999994 709.4000000000054
28.0 20.0 709.4000000000054
28.0 0.0 709.4000000000054
28.0 20.0 709.4000000000054
28.0 0.0 709.4000000000054
20.0 29.319999999999993 709.4000000000054
20.0 29.319999999999993 709.4000000000054
25.00000000000002 20.0 709.4000000000054
25.00000000000002 0.0 709.4000000000054
25.00000000000002 20.0 709.4000000000054
25.00000000000002 0.0 709.4000000000054
28.0 20.0 709.4000000000054
28.0 0.0 709.4000000000054
28.0 20.0 709.4000000000054
28.0 0.0 709.4000000000054
20.0 29.319999999999993 709.4000000000054
20.0 29.319999999999993 709.4000000000054
20.0 29.339999999999993 709.4000000000054
20.0 29.339999999999993 709.4000000000054
25.00000000000002 20.0 709.4000000000054
25.00000000000002 0.0 709.4000000000054
25.00000000000002 20.0 709.4000000000054
25.00000000000002 0.0 709.4000000000054
20.0 29.339999999999993 709.4000000000054
20.0 29.339999999999993 709.4000000000054
25.00000000000002 20.0 709.4000000000054
25.00000000000002 0.0 709.4000000000054
25.00000000000002 20.0 709.4000000000054
25.00000000000002 0.0 709.4000000000054
25.00000000000002 20.0 709.4000000000054
25.00000000000002 0.0 709.4000000000054
25.00000000000002 20.0 709.4000000000054
25.00000000000002 0.0 709.4000000000054
20.0 29.339999999999993 709.4000000000054
20.0 29.339999999999993 709.4000000000054
20.0 29.339999999999993 709.4000000000054
20.0 29.339999999999993 709.4000000000054
20.0 29.339999999999993 709.4000000000054
20.0 29.339999999999993 709.4000000000054
20.0 29.319999999999993 709.4000000000054
20.0 29.319999999999993 709.4000000000054
20.0 29.339999999999993 709.4000000000054
20.0 29.339999999999993 709.4000000000054
20.0 29.339999999999993 709.4000000000054
20.0 29.339999999999993 709.4000000000054
25.00000000000002 20.0 709.4000000000054
25.00000000000002 0.0 709.4000000000054
25.00000000000002 20.0 709.4000000000054
25.00000000000002 0.0 709.4000000000054
25.00000000000002 20.0 709.4000000000054
25.00000000000002 0.0 709.4000000000054
25.00000000000002 20.0 709.4000000000054
25.00000000000002 0.0 709.4000000000054
20.0 29.339999999999993 709.4000000000054
20.0 29.339999999999993 709.4000000000054
20.0 29.319999999999993 709.4000000000054
20.0 29.319999999999993 709.4000000000054
20.0 29.299999999999994 709.4000000000054
20.0 29.299999999999994 709.4000000000054
28.0 20.0 709.4000000000054
28.0 0.0 709.4000000000054
28.0 20.0 709.4000000000054
28.0 0.0 709.4000000000054
20.0 29.279999999999994 709.4000000000054
20.0 29.279999999999994 709.4000000000054
27.98 20.0 709.4000000000054
27.98 0.0 709.4000000000054
27.98 20.0 709.4000000000054
27.98 0.0 709.4000000000054
20.0 29.279999999999994 709.4000000000054
20.0 29.279999999999994 709.4000000000054
27.98 20.0 709.4000000000054
27.98 0.0 709.4000000000054
27.98 20.0 709.4000000000054
27.98 0.0 709.4000000000054
20.0 29.299999999999994 709.4000000000054
20.0 29.299999999999994 709.4000000000054
27.98 20.0 709.4000000000054
27.98 0.0 709.4000000000054
27.98 20.0 709.4000000000054
27.98 0.0 709.4000000000054
20.0 29.279999999999994 709.4000000000054
20.0 29.279999999999994 709.4000000000054
27.98 20.0 709.4000000000054
27.98 0.0 709.4000000000054
27.98 20.0 709.4000000000054
27.98 0.0 709.4000000000054
27.98 20.0 709.4000000000054
27.98 0.0 709.4000000000054
27.98 20.0 709.4000000000054
27.98 0.0 709.4000000000054
20.0 29.319999999999993 709.4000000000054
20.0 29.319999999999993 709.4000000000054
27.96 20.0 709.4000000000054
27.96 0.0 709.4000000000054
27.96 20.0 709.4000000000054
27.96 0.0 709.4000000000054
20.0 29.339999999999993 709.4000000000054
20.0 29.339999999999993 709.4000000000054
20.0 29.359999999999992 709.4000000000054
20.0 29.359999999999992 709.4000000000054
28.0 20.0 709.4000000000054
28.0 0.0 709.4000000000054
28.0 20.0 709.4000000000054
28.0 0.0 709.4000000000054
20.0 29.379999999999992 709.4000000000054
20.0 29.379999999999992 709.4000000000054
20.0 29.379999999999992 709.4000000000054
20.0 29.379999999999992 709.4000000000054
28.0 20.0 709.4000000000054
28.0 0.0 709.4000000000054
28.0 20.0 709.4000000000054
28.0 0.0 709.4000000000054
20.0 29.379999999999992 709.4000000000054
20.0 29.379999999999992 709.4000000000054
28.0 20.0 709.4000000000054
28.0 0.0 709.4000000000054
28.0 20.0 709.4000000000054
28.0 0.0 709.4000000000054
28.02 20.0 709.4000000000054
28.02 0.0 709.4000000000054
28.02 20.0 709.4000000000054
28.02 0.0 709.4000000000054
28.02 20.0 709.4000000000054
28.02 0.0 709.4000000000054
28.02 20.0 709.4000000000054
28.02 0.0 709.4000000000054
28.0 20.0 709.4000000000054
28.0 0.0 709.4000000000054
28.0 20.0 709.4000000000054
28.0 0.0 709.4000000000054
27.98 20.0 709.4000000000054
27.98 0.0 709.4000000000054
27.98 20.0 709.4000000000054
27.98 0.0 709.4000000000054
20.0 29.359999999999992 709.4000000000054
20.0 29.359999999999992 709.4000000000054
20.0 29.359999999999992 709.4000000000054
20.0 29.359999999999992 709.4000000000054
20.0 29.359999999999992 709.4000000000054
20.0 29.359999999999992 709.4000000000054
20.0 29.379999999999992 709.4000000000054
20.0 29.379999999999992 709.4000000000054
27.96 20.0 709.4000000000054
27.96 0.0 709.4000000000054
27.96 20.0 709.4000000000054
27.96 0.0 709.4000000000054
24.960000000000022 20.0 709.4000000000054
24.960000000000022 0.0 709.4000000000054
24.960000000000022 20.0 709.4000000000054
24.960000000000022 0.0 709.4000000000054
27.98 20.0 709.4000000000054
27.98 0.0 709.4000000000054
27.98 20.0 709.4000000000054
27.98 0.0 709.4000000000054
24.940000000000023 20.0 709.4000000000054
24.940000000000023 0.0 709.4000000000054
24.940000000000023 20.0 709.4000000000054
24.940000000000023 0.0 709.4000000000054
24.940000000000023 20.0 709.4000000000054
24.940000000000023 0.0 709.4000000000054
24.940000000000023 20.0 709.4000000000054
24.940000000000023 0.0 709.4000000000054
28.0 20.0 709.4000000000054
28.0 0.0 709.4000000000054
28.0 20.0 709.4000000000054
28.0 0.0 709.4000000000054
28.0 20.0 709.4000000000054
28.0 0.0 709.4000000000054
28.0 20.0 709.4000000000054
28.0 0.0 709.4000000000054
24.940000000000023 20.0 709.4000000000054
24.940000000000023 0.0 709.4000000000054
24.940000000000023 20.0 709.4000000000054
24.940000000000023 0.0 709.4000000000054
24.960000000000022 20.0 709.4000000000054
24.960000000000022 0.0 709.4000000000054
24.960000000000022 20.0 709.4000000000054
24.960000000000022 0.0 709.4000000000054
20.0 29.39999999999999 709.4000000000054
20.0 29.39999999999999 709.4000000000054
20.0 29.41999999999999 709.4000000000054
20.0 29.41999999999999 709.4000000000054
27.98 20.0 709.4000000000054
27.98 0.0 709.4000000000054
27.98 20.0 709.4000000000054
27.98 0.0 709.4000000000054
20.0 29.41999999999999 709.4000000000054
20.0 29.41999999999999 709.4000000000054
27.98 20.0 709.4000000000054
27.98 0.0 709.4000000000054
27.98 20.0 709.4000000000054
27.98 0.0 709.4000000000054
24.960000000000022 20.0 709.4000000000054
24.960000000000022 0.0 709.4000000000054
24.960000000000022 20.0 709.4000000000054
24.960000000000022 0.0 709.4000000000054
27.98 20.0 709.4000000000054
27.98 0.0 709.4000000000054
27.98 20.0 709.4000000000054
27.98 0.0 709.4000000000054
27.98 20.0 709.4000000000054
27.98 0.0 709.4000000000054
27.98 20.0 709.4000000000054
27.98 0.0 709.4000000000054
27.96 20.0 709.4000000000054
27.96 0.0 709.4000000000054
27.96 20.0 709.4000000000054
27.96 0.0 709.4000000000054
20.0 29.41999999999999 709.4000000000054
20.0 29.41999999999999 709.4000000000054
20.0 29.43999999999999 709.4000000000054
20.0 29.43999999999999 709.4000000000054
27.96 20.0 709.4000000000054
27.96 0.0 709.4000000000054
27.96 20.0 709.4000000000054
27.96 0.0 709.4000000000054
27.96 20.0 709.4000000000054
27.96 0.0 709.4000000000054
27.96 20.0 709.4000000000054
27.96 0.0 709.4000000000054
27.98 20.0 709.4000000000054
27.98 0.0 709.4000000000054
27.98 20.0 709.4000000000054
27.98 0.0 709.4000000000054
20.0 29.41999999999999 709.4000000000054
20.0 29.41999999999999 709.4000000000054
20.0 29.41999999999999 709.4000000000054
20.0 29.41999999999999 709.4000000000054
20.0 29.43999999999999 709.4000000000054
20.0 29.43999999999999 709.4000000000054
20.0 29.43999999999999 709.4000000000054
20.0 29.43999999999999 709.4000000000054
20.0 29.45999999999999 709.4000000000054
20.0 29.45999999999999 709.4000000000054
20.0 29.43999999999999 709.4000000000054
20.0 29.43999999999999 709.4000000000054
20.0 29.45999999999999 709.4000000000054
20.0 29.45999999999999 709.4000000000054
20.0 29.45999999999999 709.4000000000054
20.0 29.45999999999999 709.4000000000054
20.0 29.719999999999985 709.4000000000054
20.0 29.719999999999985 709.4000000000054
20.0 29.759999999999984 709.4000000000054
20.0 29.759999999999984 709.4000000000054
20.0 29.759999999999984 709.4000000000054
20.0 29.759999999999984 709.4000000000054
20.0 29.779999999999983 709.4000000000054
20.0 29.779999999999983 709.4000000000054
20.0 29.799999999999983 709.4000000000054
20.0 29.799999999999983 709.4000000000054
20.0 29.799999999999983 709.4000000000054
20.0 29.799999999999983 709.4000000000054
20.0 29.799999999999983 709.4000000000054
20.0 29.799999999999983 709.4000000000054
20.0 29.839999999999982 709.4000000000054
20.0 29.839999999999982 709.4000000000054
20.0 29.819999999999983 709.4000000000054
20.0 29.819999999999983 709.4000000000054
20.0 29.819999999999983 709.4000000000054
20.0 29.819999999999983 709.4000000000054
20.0 29.819999999999983 709.4000000000054
20.0 29.819999999999983 709.4000000000054
20.0 29.819999999999983 709.4000000000054
20.0 29.819999999999983 709.4000000000054
20.0 29.819999999999983 709.4000000000054
20.0 29.819999999999983 709.4000000000054
20.0 29.839999999999982 709.4000000000054
20.0 29.839999999999982 709.4000000000054
20.0 29.839999999999982 709.4000000000054
20.0 29.839999999999982 709.4000000000054
20.0 29.839999999999982 709.4000000000054
20.0 29.839999999999982 709.4000000000054
20.0 29.839999999999982 709.4000000000054
20.0 29.839999999999982 709.4000000000054
20.0 29.839999999999982 709.4000000000054
20.0 29.839999999999982 709.4000000000054
20.0 29.799999999999983 709.4000000000054
20.0 29.799999999999983 709.4000000000054
20.0 29.839999999999982 709.4000000000054
20.0 29.839999999999982 709.4000000000054
20.0 29.819999999999983 709.4000000000054
20.0 29.819999999999983 709.4000000000054
20.0 29.85999999999998 709.4000000000054
20.0 29.85999999999998 709.4000000000054
20.0 29.85999999999998 709.4000000000054
20.0 29.85999999999998 709.4000000000054
20.0 29.89999999999998 709.4000000000054
20.0 29.89999999999998 709.4000000000054
20.0 29.89999999999998 709.4000000000054
20.0 29.89999999999998 709.4000000000054
20.0 29.89999999999998 709.4000000000054
20.0 29.89999999999998 709.4000000000054
20.0 29.87999999999998 709.4000000000054
20.0 29.87999999999998 709.4000000000054
20.0 29.839999999999982 709.4000000000054
20.0 29.839999999999982 709.4000000000054
20.0 29.839999999999982 709.4000000000054
20.0 29.839999999999982 709.4000000000054
20.0 29.839999999999982 709.4000000000054
20.0 29.839999999999982 709.4000000000054
20.0 29.839999999999982 709.4000000000054
20.0 29.839999999999982 709.4000000000054
20.0 29.839999999999982 709.4000000000054
20.0 29.839999999999982 709.4000000000054
20.0 29.839999999999982 709.4000000000054
20.0 29.839999999999982 709.4000000000054
20.0 29.819999999999983 709.4000000000054
20.0 29.819999999999983 709.4000000000054
20.0 29.799999999999983 709.4000000000054
20.0 29.799999999999983 709.4000000000054
20.0 29.819999999999983 709.4000000000054
20.0 29.819999999999983 709.4000000000054
20.0 29.819999999999983 709.4000000000054
20.0 29.819999999999983 709.4000000000054
20.0 29.839999999999982 709.4000000000054
20.0 29.839999999999982 709.4000000000054
20.0 29.87999999999998 709.4000000000054
20.0 29.87999999999998 709.4000000000054
20.0 29.89999999999998 709.4000000000054
20.0 29.89999999999998 709.4000000000054
20.0 29.93999999999998 709.4000000000054
20.0 29.93999999999998 709.4000000000054
20.0 29.95999999999998 709.4000000000054
20.0 29.95999999999998 709.4000000000054
28.0 20.0 709.4000000000054
28.0 0.0 709.4000000000054
28.0 20.0 709.4000000000054
28.0 0.0 709.4000000000054
28.0 20.0 709.4000000000054
28.0 0.0 709.4000000000054
28.0 20.0 709.4000000000054
28.0 0.0 709.4000000000054
21.889999999999983 7.99 709.4000000000054
1.8899999999999828 27.990000000000002 709.4000000000054
21.889999999999983 27.990000000000002 709.4000000000054
0.99 1.9500000000000213 709.4000000000054
3.99 4.029999999999999 709.4000000000054
13.599999999999987 18.93999999999952 709.4000000000054
16.999999999999773 0.12000000000015475 709.4000000000054
8.0 0.7800000000000005 709.4000000000054
0.9600000000001554 6.000000000000021 709.4000000000054
9.0 6.999999999999915 709.4000000000054
18.04 17.879999999999825 709.4000000000054
1.0 13.039999999999957 709.4000000000054
3.1899999999999746 7.99 709.4000000000054
6.999999999999936 10.0 709.4000000000054
15.97999999999969 15.999999999999533 709.4000000000054
15.0 3.039999999999999 709.4000000000054
0.8000000000000005 10.019999999999978 709.4000000000054
18.019999999999534 3.099999999999998 709.4000000000054
13.0 9.299999999999994 709.4000000000054
9.98 12.619999999999987 709.4000000000054
9.96 2.0000000000001563 709.4000000000054
4.470000000000033 18.96999999999984 709.4000000000054
6.980000000000022 4.019999999999957 709.4000000000054
12.790000000000004 1.009999999999999 709.4000000000054
11.929999999999959 16.069999999999542 709.4000000000054
16.589999999999623 6.950000000000001 709.4000000000054
15.97999999999922 12.999999999999957 709.4000000000054
18.00999999999969 10.009999999999978 709.4000000000054
28.309999999999995 0.5299999999997702 709.4000000000054
8.309999999999993 20.52999999999977 709.4000000000054
28.309999999999995 20.52999999999977 709.4000000000054
4.4299999999999695 11.989999999999979 709.4000000000054
4.950000000000022 0.9900000000000007 709.4000000000054
11.99 5.0099999999999785 709.4000000000054
2.740000000000027 16.01999999999996 709.4000000000054
7.910000000000002 15.989999999999377 709.4000000000054
-10 12 709.4000000000054
-10 12 709.4000000000054
-7 9 709.4000000000054
-7 9 709.4000000000054
-10 -8 709.4000000000054
-10 -8 709.4000000000054
-7 -11 709.4000000000054
-7 -11 709.4000000000054
-8 -16 709.4000000000054
-8 -16 709.4000000000054
0.0 -11.0 709.4000000000054
0.0 -11.0 709.4000000000054
0.0 -11.0 709.4000000000054
0.0 -11.0 709.4000000000054
0.0 -11.0 709.4000000000054
0.0 -11.0 709.4000000000054
0.0 -11.0 709.4000000000054
0.0 -11.0 709.4000000000054
0.0 -11.0 709.4000000000054
0.0 -11.0 709.4000000000054
0.0 -11.0 709.4000000000054
0.0 -11.0 709.4000000000054
0.0 -11.0 709.4000000000054
0.0 -11.0 709.4000000000054
0.0 -11.02 709.4000000000054
0.0 -11.02 709.4000000000054
0.0 -11.0 709.4000000000054
0.0 -11.0 709.4000000000054
0.0 -10.98 709.4000000000054
0.0 -10.98 709.4000000000054
0.0 -10.96 709.4000000000054
0.0 -10.96 709.4000000000054
0.0 -10.96 709.4000000000054
0.0 -10.96 709.4000000000054
0.0 -10.96 709.4000000000054
0.0 -10.96 709.4000000000054
0.0 -10.96 709.4000000000054
0.0 -10.96 709.4000000000054
0.0 -10.98 709.4000000000054
0.0 -10.98 709.4000000000054
0.0 -11.0 709.4000000000054
0.0 -11.0 709.4000000000054
0.0 -11.0 709.4000000000054
0.0 -11.0 709.4000000000054
0.0 -11.0 709.4000000000054
0.0 -11.0 709.4000000000054
0.0 -11.0 709.4000000000054
0.0 -11.0 709.4000000000054
0.0 -11.0 709.4000000000054
0.0 -11.0 709.4000000000054
0.0 -11.0 709.4000000000054
0.0 -11.0 709.4000000000054
0.0 -10.900000000000002 709.4000000000054
0.0 -10.900000000000002 709.4000000000054
0.0 -10.880000000000003 709.4000000000054
0.0 -10.880000000000003 709.4000000000054
0.0 -10.860000000000003 709.4000000000054
0.0 -10.860000000000003 709.4000000000054
0.0 -10.840000000000003 709.4000000000054
0.0 -10.840000000000003 709.4000000000054
0.0 -10.840000000000003 709.4000000000054
0.0 -10.840000000000003 709.4000000000054
0.0 -10.820000000000004 709.4000000000054
0.0 -10.820000000000004 709.4000000000054
0.0 -10.820000000000004 709.4000000000054
0.0 -10.820000000000004 709.4000000000054
0.0 -10.820000000000004 709.4000000000054
0.0 -10.820000000000004 709.4000000000054
0.0 -10.840000000000003 709.4000000000054
0.0 -10.840000000000003 709.4000000000054
0.0 -10.820000000000004 709.4000000000054
0.0 -10.820000000000004 709.4000000000054
0.0 -10.820000000000004 709.4000000000054
0.0 -10.820000000000004 709.4000000000054
0.0 -10.840000000000003 709.4000000000054
0.0 -10.840000000000003 709.4000000000054
0.0 -10.840000000000003 709.4000000000054
0.0 -10.840000000000003 709.4000000000054
-5.01 -17.030000000000005 709.4000000000054
-5.01 -17.030000000000005 709.4000000000054
0.0 -10.840000000000003 709.4000000000054
0.0 -10.840000000000003 709.4000000000054
0.0 -10.840000000000003 709.4000000000054
0.0 -10.840000000000003 709.4000000000054
0.0 -10.860000000000003 709.4000000000054
0.0 -10.860000000000003 709.4000000000054
0.0 -10.860000000000003 709.4000000000054
0.0 -10.860000000000003 709.4000000000054
0.0 -10.840000000000003 709.4000000000054
0.0 -10.840000000000003 709.4000000000054
0.0 -10.820000000000004 709.4000000000054
0.0 -10.820000000000004 709.4000000000054
0.0 -10.820000000000004 709.4000000000054
0.0 -10.820000000000004 709.4000000000054
0.0 -10.820000000000004 709.4000000000054
0.0 -10.820000000000004 709.4000000000054
0.0 -10.840000000000003 709.4000000000054
0.0 -10.840000000000003 709.4000000000054
0.0 -10.840000000000003 709.4000000000054
0.0 -10.840000000000003 709.4000000000054
0.0 -10.860000000000003 709.4000000000054
0.0 -10.860000000000003 709.4000000000054
0.0 -10.860000000000003 709.4000000000054
0.0 -10.860000000000003 709.4000000000054
0.0 -10.840000000000003 709.4000000000054
0.0 -10.840000000000003 709.4000000000054
0.0 -10.860000000000003 709.4000000000054
0.0 -10.860000000000003 709.4000000000054
0.0 -10.860000000000003 709.4000000000054
0.0 -10.860000000000003 709.4000000000054
0.0 -10.880000000000003 709.4000000000054
0.0 -10.880000000000003 709.4000000000054
0.0 -10.860000000000003 709.4000000000054
0.0 -10.860000000000003 709.4000000000054
0.0 -10.860000000000003 709.4000000000054
0.0 -10.860000000000003 709.4000000000054
0.0 -10.880000000000003 709.4000000000054
0.0 -10.880000000000003 709.4000000000054
0.0 -10.900000000000002 709.4000000000054
0.0 -10.900000000000002 709.4000000000054
0.0 -10.920000000000002 709.4000000000054
0.0 -10.920000000000002 709.4000000000054
0.0 -10.940000000000001 709.4000000000054
0.0 -10.940000000000001 709.4000000000054
0.0 -10.940000000000001 709.4000000000054
0.0 -10.940000000000001 709.4000000000054
0.0 -10.940000000000001 709.4000000000054
0.0 -10.940000000000001 709.4000000000054
0.0 -10.920000000000002 709.4000000000054
0.0 -10.920000000000002 709.4000000000054
0.0 -10.920000000000002 709.4000000000054
0.0 -10.920000000000002 709.4000000000054
0.0 -10.920000000000002 709.4000000000054
0.0 -10.920000000000002 709.4000000000054
0.0 -10.900000000000002 709.4000000000054
0.0 -10.900000000000002 709.4000000000054
0.0 -10.880000000000003 709.4000000000054
0.0 -10.880000000000003 709.4000000000054
0.0 -10.880000000000003 709.4000000000054
0.0 -10.880000000000003 709.4000000000054
0.0 -10.880000000000003 709.4000000000054
0.0 -10.880000000000003 709.4000000000054
0.0 -10.860000000000003 709.4000000000054
0.0 -10.860000000000003 709.4000000000054
0.0 -10.860000000000003 709.4000000000054
0.0 -10.860000000000003 709.4000000000054
0.0 -10.840000000000003 709.4000000000054
0.0 -10.840000000000003 709.4000000000054
0.0 -10.840000000000003 709.4000000000054
0.0 -10.840000000000003 709.4000000000054
0.0 -10.820000000000004 709.4000000000054
0.0 -10.820000000000004 709.4000000000054
0.0 -10.820000000000004 709.4000000000054
0.0 -10.820000000000004 709.4000000000054
0.0 -10.840000000000003 709.4000000000054
0.0 -10.840000000000003 709.4000000000054
0.0 -10.860000000000003 709.4000000000054
0.0 -10.860000000000003 709.4000000000054
0.0 -10.820000000000004 709.4000000000054
0.0 -10.820000000000004 709.4000000000054
0.0 -10.820000000000004 709.4000000000054
0.0 -10.820000000000004 709.4000000000054
0.0 -10.840000000000003 709.4000000000054
0.0 -10.840000000000003 709.4000000000054
0.0 -10.840000000000003 709.4000000000054
0.0 -10.840000000000003 709.4000000000054
0.0 -10.840000000000003 709.4000000000054
0.0 -10.840000000000003 709.4000000000054
0.0 -10.840000000000003 709.4000000000054
0.0 -10.840000000000003 709.4000000000054
0.0 -10.840000000000003 709.4000000000054
0.0 -10.840000000000003 709.4000000000054
0.0 -10.820000000000004 709.4000000000054
0.0 -10.820000000000004 709.4000000000054
0.0 -10.820000000000004 709.4000000000054
0.0 -10.820000000000004 709.4000000000054
0.0 -10.820000000000004 709.4000000000054
0.0 -10.820000000000004 709.4000000000054
0.0 -10.820000000000004 709.4000000000054
0.0 -10.820000000000004 709.4000000000054
0.0 -10.820000000000004 709.4000000000054
0.0 -10.820000000000004 709.4000000000054
0.0 -10.800000000000004 709.4000000000054
0.0 -10.800000000000004 709.4000000000054
0.0 -10.800000000000004 709.4000000000054
0.0 -10.800000000000004 709.4000000000054
0.0 -10.800000000000004 709.4000000000054
0.0 -10.800000000000004 709.4000000000054
0.0 -10.800000000000004 709.4000000000054
0.0 -10.800000000000004 709.4000000000054
0.0 -10.780000000000005 709.4000000000054
0.0 -10.780000000000005 709.4000000000054
0.0 -10.760000000000005 709.4000000000054
0.0 -10.760000000000005 709.4000000000054
0.0 -10.740000000000006 709.4000000000054
0.0 -10.740000000000006 709.4000000000054
0.0 -10.760000000000005 709.4000000000054
0.0 -10.760000000000005 709.4000000000054
0.0 -10.760000000000005 709.4000000000054
0.0 -10.760000000000005 709.4000000000054
0.0 -10.740000000000006 709.4000000000054
0.0 -10.740000000000006 709.4000000000054
0.0 -10.760000000000005 709.4000000000054
0.0 -10.760000000000005 709.4000000000054
0.0 -10.740000000000006 709.4000000000054
0.0 -10.740000000000006 709.4000000000054
0.0 -10.740000000000006 709.4000000000054
0.0 -10.740000000000006 709.4000000000054
0.0 -10.720000000000006 709.4000000000054
0.0 -10.720000000000006 709.4000000000054
0.0 -10.720000000000006 709.4000000000054
0.0 -10.720000000000006 709.4000000000054
0.0 -10.700000000000006 709.4000000000054
0.0 -10.700000000000006 709.4000000000054
0.0 -10.720000000000006 709.4000000000054
0.0 -10.720000000000006 709.4000000000054
0.0 -10.720000000000006 709.4000000000054
0.0 -10.720000000000006 709.4000000000054
0.0 -10.740000000000006 709.4000000000054
0.0 -10.740000000000006 709.4000000000054
0.0 -10.740000000000006 709.4000000000054
0.0 -10.740000000000006 709.4000000000054
0.0 -10.720000000000006 709.4000000000054
0.0 -10.720000000000006 709.4000000000054
0.0 -10.720000000000006 709.4000000000054
0.0 -10.720000000000006 709.4000000000054
0.0 -10.740000000000006 709.4000000000054
0.0 -10.740000000000006 709.4000000000054
0.0 -10.740000000000006 709.4000000000054
0.0 -10.740000000000006 709.4000000000054
0.0 -10.720000000000006 709.4000000000054
0.0 -10.720000000000006 709.4000000000054
0.0 -10.720000000000006 709.4000000000054
0.0 -10.720000000000006 709.4000000000054
0.0 -10.720000000000006 709.4000000000054
0.0 -10.720000000000006 709.4000000000054
0.0 -10.700000000000006 709.4000000000054
0.0 -10.700000000000006 709.4000000000054
0.0 -10.700000000000006 709.4000000000054
0.0 -10.700000000000006 709.4000000000054
0.0 -10.700000000000006 709.4000000000054
0.0 -10.700000000000006 709.4000000000054
0.0 -10.720000000000006 709.4000000000054
0.0 -10.720000000000006 709.4000000000054
0.0 -10.700000000000006 709.4000000000054
0.0 -10.700000000000006 709.4000000000054
0.0 -10.720000000000006 709.4000000000054
0.0 -10.720000000000006 709.4000000000054
0.0 -10.720000000000006 709.4000000000054
0.0 -10.720000000000006 709.4000000000054
0.0 -10.740000000000006 709.4000000000054
0.0 -10.740000000000006 709.4000000000054
0.0 -10.740000000000006 709.4000000000054
0.0 -10.740000000000006 709.4000000000054
0.0 -10.720000000000006 709.4000000000054
0.0 -10.720000000000006 709.4000000000054
0.0 -10.700000000000006 709.4000000000054
0.0 -10.700000000000006 709.4000000000054
0.0 -10.700000000000006 709.4000000000054
0.0 -10.700000000000006 709.4000000000054
0.0 -10.720000000000006 709.4000000000054
0.0 -10.720000000000006 709.4000000000054
0.0 -10.700000000000006 709.4000000000054
0.0 -10.700000000000006 709.4000000000054
0.0 -10.680000000000007 709.4000000000054
0.0 -10.680000000000007 709.4000000000054
0.0 -10.680000000000007 709.4000000000054
0.0 -10.680000000000007 709.4000000000054
0.0 -10.660000000000007 709.4000000000054
0.0 -10.660000000000007 709.4000000000054
0.0 -10.660000000000007 709.4000000000054
0.0 -10.660000000000007 709.4000000000054
0.0 -10.660000000000007 709.4000000000054
0.0 -10.660000000000007 709.4000000000054
0.0 -10.660000000000007 709.4000000000054
0.0 -10.660000000000007 709.4000000000054
0.0 -10.660000000000007 709.4000000000054
0.0 -10.660000000000007 709.4000000000054
0.0 -10.680000000000007 709.4000000000054
0.0 -10.680000000000007 709.4000000000054
0.0 -10.660000000000007 709.4000000000054
0.0 -10.660000000000007 709.4000000000054
0.0 -10.660000000000007 709.4000000000054
0.0 -10.660000000000007 709.4000000000054
0.0 -10.660000000000007 709.4000000000054
0.0 -10.660000000000007 709.4000000000054
0.0 -10.680000000000007 709.4000000000054
0.0 -10.680000000000007 709.4000000000054
0.0 -10.700000000000006 709.4000000000054
0.0 -10.700000000000006 709.4000000000054
0.0 -10.720000000000006 709.4000000000054
0.0 -10.720000000000006 709.4000000000054
0.0 -10.720000000000006 709.4000000000054
0.0 -10.720000000000006 709.4000000000054
0.0 -10.700000000000006 709.4000000000054
0.0 -10.700000000000006 709.4000000000054
0.0 -10.720000000000006 709.4000000000054
0.0 -10.720000000000006 709.4000000000054
0.0 -10.680000000000007 709.4000000000054
0.0 -10.680000000000007 709.4000000000054
0.0 -10.660000000000007 709.4000000000054
0.0 -10.660000000000007 709.4000000000054
0.0 -10.640000000000008 709.4000000000054
0.0 -10.640000000000008 709.4000000000054
0.0 -10.620000000000008 709.4000000000054
0.0 -10.620000000000008 709.4000000000054
0.0 -10.620000000000008 709.4000000000054
0.0 -10.620000000000008 709.4000000000054
0.0 -10.620000000000008 709.4000000000054
0.0 -10.620000000000008 709.4000000000054
0.0 -10.640000000000008 709.4000000000054
0.0 -10.640000000000008 709.4000000000054
0.0 -10.640000000000008 709.4000000000054
0.0 -10.640000000000008 709.4000000000054
0.0 -10.640000000000008 709.4000000000054
0.0 -10.640000000000008 709.4000000000054
0.0 -10.620000000000008 709.4000000000054
0.0 -10.620000000000008 709.4000000000054
0.0 -10.600000000000009 709.4000000000054
0.0 -10.600000000000009 709.4000000000054
0.0 -10.580000000000009 709.4000000000054
0.0 -10.580000000000009 709.4000000000054
0.0 -10.580000000000009 709.4000000000054
0.0 -10.580000000000009 709.4000000000054
0.0 -10.580000000000009 709.4000000000054
0.0 -10.580000000000009 709.4000000000054
0.0 -10.56000000000001 709.4000000000054
0.0 -10.56000000000001 709.4000000000054
0.0 -10.580000000000009 709.4000000000054
0.0 -10.580000000000009 709.4000000000054
0.0 -10.580000000000009 709.4000000000054
0.0 -10.580000000000009 709.4000000000054
0.0 -10.56000000000001 709.4000000000054
0.0 -10.56000000000001 709.4000000000054
0.0 -10.56000000000001 709.4000000000054
0.0 -10.56000000000001 709.4000000000054
0.0 -10.54000000000001 709.4000000000054
0.0 -10.54000000000001 709.4000000000054
0.0 -10.56000000000001 709.4000000000054
0.0 -10.56000000000001 709.4000000000054
0.0 -10.54000000000001 709.4000000000054
0.0 -10.54000000000001 709.4000000000054
0.0 -10.54000000000001 709.4000000000054
0.0 -10.54000000000001 709.4000000000054
0.0 -10.280000000000015 709.4000000000054
0.0 -10.280000000000015 709.4000000000054
0.0 -10.240000000000016 709.4000000000054
0.0 -10.240000000000016 709.4000000000054
0.0 -10.240000000000016 709.4000000000054
0.0 -10.240000000000016 709.4000000000054
0.0 -10.220000000000017 709.4000000000054
0.0 -10.220000000000017 709.4000000000054
0.0 -10.200000000000017 709.4000000000054
0.0 -10.200000000000017 709.4000000000054
0.0 -10.200000000000017 709.4000000000054
0.0 -10.200000000000017 709.4000000000054
0.0 -10.200000000000017 709.4000000000054
0.0 -10.200000000000017 709.4000000000054
0.0 -10.160000000000018 709.4000000000054
0.0 -10.160000000000018 709.4000000000054
0.0 -10.180000000000017 709.4000000000054
0.0 -10.180000000000017 709.4000000000054
0.0 -10.180000000000017 709.4000000000054
0.0 -10.180000000000017 709.4000000000054
0.0 -10.180000000000017 709.4000000000054
0.0 -10.180000000000017 709.4000000000054
0.0 -10.180000000000017 709.4000000000054
0.0 -10.180000000000017 709.4000000000054
0.0 -10.180000000000017 709.4000000000054
0.0 -10.180000000000017 709.4000000000054
0.0 -10.160000000000018 709.4000000000054
0.0 -10.160000000000018 709.4000000000054
0.0 -10.160000000000018 709.4000000000054
0.0 -10.160000000000018 709.4000000000054
0.0 -10.160000000000018 709.4000000000054
0.0 -10.160000000000018 709.4000000000054
0.0 -10.160000000000018 709.4000000000054
0.0 -10.160000000000018 709.4000000000054
0.0 -10.160000000000018 709.4000000000054
0.0 -10.160000000000018 709.4000000000054
0.0 -10.200000000000017 709.4000000000054
0.0 -10.200000000000017 709.4000000000054
0.0 -10.160000000000018 709.4000000000054
0.0 -10.160000000000018 709.4000000000054
0.0 -10.180000000000017 709.4000000000054
0.0 -10.180000000000017 709.4000000000054
0.0 -10.140000000000018 709.4000000000054
0.0 -10.140000000000018 709.4000000000054
0.0 -10.140000000000018 709.4000000000054
0.0 -10.140000000000018 709.4000000000054
0.0 -10.10000000000002 709.4000000000054
0.0 -10.10000000000002 709.4000000000054
0.0 -10.10000000000002 709.4000000000054
0.0 -10.10000000000002 709.4000000000054
0.0 -10.10000000000002 709.4000000000054
0.0 -10.10000000000002 709.4000000000054
0.0 -10.120000000000019 709.4000000000054
0.0 -10.120000000000019 709.4000000000054
0.0 -10.160000000000018 709.4000000000054
0.0 -10.160000000000018 709.4000000000054
0.0 -10.160000000000018 709.4000000000054
0.0 -10.160000000000018 709.4000000000054
0.0 -10.160000000000018 709.4000000000054
0.0 -10.160000000000018 709.4000000000054
0.0 -10.160000000000018 709.4000000000054
0.0 -10.160000000000018 709.4000000000054
0.0 -10.160000000000018 709.4000000000054
0.0 -10.160000000000018 709.4000000000054
0.0 -10.160000000000018 709.4000000000054
0.0 -10.160000000000018 709.4000000000054
0.0 -10.180000000000017 709.4000000000054
0.0 -10.180000000000017 709.4000000000054
0.0 -10.200000000000017 709.4000000000054
0.0 -10.200000000000017 709.4000000000054
0.0 -10.180000000000017 709.4000000000054
0.0 -10.180000000000017 709.4000000000054
0.0 -10.180000000000017 709.4000000000054
0.0 -10.180000000000017 709.4000000000054
0.0 -10.160000000000018 709.4000000000054
0.0 -10.160000000000018 709.4000000000054
0.0 -10.120000000000019 709.4000000000054
0.0 -10.120000000000019 709.4000000000054
0.0 -10.10000000000002 709.4000000000054
0.0 -10.10000000000002 709.4000000000054
0.0 -10.06000000000002 709.4000000000054
0.0 -10.06000000000002 709.4000000000054
0.0 -10.04000000000002 709.4000000000054
0.0 -10.04000000000002 709.4000000000054
-8 4 709.4000000000054
-8 4 709.4000000000054
-5.01 2.9699999999999953 709.4000000000054
-5.01 2.9699999999999953 709.4000000000054
10 -8 709.4000000000054
10 -8 709.4000000000054
24 -6 709.4000000000054
24 -6 709.4000000000054
24 -10 709.4000000000054
24 -10 709.4000000000054
23 -9 709.4000000000054
23 -9 709.4000000000054
4 -6 709.4000000000054
4 -6 709.4000000000054
4 -10 709.4000000000054
4 -10 709.4000000000054
3 -9 709.4000000000054
3 -9 709.4000000000054
