0 29 704.8799999999977
20 29 704.8799999999977
13 29 704.8799999999977
13 29 704.8799999999977
26 0 704.8799999999977
26 20 704.8799999999977
24 14 704.8799999999977
24 14 704.8799999999977
24 4 704.8799999999977
4 24 704.8799999999977
24 24 704.8799999999977
12 24 704.8799999999977
12 24 704.8799999999977
28 0 704.8799999999977
28 20 704.8799999999977
24 10 704.8799999999977
24 10 704.8799999999977
29 3 704.8799999999977
9 23 704.8799999999977
29 23 704.8799999999977
23 11 704.8799999999977
23 11 704.8799999999977
20.0 29.0 704.8799999999977
20.0 29.0 704.8799999999977
26.0 20.0 704.8799999999977
26.0 0.0 704.8799999999977
26.0 20.0 704.8799999999977
26.0 0.0 704.8799999999977
20.0 29.0 704.8799999999977
20.0 29.0 704.8799999999977
25.98 20.0 704.8799999999977
25.98 0.0 704.8799999999977
25.98 20.0 704.8799999999977
25.98 0.0 704.8799999999977
25.98 20.0 704.8799999999977
25.98 0.0 704.8799999999977
25.98 20.0 704.8799999999977
25.98 0.0 704.8799999999977
25.94 20.0 704.8799999999977
25.94 0.0 704.8799999999977
25.94 20.0 704.8799999999977
25.94 0.0 704.8799999999977
20.0 29.0 704.8799999999977
20.0 29.0 704.8799999999977
20.0 29.0 704.8799999999977
20.0 29.0 704.8799999999977
27.98 20.0 704.8799999999977
27.98 0.0 704.8799999999977
27.98 20.0 704.8799999999977
27.98 0.0 704.8799999999977
20.0 29.0 704.8799999999977
20.0 29.0 704.8799999999977
20.0 29.0 704.8799999999977
20.0 29.0 704.8799999999977
28.02 20.0 704.8799999999977
28.02 0.0 704.8799999999977
28.02 20.0 704.8799999999977
28.02 0.0 704.8799999999977
25.900000000000002 20.0 704.8799999999977
25.900000000000002 0.0 704.8799999999977
25.900000000000002 20.0 704.8799999999977
25.900000000000002 0.0 704.8799999999977
25.900000000000002 20.0 704.8799999999977
25.900000000000002 0.0 704.8799999999977
25.900000000000002 20.0 704.8799999999977
25.900000000000002 0.0 704.8799999999977
25.900000000000002 20.0 704.8799999999977
25.900000000000002 0.0 704.8799999999977
25.900000000000002 20.0 704.8799999999977
25.900000000000002 0.0 704.8799999999977
25.880000000000003 20.0 704.8799999999977
25.880000000000003 0.0 704.8799999999977
25.880000000000003 20.0 704.8799999999977
25.880000000000003 0.0 704.8799999999977
20.0 29.0 704.8799999999977
20.0 29.0 704.8799999999977
25.880000000000003 20.0 704.8799999999977
25.880000000000003 0.0 704.8799999999977
25.880000000000003 20.0 704.8799999999977
25.880000000000003 0.0 704.8799999999977
28.0 20.0 704.8799999999977
28.0 0.0 704.8799999999977
28.0 20.0 704.8799999999977
28.0 0.0 704.8799999999977
25.860000000000003 20.0 704.8799999999977
25.860000000000003 0.0 704.8799999999977
25.860000000000003 20.0 704.8799999999977
25.860000000000003 0.0 704.8799999999977
25.840000000000003 20.0 704.8799999999977
25.840000000000003 0.0 704.8799999999977
25.840000000000003 20.0 704.8799999999977
25.840000000000003 0.0 704.8799999999977
28.0 20.0 704.8799999999977
28.0 0.0 704.8799999999977
28.0 20.0 704.8799999999977
28.0 0.0 704.8799999999977
25.820000000000004 20.0 704.8799999999977
25.820000000000004 0.0 704.8799999999977
25.820000000000004 20.0 704.8799999999977
25.820000000000004 0.0 704.8799999999977
25.820000000000004 20.0 704.8799999999977
25.820000000000004 0.0 704.8799999999977
25.820000000000004 20.0 704.8799999999977
25.820000000000004 0.0 704.8799999999977
20.0 28.98 704.8799999999977
20.0 28.98 704.8799999999977
25.800000000000004 20.0 704.8799999999977
25.800000000000004 0.0 704.8799999999977
25.800000000000004 20.0 704.8799999999977
25.800000000000004 0.0 704.8799999999977
25.780000000000005 20.0 704.8799999999977
25.780000000000005 0.0 704.8799999999977
25.780000000000005 20.0 704.8799999999977
25.780000000000005 0.0 704.8799999999977
25.780000000000005 20.0 704.8799999999977
25.780000000000005 0.0 704.8799999999977
25.780000000000005 20.0 704.8799999999977
25.780000000000005 0.0 704.8799999999977
28.0 20.0 704.8799999999977
28.0 0.0 704.8799999999977
28.0 20.0 704.8799999999977
28.0 0.0 704.8799999999977
25.780000000000005 20.0 704.8799999999977
25.780000000000005 0.0 704.8799999999977
25.780000000000005 20.0 704.8799999999977
25.780000000000005 0.0 704.8799999999977
20.0 29.0 704.8799999999977
20.0 29.0 704.8799999999977
25.780000000000005 20.0 704.8799999999977
25.780000000000005 0.0 704.8799999999977
25.780000000000005 20.0 704.8799999999977
25.780000000000005 0.0 704.8799999999977
28.0 20.0 704.8799999999977
28.0 0.0 704.8799999999977
28.0 20.0 704.8799999999977
28.0 0.0 704.8799999999977
20.0 29.02 704.8799999999977
20.0 29.02 704.8799999999977
27.98 20.0 704.8799999999977
27.98 0.0 704.8799999999977
27.98 20.0 704.8799999999977
27.98 0.0 704.8799999999977
27.98 20.0 704.8799999999977
27.98 0.0 704.8799999999977
27.98 20.0 704.8799999999977
27.98 0.0 704.8799999999977
28.0 20.0 704.8799999999977
28.0 0.0 704.8799999999977
28.0 20.0 704.8799999999977
28.0 0.0 704.8799999999977
25.740000000000006 20.0 704.8799999999977
25.740000000000006 0.0 704.8799999999977
25.740000000000006 20.0 704.8799999999977
25.740000000000006 0.0 704.8799999999977
25.720000000000006 20.0 704.8799999999977
25.720000000000006 0.0 704.8799999999977
25.720000000000006 20.0 704.8799999999977
25.720000000000006 0.0 704.8799999999977
27.98 20.0 704.8799999999977
27.98 0.0 704.8799999999977
27.98 20.0 704.8799999999977
27.98 0.0 704.8799999999977
25.700000000000006 20.0 704.8799999999977
25.700000000000006 0.0 704.8799999999977
25.700000000000006 20.0 704.8799999999977
25.700000000000006 0.0 704.8799999999977
28.0 20.0 704.8799999999977
28.0 0.0 704.8799999999977
28.0 20.0 704.8799999999977
28.0 0.0 704.8799999999977
25.700000000000006 20.0 704.8799999999977
25.700000000000006 0.0 704.8799999999977
25.700000000000006 20.0 704.8799999999977
25.700000000000006 0.0 704.8799999999977
20.0 29.04 704.8799999999977
20.0 29.04 704.8799999999977
20.0 29.04 704.8799999999977
20.0 29.04 704.8799999999977
20.0 29.04 704.8799999999977
20.0 29.04 704.8799999999977
25.54000000000001 20.0 704.8799999999977
25.54000000000001 0.0 704.8799999999977
25.54000000000001 20.0 704.8799999999977
25.54000000000001 0.0 704.8799999999977
20.0 29.04 704.8799999999977
20.0 29.04 704.8799999999977
25.52000000000001 20.0 704.8799999999977
25.52000000000001 0.0 704.8799999999977
25.52000000000001 20.0 704.8799999999977
25.52000000000001 0.0 704.8799999999977
25.50000000000001 20.0 704.8799999999977
25.50000000000001 0.0 704.8799999999977
25.50000000000001 20.0 704.8799999999977
25.50000000000001 0.0 704.8799999999977
20.0 29.02 704.8799999999977
20.0 29.02 704.8799999999977
25.48000000000001 20.0 704.8799999999977
25.48000000000001 0.0 704.8799999999977
25.48000000000001 20.0 704.8799999999977
25.48000000000001 0.0 704.8799999999977
28.0 20.0 704.8799999999977
28.0 0.0 704.8799999999977
28.0 20.0 704.8799999999977
28.0 0.0 704.8799999999977
28.0 20.0 704.8799999999977
28.0 0.0 704.8799999999977
28.0 20.0 704.8799999999977
28.0 0.0 704.8799999999977
25.46000000000001 20.0 704.8799999999977
25.46000000000001 0.0 704.8799999999977
25.46000000000001 20.0 704.8799999999977
25.46000000000001 0.0 704.8799999999977
20.0 29.0 704.8799999999977
20.0 29.0 704.8799999999977
25.420000000000012 20.0 704.8799999999977
25.420000000000012 0.0 704.8799999999977
25.420000000000012 20.0 704.8799999999977
25.420000000000012 0.0 704.8799999999977
25.380000000000013 20.0 704.8799999999977
25.380000000000013 0.0 704.8799999999977
25.380000000000013 20.0 704.8799999999977
25.380000000000013 0.0 704.8799999999977
25.360000000000014 20.0 704.8799999999977
25.360000000000014 0.0 704.8799999999977
25.360000000000014 20.0 704.8799999999977
25.360000000000014 0.0 704.8799999999977
20.0 29.0 704.8799999999977
20.0 29.0 704.8799999999977
25.360000000000014 20.0 704.8799999999977
25.360000000000014 0.0 704.8799999999977
25.360000000000014 20.0 704.8799999999977
25.360000000000014 0.0 704.8799999999977
20.0 29.0 704.8799999999977
20.0 29.0 704.8799999999977
25.300000000000015 20.0 704.8799999999977
25.300000000000015 0.0 704.8799999999977
25.300000000000015 20.0 704.8799999999977
25.300000000000015 0.0 704.8799999999977
20.0 29.0 704.8799999999977
20.0 29.0 704.8799999999977
28.0 20.0 704.8799999999977
28.0 0.0 704.8799999999977
28.0 20.0 704.8799999999977
28.0 0.0 704.8799999999977
25.280000000000015 20.0 704.8799999999977
25.280000000000015 0.0 704.8799999999977
25.280000000000015 20.0 704.8799999999977
25.280000000000015 0.0 704.8799999999977
25.240000000000016 20.0 704.8799999999977
25.240000000000016 0.0 704.8799999999977
25.240000000000016 20.0 704.8799999999977
25.240000000000016 0.0 704.8799999999977
20.0 29.0 704.8799999999977
20.0 29.0 704.8799999999977
25.220000000000017 20.0 704.8799999999977
25.220000000000017 0.0 704.8799999999977
25.220000000000017 20.0 704.8799999999977
25.220000000000017 0.0 704.8799999999977
20.0 29.0 704.8799999999977
20.0 29.0 704.8799999999977
28.0 20.0 704.8799999999977
28.0 0.0 704.8799999999977
28.0 20.0 704.8799999999977
28.0 0.0 704.8799999999977
28.0 20.0 704.8799999999977
28.0 0.0 704.8799999999977
28.0 20.0 704.8799999999977
28.0 0.0 704.8799999999977
25.160000000000018 20.0 704.8799999999977
25.160000000000018 0.0 704.8799999999977
25.160000000000018 20.0 704.8799999999977
25.160000000000018 0.0 704.8799999999977
25.14000000000002 20.0 704.8799999999977
25.14000000000002 0.0 704.8799999999977
25.14000000000002 20.0 704.8799999999977
25.14000000000002 0.0 704.8799999999977
27.98 20.0 704.8799999999977
27.98 0.0 704.8799999999977
27.98 20.0 704.8799999999977
27.98 0.0 704.8799999999977
25.14000000000002 20.0 704.8799999999977
25.14000000000002 0.0 704.8799999999977
25.14000000000002 20.0 704.8799999999977
25.14000000000002 0.0 704.8799999999977
25.12000000000002 20.0 704.8799999999977
25.12000000000002 0.0 704.8799999999977
25.12000000000002 20.0 704.8799999999977
25.12000000000002 0.0 704.8799999999977
25.12000000000002 20.0 704.8799999999977
25.12000000000002 0.0 704.8799999999977
25.12000000000002 20.0 704.8799999999977
25.12000000000002 0.0 704.8799999999977
20.0 29.099999999999998 704.8799999999977
20.0 29.099999999999998 704.8799999999977
20.0 29.119999999999997 704.8799999999977
20.0 29.119999999999997 704.8799999999977
20.0 29.139999999999997 704.8799999999977
20.0 29.139999999999997 704.8799999999977
24.98000000000002 20.0 704.8799999999977
24.98000000000002 0.0 704.8799999999977
24.98000000000002 20.0 704.8799999999977
24.98000000000002 0.0 704.8799999999977
20.0 29.159999999999997 704.8799999999977
20.0 29.159999999999997 704.8799999999977
20.0 29.159999999999997 704.8799999999977
20.0 29.159999999999997 704.8799999999977
25.02000000000002 20.0 704.8799999999977
25.02000000000002 0.0 704.8799999999977
25.02000000000002 20.0 704.8799999999977
25.02000000000002 0.0 704.8799999999977
25.02000000000002 20.0 704.8799999999977
25.02000000000002 0.0 704.8799999999977
25.02000000000002 20.0 704.8799999999977
25.02000000000002 0.0 704.8799999999977
25.00000000000002 20.0 704.8799999999977
25.00000000000002 0.0 704.8799999999977
25.00000000000002 20.0 704.8799999999977
25.00000000000002 0.0 704.8799999999977
25.00000000000002 20.0 704.8799999999977
25.00000000000002 0.0 704.8799999999977
25.00000000000002 20.0 704.8799999999977
25.00000000000002 0.0 704.8799999999977
24.98000000000002 20.0 704.8799999999977
24.98000000000002 0.0 704.8799999999977
24.98000000000002 20.0 704.8799999999977
24.98000000000002 0.0 704.8799999999977
24.960000000000022 20.0 704.8799999999977
24.960000000000022 0.0 704.8799999999977
24.960000000000022 20.0 704.8799999999977
24.960000000000022 0.0 704.8799999999977
24.940000000000023 20.0 704.8799999999977
24.940000000000023 0.0 704.8799999999977
24.940000000000023 20.0 704.8799999999977
24.940000000000023 0.0 704.8799999999977
24.920000000000023 20.0 704.8799999999977
24.920000000000023 0.0 704.8799999999977
24.920000000000023 20.0 704.8799999999977
24.920000000000023 0.0 704.8799999999977
20.0 29.179999999999996 704.8799999999977
20.0 29.179999999999996 704.8799999999977
20.0 29.179999999999996 704.8799999999977
20.0 29.179999999999996 704.8799999999977
20.0 29.179999999999996 704.8799999999977
20.0 29.179999999999996 704.8799999999977
20.0 29.159999999999997 704.8799999999977
20.0 29.159999999999997 704.8799999999977
20.0 29.179999999999996 704.8799999999977
20.0 29.179999999999996 704.8799999999977
20.0 29.179999999999996 704.8799999999977
20.0 29.179999999999996 704.8799999999977
20.0 29.159999999999997 704.8799999999977
20.0 29.159999999999997 704.8799999999977
20.0 29.159999999999997 704.8799999999977
20.0 29.159999999999997 704.8799999999977
14.99 22.969999999999995 704.8799999999977
14.99 22.969999999999995 704.8799999999977
20.0 29.159999999999997 704.8799999999977
20.0 29.159999999999997 704.8799999999977
20.0 29.159999999999997 704.8799999999977
20.0 29.159999999999997 704.8799999999977
20.0 29.139999999999997 704.8799999999977
20.0 29.139999999999997 704.8799999999977
20.0 29.139999999999997 704.8799999999977
20.0 29.139999999999997 704.8799999999977
20.0 29.159999999999997 704.8799999999977
20.0 29.159999999999997 704.8799999999977
20.0 29.179999999999996 704.8799999999977
20.0 29.179999999999996 704.8799999999977
20.0 29.179999999999996 704.8799999999977
20.0 29.179999999999996 704.8799999999977
28.0 20.0 704.8799999999977
28.0 0.0 704.8799999999977
28.0 20.0 704.8799999999977
28.0 0.0 704.8799999999977
27.98 20.0 704.8799999999977
27.98 0.0 704.8799999999977
27.98 20.0 704.8799999999977
27.98 0.0 704.8799999999977
20.0 29.179999999999996 704.8799999999977
20.0 29.179999999999996 704.8799999999977
28.0 20.0 704.8799999999977
28.0 0.0 704.8799999999977
28.0 20.0 704.8799999999977
28.0 0.0 704.8799999999977
20.0 29.159999999999997 704.8799999999977
20.0 29.159999999999997 704.8799999999977
20.0 29.159999999999997 704.8799999999977
20.0 29.159999999999997 704.8799999999977
28.0 20.0 704.8799999999977
28.0 0.0 704.8799999999977
28.0 20.0 704.8799999999977
28.0 0.0 704.8799999999977
20.0 29.139999999999997 704.8799999999977
20.0 29.139999999999997 704.8799999999977
20.0 29.139999999999997 704.8799999999977
20.0 29.139999999999997 704.8799999999977
28.0 20.0 704.8799999999977
28.0 0.0 704.8799999999977
28.0 20.0 704.8799999999977
28.0 0.0 704.8799999999977
20.0 29.159999999999997 704.8799999999977
20.0 29.159999999999997 704.8799999999977
20.0 29.139999999999997 704.8799999999977
20.0 29.139999999999997 704.8799999999977
20.0 29.139999999999997 704.8799999999977
20.0 29.139999999999997 704.8799999999977
20.0 29.119999999999997 704.8799999999977
20.0 29.119999999999997 704.8799999999977
28.0 20.0 704.8799999999977
28.0 0.0 704.8799999999977
28.0 20.0 704.8799999999977
28.0 0.0 704.8799999999977
20.0 29.139999999999997 704.8799999999977
20.0 29.139999999999997 704.8799999999977
20.0 29.139999999999997 704.8799999999977
20.0 29.139999999999997 704.8799999999977
20.0 29.119999999999997 704.8799999999977
20.0 29.119999999999997 704.8799999999977
20.0 29.099999999999998 704.8799999999977
20.0 29.099999999999998 704.8799999999977
28.0 20.0 704.8799999999977
28.0 0.0 704.8799999999977
28.0 20.0 704.8799999999977
28.0 0.0 704.8799999999977
20.0 29.08 704.8799999999977
20.0 29.08 704.8799999999977
28.0 20.0 704.8799999999977
28.0 0.0 704.8799999999977
28.0 20.0 704.8799999999977
28.0 0.0 704.8799999999977
28.0 20.0 704.8799999999977
28.0 0.0 704.8799999999977
28.0 20.0 704.8799999999977
28.0 0.0 704.8799999999977
20.0 29.06 704.8799999999977
20.0 29.06 704.8799999999977
20.0 29.06 704.8799999999977
20.0 29.06 704.8799999999977
28.0 20.0 704.8799999999977
28.0 0.0 704.8799999999977
28.0 20.0 704.8799999999977
28.0 0.0 704.8799999999977
20.0 29.06 704.8799999999977
20.0 29.06 704.8799999999977
28.0 20.0 704.8799999999977
28.0 0.0 704.8799999999977
28.0 20.0 704.8799999999977
28.0 0.0 704.8799999999977
20.0 29.08 704.8799999999977
20.0 29.08 704.8799999999977
20.0 29.08 704.8799999999977
20.0 29.08 704.8799999999977
20.0 29.08 704.8799999999977
20.0 29.08 704.8799999999977
25.00000000000002 20.0 704.8799999999977
25.00000000000002 0.0 704.8799999999977
25.00000000000002 20.0 704.8799999999977
25.00000000000002 0.0 704.8799999999977
20.0 29.099999999999998 704.8799999999977
20.0 29.099999999999998 704.8799999999977
20.0 29.119999999999997 704.8799999999977
20.0 29.119999999999997 704.8799999999977
20.0 29.119999999999997 704.8799999999977
20.0 29.119999999999997 704.8799999999977
20.0 29.119999999999997 704.8799999999977
20.0 29.119999999999997 704.8799999999977
27.98 20.0 704.8799999999977
27.98 0.0 704.8799999999977
27.98 20.0 704.8799999999977
27.98 0.0 704.8799999999977
25.00000000000002 20.0 704.8799999999977
25.00000000000002 0.0 704.8799999999977
25.00000000000002 20.0 704.8799999999977
25.00000000000002 0.0 704.8799999999977
25.00000000000002 20.0 704.8799999999977
25.00000000000002 0.0 704.8799999999977
25.00000000000002 20.0 704.8799999999977
25.00000000000002 0.0 704.8799999999977
25.00000000000002 20.0 704.8799999999977
25.00000000000002 0.0 704.8799999999977
25.00000000000002 20.0 704.8799999999977
25.00000000000002 0.0 704.8799999999977
20.0 29.139999999999997 704.8799999999977
20.0 29.139999999999997 704.8799999999977
20.0 29.139999999999997 704.8799999999977
20.0 29.139999999999997 704.8799999999977
28.02 20.0 704.8799999999977
28.02 0.0 704.8799999999977
28.02 20.0 704.8799999999977
28.02 0.0 704.8799999999977
20.0 29.159999999999997 704.8799999999977
20.0 29.159999999999997 704.8799999999977
25.00000000000002 20.0 704.8799999999977
25.00000000000002 0.0 704.8799999999977
25.00000000000002 20.0 704.8799999999977
25.00000000000002 0.0 704.8799999999977
24.98000000000002 20.0 704.8799999999977
24.98000000000002 0.0 704.8799999999977
24.98000000000002 20.0 704.8799999999977
24.98000000000002 0.0 704.8799999999977
25.00000000000002 20.0 704.8799999999977
25.00000000000002 0.0 704.8799999999977
25.00000000000002 20.0 704.8799999999977
25.00000000000002 0.0 704.8799999999977
20.0 29.159999999999997 704.8799999999977
20.0 29.159999999999997 704.8799999999977
28.0 20.0 704.8799999999977
28.0 0.0 704.8799999999977
28.0 20.0 704.8799999999977
28.0 0.0 704.8799999999977
20.0 29.179999999999996 704.8799999999977
20.0 29.179999999999996 704.8799999999977
20.0 29.179999999999996 704.8799999999977
20.0 29.179999999999996 704.8799999999977
24.98000000000002 20.0 704.8799999999977
24.98000000000002 0.0 704.8799999999977
24.98000000000002 20.0 704.8799999999977
24.98000000000002 0.0 704.8799999999977
20.0 29.159999999999997 704.8799999999977
20.0 29.159999999999997 704.8799999999977
20.0 29.139999999999997 704.8799999999977
20.0 29.139999999999997 704.8799999999977
28.0 20.0 704.8799999999977
28.0 0.0 704.8799999999977
28.0 20.0 704.8799999999977
28.0 0.0 704.8799999999977
25.00000000000002 20.0 704.8799999999977
25.00000000000002 0.0 704.8799999999977
25.00000000000002 20.0 704.8799999999977
25.00000000000002 0.0 704.8799999999977
20.0 29.179999999999996 704.8799999999977
20.0 29.179999999999996 704.8799999999977
28.0 20.0 704.8799999999977
28.0 0.0 704.8799999999977
28.0 20.0 704.8799999999977
28.0 0.0 704.8799999999977
28.0 20.0 704.8799999999977
28.0 0.0 704.8799999999977
28.0 20.0 704.8799999999977
28.0 0.0 704.8799999999977
20.0 29.179999999999996 704.8799999999977
20.0 29.179999999999996 704.8799999999977
28.0 20.0 704.8799999999977
28.0 0.0 704.8799999999977
28.0 20.0 704.8799999999977
28.0 0.0 704.8799999999977
20.0 29.159999999999997 704.8799999999977
20.0 29.159999999999997 704.8799999999977
20.0 29.159999999999997 704.8799999999977
20.0 29.159999999999997 704.8799999999977
20.0 29.159999999999997 704.8799999999977
20.0 29.159999999999997 704.8799999999977
27.98 20.0 704.8799999999977
27.98 0.0 704.8799999999977
27.98 20.0 704.8799999999977
27.98 0.0 704.8799999999977
20.0 29.159999999999997 704.8799999999977
20.0 29.159999999999997 704.8799999999977
20.0 29.159999999999997 704.8799999999977
20.0 29.159999999999997 704.8799999999977
28.0 20.0 704.8799999999977
28.0 0.0 704.8799999999977
28.0 20.0 704.8799999999977
28.0 0.0 704.8799999999977
20.0 29.179999999999996 704.8799999999977
20.0 29.179999999999996 704.8799999999977
20.0 29.179999999999996 704.8799999999977
20.0 29.179999999999996 704.8799999999977
20.0 29.179999999999996 704.8799999999977
20.0 29.179999999999996 704.8799999999977
20.0 29.179999999999996 704.8799999999977
20.0 29.179999999999996 704.8799999999977
24.960000000000022 20.0 704.8799999999977
24.960000000000022 0.0 704.8799999999977
24.960000000000022 20.0 704.8799999999977
24.960000000000022 0.0 704.8799999999977
24.960000000000022 20.0 704.8799999999977
24.960000000000022 0.0 704.8799999999977
24.960000000000022 20.0 704.8799999999977
24.960000000000022 0.0 704.8799999999977
24.940000000000023 20.0 704.8799999999977
24.940000000000023 0.0 704.8799999999977
24.940000000000023 20.0 704.8799999999977
24.940000000000023 0.0 704.8799999999977
28.0 20.0 704.8799999999977
28.0 0.0 704.8799999999977
28.0 20.0 704.8799999999977
28.0 0.0 704.8799999999977
20.0 29.179999999999996 704.8799999999977
20.0 29.179999999999996 704.8799999999977
24.960000000000022 20.0 704.8799999999977
24.960000000000022 0.0 704.8799999999977
24.960000000000022 20.0 704.8799999999977
24.960000000000022 0.0 704.8799999999977
20.0 29.199999999999996 704.8799999999977
20.0 29.199999999999996 704.8799999999977
28.0 20.0 704.8799999999977
28.0 0.0 704.8799999999977
28.0 20.0 704.8799999999977
28.0 0.0 704.8799999999977
20.0 29.199999999999996 704.8799999999977
20.0 29.199999999999996 704.8799999999977
28.0 20.0 704.8799999999977
28.0 0.0 704.8799999999977
28.0 20.0 704.8799999999977
28.0 0.0 704.8799999999977
20.0 29.199999999999996 704.8799999999977
20.0 29.199999999999996 704.8799999999977
20.0 29.199999999999996 704.8799999999977
20.0 29.199999999999996 704.8799999999977
24.960000000000022 20.0 704.8799999999977
24.960000000000022 0.0 704.8799999999977
24.960000000000022 20.0 704.8799999999977
24.960000000000022 0.0 704.8799999999977
20.0 29.219999999999995 704.8799999999977
20.0 29.219999999999995 704.8799999999977
27.98 20.0 704.8799999999977
27.98 0.0 704.8799999999977
27.98 20.0 704.8799999999977
27.98 0.0 704.8799999999977
24.98000000000002 20.0 704.8799999999977
24.98000000000002 0.0 704.8799999999977
24.98000000000002 20.0 704.8799999999977
24.98000000000002 0.0 704.8799999999977
20.0 29.239999999999995 704.8799999999977
20.0 29.239999999999995 704.8799999999977
20.0 29.259999999999994 704.8799999999977
20.0 29.259999999999994 704.8799999999977
20.0 29.239999999999995 704.8799999999977
20.0 29.239999999999995 704.8799999999977
20.0 29.239999999999995 704.8799999999977
20.0 29.239999999999995 704.8799999999977
28.0 20.0 704.8799999999977
28.0 0.0 704.8799999999977
28.0 20.0 704.8799999999977
28.0 0.0 704.8799999999977
28.0 20.0 704.8799999999977
28.0 0.0 704.8799999999977
28.0 20.0 704.8799999999977
28.0 0.0 704.8799999999977
28.02 20.0 704.8799999999977
28.02 0.0 704.8799999999977
28.02 20.0 704.8799999999977
28.02 0.0 704.8799999999977
20.0 29.259999999999994 704.8799999999977
20.0 29.259999999999994 704.8799999999977
28.0 20.0 704.8799999999977
28.0 0.0 704.8799999999977
28.0 20.0 704.8799999999977
28.0 0.0 704.8799999999977
28.0 20.0 704.8799999999977
28.0 0.0 704.8799999999977
28.0 20.0 704.8799999999977
28.0 0.0 704.8799999999977
20.0 29.239999999999995 704.8799999999977
20.0 29.239999999999995 704.8799999999977
28.0 20.0 704.8799999999977
28.0 0.0 704.8799999999977
28.0 20.0 704.8799999999977
28.0 0.0 704.8799999999977
20.0 29.259999999999994 704.8799999999977
20.0 29.259999999999994 704.8799999999977
20.0 29.259999999999994 704.8799999999977
20.0 29.259999999999994 704.8799999999977
27.98 20.0 704.8799999999977
27.98 0.0 704.8799999999977
27.98 20.0 704.8799999999977
27.98 0.0 704.8799999999977
28.0 20.0 704.8799999999977
28.0 0.0 704.8799999999977
28.0 20.0 704.8799999999977
28.0 0.0 704.8799999999977
20.0 29.279999999999994 704.8799999999977
20.0 29.279999999999994 704.8799999999977
28.0 20.0 704.8799999999977
28.0 0.0 704.8799999999977
28.0 20.0 704.8799999999977
28.0 0.0 704.8799999999977
20.0 29.279999999999994 704.8799999999977
20.0 29.279999999999994 704.8799999999977
28.0 20.0 704.8799999999977
28.0 0.0 704.8799999999977
28.0 20.0 704.8799999999977
28.0 0.0 704.8799999999977
20.0 29.299999999999994 704.8799999999977
20.0 29.299999999999994 704.8799999999977
20.0 29.279999999999994 704.8799999999977
20.0 29.279999999999994 704.8799999999977
20.0 29.279999999999994 704.8799999999977
20.0 29.279999999999994 704.8799999999977
28.0 20.0 704.8799999999977
28.0 0.0 704.8799999999977
28.0 20.0 704.8799999999977
28.0 0.0 704.8799999999977
20.0 29.259999999999994 704.8799999999977
20.0 29.259999999999994 704.8799999999977
20.0 29.259999999999994 704.8799999999977
20.0 29.259999999999994 704.8799999999977
28.0 20.0 704.8799999999977
28.0 0.0 704.8799999999977
28.0 20.0 704.8799999999977
28.0 0.0 704.8799999999977
20.0 29.279999999999994 704.8799999999977
20.0 29.279999999999994 704.8799999999977
28.0 20.0 704.8799999999977
28.0 0.0 704.8799999999977
28.0 20.0 704.8799999999977
28.0 0.0 704.8799999999977
20.0 29.279999999999994 704.8799999999977
20.0 29.279999999999994 704.8799999999977
20.0 29.259999999999994 704.8799999999977
20.0 29.259999999999994 704.8799999999977
20.0 29.259999999999994 704.8799999999977
20.0 29.259999999999994 704.8799999999977
20.0 29.279999999999994 704.8799999999977
20.0 29.279999999999994 704.8799999999977
28.0 20.0 704.8799999999977
28.0 0.0 704.8799999999977
28.0 20.0 704.8799999999977
28.0 0.0 704.8799999999977
20.0 29.279999999999994 704.8799999999977
20.0 29.279999999999994 704.8799999999977
20.0 29.279999999999994 704.8799999999977
20.0 29.279999999999994 704.8799999999977
28.0 20.0 704.8799999999977
28.0 0.0 704.8799999999977
28.0 20.0 704.8799999999977
28.0 0.0 704.8799999999977
28.0 20.0 704.8799999999977
28.0 0.0 704.8799999999977
28.0 20.0 704.8799999999977
28.0 0.0 704.8799999999977
20.0 29.299999999999994 704.8799999999977
20.0 29.299999999999994 704.8799999999977
20.0 29.299999999999994 704.8799999999977
20.0 29.299999999999994 704.8799999999977
20.0 29.299999999999994 704.8799999999977
20.0 29.299999999999994 704.8799999999977
20.0 29.279999999999994 704.8799999999977
20.0 29.279999999999994 704.8799999999977
20.0 29.299999999999994 704.8799999999977
20.0 29.299999999999994 704.8799999999977
20.0 29.279999999999994 704.8799999999977
20.0 29.279999999999994 704.8799999999977
20.0 29.279999999999994 704.8799999999977
20.0 29.279999999999994 704.8799999999977
20.0 29.259999999999994 704.8799999999977
20.0 29.259999999999994 704.8799999999977
28.0 20.0 704.8799999999977
28.0 0.0 704.8799999999977
28.0 20.0 704.8799999999977
28.0 0.0 704.8799999999977
20.0 29.259999999999994 704.8799999999977
20.0 29.259999999999994 704.8799999999977
20.0 29.279999999999994 704.8799999999977
20.0 29.279999999999994 704.8799999999977
28.0 20.0 704.8799999999977
28.0 0.0 704.8799999999977
28.0 20.0 704.8799999999977
28.0 0.0 704.8799999999977
28.0 20.0 704.8799999999977
28.0 0.0 704.8799999999977
28.0 20.0 704.8799999999977
28.0 0.0 704.8799999999977
20.0 29.299999999999994 704.8799999999977
20.0 29.299999999999994 704.8799999999977
28.0 20.0 704.8799999999977
28.0 0.0 704.8799999999977
28.0 20.0 704.8799999999977
28.0 0.0 704.8799999999977
20.0 29.299999999999994 704.8799999999977
20.0 29.299999999999994 704.8799999999977
20.0 29.279999999999994 704.8799999999977
20.0 29.279999999999994 704.8799999999977
28.0 20.0 704.8799999999977
28.0 0.0 704.8799999999977
28.0 20.0 704.8799999999977
28.0 0.0 704.8799999999977
20.0 29.299999999999994 704.8799999999977
20.0 29.299999999999994 704.8799999999977
28.0 20.0 704.8799999999977
28.0 0.0 704.8799999999977
28.0 20.0 704.8799999999977
28.0 0.0 704.8799999999977
20.0 29.319999999999993 704.8799999999977
20.0 29.319999999999993 704.8799999999977
25.00000000000002 20.0 704.8799999999977
25.00000000000002 0.0 704.8799999999977
25.00000000000002 20.0 704.8799999999977
25.00000000000002 0.0 704.8799999999977
28.0 20.0 704.8799999999977
28.0 0.0 704.8799999999977
28.0 20.0 704.8799999999977
28.0 0.0 704.8799999999977
20.0 29.319999999999993 704.8799999999977
20.0 29.319999999999993 704.8799999999977
20.0 29.339999999999993 704.8799999999977
20.0 29.339999999999993 704.8799999999977
25.00000000000002 20.0 704.8799999999977
25.00000000000002 0.0 704.8799999999977
25.00000000000002 20.0 704.8799999999977
25.00000000000002 0.0 704.8799999999977
20.0 29.339999999999993 704.8799999999977
20.0 29.339999999999993 704.8799999999977
25.00000000000002 20.0 704.8799999999977
25.00000000000002 0.0 704.8799999999977
25.00000000000002 20.0 704.8799999999977
25.00000000000002 0.0 704.8799999999977
25.00000000000002 20.0 704.8799999999977
25.00000000000002 0.0 704.8799999999977
25.00000000000002 20.0 704.8799999999977
25.00000000000002 0.0 704.8799999999977
20.0 29.339999999999993 704.8799999999977
20.0 29.339999999999993 704.8799999999977
20.0 29.339999999999993 704.8799999999977
20.0 29.339999999999993 704.8799999999977
20.0 29.339999999999993 704.8799999999977
20.0 29.339999999999993 704.8799999999977
20.0 29.319999999999993 704.8799999999977
20.0 29.319999999999993 704.8799999999977
20.0 29.339999999999993 704.8799999999977
20.0 29.339999999999993 704.8799999999977
20.0 29.339999999999993 704.8799999999977
20.0 29.339999999999993 704.8799999999977
25.00000000000002 20.0 704.8799999999977
25.00000000000002 0.0 704.8799999999977
25.00000000000002 20.0 704.8799999999977
25.00000000000002 0.0 704.8799999999977
25.00000000000002 20.0 704.8799999999977
25.00000000000002 0.0 704.8799999999977
25.00000000000002 20.0 704.8799999999977
25.00000000000002 0.0 704.8799999999977
20.0 29.339999999999993 704.8799999999977
20.0 29.339999999999993 704.8799999999977
20.0 29.319999999999993 704.8799999999977
20.0 29.319999999999993 704.8799999999977
20.0 29.299999999999994 704.8799999999977
20.0 29.299999999999994 704.8799999999977
28.0 20.0 704.8799999999977
28.0 0.0 704.8799999999977
28.0 20.0 704.8799999999977
28.0 0.0 704.8799999999977
20.0 29.279999999999994 704.8799999999977
20.0 29.279999999999994 704.8799999999977
27.98 20.0 704.8799999999977
27.98 0.0 704.8799999999977
27.98 20.0 704.8799999999977
27.98 0.0 704.8799999999977
20.0 29.279999999999994 704.8799999999977
20.0 29.279999999999994 704.8799999999977
27.98 20.0 704.8799999999977
27.98 0.0 704.8799999999977
27.98 20.0 704.8799999999977
27.98 0.0 704.8799999999977
20.0 29.299999999999994 704.8799999999977
20.0 29.299999999999994 704.8799999999977
27.98 20.0 704.8799999999977
27.98 0.0 704.8799999999977
27.98 20.0 704.8799999999977
27.98 0.0 704.8799999999977
20.0 29.279999999999994 704.8799999999977
20.0 29.279999999999994 704.8799999999977
27.98 20.0 704.8799999999977
27.98 0.0 704.8799999999977
27.98 20.0 704.8799999999977
27.98 0.0 704.8799999999977
27.98 20.0 704.8799999999977
27.98 0.0 704.8799999999977
27.98 20.0 704.8799999999977
27.98 0.0 704.8799999999977
20.0 29.319999999999993 704.8799999999977
20.0 29.319999999999993 704.8799999999977
27.96 20.0 704.8799999999977
27.96 0.0 704.8799999999977
27.96 20.0 704.8799999999977
27.96 0.0 704.8799999999977
20.0 29.339999999999993 704.8799999999977
20.0 29.339999999999993 704.8799999999977
20.0 29.359999999999992 704.8799999999977
20.0 29.359999999999992 704.8799999999977
28.0 20.0 704.8799999999977
28.0 0.0 704.8799999999977
28.0 20.0 704.8799999999977
28.0 0.0 704.8799999999977
20.0 29.379999999999992 704.8799999999977
20.0 29.379999999999992 704.8799999999977
20.0 29.379999999999992 704.8799999999977
20.0 29.379999999999992 704.8799999999977
28.0 20.0 704.8799999999977
28.0 0.0 704.8799999999977
28.0 20.0 704.8799999999977
28.0 0.0 704.8799999999977
20.0 29.379999999999992 704.8799999999977
20.0 29.379999999999992 704.8799999999977
28.0 20.0 704.8799999999977
28.0 0.0 704.8799999999977
28.0 20.0 704.8799999999977
28.0 0.0 704.8799999999977
28.02 20.0 704.8799999999977
28.02 0.0 704.8799999999977
28.02 20.0 704.8799999999977
28.02 0.0 704.8799999999977
28.02 20.0 704.8799999999977
28.02 0.0 704.8799999999977
28.02 20.0 704.8799999999977
28.02 0.0 704.8799999999977
28.0 20.0 704.8799999999977
28.0 0.0 704.8799999999977
28.0 20.0 704.8799999999977
28.0 0.0 704.8799999999977
27.98 20.0 704.8799999999977
27.98 0.0 704.8799999999977
27.98 20.0 704.8799999999977
27.98 0.0 704.8799999999977
20.0 29.359999999999992 704.8799999999977
20.0 29.359999999999992 704.8799999999977
20.0 29.359999999999992 704.8799999999977
20.0 29.359999999999992 704.8799999999977
20.0 29.359999999999992 704.8799999999977
20.0 29.359999999999992 704.8799999999977
20.0 29.379999999999992 704.8799999999977
20.0 29.379999999999992 704.8799999999977
27.96 20.0 704.8799999999977
27.96 0.0 704.8799999999977
27.96 20.0 704.8799999999977
27.96 0.0 704.8799999999977
24.960000000000022 20.0 704.8799999999977
24.960000000000022 0.0 704.8799999999977
24.960000000000022 20.0 704.8799999999977
24.960000000000022 0.0 704.8799999999977
27.98 20.0 704.8799999999977
27.98 0.0 704.8799999999977
27.98 20.0 704.8799999999977
27.98 0.0 704.8799999999977
24.940000000000023 20.0 704.8799999999977
24.940000000000023 0.0 704.8799999999977
24.940000000000023 20.0 704.8799999999977
24.940000000000023 0.0 704.8799999999977
24.940000000000023 20.0 704.8799999999977
24.940000000000023 0.0 704.8799999999977
24.940000000000023 20.0 704.8799999999977
24.940000000000023 0.0 704.8799999999977
28.0 20.0 704.8799999999977
28.0 0.0 704.8799999999977
28.0 20.0 704.8799999999977
28.0 0.0 704.8799999999977
28.0 20.0 704.8799999999977
28.0 0.0 704.8799999999977
28.0 20.0 704.8799999999977
28.0 0.0 704.8799999999977
24.940000000000023 20.0 704.8799999999977
24.940000000000023 0.0 704.8799999999977
24.940000000000023 20.0 704.8799999999977
24.940000000000023 0.0 704.8799999999977
24.960000000000022 20.0 704.8799999999977
24.960000000000022 0.0 704.8799999999977
24.960000000000022 20.0 704.8799999999977
24.960000000000022 0.0 704.8799999999977
20.0 29.39999999999999 704.8799999999977
20.0 29.39999999999999 704.8799999999977
20.0 29.41999999999999 704.8799999999977
20.0 29.41999999999999 704.8799999999977
27.98 20.0 704.8799999999977
27.98 0.0 704.8799999999977
27.98 20.0 704.8799999999977
27.98 0.0 704.8799999999977
20.0 29.41999999999999 704.8799999999977
20.0 29.41999999999999 704.8799999999977
27.98 20.0 704.8799999999977
27.98 0.0 704.8799999999977
27.98 20.0 704.8799999999977
27.98 0.0 704.8799999999977
24.960000000000022 20.0 704.8799999999977
24.960000000000022 0.0 704.8799999999977
24.960000000000022 20.0 704.8799999999977
24.960000000000022 0.0 704.8799999999977
27.98 20.0 704.8799999999977
27.98 0.0 704.8799999999977
27.98 20.0 704.8799999999977
27.98 0.0 704.8799999999977
27.98 20.0 704.8799999999977
27.98 0.0 704.8799999999977
27.98 20.0 704.8799999999977
27.98 0.0 704.8799999999977
27.96 20.0 704.8799999999977
27.96 0.0 704.8799999999977
27.96 20.0 704.8799999999977
27.96 0.0 704.8799999999977
20.0 29.41999999999999 704.8799999999977
20.0 29.41999999999999 704.8799999999977
20.0 29.43999999999999 704.8799999999977
20.0 29.43999999999999 704.8799999999977
27.96 20.0 704.8799999999977
27.96 0.0 704.8799999999977
27.96 20.0 704.8799999999977
27.96 0.0 704.8799999999977
27.96 20.0 704.8799999999977
27.96 0.0 704.8799999999977
27.96 20.0 704.8799999999977
27.96 0.0 704.8799999999977
27.98 20.0 704.8799999999977
27.98 0.0 704.8799999999977
27.98 20.0 704.8799999999977
27.98 0.0 704.8799999999977
20.0 29.41999999999999 704.8799999999977
20.0 29.41999999999999 704.8799999999977
20.0 29.41999999999999 704.8799999999977
20.0 29.41999999999999 704.8799999999977
20.0 29.43999999999999 704.8799999999977
20.0 29.43999999999999 704.8799999999977
20.0 29.43999999999999 704.8799999999977
20.0 29.43999999999999 704.8799999999977
20.0 29.45999999999999 704.8799999999977
20.0 29.45999999999999 704.8799999999977
20.0 29.43999999999999 704.8799999999977
20.0 29.43999999999999 704.8799999999977
20.0 29.45999999999999 704.8799999999977
20.0 29.45999999999999 704.8799999999977
20.0 29.45999999999999 704.8799999999977
20.0 29.45999999999999 704.8799999999977
20.0 29.719999999999985 704.8799999999977
20.0 29.719999999999985 704.8799999999977
20.0 29.759999999999984 704.8799999999977
20.0 29.759999999999984 704.8799999999977
20.0 29.759999999999984 704.8799999999977
20.0 29.759999999999984 704.8799999999977
20.0 29.779999999999983 704.8799999999977
20.0 29.779999999999983 704.8799999999977
20.0 29.799999999999983 704.8799999999977
20.0 29.799999999999983 704.8799999999977
20.0 29.799999999999983 704.8799999999977
20.0 29.799999999999983 704.8799999999977
20.0 29.799999999999983 704.8799999999977
20.0 29.799999999999983 704.8799999999977
20.0 29.839999999999982 704.8799999999977
20.0 29.839999999999982 704.8799999999977
20.0 29.819999999999983 704.8799999999977
20.0 29.819999999999983 704.8799999999977
20.0 29.819999999999983 704.8799999999977
20.0 29.819999999999983 704.8799999999977
20.0 29.819999999999983 704.8799999999977
20.0 29.819999999999983 704.8799999999977
20.0 29.819999999999983 704.8799999999977
20.0 29.819999999999983 704.8799999999977
20.0 29.819999999999983 704.8799999999977
20.0 29.819999999999983 704.8799999999977
20.0 29.839999999999982 704.8799999999977
20.0 29.839999999999982 704.8799999999977
20.0 29.839999999999982 704.8799999999977
20.0 29.839999999999982 704.8799999999977
20.0 29.839999999999982 704.8799999999977
20.0 29.839999999999982 704.8799999999977
20.0 29.839999999999982 704.8799999999977
20.0 29.839999999999982 704.8799999999977
20.0 29.839999999999982 704.8799999999977
20.0 29.839999999999982 704.8799999999977
20.0 29.799999999999983 704.8799999999977
20.0 29.799999999999983 704.8799999999977
20.0 29.839999999999982 704.8799999999977
20.0 29.839999999999982 704.8799999999977
20.0 29.819999999999983 704.8799999999977
20.0 29.819999999999983 704.8799999999977
20.0 29.85999999999998 704.8799999999977
20.0 29.85999999999998 704.8799999999977
20.0 29.85999999999998 704.8799999999977
20.0 29.85999999999998 704.8799999999977
20.0 29.89999999999998 704.8799999999977
20.0 29.89999999999998 704.8799999999977
20.0 29.89999999999998 704.8799999999977
20.0 29.89999999999998 704.8799999999977
20.0 29.89999999999998 704.8799999999977
20.0 29.89999999999998 704.8799999999977
20.0 29.87999999999998 704.8799999999977
20.0 29.87999999999998 704.8799999999977
20.0 29.839999999999982 704.8799999999977
20.0 29.839999999999982 704.8799999999977
20.0 29.839999999999982 704.8799999999977
20.0 29.839999999999982 704.8799999999977
20.0 29.839999999999982 704.8799999999977
20.0 29.839999999999982 704.8799999999977
20.0 29.839999999999982 704.8799999999977
20.0 29.839999999999982 704.8799999999977
20.0 29.839999999999982 704.8799999999977
20.0 29.839999999999982 704.8799999999977
20.0 29.839999999999982 704.8799999999977
20.0 29.839999999999982 704.8799999999977
20.0 29.819999999999983 704.8799999999977
20.0 29.819999999999983 704.8799999999977
20.0 29.799999999999983 704.8799999999977
20.0 29.799999999999983 704.8799999999977
20.0 29.819999999999983 704.8799999999977
20.0 29.819999999999983 704.8799999999977
20.0 29.819999999999983 704.8799999999977
20.0 29.819999999999983 704.8799999999977
20.0 29.839999999999982 704.8799999999977
20.0 29.839999999999982 704.8799999999977
20.0 29.87999999999998 704.8799999999977
20.0 29.87999999999998 704.8799999999977
20.0 29.89999999999998 704.8799999999977
20.0 29.89999999999998 704.8799999999977
20.0 29.93999999999998 704.8799999999977
20.0 29.93999999999998 704.8799999999977
20.0 29.95999999999998 704.8799999999977
20.0 29.95999999999998 704.8799999999977
28.0 20.0 704.8799999999977
28.0 0.0 704.8799999999977
28.0 20.0 704.8799999999977
28.0 0.0 704.8799999999977
28.0 20.0 704.8799999999977
28.0 0.0 704.8799999999977
28.0 20.0 704.8799999999977
28.0 0.0 704.8799999999977
21.80999999999997 7.99 704.8799999999977
1.8099999999999703 27.990000000000002 704.8799999999977
21.80999999999997 27.990000000000002 704.8799999999977
12.96 9.319999999999993 704.8799999999977
8.01 0.8300000000000005 704.8799999999977
1.0400000000001555 6.000000000000021 704.8799999999977
28.609999999999985 0.009999999999688924 704.8799999999977
8.609999999999987 20.00999999999969 704.8799999999977
28.609999999999985 20.00999999999969 704.8799999999977
10.0 1.9800000000001563 704.8799999999977
11.989999999999958 15.989999999999533 704.8799999999977
15.98999999999969 16.009999999999533 704.8799999999977
16.57999999999962 6.98 704.8799999999977
17.979999999999684 9.979999999999979 704.8799999999977
13.789999999999983 18.969999999999526 704.8799999999977
18.019999999999996 17.65999999999979 704.8799999999977
9.99 12.569999999999988 704.8799999999977
3.99 3.99 704.8799999999977
2.690000000000028 16.00999999999996 704.8799999999977
3.369999999999971 7.950000000000001 704.8799999999977
6.9900000000000215 3.9899999999999576 704.8799999999977
7.019999999999936 10.02 704.8799999999977
18.009999999999533 3.089999999999998 704.8799999999977
4.459999999999969 11.979999999999979 704.8799999999977
7.850000000000003 15.969999999999377 704.8799999999977
12.780000000000005 0.9999999999999989 704.8799999999977
14.98 3.0199999999999996 704.8799999999977
1.0 12.999999999999957 704.8799999999977
17.139999999999795 0.04000000000015476 704.8799999999977
4.500000000000032 18.999999999999844 704.8799999999977
9.01 7.0099999999999145 704.8799999999977
1.0000000000000007 9.95999999999998 704.8799999999977
11.99 5.029999999999978 704.8799999999977
16.00999999999922 13.009999999999957 704.8799999999977
0.97 2.010000000000021 704.8799999999977
4.9900000000000215 1.0100000000000007 704.8799999999977
-10 12 704.8799999999977
-10 12 704.8799999999977
-7 9 704.8799999999977
-7 9 704.8799999999977
-10 -8 704.8799999999977
-10 -8 704.8799999999977
-7 -11 704.8799999999977
-7 -11 704.8799999999977
-8 -16 704.8799999999977
-8 -16 704.8799999999977
0.0 -11.0 704.8799999999977
0.0 -11.0 704.8799999999977
0.0 -11.0 704.8799999999977
0.0 -11.0 704.8799999999977
0.0 -11.0 704.8799999999977
0.0 -11.0 704.8799999999977
0.0 -11.0 704.8799999999977
0.0 -11.0 704.8799999999977
0.0 -11.0 704.8799999999977
0.0 -11.0 704.8799999999977
0.0 -11.0 704.8799999999977
0.0 -11.0 704.8799999999977
0.0 -11.0 704.8799999999977
0.0 -11.0 704.8799999999977
0.0 -11.02 704.8799999999977
0.0 -11.02 704.8799999999977
0.0 -11.0 704.8799999999977
0.0 -11.0 704.8799999999977
0.0 -10.98 704.8799999999977
0.0 -10.98 704.8799999999977
0.0 -10.96 704.8799999999977
0.0 -10.96 704.8799999999977
0.0 -10.96 704.8799999999977
0.0 -10.96 704.8799999999977
0.0 -10.96 704.8799999999977
0.0 -10.96 704.8799999999977
0.0 -10.96 704.8799999999977
0.0 -10.96 704.8799999999977
0.0 -10.98 704.8799999999977
0.0 -10.98 704.8799999999977
0.0 -11.0 704.8799999999977
0.0 -11.0 704.8799999999977
0.0 -11.0 704.8799999999977
0.0 -11.0 704.8799999999977
0.0 -11.0 704.8799999999977
0.0 -11.0 704.8799999999977
0.0 -11.0 704.8799999999977
0.0 -11.0 704.8799999999977
0.0 -11.0 704.8799999999977
0.0 -11.0 704.8799999999977
0.0 -11.0 704.8799999999977
0.0 -11.0 704.8799999999977
0.0 -10.900000000000002 704.8799999999977
0.0 -10.900000000000002 704.8799999999977
0.0 -10.880000000000003 704.8799999999977
0.0 -10.880000000000003 704.8799999999977
0.0 -10.860000000000003 704.8799999999977
0.0 -10.860000000000003 704.8799999999977
0.0 -10.840000000000003 704.8799999999977
0.0 -10.840000000000003 704.8799999999977
0.0 -10.840000000000003 704.8799999999977
0.0 -10.840000000000003 704.8799999999977
0.0 -10.820000000000004 704.8799999999977
0.0 -10.820000000000004 704.8799999999977
0.0 -10.820000000000004 704.8799999999977
0.0 -10.820000000000004 704.8799999999977
0.0 -10.820000000000004 704.8799999999977
0.0 -10.820000000000004 704.8799999999977
0.0 -10.840000000000003 704.8799999999977
0.0 -10.840000000000003 704.8799999999977
0.0 -10.820000000000004 704.8799999999977
0.0 -10.820000000000004 704.8799999999977
0.0 -10.820000000000004 704.8799999999977
0.0 -10.820000000000004 704.8799999999977
0.0 -10.840000000000003 704.8799999999977
0.0 -10.840000000000003 704.8799999999977
0.0 -10.840000000000003 704.8799999999977
0.0 -10.840000000000003 704.8799999999977
-5.01 -17.030000000000005 704.8799999999977
-5.01 -17.030000000000005 704.8799999999977
0.0 -10.840000000000003 704.8799999999977
0.0 -10.840000000000003 704.8799999999977
0.0 -10.840000000000003 704.8799999999977
0.0 -10.840000000000003 704.8799999999977
0.0 -10.860000000000003 704.8799999999977
0.0 -10.860000000000003 704.8799999999977
0.0 -10.860000000000003 704.8799999999977
0.0 -10.860000000000003 704.8799999999977
0.0 -10.840000000000003 704.8799999999977
0.0 -10.840000000000003 704.8799999999977
0.0 -10.820000000000004 704.8799999999977
0.0 -10.820000000000004 704.8799999999977
0.0 -10.820000000000004 704.8799999999977
0.0 -10.820000000000004 704.8799999999977
0.0 -10.820000000000004 704.8799999999977
0.0 -10.820000000000004 704.8799999999977
0.0 -10.840000000000003 704.8799999999977
0.0 -10.840000000000003 704.8799999999977
0.0 -10.840000000000003 704.8799999999977
0.0 -10.840000000000003 704.8799999999977
0.0 -10.860000000000003 704.8799999999977
0.0 -10.860000000000003 704.8799999999977
0.0 -10.860000000000003 704.8799999999977
0.0 -10.860000000000003 704.8799999999977
0.0 -10.840000000000003 704.8799999999977
0.0 -10.840000000000003 704.8799999999977
0.0 -10.860000000000003 704.8799999999977
0.0 -10.860000000000003 704.8799999999977
0.0 -10.860000000000003 704.8799999999977
0.0 -10.860000000000003 704.8799999999977
0.0 -10.880000000000003 704.8799999999977
0.0 -10.880000000000003 704.8799999999977
0.0 -10.860000000000003 704.8799999999977
0.0 -10.860000000000003 704.8799999999977
0.0 -10.860000000000003 704.8799999999977
0.0 -10.860000000000003 704.8799999999977
0.0 -10.880000000000003 704.8799999999977
0.0 -10.880000000000003 704.8799999999977
0.0 -10.900000000000002 704.8799999999977
0.0 -10.900000000000002 704.8799999999977
0.0 -10.920000000000002 704.8799999999977
0.0 -10.920000000000002 704.8799999999977
0.0 -10.940000000000001 704.8799999999977
0.0 -10.940000000000001 704.8799999999977
0.0 -10.940000000000001 704.8799999999977
0.0 -10.940000000000001 704.8799999999977
0.0 -10.940000000000001 704.8799999999977
0.0 -10.940000000000001 704.8799999999977
0.0 -10.920000000000002 704.8799999999977
0.0 -10.920000000000002 704.8799999999977
0.0 -10.920000000000002 704.8799999999977
0.0 -10.920000000000002 704.8799999999977
0.0 -10.920000000000002 704.8799999999977
0.0 -10.920000000000002 704.8799999999977
0.0 -10.900000000000002 704.8799999999977
0.0 -10.900000000000002 704.8799999999977
0.0 -10.880000000000003 704.8799999999977
0.0 -10.880000000000003 704.8799999999977
0.0 -10.880000000000003 704.8799999999977
0.0 -10.880000000000003 704.8799999999977
0.0 -10.880000000000003 704.8799999999977
0.0 -10.880000000000003 704.8799999999977
0.0 -10.860000000000003 704.8799999999977
0.0 -10.860000000000003 704.8799999999977
0.0 -10.860000000000003 704.8799999999977
0.0 -10.860000000000003 704.8799999999977
0.0 -10.840000000000003 704.8799999999977
0.0 -10.840000000000003 704.8799999999977
0.0 -10.840000000000003 704.8799999999977
0.0 -10.840000000000003 704.8799999999977
0.0 -10.820000000000004 704.8799999999977
0.0 -10.820000000000004 704.8799999999977
0.0 -10.820000000000004 704.8799999999977
0.0 -10.820000000000004 704.8799999999977
0.0 -10.840000000000003 704.8799999999977
0.0 -10.840000000000003 704.8799999999977
0.0 -10.860000000000003 704.8799999999977
0.0 -10.860000000000003 704.8799999999977
0.0 -10.820000000000004 704.8799999999977
0.0 -10.820000000000004 704.8799999999977
0.0 -10.820000000000004 704.8799999999977
0.0 -10.820000000000004 704.8799999999977
0.0 -10.840000000000003 704.8799999999977
0.0 -10.840000000000003 704.8799999999977
0.0 -10.840000000000003 704.8799999999977
0.0 -10.840000000000003 704.8799999999977
0.0 -10.840000000000003 704.8799999999977
0.0 -10.840000000000003 704.8799999999977
0.0 -10.840000000000003 704.8799999999977
0.0 -10.840000000000003 704.8799999999977
0.0 -10.840000000000003 704.8799999999977
0.0 -10.840000000000003 704.8799999999977
0.0 -10.820000000000004 704.8799999999977
0.0 -10.820000000000004 704.8799999999977
0.0 -10.820000000000004 704.8799999999977
0.0 -10.820000000000004 704.8799999999977
0.0 -10.820000000000004 704.8799999999977
0.0 -10.820000000000004 704.8799999999977
0.0 -10.820000000000004 704.8799999999977
0.0 -10.820000000000004 704.8799999999977
0.0 -10.820000000000004 704.8799999999977
0.0 -10.820000000000004 704.8799999999977
0.0 -10.800000000000004 704.8799999999977
0.0 -10.800000000000004 704.8799999999977
0.0 -10.800000000000004 704.8799999999977
0.0 -10.800000000000004 704.8799999999977
0.0 -10.800000000000004 704.8799999999977
0.0 -10.800000000000004 704.8799999999977
0.0 -10.800000000000004 704.8799999999977
0.0 -10.800000000000004 704.8799999999977
0.0 -10.780000000000005 704.8799999999977
0.0 -10.780000000000005 704.8799999999977
0.0 -10.760000000000005 704.8799999999977
0.0 -10.760000000000005 704.8799999999977
0.0 -10.740000000000006 704.8799999999977
0.0 -10.740000000000006 704.8799999999977
0.0 -10.760000000000005 704.8799999999977
0.0 -10.760000000000005 704.8799999999977
0.0 -10.760000000000005 704.8799999999977
0.0 -10.760000000000005 704.8799999999977
0.0 -10.740000000000006 704.8799999999977
0.0 -10.740000000000006 704.8799999999977
0.0 -10.760000000000005 704.8799999999977
0.0 -10.760000000000005 704.8799999999977
0.0 -10.740000000000006 704.8799999999977
0.0 -10.740000000000006 704.8799999999977
0.0 -10.740000000000006 704.8799999999977
0.0 -10.740000000000006 704.8799999999977
0.0 -10.720000000000006 704.8799999999977
0.0 -10.720000000000006 704.8799999999977
0.0 -10.720000000000006 704.8799999999977
0.0 -10.720000000000006 704.8799999999977
0.0 -10.700000000000006 704.8799999999977
0.0 -10.700000000000006 704.8799999999977
0.0 -10.720000000000006 704.8799999999977
0.0 -10.720000000000006 704.8799999999977
0.0 -10.720000000000006 704.8799999999977
0.0 -10.720000000000006 704.8799999999977
0.0 -10.740000000000006 704.8799999999977
0.0 -10.740000000000006 704.8799999999977
0.0 -10.740000000000006 704.8799999999977
0.0 -10.740000000000006 704.8799999999977
0.0 -10.720000000000006 704.8799999999977
0.0 -10.720000000000006 704.8799999999977
0.0 -10.720000000000006 704.8799999999977
0.0 -10.720000000000006 704.8799999999977
0.0 -10.740000000000006 704.8799999999977
0.0 -10.740000000000006 704.8799999999977
0.0 -10.740000000000006 704.8799999999977
0.0 -10.740000000000006 704.8799999999977
0.0 -10.720000000000006 704.8799999999977
0.0 -10.720000000000006 704.8799999999977
0.0 -10.720000000000006 704.8799999999977
0.0 -10.720000000000006 704.8799999999977
0.0 -10.720000000000006 704.8799999999977
0.0 -10.720000000000006 704.8799999999977
0.0 -10.700000000000006 704.8799999999977
0.0 -10.700000000000006 704.8799999999977
0.0 -10.700000000000006 704.8799999999977
0.0 -10.700000000000006 704.8799999999977
0.0 -10.700000000000006 704.8799999999977
0.0 -10.700000000000006 704.8799999999977
0.0 -10.720000000000006 704.8799999999977
0.0 -10.720000000000006 704.8799999999977
0.0 -10.700000000000006 704.8799999999977
0.0 -10.700000000000006 704.8799999999977
0.0 -10.720000000000006 704.8799999999977
0.0 -10.720000000000006 704.8799999999977
0.0 -10.720000000000006 704.8799999999977
0.0 -10.720000000000006 704.8799999999977
0.0 -10.740000000000006 704.8799999999977
0.0 -10.740000000000006 704.8799999999977
0.0 -10.740000000000006 704.8799999999977
0.0 -10.740000000000006 704.8799999999977
0.0 -10.720000000000006 704.8799999999977
0.0 -10.720000000000006 704.8799999999977
0.0 -10.700000000000006 704.8799999999977
0.0 -10.700000000000006 704.8799999999977
0.0 -10.700000000000006 704.8799999999977
0.0 -10.700000000000006 704.8799999999977
0.0 -10.720000000000006 704.8799999999977
0.0 -10.720000000000006 704.8799999999977
0.0 -10.700000000000006 704.8799999999977
0.0 -10.700000000000006 704.8799999999977
0.0 -10.680000000000007 704.8799999999977
0.0 -10.680000000000007 704.8799999999977
0.0 -10.680000000000007 704.8799999999977
0.0 -10.680000000000007 704.8799999999977
0.0 -10.660000000000007 704.8799999999977
0.0 -10.660000000000007 704.8799999999977
0.0 -10.660000000000007 704.8799999999977
0.0 -10.660000000000007 704.8799999999977
0.0 -10.660000000000007 704.8799999999977
0.0 -10.660000000000007 704.8799999999977
0.0 -10.660000000000007 704.8799999999977
0.0 -10.660000000000007 704.8799999999977
0.0 -10.660000000000007 704.8799999999977
0.0 -10.660000000000007 704.8799999999977
0.0 -10.680000000000007 704.8799999999977
0.0 -10.680000000000007 704.8799999999977
0.0 -10.660000000000007 704.8799999999977
0.0 -10.660000000000007 704.8799999999977
0.0 -10.660000000000007 704.8799999999977
0.0 -10.660000000000007 704.8799999999977
0.0 -10.660000000000007 704.8799999999977
0.0 -10.660000000000007 704.8799999999977
0.0 -10.680000000000007 704.8799999999977
0.0 -10.680000000000007 704.8799999999977
0.0 -10.700000000000006 704.8799999999977
0.0 -10.700000000000006 704.8799999999977
0.0 -10.720000000000006 704.8799999999977
0.0 -10.720000000000006 704.8799999999977
0.0 -10.720000000000006 704.8799999999977
0.0 -10.720000000000006 704.8799999999977
0.0 -10.700000000000006 704.8799999999977
0.0 -10.700000000000006 704.8799999999977
0.0 -10.720000000000006 704.8799999999977
0.0 -10.720000000000006 704.8799999999977
0.0 -10.680000000000007 704.8799999999977
0.0 -10.680000000000007 704.8799999999977
0.0 -10.660000000000007 704.8799999999977
0.0 -10.660000000000007 704.8799999999977
0.0 -10.640000000000008 704.8799999999977
0.0 -10.640000000000008 704.8799999999977
0.0 -10.620000000000008 704.8799999999977
0.0 -10.620000000000008 704.8799999999977
0.0 -10.620000000000008 704.8799999999977
0.0 -10.620000000000008 704.8799999999977
0.0 -10.620000000000008 704.8799999999977
0.0 -10.620000000000008 704.8799999999977
0.0 -10.640000000000008 704.8799999999977
0.0 -10.640000000000008 704.8799999999977
0.0 -10.640000000000008 704.8799999999977
0.0 -10.640000000000008 704.8799999999977
0.0 -10.640000000000008 704.8799999999977
0.0 -10.640000000000008 704.8799999999977
0.0 -10.620000000000008 704.8799999999977
0.0 -10.620000000000008 704.8799999999977
0.0 -10.600000000000009 704.8799999999977
0.0 -10.600000000000009 704.8799999999977
0.0 -10.580000000000009 704.8799999999977
0.0 -10.580000000000009 704.8799999999977
0.0 -10.580000000000009 704.8799999999977
0.0 -10.580000000000009 704.8799999999977
0.0 -10.580000000000009 704.8799999999977
0.0 -10.580000000000009 704.8799999999977
0.0 -10.56000000000001 704.8799999999977
0.0 -10.56000000000001 704.8799999999977
0.0 -10.580000000000009 704.8799999999977
0.0 -10.580000000000009 704.8799999999977
0.0 -10.580000000000009 704.8799999999977
0.0 -10.580000000000009 704.8799999999977
0.0 -10.56000000000001 704.8799999999977
0.0 -10.56000000000001 704.8799999999977
0.0 -10.56000000000001 704.8799999999977
0.0 -10.56000000000001 704.8799999999977
0.0 -10.54000000000001 704.8799999999977
0.0 -10.54000000000001 704.8799999999977
0.0 -10.56000000000001 704.8799999999977
0.0 -10.56000000000001 704.8799999999977
0.0 -10.54000000000001 704.8799999999977
0.0 -10.54000000000001 704.8799999999977
0.0 -10.54000000000001 704.8799999999977
0.0 -10.54000000000001 704.8799999999977
0.0 -10.280000000000015 704.8799999999977
0.0 -10.280000000000015 704.8799999999977
0.0 -10.240000000000016 704.8799999999977
0.0 -10.240000000000016 704.8799999999977
0.0 -10.240000000000016 704.8799999999977
0.0 -10.240000000000016 704.8799999999977
0.0 -10.220000000000017 704.8799999999977
0.0 -10.220000000000017 704.8799999999977
0.0 -10.200000000000017 704.8799999999977
0.0 -10.200000000000017 704.8799999999977
0.0 -10.200000000000017 704.8799999999977
0.0 -10.200000000000017 704.8799999999977
0.0 -10.200000000000017 704.8799999999977
0.0 -10.200000000000017 704.8799999999977
0.0 -10.160000000000018 704.8799999999977
0.0 -10.160000000000018 704.8799999999977
0.0 -10.180000000000017 704.8799999999977
0.0 -10.180000000000017 704.8799999999977
0.0 -10.180000000000017 704.8799999999977
0.0 -10.180000000000017 704.8799999999977
0.0 -10.180000000000017 704.8799999999977
0.0 -10.180000000000017 704.8799999999977
0.0 -10.180000000000017 704.8799999999977
0.0 -10.180000000000017 704.8799999999977
0.0 -10.180000000000017 704.8799999999977
0.0 -10.180000000000017 704.8799999999977
0.0 -10.160000000000018 704.8799999999977
0.0 -10.160000000000018 704.8799999999977
0.0 -10.160000000000018 704.8799999999977
0.0 -10.160000000000018 704.8799999999977
0.0 -10.160000000000018 704.8799999999977
0.0 -10.160000000000018 704.8799999999977
0.0 -10.160000000000018 704.8799999999977
0.0 -10.160000000000018 704.8799999999977
0.0 -10.160000000000018 704.8799999999977
0.0 -10.160000000000018 704.8799999999977
0.0 -10.200000000000017 704.8799999999977
0.0 -10.200000000000017 704.8799999999977
0.0 -10.160000000000018 704.8799999999977
0.0 -10.160000000000018 704.8799999999977
0.0 -10.180000000000017 704.8799999999977
0.0 -10.180000000000017 704.8799999999977
0.0 -10.140000000000018 704.8799999999977
0.0 -10.140000000000018 704.8799999999977
0.0 -10.140000000000018 704.8799999999977
0.0 -10.140000000000018 704.8799999999977
0.0 -10.10000000000002 704.8799999999977
0.0 -10.10000000000002 704.8799999999977
0.0 -10.10000000000002 704.8799999999977
0.0 -10.10000000000002 704.8799999999977
0.0 -10.10000000000002 704.8799999999977
0.0 -10.10000000000002 704.8799999999977
0.0 -10.120000000000019 704.8799999999977
0.0 -10.120000000000019 704.8799999999977
0.0 -10.160000000000018 704.8799999999977
0.0 -10.160000000000018 704.8799999999977
0.0 -10.160000000000018 704.8799999999977
0.0 -10.160000000000018 704.8799999999977
0.0 -10.160000000000018 704.8799999999977
0.0 -10.160000000000018 704.8799999999977
0.0 -10.160000000000018 704.8799999999977
0.0 -10.160000000000018 704.8799999999977
0.0 -10.160000000000018 704.8799999999977
0.0 -10.160000000000018 704.8799999999977
0.0 -10.160000000000018 704.8799999999977
0.0 -10.160000000000018 704.8799999999977
0.0 -10.180000000000017 704.8799999999977
0.0 -10.180000000000017 704.8799999999977
0.0 -10.200000000000017 704.8799999999977
0.0 -10.200000000000017 704.8799999999977
0.0 -10.180000000000017 704.8799999999977
0.0 -10.180000000000017 704.8799999999977
0.0 -10.180000000000017 704.8799999999977
0.0 -10.180000000000017 704.8799999999977
0.0 -10.160000000000018 704.8799999999977
0.0 -10.160000000000018 704.8799999999977
0.0 -10.120000000000019 704.8799999999977
0.0 -10.120000000000019 704.8799999999977
0.0 -10.10000000000002 704.8799999999977
0.0 -10.10000000000002 704.8799999999977
0.0 -10.06000000000002 704.8799999999977
0.0 -10.06000000000002 704.8799999999977
0.0 -10.04000000000002 704.8799999999977
0.0 -10.04000000000002 704.8799999999977
-8 4 704.8799999999977
-8 4 704.8799999999977
-5.01 2.9699999999999953 704.8799999999977
-5.01 2.9699999999999953 704.8799999999977
10 -8 704.8799999999977
10 -8 704.8799999999977
24 -6 704.8799999999977
24 -6 704.8799999999977
24 -10 704.8799999999977
24 -10 704.8799999999977
23 -9 704.8799999999977
23 -9 704.8799999999977
4 -6 704.8799999999977
4 -6 704.8799999999977
4 -10 704.8799999999977
4 -10 704.8799999999977
3 -9 704.8799999999977
3 -9 704.8799999999977
